# order=20: data_wav [pixel], data_wavsolution [micron]
3.000000000000000000e+00 2.096376774520164687e+00
4.000000000000000000e+00 2.096411053596288987e+00
5.000000000000000000e+00 2.096445328487167359e+00
6.000000000000000000e+00 2.096479599191875209e+00
7.000000000000000000e+00 2.096513865709488389e+00
8.000000000000000000e+00 2.096548128039082304e+00
9.000000000000000000e+00 2.096582386179732360e+00
1.000000000000000000e+01 2.096616640130513520e+00
1.100000000000000000e+01 2.096650889890502079e+00
1.200000000000000000e+01 2.096685135458773441e+00
1.300000000000000000e+01 2.096719376834402571e+00
1.400000000000000000e+01 2.096753614016464873e+00
1.500000000000000000e+01 2.096787847004036642e+00
1.600000000000000000e+01 2.096822075796192397e+00
1.700000000000000000e+01 2.096856300392008432e+00
1.800000000000000000e+01 2.096890520790560153e+00
1.900000000000000000e+01 2.096924736990922078e+00
2.000000000000000000e+01 2.096958948992170946e+00
2.100000000000000000e+01 2.096993156793381274e+00
2.200000000000000000e+01 2.097027360393629358e+00
2.300000000000000000e+01 2.097061559791990160e+00
2.400000000000000000e+01 2.097095754987539085e+00
2.500000000000000000e+01 2.097129945979351984e+00
2.600000000000000000e+01 2.097164132766503819e+00
2.700000000000000000e+01 2.097198315348070441e+00
2.800000000000000000e+01 2.097232493723127700e+00
2.900000000000000000e+01 2.097266667890750558e+00
3.000000000000000000e+01 2.097300837850014421e+00
3.100000000000000000e+01 2.097335003599994696e+00
3.200000000000000000e+01 2.097369165139767677e+00
3.300000000000000000e+01 2.097403322468407882e+00
3.400000000000000000e+01 2.097437475584991162e+00
3.500000000000000000e+01 2.097471624488593367e+00
3.600000000000000000e+01 2.097505769178289459e+00
3.700000000000000000e+01 2.097539909653154844e+00
3.800000000000000000e+01 2.097574045912265817e+00
3.900000000000000000e+01 2.097608177954696895e+00
4.000000000000000000e+01 2.097642305779523930e+00
4.100000000000000000e+01 2.097676429385822328e+00
4.200000000000000000e+01 2.097710548772667938e+00
4.300000000000000000e+01 2.097744663939136167e+00
4.400000000000000000e+01 2.097778774884301978e+00
4.500000000000000000e+01 2.097812881607241220e+00
4.600000000000000000e+01 2.097846984107029300e+00
4.700000000000000000e+01 2.097881082382742068e+00
4.800000000000000000e+01 2.097915176433454043e+00
4.900000000000000000e+01 2.097949266258241963e+00
5.000000000000000000e+01 2.097983351856180345e+00
5.100000000000000000e+01 2.098017433226345041e+00
5.200000000000000000e+01 2.098051510367811456e+00
5.300000000000000000e+01 2.098085583279654998e+00
5.400000000000000000e+01 2.098119651960951515e+00
5.500000000000000000e+01 2.098153716410775971e+00
5.600000000000000000e+01 2.098187776628204215e+00
5.700000000000000000e+01 2.098221832612311655e+00
5.800000000000000000e+01 2.098255884362173695e+00
5.900000000000000000e+01 2.098289931876865744e+00
6.000000000000000000e+01 2.098323975155463650e+00
6.100000000000000000e+01 2.098358014197042376e+00
6.200000000000000000e+01 2.098392049000677773e+00
6.300000000000000000e+01 2.098426079565445246e+00
6.400000000000000000e+01 2.098460105890420202e+00
6.500000000000000000e+01 2.098494127974678047e+00
6.600000000000000000e+01 2.098528145817294632e+00
6.700000000000000000e+01 2.098562159417344919e+00
6.800000000000000000e+01 2.098596168773904758e+00
6.900000000000000000e+01 2.098630173886049111e+00
7.000000000000000000e+01 2.098664174752854272e+00
7.100000000000000000e+01 2.098698171373395205e+00
7.200000000000000000e+01 2.098732163746747759e+00
7.300000000000000000e+01 2.098766151871986896e+00
7.400000000000000000e+01 2.098800135748188023e+00
7.500000000000000000e+01 2.098834115374427434e+00
7.600000000000000000e+01 2.098868090749780091e+00
7.700000000000000000e+01 2.098902061873321401e+00
7.800000000000000000e+01 2.098936028744126769e+00
7.900000000000000000e+01 2.098969991361272047e+00
8.000000000000000000e+01 2.099003949723832640e+00
8.100000000000000000e+01 2.099037903830883955e+00
8.200000000000000000e+01 2.099071853681500954e+00
8.300000000000000000e+01 2.099105799274759931e+00
8.400000000000000000e+01 2.099139740609736293e+00
8.500000000000000000e+01 2.099173677685505002e+00
8.600000000000000000e+01 2.099207610501141463e+00
8.700000000000000000e+01 2.099241539055721972e+00
8.800000000000000000e+01 2.099275463348321047e+00
8.900000000000000000e+01 2.099309383378014982e+00
9.000000000000000000e+01 2.099343299143879182e+00
9.100000000000000000e+01 2.099377210644988168e+00
9.200000000000000000e+01 2.099411117880418676e+00
9.300000000000000000e+01 2.099445020849245225e+00
9.400000000000000000e+01 2.099478919550544109e+00
9.500000000000000000e+01 2.099512813983390291e+00
9.600000000000000000e+01 2.099546704146859177e+00
9.700000000000000000e+01 2.099580590040026618e+00
9.800000000000000000e+01 2.099614471661967574e+00
9.900000000000000000e+01 2.099648349011758341e+00
1.000000000000000000e+02 2.099682222088473438e+00
1.010000000000000000e+02 2.099716090891189157e+00
1.020000000000000000e+02 2.099749955418980463e+00
1.030000000000000000e+02 2.099783815670923204e+00
1.040000000000000000e+02 2.099817671646092343e+00
1.050000000000000000e+02 2.099851523343564175e+00
1.060000000000000000e+02 2.099885370762413217e+00
1.070000000000000000e+02 2.099919213901715764e+00
1.080000000000000000e+02 2.099953052760546779e+00
1.090000000000000000e+02 2.099986887337982111e+00
1.100000000000000000e+02 2.100020717633096723e+00
1.110000000000000000e+02 2.100054543644966465e+00
1.120000000000000000e+02 2.100088365372667187e+00
1.130000000000000000e+02 2.100122182815273408e+00
1.140000000000000000e+02 2.100155995971861866e+00
1.150000000000000000e+02 2.100189804841506636e+00
1.160000000000000000e+02 2.100223609423284010e+00
1.170000000000000000e+02 2.100257409716269841e+00
1.180000000000000000e+02 2.100291205719538645e+00
1.190000000000000000e+02 2.100324997432166718e+00
1.200000000000000000e+02 2.100358784853229022e+00
1.210000000000000000e+02 2.100392567981800962e+00
1.220000000000000000e+02 2.100426346816958834e+00
1.230000000000000000e+02 2.100460121357777155e+00
1.240000000000000000e+02 2.100493891603331775e+00
1.250000000000000000e+02 2.100527657552698546e+00
1.260000000000000000e+02 2.100561419204952429e+00
1.270000000000000000e+02 2.100595176559168831e+00
1.280000000000000000e+02 2.100628929614423601e+00
1.290000000000000000e+02 2.100662678369792591e+00
1.300000000000000000e+02 2.100696422824350318e+00
1.310000000000000000e+02 2.100730162977172633e+00
1.320000000000000000e+02 2.100763898827335385e+00
1.330000000000000000e+02 2.100797630373913982e+00
1.340000000000000000e+02 2.100831357615983386e+00
1.350000000000000000e+02 2.100865080552619446e+00
1.360000000000000000e+02 2.100898799182897569e+00
1.370000000000000000e+02 2.100932513505893606e+00
1.380000000000000000e+02 2.100966223520682519e+00
1.390000000000000000e+02 2.100999929226339713e+00
1.400000000000000000e+02 2.101033630621941040e+00
1.410000000000000000e+02 2.101067327706562349e+00
1.420000000000000000e+02 2.101101020479278159e+00
1.430000000000000000e+02 2.101134708939164319e+00
1.440000000000000000e+02 2.101168393085296682e+00
1.450000000000000000e+02 2.101202072916750208e+00
1.460000000000000000e+02 2.101235748432601191e+00
1.470000000000000000e+02 2.101269419631924151e+00
1.480000000000000000e+02 2.101303086513794938e+00
1.490000000000000000e+02 2.101336749077288957e+00
1.500000000000000000e+02 2.101370407321482059e+00
1.510000000000000000e+02 2.101404061245449206e+00
1.520000000000000000e+02 2.101437710848266693e+00
1.530000000000000000e+02 2.101471356129009038e+00
1.540000000000000000e+02 2.101504997086752091e+00
1.550000000000000000e+02 2.101538633720571259e+00
1.560000000000000000e+02 2.101572266029542391e+00
1.570000000000000000e+02 2.101605894012740450e+00
1.580000000000000000e+02 2.101639517669241286e+00
1.590000000000000000e+02 2.101673136998120306e+00
1.600000000000000000e+02 2.101706751998453360e+00
1.610000000000000000e+02 2.101740362669314965e+00
1.620000000000000000e+02 2.101773969009781418e+00
1.630000000000000000e+02 2.101807571018927678e+00
1.640000000000000000e+02 2.101841168695829598e+00
1.650000000000000000e+02 2.101874762039562583e+00
1.660000000000000000e+02 2.101908351049202039e+00
1.670000000000000000e+02 2.101941935723823374e+00
1.680000000000000000e+02 2.101975516062502436e+00
1.690000000000000000e+02 2.102009092064314633e+00
1.700000000000000000e+02 2.102042663728334926e+00
1.710000000000000000e+02 2.102076231053639166e+00
1.720000000000000000e+02 2.102109794039302759e+00
1.730000000000000000e+02 2.102143352684401112e+00
1.740000000000000000e+02 2.102176906988010074e+00
1.750000000000000000e+02 2.102210456949204609e+00
1.760000000000000000e+02 2.102244002567060566e+00
1.770000000000000000e+02 2.102277543840653351e+00
1.780000000000000000e+02 2.102311080769058371e+00
1.790000000000000000e+02 2.102344613351351033e+00
1.800000000000000000e+02 2.102378141586607185e+00
1.810000000000000000e+02 2.102411665473901792e+00
1.820000000000000000e+02 2.102445185012310702e+00
1.830000000000000000e+02 2.102478700200909323e+00
1.840000000000000000e+02 2.102512211038773060e+00
1.850000000000000000e+02 2.102545717524977764e+00
1.860000000000000000e+02 2.102579219658597953e+00
1.870000000000000000e+02 2.102612717438710366e+00
1.880000000000000000e+02 2.102646210864389520e+00
1.890000000000000000e+02 2.102679699934711266e+00
1.900000000000000000e+02 2.102713184648751010e+00
1.910000000000000000e+02 2.102746665005584159e+00
1.920000000000000000e+02 2.102780141004286563e+00
1.930000000000000000e+02 2.102813612643933183e+00
1.940000000000000000e+02 2.102847079923599871e+00
1.950000000000000000e+02 2.102880542842362033e+00
1.960000000000000000e+02 2.102914001399295074e+00
1.970000000000000000e+02 2.102947455593474402e+00
1.980000000000000000e+02 2.102980905423975866e+00
1.990000000000000000e+02 2.103014350889874429e+00
2.000000000000000000e+02 2.103047791990245940e+00
2.010000000000000000e+02 2.103081228724165808e+00
2.020000000000000000e+02 2.103114661090709436e+00
2.030000000000000000e+02 2.103148089088952233e+00
2.040000000000000000e+02 2.103181512717970048e+00
2.050000000000000000e+02 2.103214931976837843e+00
2.060000000000000000e+02 2.103248346864631468e+00
2.070000000000000000e+02 2.103281757380426331e+00
2.080000000000000000e+02 2.103315163523297837e+00
2.090000000000000000e+02 2.103348565292321393e+00
2.100000000000000000e+02 2.103381962686572848e+00
2.110000000000000000e+02 2.103415355705127165e+00
2.120000000000000000e+02 2.103448744347060195e+00
2.130000000000000000e+02 2.103482128611447344e+00
2.140000000000000000e+02 2.103515508497364017e+00
2.150000000000000000e+02 2.103548884003886066e+00
2.160000000000000000e+02 2.103582255130088008e+00
2.170000000000000000e+02 2.103615621875046582e+00
2.180000000000000000e+02 2.103648984237836306e+00
2.190000000000000000e+02 2.103682342217533030e+00
2.200000000000000000e+02 2.103715695813212161e+00
2.210000000000000000e+02 2.103749045023949105e+00
2.220000000000000000e+02 2.103782389848819712e+00
2.230000000000000000e+02 2.103815730286898944e+00
2.240000000000000000e+02 2.103849066337262652e+00
2.250000000000000000e+02 2.103882397998986242e+00
2.260000000000000000e+02 2.103915725271145121e+00
2.270000000000000000e+02 2.103949048152814694e+00
2.280000000000000000e+02 2.103982366643070812e+00
2.290000000000000000e+02 2.104015680740988437e+00
2.300000000000000000e+02 2.104048990445643419e+00
2.310000000000000000e+02 2.104082295756111165e+00
2.320000000000000000e+02 2.104115596671467081e+00
2.330000000000000000e+02 2.104148893190787017e+00
2.340000000000000000e+02 2.104182185313145492e+00
2.350000000000000000e+02 2.104215473037619244e+00
2.360000000000000000e+02 2.104248756363282791e+00
2.370000000000000000e+02 2.104282035289211983e+00
2.380000000000000000e+02 2.104315309814482227e+00
2.390000000000000000e+02 2.104348579938168928e+00
2.400000000000000000e+02 2.104381845659347938e+00
2.410000000000000000e+02 2.104415106977094219e+00
2.420000000000000000e+02 2.104448363890483620e+00
2.430000000000000000e+02 2.104481616398591548e+00
2.440000000000000000e+02 2.104514864500493410e+00
2.450000000000000000e+02 2.104548108195265055e+00
2.460000000000000000e+02 2.104581347481981002e+00
2.470000000000000000e+02 2.104614582359717989e+00
2.480000000000000000e+02 2.104647812827550535e+00
2.490000000000000000e+02 2.104681038884554489e+00
2.500000000000000000e+02 2.104714260529805259e+00
2.510000000000000000e+02 2.104747477762378249e+00
2.520000000000000000e+02 2.104780690581349312e+00
2.530000000000000000e+02 2.104813898985793408e+00
2.540000000000000000e+02 2.104847102974786832e+00
2.550000000000000000e+02 2.104880302547404103e+00
2.560000000000000000e+02 2.104913497702721070e+00
2.570000000000000000e+02 2.104946688439813141e+00
2.580000000000000000e+02 2.104979874757756164e+00
2.590000000000000000e+02 2.105013056655625103e+00
2.600000000000000000e+02 2.105046234132496252e+00
2.610000000000000000e+02 2.105079407187444129e+00
2.620000000000000000e+02 2.105112575819544585e+00
2.630000000000000000e+02 2.105145740027873025e+00
2.640000000000000000e+02 2.105178899811505300e+00
2.650000000000000000e+02 2.105212055169516816e+00
2.660000000000000000e+02 2.105245206100982536e+00
2.670000000000000000e+02 2.105278352604978309e+00
2.680000000000000000e+02 2.105311494680579543e+00
2.690000000000000000e+02 2.105344632326861642e+00
2.700000000000000000e+02 2.105377765542900459e+00
2.710000000000000000e+02 2.105410894327771398e+00
2.720000000000000000e+02 2.105444018680549423e+00
2.730000000000000000e+02 2.105477138600310383e+00
2.740000000000000000e+02 2.105510254086129684e+00
2.750000000000000000e+02 2.105543365137083178e+00
2.760000000000000000e+02 2.105576471752245826e+00
2.770000000000000000e+02 2.105609573930693035e+00
2.780000000000000000e+02 2.105642671671501098e+00
2.790000000000000000e+02 2.105675764973744535e+00
2.800000000000000000e+02 2.105708853836499195e+00
2.810000000000000000e+02 2.105741938258840928e+00
2.820000000000000000e+02 2.105775018239844698e+00
2.830000000000000000e+02 2.105808093778585910e+00
2.840000000000000000e+02 2.105841164874140858e+00
2.850000000000000000e+02 2.105874231525584062e+00
2.860000000000000000e+02 2.105907293731991370e+00
2.870000000000000000e+02 2.105940351492438634e+00
2.880000000000000000e+02 2.105973404806000815e+00
2.890000000000000000e+02 2.106006453671753320e+00
2.900000000000000000e+02 2.106039498088772444e+00
2.910000000000000000e+02 2.106072538056132704e+00
2.920000000000000000e+02 2.106105573572909950e+00
2.930000000000000000e+02 2.106138604638180034e+00
2.940000000000000000e+02 2.106171631251017917e+00
2.950000000000000000e+02 2.106204653410499450e+00
2.960000000000000000e+02 2.106237671115699595e+00
2.970000000000000000e+02 2.106270684365694201e+00
2.980000000000000000e+02 2.106303693159559121e+00
2.990000000000000000e+02 2.106336697496368870e+00
3.000000000000000000e+02 2.106369697375200190e+00
3.010000000000000000e+02 2.106402692795127152e+00
3.020000000000000000e+02 2.106435683755226496e+00
3.030000000000000000e+02 2.106468670254572739e+00
3.040000000000000000e+02 2.106501652292242177e+00
3.050000000000000000e+02 2.106534629867309327e+00
3.060000000000000000e+02 2.106567602978850484e+00
3.070000000000000000e+02 2.106600571625941054e+00
3.080000000000000000e+02 2.106633535807656443e+00
3.090000000000000000e+02 2.106666495523071614e+00
3.100000000000000000e+02 2.106699450771262860e+00
3.110000000000000000e+02 2.106732401551304701e+00
3.120000000000000000e+02 2.106765347862273874e+00
3.130000000000000000e+02 2.106798289703244453e+00
3.140000000000000000e+02 2.106831227073293178e+00
3.150000000000000000e+02 2.106864159971495010e+00
3.160000000000000000e+02 2.106897088396924911e+00
3.170000000000000000e+02 2.106930012348659176e+00
3.180000000000000000e+02 2.106962931825772767e+00
3.190000000000000000e+02 2.106995846827341534e+00
3.200000000000000000e+02 2.107028757352440884e+00
3.210000000000000000e+02 2.107061663400145779e+00
3.220000000000000000e+02 2.107094564969532513e+00
3.230000000000000000e+02 2.107127462059676049e+00
3.240000000000000000e+02 2.107160354669651792e+00
3.250000000000000000e+02 2.107193242798535593e+00
3.260000000000000000e+02 2.107226126445402858e+00
3.270000000000000000e+02 2.107259005609328995e+00
3.280000000000000000e+02 2.107291880289388963e+00
3.290000000000000000e+02 2.107324750484659059e+00
3.300000000000000000e+02 2.107357616194214689e+00
3.310000000000000000e+02 2.107390477417130814e+00
3.320000000000000000e+02 2.107423334152482841e+00
3.330000000000000000e+02 2.107456186399347065e+00
3.340000000000000000e+02 2.107489034156798446e+00
3.350000000000000000e+02 2.107521877423912393e+00
3.360000000000000000e+02 2.107554716199764311e+00
3.370000000000000000e+02 2.107587550483430494e+00
3.380000000000000000e+02 2.107620380273985017e+00
3.390000000000000000e+02 2.107653205570504618e+00
3.400000000000000000e+02 2.107686026372064259e+00
3.410000000000000000e+02 2.107718842677739346e+00
3.420000000000000000e+02 2.107751654486605730e+00
3.430000000000000000e+02 2.107784461797738373e+00
3.440000000000000000e+02 2.107817264610213126e+00
3.450000000000000000e+02 2.107850062923105394e+00
3.460000000000000000e+02 2.107882856735490584e+00
3.470000000000000000e+02 2.107915646046444103e+00
3.480000000000000000e+02 2.107948430855041355e+00
3.490000000000000000e+02 2.107981211160358637e+00
3.500000000000000000e+02 2.108013986961470465e+00
3.510000000000000000e+02 2.108046758257452691e+00
3.520000000000000000e+02 2.108079525047380720e+00
3.530000000000000000e+02 2.108112287330329959e+00
3.540000000000000000e+02 2.108145045105376258e+00
3.550000000000000000e+02 2.108177798371594580e+00
3.560000000000000000e+02 2.108210547128060774e+00
3.570000000000000000e+02 2.108243291373850248e+00
3.580000000000000000e+02 2.108276031108038406e+00
3.590000000000000000e+02 2.108308766329700656e+00
3.600000000000000000e+02 2.108341497037912848e+00
3.610000000000000000e+02 2.108374223231750388e+00
3.620000000000000000e+02 2.108406944910288239e+00
3.630000000000000000e+02 2.108439662072602250e+00
3.640000000000000000e+02 2.108472374717767828e+00
3.650000000000000000e+02 2.108505082844860823e+00
3.660000000000000000e+02 2.108537786452955753e+00
3.670000000000000000e+02 2.108570485541129358e+00
3.680000000000000000e+02 2.108603180108456154e+00
3.690000000000000000e+02 2.108635870154011993e+00
3.700000000000000000e+02 2.108668555676872725e+00
3.710000000000000000e+02 2.108701236676112867e+00
3.720000000000000000e+02 2.108733913150808714e+00
3.730000000000000000e+02 2.108766585100035673e+00
3.740000000000000000e+02 2.108799252522868706e+00
3.750000000000000000e+02 2.108831915418383662e+00
3.760000000000000000e+02 2.108864573785656393e+00
3.770000000000000000e+02 2.108897227623761417e+00
3.780000000000000000e+02 2.108929876931775027e+00
3.790000000000000000e+02 2.108962521708772631e+00
3.800000000000000000e+02 2.108995161953829189e+00
3.810000000000000000e+02 2.109027797666020998e+00
3.820000000000000000e+02 2.109060428844422574e+00
3.830000000000000000e+02 2.109093055488110213e+00
3.840000000000000000e+02 2.109125677596158877e+00
3.850000000000000000e+02 2.109158295167644415e+00
3.860000000000000000e+02 2.109190908201642234e+00
3.870000000000000000e+02 2.109223516697227296e+00
3.880000000000000000e+02 2.109256120653475897e+00
3.890000000000000000e+02 2.109288720069462553e+00
3.900000000000000000e+02 2.109321314944264003e+00
3.910000000000000000e+02 2.109353905276954766e+00
3.920000000000000000e+02 2.109386491066610247e+00
3.930000000000000000e+02 2.109419072312306742e+00
3.940000000000000000e+02 2.109451649013118768e+00
3.950000000000000000e+02 2.109484221168122620e+00
3.960000000000000000e+02 2.109516788776393703e+00
3.970000000000000000e+02 2.109549351837006981e+00
3.980000000000000000e+02 2.109581910349037859e+00
3.990000000000000000e+02 2.109614464311562632e+00
4.000000000000000000e+02 2.109647013723656261e+00
4.010000000000000000e+02 2.109679558584394155e+00
4.020000000000000000e+02 2.109712098892851717e+00
4.030000000000000000e+02 2.109744634648105244e+00
4.040000000000000000e+02 2.109777165849228808e+00
4.050000000000000000e+02 2.109809692495299149e+00
4.060000000000000000e+02 2.109842214585391229e+00
4.070000000000000000e+02 2.109874732118580454e+00
4.080000000000000000e+02 2.109907245093942674e+00
4.090000000000000000e+02 2.109939753510552851e+00
4.100000000000000000e+02 2.109972257367486836e+00
4.110000000000000000e+02 2.110004756663820036e+00
4.120000000000000000e+02 2.110037251398627856e+00
4.130000000000000000e+02 2.110069741570985702e+00
4.140000000000000000e+02 2.110102227179969425e+00
4.150000000000000000e+02 2.110134708224653988e+00
4.160000000000000000e+02 2.110167184704115240e+00
4.170000000000000000e+02 2.110199656617428587e+00
4.180000000000000000e+02 2.110232123963669437e+00
4.190000000000000000e+02 2.110264586741913639e+00
4.200000000000000000e+02 2.110297044951236156e+00
4.210000000000000000e+02 2.110329498590712394e+00
4.220000000000000000e+02 2.110361947659418203e+00
4.230000000000000000e+02 2.110394392156428989e+00
4.240000000000000000e+02 2.110426832080820603e+00
4.250000000000000000e+02 2.110459267431667563e+00
4.260000000000000000e+02 2.110491698208046163e+00
4.270000000000000000e+02 2.110524124409031810e+00
4.280000000000000000e+02 2.110556546033699465e+00
4.290000000000000000e+02 2.110588963081124980e+00
4.300000000000000000e+02 2.110621375550383760e+00
4.310000000000000000e+02 2.110653783440551656e+00
4.320000000000000000e+02 2.110686186750703630e+00
4.330000000000000000e+02 2.110718585479915532e+00
4.340000000000000000e+02 2.110750979627262325e+00
4.350000000000000000e+02 2.110783369191820302e+00
4.360000000000000000e+02 2.110815754172663983e+00
4.370000000000000000e+02 2.110848134568869661e+00
4.380000000000000000e+02 2.110880510379512298e+00
4.390000000000000000e+02 2.110912881603667746e+00
4.400000000000000000e+02 2.110945248240410965e+00
4.410000000000000000e+02 2.110977610288818251e+00
4.420000000000000000e+02 2.111009967747964566e+00
4.430000000000000000e+02 2.111042320616924872e+00
4.440000000000000000e+02 2.111074668894775908e+00
4.450000000000000000e+02 2.111107012580592190e+00
4.460000000000000000e+02 2.111139351673449127e+00
4.470000000000000000e+02 2.111171686172423012e+00
4.480000000000000000e+02 2.111204016076588807e+00
4.490000000000000000e+02 2.111236341385021920e+00
4.500000000000000000e+02 2.111268662096797755e+00
4.510000000000000000e+02 2.111300978210992163e+00
4.520000000000000000e+02 2.111333289726680551e+00
4.530000000000000000e+02 2.111365596642938325e+00
4.540000000000000000e+02 2.111397898958840891e+00
4.550000000000000000e+02 2.111430196673463655e+00
4.560000000000000000e+02 2.111462489785882468e+00
4.570000000000000000e+02 2.111494778295172292e+00
4.580000000000000000e+02 2.111527062200408977e+00
4.590000000000000000e+02 2.111559341500667930e+00
4.600000000000000000e+02 2.111591616195024557e+00
4.610000000000000000e+02 2.111623886282554263e+00
4.620000000000000000e+02 2.111656151762332900e+00
4.630000000000000000e+02 2.111688412633435430e+00
4.640000000000000000e+02 2.111720668894937702e+00
4.650000000000000000e+02 2.111752920545915124e+00
4.660000000000000000e+02 2.111785167585443102e+00
4.670000000000000000e+02 2.111817410012597485e+00
4.680000000000000000e+02 2.111849647826453236e+00
4.690000000000000000e+02 2.111881881026085761e+00
4.700000000000000000e+02 2.111914109610570911e+00
4.710000000000000000e+02 2.111946333578984536e+00
4.720000000000000000e+02 2.111978552930401154e+00
4.730000000000000000e+02 2.112010767663896615e+00
4.740000000000000000e+02 2.112042977778547215e+00
4.750000000000000000e+02 2.112075183273427026e+00
4.760000000000000000e+02 2.112107384147612787e+00
4.770000000000000000e+02 2.112139580400179018e+00
4.780000000000000000e+02 2.112171772030201566e+00
4.790000000000000000e+02 2.112203959036756284e+00
4.800000000000000000e+02 2.112236141418918134e+00
4.810000000000000000e+02 2.112268319175762965e+00
4.820000000000000000e+02 2.112300492306366184e+00
4.830000000000000000e+02 2.112332660809802753e+00
4.840000000000000000e+02 2.112364824685148967e+00
4.850000000000000000e+02 2.112396983931479788e+00
4.860000000000000000e+02 2.112429138547870622e+00
4.870000000000000000e+02 2.112461288533397319e+00
4.880000000000000000e+02 2.112493433887135286e+00
4.890000000000000000e+02 2.112525574608159484e+00
4.900000000000000000e+02 2.112557710695546209e+00
4.910000000000000000e+02 2.112589842148370423e+00
4.920000000000000000e+02 2.112621968965707975e+00
4.930000000000000000e+02 2.112654091146633828e+00
4.940000000000000000e+02 2.112686208690223388e+00
4.950000000000000000e+02 2.112718321595552950e+00
4.960000000000000000e+02 2.112750429861697476e+00
4.970000000000000000e+02 2.112782533487732373e+00
4.980000000000000000e+02 2.112814632472733489e+00
4.990000000000000000e+02 2.112846726815775789e+00
5.000000000000000000e+02 2.112878816515935121e+00
5.010000000000000000e+02 2.112910901572286893e+00
5.020000000000000000e+02 2.112942981983906510e+00
5.030000000000000000e+02 2.112975057749869823e+00
5.040000000000000000e+02 2.113007128869251794e+00
5.050000000000000000e+02 2.113039195341127829e+00
5.060000000000000000e+02 2.113071257164573780e+00
5.070000000000000000e+02 2.113103314338665051e+00
5.080000000000000000e+02 2.113135366862477493e+00
5.090000000000000000e+02 2.113167414735085625e+00
5.100000000000000000e+02 2.113199457955565741e+00
5.110000000000000000e+02 2.113231496522993247e+00
5.120000000000000000e+02 2.113263530436443105e+00
5.130000000000000000e+02 2.113295559694991166e+00
5.140000000000000000e+02 2.113327584297713280e+00
5.150000000000000000e+02 2.113359604243683965e+00
5.160000000000000000e+02 2.113391619531979959e+00
5.170000000000000000e+02 2.113423630161675337e+00
5.180000000000000000e+02 2.113455636131846838e+00
5.190000000000000000e+02 2.113487637441568978e+00
5.200000000000000000e+02 2.113519634089918053e+00
5.210000000000000000e+02 2.113551626075969025e+00
5.220000000000000000e+02 2.113583613398797301e+00
5.230000000000000000e+02 2.113615596057478729e+00
5.240000000000000000e+02 2.113647574051088718e+00
5.250000000000000000e+02 2.113679547378702228e+00
5.260000000000000000e+02 2.113711516039395555e+00
5.270000000000000000e+02 2.113743480032243660e+00
5.280000000000000000e+02 2.113775439356322394e+00
5.290000000000000000e+02 2.113807394010706719e+00
5.300000000000000000e+02 2.113839343994472486e+00
5.310000000000000000e+02 2.113871289306695100e+00
5.320000000000000000e+02 2.113903229946449969e+00
5.330000000000000000e+02 2.113935165912812497e+00
5.340000000000000000e+02 2.113967097204858092e+00
5.350000000000000000e+02 2.113999023821663048e+00
5.360000000000000000e+02 2.114030945762301883e+00
5.370000000000000000e+02 2.114062863025850447e+00
5.380000000000000000e+02 2.114094775611384147e+00
5.390000000000000000e+02 2.114126683517978389e+00
5.400000000000000000e+02 2.114158586744709023e+00
5.410000000000000000e+02 2.114190485290651456e+00
5.420000000000000000e+02 2.114222379154880649e+00
5.430000000000000000e+02 2.114254268336472453e+00
5.440000000000000000e+02 2.114286152834502275e+00
5.450000000000000000e+02 2.114318032648045964e+00
5.460000000000000000e+02 2.114349907776178483e+00
5.470000000000000000e+02 2.114381778217975683e+00
5.480000000000000000e+02 2.114413643972512524e+00
5.490000000000000000e+02 2.114445505038865303e+00
5.500000000000000000e+02 2.114477361416108536e+00
5.510000000000000000e+02 2.114509213103318519e+00
5.520000000000000000e+02 2.114541060099570213e+00
5.530000000000000000e+02 2.114572902403939469e+00
5.540000000000000000e+02 2.114604740015501694e+00
5.550000000000000000e+02 2.114636572933331848e+00
5.560000000000000000e+02 2.114668401156506228e+00
5.570000000000000000e+02 2.114700224684099794e+00
5.580000000000000000e+02 2.114732043515187954e+00
5.590000000000000000e+02 2.114763857648846557e+00
5.600000000000000000e+02 2.114795667084151010e+00
5.610000000000000000e+02 2.114827471820176719e+00
5.620000000000000000e+02 2.114859271855999090e+00
5.630000000000000000e+02 2.114891067190693530e+00
5.640000000000000000e+02 2.114922857823335889e+00
5.650000000000000000e+02 2.114954643753001129e+00
5.660000000000000000e+02 2.114986424978765100e+00
5.670000000000000000e+02 2.115018201499703210e+00
5.680000000000000000e+02 2.115049973314890863e+00
5.690000000000000000e+02 2.115081740423403467e+00
5.700000000000000000e+02 2.115113502824316871e+00
5.710000000000000000e+02 2.115145260516706038e+00
5.720000000000000000e+02 2.115177013499647263e+00
5.730000000000000000e+02 2.115208761772215063e+00
5.740000000000000000e+02 2.115240505333485288e+00
5.750000000000000000e+02 2.115272244182533790e+00
5.760000000000000000e+02 2.115303978318435529e+00
5.770000000000000000e+02 2.115335707740265914e+00
5.780000000000000000e+02 2.115367432447101237e+00
5.790000000000000000e+02 2.115399152438016017e+00
5.800000000000000000e+02 2.115430867712086549e+00
5.810000000000000000e+02 2.115462578268387350e+00
5.820000000000000000e+02 2.115494284105995160e+00
5.830000000000000000e+02 2.115525985223984495e+00
5.840000000000000000e+02 2.115557681621430763e+00
5.850000000000000000e+02 2.115589373297410258e+00
5.860000000000000000e+02 2.115621060250997498e+00
5.870000000000000000e+02 2.115652742481268778e+00
5.880000000000000000e+02 2.115684419987299503e+00
5.890000000000000000e+02 2.115716092768164636e+00
5.900000000000000000e+02 2.115747760822940027e+00
5.910000000000000000e+02 2.115779424150701082e+00
5.920000000000000000e+02 2.115811082750523209e+00
5.930000000000000000e+02 2.115842736621481812e+00
5.940000000000000000e+02 2.115874385762652299e+00
5.950000000000000000e+02 2.115906030173110963e+00
5.960000000000000000e+02 2.115937669851932323e+00
5.970000000000000000e+02 2.115969304798192230e+00
5.980000000000000000e+02 2.116000935010966089e+00
5.990000000000000000e+02 2.116032560489329306e+00
6.000000000000000000e+02 2.116064181232357733e+00
6.010000000000000000e+02 2.116095797239126775e+00
6.020000000000000000e+02 2.116127408508711394e+00
6.030000000000000000e+02 2.116159015040187441e+00
6.040000000000000000e+02 2.116190616832630322e+00
6.050000000000000000e+02 2.116222213885115888e+00
6.060000000000000000e+02 2.116253806196719101e+00
6.070000000000000000e+02 2.116285393766515810e+00
6.080000000000000000e+02 2.116316976593580979e+00
6.090000000000000000e+02 2.116348554676990901e+00
6.100000000000000000e+02 2.116380128015820095e+00
6.110000000000000000e+02 2.116411696609144855e+00
6.120000000000000000e+02 2.116443260456040587e+00
6.130000000000000000e+02 2.116474819555581810e+00
6.140000000000000000e+02 2.116506373906845262e+00
6.150000000000000000e+02 2.116537923508905905e+00
6.160000000000000000e+02 2.116569468360839146e+00
6.170000000000000000e+02 2.116601008461720390e+00
6.180000000000000000e+02 2.116632543810625045e+00
6.190000000000000000e+02 2.116664074406628959e+00
6.200000000000000000e+02 2.116695600248807541e+00
6.210000000000000000e+02 2.116727121336236195e+00
6.220000000000000000e+02 2.116758637667990328e+00
6.230000000000000000e+02 2.116790149243145791e+00
6.240000000000000000e+02 2.116821656060777102e+00
6.250000000000000000e+02 2.116853158119960998e+00
6.260000000000000000e+02 2.116884655419771999e+00
6.270000000000000000e+02 2.116916147959285954e+00
6.280000000000000000e+02 2.116947635737578270e+00
6.290000000000000000e+02 2.116979118753724798e+00
6.300000000000000000e+02 2.117010597006800499e+00
6.310000000000000000e+02 2.117042070495880779e+00
6.320000000000000000e+02 2.117073539220041933e+00
6.330000000000000000e+02 2.117105003178358480e+00
6.340000000000000000e+02 2.117136462369906713e+00
6.350000000000000000e+02 2.117167916793761595e+00
6.360000000000000000e+02 2.117199366448998532e+00
6.370000000000000000e+02 2.117230811334693374e+00
6.380000000000000000e+02 2.117262251449921084e+00
6.390000000000000000e+02 2.117293686793757956e+00
6.400000000000000000e+02 2.117325117365278953e+00
6.410000000000000000e+02 2.117356543163559479e+00
6.420000000000000000e+02 2.117387964187674942e+00
6.430000000000000000e+02 2.117419380436701193e+00
6.440000000000000000e+02 2.117450791909713637e+00
6.450000000000000000e+02 2.117482198605787680e+00
6.460000000000000000e+02 2.117513600523998729e+00
6.470000000000000000e+02 2.117544997663422190e+00
6.480000000000000000e+02 2.117576390023133914e+00
6.490000000000000000e+02 2.117607777602208863e+00
6.500000000000000000e+02 2.117639160399722886e+00
6.510000000000000000e+02 2.117670538414751391e+00
6.520000000000000000e+02 2.117701911646370228e+00
6.530000000000000000e+02 2.117733280093653914e+00
6.540000000000000000e+02 2.117764643755678744e+00
6.550000000000000000e+02 2.117796002631520125e+00
6.560000000000000000e+02 2.117827356720253018e+00
6.570000000000000000e+02 2.117858706020953274e+00
6.580000000000000000e+02 2.117890050532696744e+00
6.590000000000000000e+02 2.117921390254558389e+00
6.600000000000000000e+02 2.117952725185613616e+00
6.610000000000000000e+02 2.117984055324938275e+00
6.620000000000000000e+02 2.118015380671607328e+00
6.630000000000000000e+02 2.118046701224697070e+00
6.640000000000000000e+02 2.118078016983282463e+00
6.650000000000000000e+02 2.118109327946438913e+00
6.660000000000000000e+02 2.118140634113241827e+00
6.670000000000000000e+02 2.118171935482767054e+00
6.680000000000000000e+02 2.118203232054090002e+00
6.690000000000000000e+02 2.118234523826286075e+00
6.700000000000000000e+02 2.118265810798430682e+00
6.710000000000000000e+02 2.118297092969599227e+00
6.720000000000000000e+02 2.118328370338867561e+00
6.730000000000000000e+02 2.118359642905310647e+00
6.740000000000000000e+02 2.118390910668004334e+00
6.750000000000000000e+02 2.118422173626024030e+00
6.760000000000000000e+02 2.118453431778445584e+00
6.770000000000000000e+02 2.118484685124343514e+00
6.780000000000000000e+02 2.118515933662794115e+00
6.790000000000000000e+02 2.118547177392872793e+00
6.800000000000000000e+02 2.118578416313654511e+00
6.810000000000000000e+02 2.118609650424215118e+00
6.820000000000000000e+02 2.118640879723630466e+00
6.830000000000000000e+02 2.118672104210975515e+00
6.840000000000000000e+02 2.118703323885325673e+00
6.850000000000000000e+02 2.118734538745756790e+00
6.860000000000000000e+02 2.118765748791343828e+00
6.870000000000000000e+02 2.118796954021163081e+00
6.880000000000000000e+02 2.118828154434289512e+00
6.890000000000000000e+02 2.118859350029798527e+00
6.900000000000000000e+02 2.118890540806765532e+00
6.910000000000000000e+02 2.118921726764266378e+00
6.920000000000000000e+02 2.118952907901376470e+00
6.930000000000000000e+02 2.118984084217171215e+00
6.940000000000000000e+02 2.119015255710726020e+00
6.950000000000000000e+02 2.119046422381116734e+00
6.960000000000000000e+02 2.119077584227417876e+00
6.970000000000000000e+02 2.119108741248706185e+00
6.980000000000000000e+02 2.119139893444056177e+00
6.990000000000000000e+02 2.119171040812543705e+00
7.000000000000000000e+02 2.119202183353244173e+00
7.010000000000000000e+02 2.119233321065233433e+00
7.020000000000000000e+02 2.119264453947586446e+00
7.030000000000000000e+02 2.119295581999379063e+00
7.040000000000000000e+02 2.119326705219686247e+00
7.050000000000000000e+02 2.119357823607584290e+00
7.060000000000000000e+02 2.119388937162147712e+00
7.070000000000000000e+02 2.119420045882452808e+00
7.080000000000000000e+02 2.119451149767574538e+00
7.090000000000000000e+02 2.119482248816588754e+00
7.100000000000000000e+02 2.119513343028570862e+00
7.110000000000000000e+02 2.119544432402596268e+00
7.120000000000000000e+02 2.119575516937740378e+00
7.130000000000000000e+02 2.119606596633078599e+00
7.140000000000000000e+02 2.119637671487686337e+00
7.150000000000000000e+02 2.119668741500639442e+00
7.160000000000000000e+02 2.119699806671013320e+00
7.170000000000000000e+02 2.119730866997883378e+00
7.180000000000000000e+02 2.119761922480325467e+00
7.190000000000000000e+02 2.119792973117414103e+00
7.200000000000000000e+02 2.119824018908225582e+00
7.210000000000000000e+02 2.119855059851834866e+00
7.220000000000000000e+02 2.119886095947318250e+00
7.230000000000000000e+02 2.119917127193750250e+00
7.240000000000000000e+02 2.119948153590206719e+00
7.250000000000000000e+02 2.119979175135763505e+00
7.260000000000000000e+02 2.120010191829495572e+00
7.270000000000000000e+02 2.120041203670478769e+00
7.280000000000000000e+02 2.120072210657788503e+00
7.290000000000000000e+02 2.120103212790499736e+00
7.300000000000000000e+02 2.120134210067688763e+00
7.310000000000000000e+02 2.120165202488430545e+00
7.320000000000000000e+02 2.120196190051800489e+00
7.330000000000000000e+02 2.120227172756874445e+00
7.340000000000000000e+02 2.120258150602727820e+00
7.350000000000000000e+02 2.120289123588436020e+00
7.360000000000000000e+02 2.120320091713074451e+00
7.370000000000000000e+02 2.120351054975718519e+00
7.380000000000000000e+02 2.120382013375444075e+00
7.390000000000000000e+02 2.120412966911326524e+00
7.400000000000000000e+02 2.120443915582440830e+00
7.410000000000000000e+02 2.120474859387862843e+00
7.420000000000000000e+02 2.120505798326667968e+00
7.430000000000000000e+02 2.120536732397932056e+00
7.440000000000000000e+02 2.120567661600730069e+00
7.450000000000000000e+02 2.120598585934137414e+00
7.460000000000000000e+02 2.120629505397230385e+00
7.470000000000000000e+02 2.120660419989083501e+00
7.480000000000000000e+02 2.120691329708773054e+00
7.490000000000000000e+02 2.120722234555374008e+00
7.500000000000000000e+02 2.120753134527961770e+00
7.510000000000000000e+02 2.120784029625612188e+00
7.520000000000000000e+02 2.120814919847400670e+00
7.530000000000000000e+02 2.120845805192402622e+00
7.540000000000000000e+02 2.120876685659693006e+00
7.550000000000000000e+02 2.120907561248348561e+00
7.560000000000000000e+02 2.120938431957443360e+00
7.570000000000000000e+02 2.120969297786054142e+00
7.580000000000000000e+02 2.121000158733255425e+00
7.590000000000000000e+02 2.121031014798123060e+00
7.600000000000000000e+02 2.121061865979732453e+00
7.610000000000000000e+02 2.121092712277159009e+00
7.620000000000000000e+02 2.121123553689478580e+00
7.630000000000000000e+02 2.121154390215766572e+00
7.640000000000000000e+02 2.121185221855097947e+00
7.650000000000000000e+02 2.121216048606548998e+00
7.660000000000000000e+02 2.121246870469194246e+00
7.670000000000000000e+02 2.121277687442109983e+00
7.680000000000000000e+02 2.121308499524371172e+00
7.690000000000000000e+02 2.121339306715053663e+00
7.700000000000000000e+02 2.121370109013232863e+00
7.710000000000000000e+02 2.121400906417983734e+00
7.720000000000000000e+02 2.121431698928382570e+00
7.730000000000000000e+02 2.121462486543504333e+00
7.740000000000000000e+02 2.121493269262424874e+00
7.750000000000000000e+02 2.121524047084219156e+00
7.760000000000000000e+02 2.121554820007963027e+00
7.770000000000000000e+02 2.121585588032731895e+00
7.780000000000000000e+02 2.121616351157601166e+00
7.790000000000000000e+02 2.121647109381646246e+00
7.800000000000000000e+02 2.121677862703942985e+00
7.810000000000000000e+02 2.121708611123566790e+00
7.820000000000000000e+02 2.121739354639592623e+00
7.830000000000000000e+02 2.121770093251096334e+00
7.840000000000000000e+02 2.121800826957153774e+00
7.850000000000000000e+02 2.121831555756839904e+00
7.860000000000000000e+02 2.121862279649230132e+00
7.870000000000000000e+02 2.121892998633400307e+00
7.880000000000000000e+02 2.121923712708425391e+00
7.890000000000000000e+02 2.121954421873381680e+00
7.900000000000000000e+02 2.121985126127344135e+00
7.910000000000000000e+02 2.122015825469388162e+00
7.920000000000000000e+02 2.122046519898589167e+00
7.930000000000000000e+02 2.122077209414023002e+00
7.940000000000000000e+02 2.122107894014765073e+00
7.950000000000000000e+02 2.122138573699890784e+00
7.960000000000000000e+02 2.122169248468475544e+00
7.970000000000000000e+02 2.122199918319595202e+00
7.980000000000000000e+02 2.122230583252324276e+00
7.990000000000000000e+02 2.122261243265739505e+00
8.000000000000000000e+02 2.122291898358915407e+00
8.010000000000000000e+02 2.122322548530927833e+00
8.020000000000000000e+02 2.122353193780852632e+00
8.030000000000000000e+02 2.122383834107764766e+00
8.040000000000000000e+02 2.122414469510739643e+00
8.050000000000000000e+02 2.122445099988853112e+00
8.060000000000000000e+02 2.122475725541180136e+00
8.070000000000000000e+02 2.122506346166797009e+00
8.080000000000000000e+02 2.122536961864778249e+00
8.090000000000000000e+02 2.122567572634200594e+00
8.100000000000000000e+02 2.122598178474138120e+00
8.110000000000000000e+02 2.122628779383667119e+00
8.120000000000000000e+02 2.122659375361862999e+00
8.130000000000000000e+02 2.122689966407801165e+00
8.140000000000000000e+02 2.122720552520557025e+00
8.150000000000000000e+02 2.122751133699205983e+00
8.160000000000000000e+02 2.122781709942823891e+00
8.170000000000000000e+02 2.122812281250486155e+00
8.180000000000000000e+02 2.122842847621267737e+00
8.190000000000000000e+02 2.122873409054244487e+00
8.200000000000000000e+02 2.122903965548492256e+00
8.210000000000000000e+02 2.122934517103085561e+00
8.220000000000000000e+02 2.122965063717101142e+00
8.230000000000000000e+02 2.122995605389613072e+00
8.240000000000000000e+02 2.123026142119698090e+00
8.250000000000000000e+02 2.123056673906431158e+00
8.260000000000000000e+02 2.123087200748887238e+00
8.270000000000000000e+02 2.123117722646142624e+00
8.280000000000000000e+02 2.123148239597272724e+00
8.290000000000000000e+02 2.123178751601352499e+00
8.300000000000000000e+02 2.123209258657457799e+00
8.310000000000000000e+02 2.123239760764664030e+00
8.320000000000000000e+02 2.123270257922046600e+00
8.330000000000000000e+02 2.123300750128680914e+00
8.340000000000000000e+02 2.123331237383642822e+00
8.350000000000000000e+02 2.123361719686007731e+00
8.360000000000000000e+02 2.123392197034850604e+00
8.370000000000000000e+02 2.123422669429247289e+00
8.380000000000000000e+02 2.123453136868273639e+00
8.390000000000000000e+02 2.123483599351004614e+00
8.400000000000000000e+02 2.123514056876515621e+00
8.410000000000000000e+02 2.123544509443882511e+00
8.420000000000000000e+02 2.123574957052180245e+00
8.430000000000000000e+02 2.123605399700485119e+00
8.440000000000000000e+02 2.123635837387872094e+00
8.450000000000000000e+02 2.123666270113416576e+00
8.460000000000000000e+02 2.123696697876193973e+00
8.470000000000000000e+02 2.123727120675280133e+00
8.480000000000000000e+02 2.123757538509750908e+00
8.490000000000000000e+02 2.123787951378680372e+00
8.500000000000000000e+02 2.123818359281145707e+00
8.510000000000000000e+02 2.123848762216220987e+00
8.520000000000000000e+02 2.123879160182982506e+00
8.530000000000000000e+02 2.123909553180505672e+00
8.540000000000000000e+02 2.123939941207865445e+00
8.550000000000000000e+02 2.123970324264137677e+00
8.560000000000000000e+02 2.124000702348398217e+00
8.570000000000000000e+02 2.124031075459721585e+00
8.580000000000000000e+02 2.124061443597184518e+00
8.590000000000000000e+02 2.124091806759861534e+00
8.600000000000000000e+02 2.124122164946828040e+00
8.610000000000000000e+02 2.124152518157160330e+00
8.620000000000000000e+02 2.124182866389933366e+00
8.630000000000000000e+02 2.124213209644222555e+00
8.640000000000000000e+02 2.124243547919103747e+00
8.650000000000000000e+02 2.124273881213651904e+00
8.660000000000000000e+02 2.124304209526942877e+00
8.670000000000000000e+02 2.124334532858052071e+00
8.680000000000000000e+02 2.124364851206054894e+00
8.690000000000000000e+02 2.124395164570027195e+00
8.700000000000000000e+02 2.124425472949043936e+00
8.710000000000000000e+02 2.124455776342180968e+00
8.720000000000000000e+02 2.124486074748513253e+00
8.730000000000000000e+02 2.124516368167116642e+00
8.740000000000000000e+02 2.124546656597066985e+00
8.750000000000000000e+02 2.124576940037439243e+00
8.760000000000000000e+02 2.124607218487308824e+00
8.770000000000000000e+02 2.124637491945751577e+00
8.780000000000000000e+02 2.124667760411842909e+00
8.790000000000000000e+02 2.124698023884658227e+00
8.800000000000000000e+02 2.124728282363272935e+00
8.810000000000000000e+02 2.124758535846762442e+00
8.820000000000000000e+02 2.124788784334202596e+00
8.830000000000000000e+02 2.124819027824668360e+00
8.840000000000000000e+02 2.124849266317235585e+00
8.850000000000000000e+02 2.124879499810980121e+00
8.860000000000000000e+02 2.124909728304976486e+00
8.870000000000000000e+02 2.124939951798300530e+00
8.880000000000000000e+02 2.124970170290028548e+00
8.890000000000000000e+02 2.125000383779234614e+00
8.900000000000000000e+02 2.125030592264995466e+00
8.910000000000000000e+02 2.125060795746385622e+00
8.920000000000000000e+02 2.125090994222481378e+00
8.930000000000000000e+02 2.125121187692357694e+00
8.940000000000000000e+02 2.125151376155090421e+00
8.950000000000000000e+02 2.125181559609754522e+00
8.960000000000000000e+02 2.125211738055425847e+00
8.970000000000000000e+02 2.125241911491179803e+00
8.980000000000000000e+02 2.125272079916091794e+00
8.990000000000000000e+02 2.125302243329237228e+00
9.000000000000000000e+02 2.125332401729691956e+00
9.010000000000000000e+02 2.125362555116530938e+00
9.020000000000000000e+02 2.125392703488830470e+00
9.030000000000000000e+02 2.125422846845665070e+00
9.040000000000000000e+02 2.125452985186111032e+00
9.050000000000000000e+02 2.125483118509242875e+00
9.060000000000000000e+02 2.125513246814137336e+00
9.070000000000000000e+02 2.125543370099868934e+00
9.080000000000000000e+02 2.125573488365513075e+00
9.090000000000000000e+02 2.125603601610146054e+00
9.100000000000000000e+02 2.125633709832842833e+00
9.110000000000000000e+02 2.125663813032678817e+00
9.120000000000000000e+02 2.125693911208729858e+00
9.130000000000000000e+02 2.125724004360070918e+00
9.140000000000000000e+02 2.125754092485777846e+00
9.150000000000000000e+02 2.125784175584926050e+00
9.160000000000000000e+02 2.125814253656590935e+00
9.170000000000000000e+02 2.125844326699848352e+00
9.180000000000000000e+02 2.125874394713773263e+00
9.190000000000000000e+02 2.125904457697441519e+00
9.200000000000000000e+02 2.125934515649928080e+00
9.210000000000000000e+02 2.125964568570308799e+00
9.220000000000000000e+02 2.125994616457659525e+00
9.230000000000000000e+02 2.126024659311055220e+00
9.240000000000000000e+02 2.126054697129571291e+00
9.250000000000000000e+02 2.126084729912284033e+00
9.260000000000000000e+02 2.126114757658267518e+00
9.270000000000000000e+02 2.126144780366598486e+00
9.280000000000000000e+02 2.126174798036351898e+00
9.290000000000000000e+02 2.126204810666603606e+00
9.300000000000000000e+02 2.126234818256428127e+00
9.310000000000000000e+02 2.126264820804902200e+00
9.320000000000000000e+02 2.126294818311100343e+00
9.330000000000000000e+02 2.126324810774098406e+00
9.340000000000000000e+02 2.126354798192972240e+00
9.350000000000000000e+02 2.126384780566796806e+00
9.360000000000000000e+02 2.126414757894647511e+00
9.370000000000000000e+02 2.126444730175600206e+00
9.380000000000000000e+02 2.126474697408729853e+00
9.390000000000000000e+02 2.126504659593112745e+00
9.400000000000000000e+02 2.126534616727823845e+00
9.410000000000000000e+02 2.126564568811938560e+00
9.420000000000000000e+02 2.126594515844532740e+00
9.430000000000000000e+02 2.126624457824681347e+00
9.440000000000000000e+02 2.126654394751460231e+00
9.450000000000000000e+02 2.126684326623944798e+00
9.460000000000000000e+02 2.126714253441210456e+00
9.470000000000000000e+02 2.126744175202333054e+00
9.480000000000000000e+02 2.126774091906387554e+00
9.490000000000000000e+02 2.126804003552449807e+00
9.500000000000000000e+02 2.126833910139594774e+00
9.510000000000000000e+02 2.126863811666898751e+00
9.520000000000000000e+02 2.126893708133436256e+00
9.530000000000000000e+02 2.126923599538283582e+00
9.540000000000000000e+02 2.126953485880516137e+00
9.550000000000000000e+02 2.126983367159208882e+00
9.560000000000000000e+02 2.127013243373437668e+00
9.570000000000000000e+02 2.127043114522277900e+00
9.580000000000000000e+02 2.127072980604804986e+00
9.590000000000000000e+02 2.127102841620094331e+00
9.600000000000000000e+02 2.127132697567221786e+00
9.610000000000000000e+02 2.127162548445262313e+00
9.620000000000000000e+02 2.127192394253292207e+00
9.630000000000000000e+02 2.127222234990385985e+00
9.640000000000000000e+02 2.127252070655619498e+00
9.650000000000000000e+02 2.127281901248068596e+00
9.660000000000000000e+02 2.127311726766808242e+00
9.670000000000000000e+02 2.127341547210914285e+00
9.680000000000000000e+02 2.127371362579462133e+00
9.690000000000000000e+02 2.127401172871527191e+00
9.700000000000000000e+02 2.127430978086184865e+00
9.710000000000000000e+02 2.127460778222510562e+00
9.720000000000000000e+02 2.127490573279580133e+00
9.730000000000000000e+02 2.127520363256468539e+00
9.740000000000000000e+02 2.127550148152251630e+00
9.750000000000000000e+02 2.127579927966004814e+00
9.760000000000000000e+02 2.127609702696803939e+00
9.770000000000000000e+02 2.127639472343723526e+00
9.780000000000000000e+02 2.127669236905839867e+00
9.790000000000000000e+02 2.127698996382228369e+00
9.800000000000000000e+02 2.127728750771964439e+00
9.810000000000000000e+02 2.127758500074123038e+00
9.820000000000000000e+02 2.127788244287780461e+00
9.830000000000000000e+02 2.127817983412011671e+00
9.840000000000000000e+02 2.127847717445892517e+00
9.850000000000000000e+02 2.127877446388497962e+00
9.860000000000000000e+02 2.127907170238903856e+00
9.870000000000000000e+02 2.127936888996185605e+00
9.880000000000000000e+02 2.127966602659418616e+00
9.890000000000000000e+02 2.127996311227678738e+00
9.900000000000000000e+02 2.128026014700040491e+00
9.910000000000000000e+02 2.128055713075580613e+00
9.920000000000000000e+02 2.128085406353374065e+00
9.930000000000000000e+02 2.128115094532495810e+00
9.940000000000000000e+02 2.128144777612022143e+00
9.950000000000000000e+02 2.128174455591028025e+00
9.960000000000000000e+02 2.128204128468588863e+00
9.970000000000000000e+02 2.128233796243780507e+00
9.980000000000000000e+02 2.128263458915678363e+00
9.990000000000000000e+02 2.128293116483357839e+00
1.000000000000000000e+03 2.128322768945894339e+00
1.001000000000000000e+03 2.128352416302363270e+00
1.002000000000000000e+03 2.128382058551840483e+00
1.003000000000000000e+03 2.128411695693400940e+00
1.004000000000000000e+03 2.128441327726120935e+00
1.005000000000000000e+03 2.128470954649074987e+00
1.006000000000000000e+03 2.128500576461339389e+00
1.007000000000000000e+03 2.128530193161988660e+00
1.008000000000000000e+03 2.128559804750099538e+00
1.009000000000000000e+03 2.128589411224746542e+00
1.010000000000000000e+03 2.128619012585005077e+00
1.011000000000000000e+03 2.128648608829951439e+00
1.012000000000000000e+03 2.128678199958660588e+00
1.013000000000000000e+03 2.128707785970207933e+00
1.014000000000000000e+03 2.128737366863669322e+00
1.015000000000000000e+03 2.128766942638119719e+00
1.016000000000000000e+03 2.128796513292635417e+00
1.017000000000000000e+03 2.128826078826290935e+00
1.018000000000000000e+03 2.128855639238162123e+00
1.019000000000000000e+03 2.128885194527324831e+00
1.020000000000000000e+03 2.128914744692854022e+00
1.021000000000000000e+03 2.128944289733825546e+00
1.022000000000000000e+03 2.128973829649314364e+00
