# order=14: data_wav [pixel], data_wavsolution [micron]
5.200000000000000000e+01 1.798122536879395161e+00
5.300000000000000000e+01 1.798151892322078060e+00
5.400000000000000000e+01 1.798181243942040375e+00
5.500000000000000000e+01 1.798210591739281883e+00
5.600000000000000000e+01 1.798239935713803028e+00
5.700000000000000000e+01 1.798269275865603145e+00
5.800000000000000000e+01 1.798298612194682899e+00
5.900000000000000000e+01 1.798327944701042069e+00
6.000000000000000000e+01 1.798357273384680433e+00
6.100000000000000000e+01 1.798386598245598211e+00
6.200000000000000000e+01 1.798415919283795184e+00
6.300000000000000000e+01 1.798445236499271793e+00
6.400000000000000000e+01 1.798474549892027596e+00
6.500000000000000000e+01 1.798503859462062815e+00
6.600000000000000000e+01 1.798533165209377449e+00
6.700000000000000000e+01 1.798562467133971277e+00
6.800000000000000000e+01 1.798591765235844520e+00
6.900000000000000000e+01 1.798621059514997178e+00
7.000000000000000000e+01 1.798650349971429252e+00
7.100000000000000000e+01 1.798679636605140741e+00
7.200000000000000000e+01 1.798708919416131424e+00
7.300000000000000000e+01 1.798738198404401523e+00
7.400000000000000000e+01 1.798767473569951036e+00
7.500000000000000000e+01 1.798796744912779744e+00
7.600000000000000000e+01 1.798826012432887866e+00
7.700000000000000000e+01 1.798855276130275405e+00
7.800000000000000000e+01 1.798884536004942358e+00
7.900000000000000000e+01 1.798913792056888727e+00
8.000000000000000000e+01 1.798943044286114290e+00
8.100000000000000000e+01 1.798972292692619268e+00
8.200000000000000000e+01 1.799001537276403662e+00
8.300000000000000000e+01 1.799030778037467471e+00
8.400000000000000000e+01 1.799060014975810473e+00
8.500000000000000000e+01 1.799089248091432891e+00
8.600000000000000000e+01 1.799118477384334724e+00
8.700000000000000000e+01 1.799147702854515751e+00
8.800000000000000000e+01 1.799176924501976416e+00
8.900000000000000000e+01 1.799206142326716273e+00
9.000000000000000000e+01 1.799235356328735547e+00
9.100000000000000000e+01 1.799264566508034013e+00
9.200000000000000000e+01 1.799293772864612118e+00
9.300000000000000000e+01 1.799322975398469415e+00
9.400000000000000000e+01 1.799352174109606128e+00
9.500000000000000000e+01 1.799381368998022035e+00
9.600000000000000000e+01 1.799410560063717579e+00
9.700000000000000000e+01 1.799439747306692317e+00
9.800000000000000000e+01 1.799468930726946470e+00
9.900000000000000000e+01 1.799498110324480038e+00
1.000000000000000000e+02 1.799527286099292800e+00
1.010000000000000000e+02 1.799556458051384977e+00
1.020000000000000000e+02 1.799585626180756570e+00
1.030000000000000000e+02 1.799614790487407578e+00
1.040000000000000000e+02 1.799643950971337780e+00
1.050000000000000000e+02 1.799673107632547620e+00
1.060000000000000000e+02 1.799702260471036652e+00
1.070000000000000000e+02 1.799731409486804878e+00
1.080000000000000000e+02 1.799760554679852742e+00
1.090000000000000000e+02 1.799789696050179799e+00
1.100000000000000000e+02 1.799818833597786272e+00
1.110000000000000000e+02 1.799847967322672160e+00
1.120000000000000000e+02 1.799877097224837241e+00
1.130000000000000000e+02 1.799906223304281960e+00
1.140000000000000000e+02 1.799935345561005873e+00
1.150000000000000000e+02 1.799964463995008979e+00
1.160000000000000000e+02 1.799993578606291722e+00
1.170000000000000000e+02 1.800022689394853659e+00
1.180000000000000000e+02 1.800051796360695011e+00
1.190000000000000000e+02 1.800080899503815779e+00
1.200000000000000000e+02 1.800109998824215962e+00
1.210000000000000000e+02 1.800139094321895339e+00
1.220000000000000000e+02 1.800168185996854131e+00
1.230000000000000000e+02 1.800197273849092339e+00
1.240000000000000000e+02 1.800226357878609740e+00
1.250000000000000000e+02 1.800255438085406778e+00
1.260000000000000000e+02 1.800284514469483010e+00
1.270000000000000000e+02 1.800313587030838658e+00
1.280000000000000000e+02 1.800342655769473499e+00
1.290000000000000000e+02 1.800371720685387977e+00
1.300000000000000000e+02 1.800400781778581649e+00
1.310000000000000000e+02 1.800429839049054737e+00
1.320000000000000000e+02 1.800458892496807017e+00
1.330000000000000000e+02 1.800487942121838936e+00
1.340000000000000000e+02 1.800516987924150047e+00
1.350000000000000000e+02 1.800546029903740575e+00
1.360000000000000000e+02 1.800575068060610517e+00
1.370000000000000000e+02 1.800604102394759654e+00
1.380000000000000000e+02 1.800633132906188205e+00
1.390000000000000000e+02 1.800662159594896172e+00
1.400000000000000000e+02 1.800691182460883555e+00
1.410000000000000000e+02 1.800720201504150131e+00
1.420000000000000000e+02 1.800749216724696122e+00
1.430000000000000000e+02 1.800778228122521529e+00
1.440000000000000000e+02 1.800807235697626352e+00
1.450000000000000000e+02 1.800836239450010590e+00
1.460000000000000000e+02 1.800865239379674021e+00
1.470000000000000000e+02 1.800894235486616868e+00
1.480000000000000000e+02 1.800923227770839130e+00
1.490000000000000000e+02 1.800952216232340586e+00
1.500000000000000000e+02 1.800981200871121457e+00
1.510000000000000000e+02 1.801010181687181744e+00
1.520000000000000000e+02 1.801039158680521446e+00
1.530000000000000000e+02 1.801068131851140564e+00
1.540000000000000000e+02 1.801097101199038875e+00
1.550000000000000000e+02 1.801126066724216601e+00
1.560000000000000000e+02 1.801155028426673743e+00
1.570000000000000000e+02 1.801183986306410079e+00
1.580000000000000000e+02 1.801212940363426052e+00
1.590000000000000000e+02 1.801241890597721218e+00
1.600000000000000000e+02 1.801270837009295800e+00
1.610000000000000000e+02 1.801299779598149575e+00
1.620000000000000000e+02 1.801328718364282766e+00
1.630000000000000000e+02 1.801357653307695594e+00
1.640000000000000000e+02 1.801386584428387394e+00
1.650000000000000000e+02 1.801415511726358831e+00
1.660000000000000000e+02 1.801444435201609462e+00
1.670000000000000000e+02 1.801473354854139508e+00
1.680000000000000000e+02 1.801502270683948970e+00
1.690000000000000000e+02 1.801531182691037847e+00
1.700000000000000000e+02 1.801560090875405917e+00
1.710000000000000000e+02 1.801588995237053625e+00
1.720000000000000000e+02 1.801617895775980305e+00
1.730000000000000000e+02 1.801646792492186622e+00
1.740000000000000000e+02 1.801675685385672132e+00
1.750000000000000000e+02 1.801704574456437280e+00
1.760000000000000000e+02 1.801733459704481621e+00
1.770000000000000000e+02 1.801762341129805156e+00
1.780000000000000000e+02 1.801791218732408328e+00
1.790000000000000000e+02 1.801820092512290694e+00
1.800000000000000000e+02 1.801848962469452475e+00
1.810000000000000000e+02 1.801877828603893672e+00
1.820000000000000000e+02 1.801906690915614062e+00
1.830000000000000000e+02 1.801935549404613868e+00
1.840000000000000000e+02 1.801964404070893089e+00
1.850000000000000000e+02 1.801993254914451725e+00
1.860000000000000000e+02 1.802022101935289555e+00
1.870000000000000000e+02 1.802050945133407023e+00
1.880000000000000000e+02 1.802079784508803684e+00
1.890000000000000000e+02 1.802108620061479538e+00
1.900000000000000000e+02 1.802137451791435030e+00
1.910000000000000000e+02 1.802166279698669715e+00
1.920000000000000000e+02 1.802195103783183816e+00
1.930000000000000000e+02 1.802223924044977332e+00
1.940000000000000000e+02 1.802252740484050264e+00
1.950000000000000000e+02 1.802281553100402389e+00
1.960000000000000000e+02 1.802310361894033930e+00
1.970000000000000000e+02 1.802339166864944886e+00
1.980000000000000000e+02 1.802367968013135036e+00
1.990000000000000000e+02 1.802396765338604823e+00
2.000000000000000000e+02 1.802425558841353803e+00
2.010000000000000000e+02 1.802454348521382199e+00
2.020000000000000000e+02 1.802483134378689789e+00
2.030000000000000000e+02 1.802511916413277016e+00
2.040000000000000000e+02 1.802540694625143436e+00
2.050000000000000000e+02 1.802569469014289050e+00
2.060000000000000000e+02 1.802598239580714301e+00
2.070000000000000000e+02 1.802627006324418746e+00
2.080000000000000000e+02 1.802655769245402828e+00
2.090000000000000000e+02 1.802684528343666104e+00
2.100000000000000000e+02 1.802713283619208573e+00
2.110000000000000000e+02 1.802742035072030680e+00
2.120000000000000000e+02 1.802770782702131980e+00
2.130000000000000000e+02 1.802799526509512695e+00
2.140000000000000000e+02 1.802828266494172604e+00
2.150000000000000000e+02 1.802857002656112151e+00
2.160000000000000000e+02 1.802885734995330891e+00
2.170000000000000000e+02 1.802914463511829046e+00
2.180000000000000000e+02 1.802943188205606617e+00
2.190000000000000000e+02 1.802971909076663382e+00
2.200000000000000000e+02 1.803000626124999561e+00
2.210000000000000000e+02 1.803029339350615157e+00
2.220000000000000000e+02 1.803058048753510167e+00
2.230000000000000000e+02 1.803086754333684372e+00
2.240000000000000000e+02 1.803115456091138213e+00
2.250000000000000000e+02 1.803144154025871249e+00
2.260000000000000000e+02 1.803172848137883477e+00
2.270000000000000000e+02 1.803201538427175343e+00
2.280000000000000000e+02 1.803230224893746403e+00
2.290000000000000000e+02 1.803258907537596878e+00
2.300000000000000000e+02 1.803287586358726768e+00
2.310000000000000000e+02 1.803316261357135852e+00
2.320000000000000000e+02 1.803344932532824574e+00
2.330000000000000000e+02 1.803373599885792489e+00
2.340000000000000000e+02 1.803402263416039819e+00
2.350000000000000000e+02 1.803430923123566343e+00
2.360000000000000000e+02 1.803459579008372282e+00
2.370000000000000000e+02 1.803488231070457859e+00
2.380000000000000000e+02 1.803516879309822407e+00
2.390000000000000000e+02 1.803545523726466593e+00
2.400000000000000000e+02 1.803574164320389972e+00
2.410000000000000000e+02 1.803602801091592767e+00
2.420000000000000000e+02 1.803631434040074977e+00
2.430000000000000000e+02 1.803660063165836602e+00
2.440000000000000000e+02 1.803688688468877421e+00
2.450000000000000000e+02 1.803717309949197656e+00
2.460000000000000000e+02 1.803745927606797306e+00
2.470000000000000000e+02 1.803774541441676371e+00
2.480000000000000000e+02 1.803803151453834630e+00
2.490000000000000000e+02 1.803831757643272304e+00
2.500000000000000000e+02 1.803860360009989394e+00
2.510000000000000000e+02 1.803888958553985900e+00
2.520000000000000000e+02 1.803917553275261598e+00
2.530000000000000000e+02 1.803946144173816934e+00
2.540000000000000000e+02 1.803974731249651242e+00
2.550000000000000000e+02 1.804003314502765187e+00
2.560000000000000000e+02 1.804031893933158548e+00
2.570000000000000000e+02 1.804060469540831102e+00
2.580000000000000000e+02 1.804089041325783072e+00
2.590000000000000000e+02 1.804117609288014235e+00
2.600000000000000000e+02 1.804146173427525035e+00
2.610000000000000000e+02 1.804174733744315029e+00
2.620000000000000000e+02 1.804203290238384438e+00
2.630000000000000000e+02 1.804231842909733263e+00
2.640000000000000000e+02 1.804260391758361282e+00
2.650000000000000000e+02 1.804288936784268937e+00
2.660000000000000000e+02 1.804317477987455787e+00
2.670000000000000000e+02 1.804346015367921829e+00
2.680000000000000000e+02 1.804374548925667510e+00
2.690000000000000000e+02 1.804403078660692383e+00
2.700000000000000000e+02 1.804431604572996672e+00
2.710000000000000000e+02 1.804460126662580377e+00
2.720000000000000000e+02 1.804488644929443497e+00
2.730000000000000000e+02 1.804517159373585811e+00
2.740000000000000000e+02 1.804545669995007540e+00
2.750000000000000000e+02 1.804574176793708684e+00
2.760000000000000000e+02 1.804602679769689022e+00
2.770000000000000000e+02 1.804631178922948997e+00
2.780000000000000000e+02 1.804659674253488166e+00
2.790000000000000000e+02 1.804688165761306751e+00
2.800000000000000000e+02 1.804716653446404528e+00
2.810000000000000000e+02 1.804745137308781722e+00
2.820000000000000000e+02 1.804773617348438552e+00
2.830000000000000000e+02 1.804802093565374355e+00
2.840000000000000000e+02 1.804830565959589794e+00
2.850000000000000000e+02 1.804859034531084427e+00
2.860000000000000000e+02 1.804887499279858698e+00
2.870000000000000000e+02 1.804915960205911940e+00
2.880000000000000000e+02 1.804944417309244820e+00
2.890000000000000000e+02 1.804972870589857115e+00
2.900000000000000000e+02 1.805001320047748603e+00
2.910000000000000000e+02 1.805029765682919507e+00
2.920000000000000000e+02 1.805058207495369604e+00
2.930000000000000000e+02 1.805086645485099339e+00
2.940000000000000000e+02 1.805115079652108268e+00
2.950000000000000000e+02 1.805143509996396611e+00
2.960000000000000000e+02 1.805171936517964371e+00
2.970000000000000000e+02 1.805200359216811323e+00
2.980000000000000000e+02 1.805228778092937691e+00
2.990000000000000000e+02 1.805257193146343475e+00
3.000000000000000000e+02 1.805285604377028674e+00
3.010000000000000000e+02 1.805314011784993067e+00
3.020000000000000000e+02 1.805342415370237097e+00
3.030000000000000000e+02 1.805370815132760320e+00
3.040000000000000000e+02 1.805399211072562737e+00
3.050000000000000000e+02 1.805427603189644792e+00
3.060000000000000000e+02 1.805455991484006040e+00
3.070000000000000000e+02 1.805484375955646703e+00
3.080000000000000000e+02 1.805512756604566782e+00
3.090000000000000000e+02 1.805541133430766276e+00
3.100000000000000000e+02 1.805569506434244964e+00
3.110000000000000000e+02 1.805597875615003067e+00
3.120000000000000000e+02 1.805626240973040586e+00
3.130000000000000000e+02 1.805654602508357298e+00
3.140000000000000000e+02 1.805682960220953648e+00
3.150000000000000000e+02 1.805711314110829191e+00
3.160000000000000000e+02 1.805739664177983927e+00
3.170000000000000000e+02 1.805768010422418302e+00
3.180000000000000000e+02 1.805796352844131869e+00
3.190000000000000000e+02 1.805824691443124852e+00
3.200000000000000000e+02 1.805853026219397250e+00
3.210000000000000000e+02 1.805881357172949064e+00
3.220000000000000000e+02 1.805909684303780072e+00
3.230000000000000000e+02 1.805938007611890495e+00
3.240000000000000000e+02 1.805966327097280333e+00
3.250000000000000000e+02 1.805994642759949587e+00
3.260000000000000000e+02 1.806022954599898034e+00
3.270000000000000000e+02 1.806051262617125897e+00
3.280000000000000000e+02 1.806079566811633175e+00
3.290000000000000000e+02 1.806107867183419868e+00
3.300000000000000000e+02 1.806136163732485755e+00
3.310000000000000000e+02 1.806164456458831280e+00
3.320000000000000000e+02 1.806192745362455998e+00
3.330000000000000000e+02 1.806221030443359910e+00
3.340000000000000000e+02 1.806249311701543458e+00
3.350000000000000000e+02 1.806277589137006201e+00
3.360000000000000000e+02 1.806305862749748359e+00
3.370000000000000000e+02 1.806334132539769932e+00
3.380000000000000000e+02 1.806362398507070699e+00
3.390000000000000000e+02 1.806390660651650881e+00
3.400000000000000000e+02 1.806418918973510479e+00
3.410000000000000000e+02 1.806447173472649492e+00
3.420000000000000000e+02 1.806475424149067921e+00
3.430000000000000000e+02 1.806503671002765543e+00
3.440000000000000000e+02 1.806531914033742581e+00
3.450000000000000000e+02 1.806560153241999034e+00
3.460000000000000000e+02 1.806588388627534680e+00
3.470000000000000000e+02 1.806616620190349742e+00
3.480000000000000000e+02 1.806644847930444220e+00
3.490000000000000000e+02 1.806673071847818113e+00
3.500000000000000000e+02 1.806701291942471421e+00
3.510000000000000000e+02 1.806729508214403923e+00
3.520000000000000000e+02 1.806757720663615840e+00
3.530000000000000000e+02 1.806785929290107173e+00
3.540000000000000000e+02 1.806814134093877700e+00
3.550000000000000000e+02 1.806842335074927863e+00
3.560000000000000000e+02 1.806870532233257221e+00
3.570000000000000000e+02 1.806898725568865993e+00
3.580000000000000000e+02 1.806926915081753959e+00
3.590000000000000000e+02 1.806955100771921563e+00
3.600000000000000000e+02 1.806983282639368360e+00
3.610000000000000000e+02 1.807011460684094573e+00
3.620000000000000000e+02 1.807039634906099979e+00
3.630000000000000000e+02 1.807067805305385022e+00
3.640000000000000000e+02 1.807095971881949259e+00
3.650000000000000000e+02 1.807124134635792911e+00
3.660000000000000000e+02 1.807152293566915757e+00
3.670000000000000000e+02 1.807180448675318241e+00
3.680000000000000000e+02 1.807208599960999917e+00
3.690000000000000000e+02 1.807236747423961010e+00
3.700000000000000000e+02 1.807264891064201517e+00
3.710000000000000000e+02 1.807293030881721219e+00
3.720000000000000000e+02 1.807321166876520335e+00
3.730000000000000000e+02 1.807349299048598867e+00
3.740000000000000000e+02 1.807377427397956815e+00
3.750000000000000000e+02 1.807405551924593956e+00
3.760000000000000000e+02 1.807433672628510735e+00
3.770000000000000000e+02 1.807461789509706485e+00
3.780000000000000000e+02 1.807489902568181872e+00
3.790000000000000000e+02 1.807518011803936675e+00
3.800000000000000000e+02 1.807546117216970671e+00
3.810000000000000000e+02 1.807574218807284083e+00
3.820000000000000000e+02 1.807602316574876911e+00
3.830000000000000000e+02 1.807630410519748931e+00
3.840000000000000000e+02 1.807658500641900368e+00
3.850000000000000000e+02 1.807686586941331441e+00
3.860000000000000000e+02 1.807714669418041487e+00
3.870000000000000000e+02 1.807742748072031169e+00
3.880000000000000000e+02 1.807770822903300045e+00
3.890000000000000000e+02 1.807798893911848337e+00
3.900000000000000000e+02 1.807826961097676044e+00
3.910000000000000000e+02 1.807855024460783167e+00
3.920000000000000000e+02 1.807883084001169482e+00
3.930000000000000000e+02 1.807911139718835214e+00
3.940000000000000000e+02 1.807939191613780361e+00
3.950000000000000000e+02 1.807967239686004701e+00
3.960000000000000000e+02 1.807995283935508679e+00
3.970000000000000000e+02 1.808023324362291850e+00
3.980000000000000000e+02 1.808051360966354437e+00
3.990000000000000000e+02 1.808079393747696217e+00
4.000000000000000000e+02 1.808107422706317635e+00
4.010000000000000000e+02 1.808135447842218246e+00
4.020000000000000000e+02 1.808163469155398273e+00
4.030000000000000000e+02 1.808191486645857493e+00
4.040000000000000000e+02 1.808219500313596351e+00
4.050000000000000000e+02 1.808247510158614402e+00
4.060000000000000000e+02 1.808275516180911868e+00
4.070000000000000000e+02 1.808303518380488528e+00
4.080000000000000000e+02 1.808331516757344826e+00
4.090000000000000000e+02 1.808359511311480317e+00
4.100000000000000000e+02 1.808387502042895223e+00
4.110000000000000000e+02 1.808415488951589545e+00
4.120000000000000000e+02 1.808443472037563060e+00
4.130000000000000000e+02 1.808471451300815991e+00
4.140000000000000000e+02 1.808499426741348337e+00
4.150000000000000000e+02 1.808527398359160099e+00
4.160000000000000000e+02 1.808555366154251054e+00
4.170000000000000000e+02 1.808583330126621647e+00
4.180000000000000000e+02 1.808611290276271433e+00
4.190000000000000000e+02 1.808639246603200412e+00
4.200000000000000000e+02 1.808667199107409029e+00
4.210000000000000000e+02 1.808695147788896840e+00
4.220000000000000000e+02 1.808723092647664066e+00
4.230000000000000000e+02 1.808751033683710707e+00
4.240000000000000000e+02 1.808778970897036764e+00
4.250000000000000000e+02 1.808806904287642014e+00
4.260000000000000000e+02 1.808834833855526680e+00
4.270000000000000000e+02 1.808862759600690762e+00
4.280000000000000000e+02 1.808890681523134036e+00
4.290000000000000000e+02 1.808918599622856727e+00
4.300000000000000000e+02 1.808946513899859054e+00
4.310000000000000000e+02 1.808974424354140353e+00
4.320000000000000000e+02 1.809002330985701290e+00
4.330000000000000000e+02 1.809030233794541420e+00
4.340000000000000000e+02 1.809058132780660966e+00
4.350000000000000000e+02 1.809086027944059927e+00
4.360000000000000000e+02 1.809113919284738303e+00
4.370000000000000000e+02 1.809141806802695873e+00
4.380000000000000000e+02 1.809169690497932859e+00
4.390000000000000000e+02 1.809197570370449260e+00
4.400000000000000000e+02 1.809225446420245076e+00
4.410000000000000000e+02 1.809253318647320086e+00
4.420000000000000000e+02 1.809281187051674511e+00
4.430000000000000000e+02 1.809309051633308352e+00
4.440000000000000000e+02 1.809336912392221608e+00
4.450000000000000000e+02 1.809364769328414058e+00
4.460000000000000000e+02 1.809392622441885923e+00
4.470000000000000000e+02 1.809420471732637203e+00
4.480000000000000000e+02 1.809448317200667899e+00
4.490000000000000000e+02 1.809476158845978011e+00
4.500000000000000000e+02 1.809503996668567316e+00
4.510000000000000000e+02 1.809531830668436037e+00
4.520000000000000000e+02 1.809559660845583950e+00
4.530000000000000000e+02 1.809587487200011502e+00
4.540000000000000000e+02 1.809615309731718247e+00
4.550000000000000000e+02 1.809643128440704407e+00
4.560000000000000000e+02 1.809670943326969983e+00
4.570000000000000000e+02 1.809698754390514752e+00
4.580000000000000000e+02 1.809726561631338937e+00
4.590000000000000000e+02 1.809754365049442537e+00
4.600000000000000000e+02 1.809782164644825553e+00
4.610000000000000000e+02 1.809809960417487984e+00
4.620000000000000000e+02 1.809837752367429609e+00
4.630000000000000000e+02 1.809865540494650649e+00
4.640000000000000000e+02 1.809893324799151104e+00
4.650000000000000000e+02 1.809921105280930753e+00
4.660000000000000000e+02 1.809948881939990040e+00
4.670000000000000000e+02 1.809976654776328520e+00
4.680000000000000000e+02 1.810004423789946415e+00
4.690000000000000000e+02 1.810032188980843504e+00
4.700000000000000000e+02 1.810059950349020008e+00
4.710000000000000000e+02 1.810087707894476150e+00
4.720000000000000000e+02 1.810115461617211263e+00
4.730000000000000000e+02 1.810143211517226014e+00
4.740000000000000000e+02 1.810170957594519958e+00
4.750000000000000000e+02 1.810198699849093318e+00
4.760000000000000000e+02 1.810226438280946093e+00
4.770000000000000000e+02 1.810254172890078284e+00
4.780000000000000000e+02 1.810281903676489668e+00
4.790000000000000000e+02 1.810309630640180467e+00
4.800000000000000000e+02 1.810337353781150682e+00
4.810000000000000000e+02 1.810365073099400313e+00
4.820000000000000000e+02 1.810392788594929137e+00
4.830000000000000000e+02 1.810420500267737376e+00
4.840000000000000000e+02 1.810448208117825031e+00
4.850000000000000000e+02 1.810475912145192101e+00
4.860000000000000000e+02 1.810503612349838587e+00
4.870000000000000000e+02 1.810531308731764266e+00
4.880000000000000000e+02 1.810559001290969361e+00
4.890000000000000000e+02 1.810586690027453649e+00
4.900000000000000000e+02 1.810614374941217575e+00
4.910000000000000000e+02 1.810642056032260694e+00
4.920000000000000000e+02 1.810669733300583228e+00
4.930000000000000000e+02 1.810697406746185179e+00
4.940000000000000000e+02 1.810725076369066322e+00
4.950000000000000000e+02 1.810752742169226881e+00
4.960000000000000000e+02 1.810780404146666855e+00
4.970000000000000000e+02 1.810808062301386245e+00
4.980000000000000000e+02 1.810835716633385051e+00
4.990000000000000000e+02 1.810863367142663050e+00
5.000000000000000000e+02 1.810891013829220464e+00
5.010000000000000000e+02 1.810918656693057294e+00
5.020000000000000000e+02 1.810946295734173317e+00
5.030000000000000000e+02 1.810973930952568756e+00
5.040000000000000000e+02 1.811001562348243832e+00
5.050000000000000000e+02 1.811029189921197879e+00
5.060000000000000000e+02 1.811056813671431565e+00
5.070000000000000000e+02 1.811084433598944443e+00
5.080000000000000000e+02 1.811112049703736737e+00
5.090000000000000000e+02 1.811139661985808447e+00
5.100000000000000000e+02 1.811167270445159572e+00
5.110000000000000000e+02 1.811194875081789890e+00
5.120000000000000000e+02 1.811222475895699624e+00
5.130000000000000000e+02 1.811250072886888773e+00
5.140000000000000000e+02 1.811277666055357338e+00
5.150000000000000000e+02 1.811305255401105097e+00
5.160000000000000000e+02 1.811332840924132270e+00
5.170000000000000000e+02 1.811360422624438860e+00
5.180000000000000000e+02 1.811388000502024864e+00
5.190000000000000000e+02 1.811415574556890062e+00
5.200000000000000000e+02 1.811443144789034676e+00
5.210000000000000000e+02 1.811470711198458705e+00
5.220000000000000000e+02 1.811498273785162150e+00
5.230000000000000000e+02 1.811525832549144788e+00
5.240000000000000000e+02 1.811553387490406841e+00
5.250000000000000000e+02 1.811580938608948310e+00
5.260000000000000000e+02 1.811608485904769195e+00
5.270000000000000000e+02 1.811636029377869272e+00
5.280000000000000000e+02 1.811663569028248766e+00
5.290000000000000000e+02 1.811691104855907675e+00
5.300000000000000000e+02 1.811718636860845999e+00
5.310000000000000000e+02 1.811746165043063739e+00
5.320000000000000000e+02 1.811773689402560672e+00
5.330000000000000000e+02 1.811801209939337021e+00
5.340000000000000000e+02 1.811828726653392785e+00
5.350000000000000000e+02 1.811856239544727742e+00
5.360000000000000000e+02 1.811883748613342116e+00
5.370000000000000000e+02 1.811911253859235904e+00
5.380000000000000000e+02 1.811938755282409108e+00
5.390000000000000000e+02 1.811966252882861728e+00
5.400000000000000000e+02 1.811993746660593541e+00
5.410000000000000000e+02 1.812021236615604769e+00
5.420000000000000000e+02 1.812048722747895413e+00
5.430000000000000000e+02 1.812076205057465250e+00
5.440000000000000000e+02 1.812103683544314725e+00
5.450000000000000000e+02 1.812131158208443393e+00
5.460000000000000000e+02 1.812158629049851255e+00
5.470000000000000000e+02 1.812186096068538754e+00
5.480000000000000000e+02 1.812213559264505447e+00
5.490000000000000000e+02 1.812241018637751555e+00
5.500000000000000000e+02 1.812268474188277079e+00
5.510000000000000000e+02 1.812295925916082018e+00
5.520000000000000000e+02 1.812323373821166150e+00
5.530000000000000000e+02 1.812350817903529698e+00
5.540000000000000000e+02 1.812378258163172662e+00
5.550000000000000000e+02 1.812405694600095041e+00
5.560000000000000000e+02 1.812433127214296613e+00
5.570000000000000000e+02 1.812460556005777601e+00
5.580000000000000000e+02 1.812487980974538004e+00
5.590000000000000000e+02 1.812515402120577823e+00
5.600000000000000000e+02 1.812542819443896835e+00
5.610000000000000000e+02 1.812570232944495263e+00
5.620000000000000000e+02 1.812597642622373106e+00
5.630000000000000000e+02 1.812625048477530365e+00
5.640000000000000000e+02 1.812652450509966817e+00
5.650000000000000000e+02 1.812679848719682907e+00
5.660000000000000000e+02 1.812707243106678190e+00
5.670000000000000000e+02 1.812734633670952666e+00
5.680000000000000000e+02 1.812762020412506780e+00
5.690000000000000000e+02 1.812789403331340088e+00
5.700000000000000000e+02 1.812816782427452811e+00
5.710000000000000000e+02 1.812844157700844949e+00
5.720000000000000000e+02 1.812871529151516281e+00
5.730000000000000000e+02 1.812898896779467028e+00
5.740000000000000000e+02 1.812926260584697191e+00
5.750000000000000000e+02 1.812953620567206769e+00
5.760000000000000000e+02 1.812980976726995763e+00
5.770000000000000000e+02 1.813008329064063950e+00
5.780000000000000000e+02 1.813035677578411553e+00
5.790000000000000000e+02 1.813063022270038571e+00
5.800000000000000000e+02 1.813090363138944783e+00
5.810000000000000000e+02 1.813117700185130410e+00
5.820000000000000000e+02 1.813145033408595674e+00
5.830000000000000000e+02 1.813172362809339910e+00
5.840000000000000000e+02 1.813199688387363784e+00
5.850000000000000000e+02 1.813227010142666851e+00
5.860000000000000000e+02 1.813254328075249333e+00
5.870000000000000000e+02 1.813281642185111231e+00
5.880000000000000000e+02 1.813308952472252544e+00
5.890000000000000000e+02 1.813336258936673051e+00
5.900000000000000000e+02 1.813363561578372973e+00
5.910000000000000000e+02 1.813390860397352311e+00
5.920000000000000000e+02 1.813418155393611064e+00
5.930000000000000000e+02 1.813445446567149011e+00
5.940000000000000000e+02 1.813472733917966373e+00
5.950000000000000000e+02 1.813500017446063151e+00
5.960000000000000000e+02 1.813527297151439344e+00
5.970000000000000000e+02 1.813554573034094730e+00
5.980000000000000000e+02 1.813581845094029532e+00
5.990000000000000000e+02 1.813609113331243750e+00
6.000000000000000000e+02 1.813636377745737382e+00
6.010000000000000000e+02 1.813663638337510209e+00
6.020000000000000000e+02 1.813690895106562451e+00
6.030000000000000000e+02 1.813718148052894108e+00
6.040000000000000000e+02 1.813745397176505181e+00
6.050000000000000000e+02 1.813772642477395447e+00
6.060000000000000000e+02 1.813799883955565351e+00
6.070000000000000000e+02 1.813827121611014448e+00
6.080000000000000000e+02 1.813854355443742739e+00
6.090000000000000000e+02 1.813881585453750667e+00
6.100000000000000000e+02 1.813908811641037788e+00
6.110000000000000000e+02 1.813936034005604325e+00
6.120000000000000000e+02 1.813963252547450278e+00
6.130000000000000000e+02 1.813990467266575424e+00
6.140000000000000000e+02 1.814017678162979985e+00
6.150000000000000000e+02 1.814044885236663962e+00
6.160000000000000000e+02 1.814072088487627354e+00
6.170000000000000000e+02 1.814099287915870162e+00
6.180000000000000000e+02 1.814126483521392164e+00
6.190000000000000000e+02 1.814153675304193580e+00
6.200000000000000000e+02 1.814180863264274413e+00
6.210000000000000000e+02 1.814208047401634438e+00
6.220000000000000000e+02 1.814235227716274101e+00
6.230000000000000000e+02 1.814262404208192958e+00
6.240000000000000000e+02 1.814289576877391230e+00
6.250000000000000000e+02 1.814316745723868696e+00
6.260000000000000000e+02 1.814343910747625577e+00
6.270000000000000000e+02 1.814371071948662095e+00
6.280000000000000000e+02 1.814398229326977585e+00
6.290000000000000000e+02 1.814425382882572713e+00
6.300000000000000000e+02 1.814452532615447033e+00
6.310000000000000000e+02 1.814479678525600770e+00
6.320000000000000000e+02 1.814506820613033922e+00
6.330000000000000000e+02 1.814533958877746489e+00
6.340000000000000000e+02 1.814561093319738250e+00
6.350000000000000000e+02 1.814588223939009426e+00
6.360000000000000000e+02 1.814615350735560018e+00
6.370000000000000000e+02 1.814642473709390025e+00
6.380000000000000000e+02 1.814669592860499225e+00
6.390000000000000000e+02 1.814696708188888064e+00
6.400000000000000000e+02 1.814723819694556095e+00
6.410000000000000000e+02 1.814750927377503320e+00
6.420000000000000000e+02 1.814778031237730183e+00
6.430000000000000000e+02 1.814805131275236239e+00
6.440000000000000000e+02 1.814832227490021710e+00
6.450000000000000000e+02 1.814859319882086375e+00
6.460000000000000000e+02 1.814886408451430677e+00
6.470000000000000000e+02 1.814913493198054173e+00
6.480000000000000000e+02 1.814940574121957084e+00
6.490000000000000000e+02 1.814967651223139411e+00
6.500000000000000000e+02 1.814994724501600931e+00
6.510000000000000000e+02 1.815021793957342089e+00
6.520000000000000000e+02 1.815048859590362440e+00
6.530000000000000000e+02 1.815075921400661985e+00
6.540000000000000000e+02 1.815102979388241167e+00
6.550000000000000000e+02 1.815130033553099542e+00
6.560000000000000000e+02 1.815157083895237333e+00
6.570000000000000000e+02 1.815184130414654540e+00
6.580000000000000000e+02 1.815211173111350940e+00
6.590000000000000000e+02 1.815238211985326977e+00
6.600000000000000000e+02 1.815265247036582208e+00
6.610000000000000000e+02 1.815292278265116854e+00
6.620000000000000000e+02 1.815319305670930694e+00
6.630000000000000000e+02 1.815346329254023949e+00
6.640000000000000000e+02 1.815373349014396842e+00
6.650000000000000000e+02 1.815400364952048706e+00
6.660000000000000000e+02 1.815427377066980208e+00
6.670000000000000000e+02 1.815454385359190903e+00
6.680000000000000000e+02 1.815481389828681014e+00
6.690000000000000000e+02 1.815508390475450540e+00
6.700000000000000000e+02 1.815535387299499481e+00
6.710000000000000000e+02 1.815562380300827616e+00
6.720000000000000000e+02 1.815589369479435167e+00
6.730000000000000000e+02 1.815616354835322133e+00
6.740000000000000000e+02 1.815643336368488514e+00
6.750000000000000000e+02 1.815670314078934089e+00
6.760000000000000000e+02 1.815697287966659079e+00
6.770000000000000000e+02 1.815724258031663485e+00
6.780000000000000000e+02 1.815751224273947306e+00
6.790000000000000000e+02 1.815778186693510321e+00
6.800000000000000000e+02 1.815805145290352973e+00
6.810000000000000000e+02 1.815832100064474819e+00
6.820000000000000000e+02 1.815859051015875858e+00
6.830000000000000000e+02 1.815885998144556535e+00
6.840000000000000000e+02 1.815912941450516405e+00
6.850000000000000000e+02 1.815939880933755690e+00
6.860000000000000000e+02 1.815966816594274391e+00
6.870000000000000000e+02 1.815993748432072286e+00
6.880000000000000000e+02 1.816020676447149595e+00
6.890000000000000000e+02 1.816047600639506321e+00
6.900000000000000000e+02 1.816074521009142462e+00
6.910000000000000000e+02 1.816101437556057796e+00
6.920000000000000000e+02 1.816128350280252768e+00
6.930000000000000000e+02 1.816155259181726933e+00
6.940000000000000000e+02 1.816182164260480514e+00
6.950000000000000000e+02 1.816209065516513288e+00
6.960000000000000000e+02 1.816235962949825478e+00
6.970000000000000000e+02 1.816262856560417083e+00
6.980000000000000000e+02 1.816289746348288103e+00
6.990000000000000000e+02 1.816316632313438539e+00
7.000000000000000000e+02 1.816343514455868169e+00
7.010000000000000000e+02 1.816370392775577214e+00
7.020000000000000000e+02 1.816397267272565674e+00
7.030000000000000000e+02 1.816424137946833550e+00
7.040000000000000000e+02 1.816451004798380620e+00
7.050000000000000000e+02 1.816477867827207104e+00
7.060000000000000000e+02 1.816504727033313005e+00
7.070000000000000000e+02 1.816531582416698098e+00
7.080000000000000000e+02 1.816558433977362830e+00
7.090000000000000000e+02 1.816585281715306754e+00
7.100000000000000000e+02 1.816612125630530095e+00
7.110000000000000000e+02 1.816638965723032628e+00
7.120000000000000000e+02 1.816665801992814799e+00
7.130000000000000000e+02 1.816692634439876164e+00
7.140000000000000000e+02 1.816719463064216944e+00
7.150000000000000000e+02 1.816746287865836917e+00
7.160000000000000000e+02 1.816773108844736528e+00
7.170000000000000000e+02 1.816799926000915333e+00
7.180000000000000000e+02 1.816826739334373553e+00
7.190000000000000000e+02 1.816853548845111188e+00
7.200000000000000000e+02 1.816880354533128017e+00
7.210000000000000000e+02 1.816907156398424261e+00
7.220000000000000000e+02 1.816933954440999921e+00
7.230000000000000000e+02 1.816960748660854996e+00
7.240000000000000000e+02 1.816987539057989265e+00
7.250000000000000000e+02 1.817014325632403171e+00
7.260000000000000000e+02 1.817041108384096271e+00
7.270000000000000000e+02 1.817067887313068564e+00
7.280000000000000000e+02 1.817094662419320494e+00
7.290000000000000000e+02 1.817121433702851618e+00
7.300000000000000000e+02 1.817148201163662158e+00
7.310000000000000000e+02 1.817174964801752113e+00
7.320000000000000000e+02 1.817201724617121261e+00
7.330000000000000000e+02 1.817228480609770047e+00
7.340000000000000000e+02 1.817255232779698026e+00
7.350000000000000000e+02 1.817281981126905199e+00
7.360000000000000000e+02 1.817308725651392010e+00
7.370000000000000000e+02 1.817335466353158013e+00
7.380000000000000000e+02 1.817362203232203433e+00
7.390000000000000000e+02 1.817388936288528267e+00
7.400000000000000000e+02 1.817415665522132517e+00
7.410000000000000000e+02 1.817442390933015961e+00
7.420000000000000000e+02 1.817469112521178820e+00
7.430000000000000000e+02 1.817495830286621095e+00
7.440000000000000000e+02 1.817522544229342563e+00
7.450000000000000000e+02 1.817549254349343668e+00
7.460000000000000000e+02 1.817575960646623967e+00
7.470000000000000000e+02 1.817602663121183681e+00
7.480000000000000000e+02 1.817629361773022589e+00
7.490000000000000000e+02 1.817656056602141135e+00
7.500000000000000000e+02 1.817682747608538874e+00
7.510000000000000000e+02 1.817709434792216028e+00
7.520000000000000000e+02 1.817736118153172376e+00
7.530000000000000000e+02 1.817762797691408361e+00
7.540000000000000000e+02 1.817789473406923539e+00
7.550000000000000000e+02 1.817816145299718134e+00
7.560000000000000000e+02 1.817842813369792143e+00
7.570000000000000000e+02 1.817869477617145346e+00
7.580000000000000000e+02 1.817896138041777965e+00
7.590000000000000000e+02 1.817922794643689999e+00
7.600000000000000000e+02 1.817949447422881448e+00
7.610000000000000000e+02 1.817976096379352091e+00
7.620000000000000000e+02 1.818002741513102150e+00
7.630000000000000000e+02 1.818029382824131623e+00
7.640000000000000000e+02 1.818056020312440513e+00
7.650000000000000000e+02 1.818082653978028818e+00
7.660000000000000000e+02 1.818109283820896316e+00
7.670000000000000000e+02 1.818135909841043230e+00
7.680000000000000000e+02 1.818162532038469559e+00
7.690000000000000000e+02 1.818189150413175081e+00
7.700000000000000000e+02 1.818215764965160020e+00
7.710000000000000000e+02 1.818242375694424373e+00
7.720000000000000000e+02 1.818268982600968142e+00
7.730000000000000000e+02 1.818295585684791327e+00
7.740000000000000000e+02 1.818322184945893705e+00
7.750000000000000000e+02 1.818348780384275498e+00
7.760000000000000000e+02 1.818375371999936707e+00
7.770000000000000000e+02 1.818401959792877109e+00
7.780000000000000000e+02 1.818428543763097149e+00
7.790000000000000000e+02 1.818455123910596383e+00
7.800000000000000000e+02 1.818481700235375031e+00
7.810000000000000000e+02 1.818508272737432874e+00
7.820000000000000000e+02 1.818534841416770131e+00
7.830000000000000000e+02 1.818561406273387027e+00
7.840000000000000000e+02 1.818587967307282893e+00
7.850000000000000000e+02 1.818614524518458397e+00
7.860000000000000000e+02 1.818641077906913095e+00
7.870000000000000000e+02 1.818667627472647430e+00
7.880000000000000000e+02 1.818694173215660737e+00
7.890000000000000000e+02 1.818720715135953681e+00
7.900000000000000000e+02 1.818747253233525818e+00
7.910000000000000000e+02 1.818773787508377593e+00
7.920000000000000000e+02 1.818800317960508339e+00
7.930000000000000000e+02 1.818826844589918723e+00
7.940000000000000000e+02 1.818853367396608522e+00
7.950000000000000000e+02 1.818879886380577515e+00
7.960000000000000000e+02 1.818906401541825923e+00
7.970000000000000000e+02 1.818932912880353525e+00
7.980000000000000000e+02 1.818959420396160764e+00
7.990000000000000000e+02 1.818985924089247197e+00
8.000000000000000000e+02 1.819012423959613045e+00
8.010000000000000000e+02 1.819038920007258309e+00
8.020000000000000000e+02 1.819065412232182766e+00
8.030000000000000000e+02 1.819091900634386638e+00
8.040000000000000000e+02 1.819118385213869926e+00
8.050000000000000000e+02 1.819144865970632630e+00
8.060000000000000000e+02 1.819171342904674749e+00
8.070000000000000000e+02 1.819197816015996061e+00
8.080000000000000000e+02 1.819224285304596789e+00
8.090000000000000000e+02 1.819250750770476932e+00
8.100000000000000000e+02 1.819277212413636269e+00
8.110000000000000000e+02 1.819303670234075021e+00
8.120000000000000000e+02 1.819330124231793189e+00
8.130000000000000000e+02 1.819356574406790772e+00
8.140000000000000000e+02 1.819383020759067771e+00
8.150000000000000000e+02 1.819409463288623963e+00
8.160000000000000000e+02 1.819435901995459570e+00
8.170000000000000000e+02 1.819462336879574593e+00
8.180000000000000000e+02 1.819488767940968810e+00
8.190000000000000000e+02 1.819515195179642664e+00
8.200000000000000000e+02 1.819541618595595711e+00
8.210000000000000000e+02 1.819568038188828174e+00
8.220000000000000000e+02 1.819594453959339830e+00
8.230000000000000000e+02 1.819620865907131124e+00
8.240000000000000000e+02 1.819647274032201612e+00
8.250000000000000000e+02 1.819673678334551514e+00
8.260000000000000000e+02 1.819700078814180610e+00
8.270000000000000000e+02 1.819726475471089344e+00
8.280000000000000000e+02 1.819752868305277271e+00
8.290000000000000000e+02 1.819779257316744614e+00
8.300000000000000000e+02 1.819805642505491150e+00
8.310000000000000000e+02 1.819832023871517324e+00
8.320000000000000000e+02 1.819858401414822691e+00
8.330000000000000000e+02 1.819884775135407473e+00
8.340000000000000000e+02 1.819911145033271449e+00
8.350000000000000000e+02 1.819937511108415062e+00
8.360000000000000000e+02 1.819963873360837869e+00
8.370000000000000000e+02 1.819990231790540092e+00
8.380000000000000000e+02 1.820016586397521730e+00
8.390000000000000000e+02 1.820042937181782561e+00
8.400000000000000000e+02 1.820069284143322808e+00
8.410000000000000000e+02 1.820095627282142470e+00
8.420000000000000000e+02 1.820121966598241547e+00
8.430000000000000000e+02 1.820148302091619819e+00
8.440000000000000000e+02 1.820174633762277727e+00
8.450000000000000000e+02 1.820200961610214829e+00
8.460000000000000000e+02 1.820227285635431125e+00
8.470000000000000000e+02 1.820253605837927058e+00
8.480000000000000000e+02 1.820279922217702184e+00
8.490000000000000000e+02 1.820306234774756726e+00
8.500000000000000000e+02 1.820332543509090684e+00
8.510000000000000000e+02 1.820358848420704057e+00
8.520000000000000000e+02 1.820385149509596623e+00
8.530000000000000000e+02 1.820411446775768605e+00
8.540000000000000000e+02 1.820437740219220002e+00
8.550000000000000000e+02 1.820464029839950593e+00
8.560000000000000000e+02 1.820490315637960821e+00
8.570000000000000000e+02 1.820516597613250243e+00
8.580000000000000000e+02 1.820542875765818858e+00
8.590000000000000000e+02 1.820569150095667110e+00
8.600000000000000000e+02 1.820595420602794556e+00
8.610000000000000000e+02 1.820621687287201640e+00
8.620000000000000000e+02 1.820647950148887695e+00
8.630000000000000000e+02 1.820674209187853387e+00
8.640000000000000000e+02 1.820700464404098273e+00
8.650000000000000000e+02 1.820726715797622575e+00
8.660000000000000000e+02 1.820752963368426292e+00
8.670000000000000000e+02 1.820779207116509424e+00
8.680000000000000000e+02 1.820805447041871750e+00
8.690000000000000000e+02 1.820831683144513491e+00
8.700000000000000000e+02 1.820857915424434648e+00
8.710000000000000000e+02 1.820884143881635220e+00
8.720000000000000000e+02 1.820910368516114985e+00
8.730000000000000000e+02 1.820936589327874389e+00
8.740000000000000000e+02 1.820962806316912985e+00
8.750000000000000000e+02 1.820989019483230775e+00
8.760000000000000000e+02 1.821015228826828203e+00
8.770000000000000000e+02 1.821041434347704824e+00
8.780000000000000000e+02 1.821067636045860860e+00
8.790000000000000000e+02 1.821093833921296312e+00
8.800000000000000000e+02 1.821120027974010958e+00
8.810000000000000000e+02 1.821146218204005018e+00
8.820000000000000000e+02 1.821172404611278495e+00
8.830000000000000000e+02 1.821198587195831387e+00
8.840000000000000000e+02 1.821224765957663694e+00
8.850000000000000000e+02 1.821250940896775194e+00
8.860000000000000000e+02 1.821277112013166111e+00
8.870000000000000000e+02 1.821303279306836442e+00
8.880000000000000000e+02 1.821329442777785967e+00
8.890000000000000000e+02 1.821355602426014908e+00
8.900000000000000000e+02 1.821381758251523264e+00
8.910000000000000000e+02 1.821407910254311036e+00
8.920000000000000000e+02 1.821434058434378223e+00
8.930000000000000000e+02 1.821460202791724603e+00
8.940000000000000000e+02 1.821486343326350399e+00
8.950000000000000000e+02 1.821512480038255610e+00
8.960000000000000000e+02 1.821538612927440015e+00
8.970000000000000000e+02 1.821564741993904057e+00
8.980000000000000000e+02 1.821590867237647293e+00
8.990000000000000000e+02 1.821616988658669944e+00
9.000000000000000000e+02 1.821643106256971789e+00
9.010000000000000000e+02 1.821669220032553271e+00
9.020000000000000000e+02 1.821695329985413947e+00
9.030000000000000000e+02 1.821721436115554038e+00
9.040000000000000000e+02 1.821747538422973323e+00
9.050000000000000000e+02 1.821773636907672245e+00
9.060000000000000000e+02 1.821799731569650360e+00
9.070000000000000000e+02 1.821825822408907891e+00
9.080000000000000000e+02 1.821851909425444616e+00
9.090000000000000000e+02 1.821877992619260977e+00
9.100000000000000000e+02 1.821904071990356533e+00
9.110000000000000000e+02 1.821930147538731504e+00
9.120000000000000000e+02 1.821956219264385890e+00
9.130000000000000000e+02 1.821982287167319470e+00
9.140000000000000000e+02 1.822008351247532465e+00
9.150000000000000000e+02 1.822034411505024876e+00
9.160000000000000000e+02 1.822060467939796702e+00
9.170000000000000000e+02 1.822086520551847721e+00
9.180000000000000000e+02 1.822112569341178157e+00
9.190000000000000000e+02 1.822138614307788007e+00
9.200000000000000000e+02 1.822164655451677273e+00
9.210000000000000000e+02 1.822190692772845955e+00
9.220000000000000000e+02 1.822216726271293830e+00
9.230000000000000000e+02 1.822242755947021120e+00
9.240000000000000000e+02 1.822268781800027826e+00
9.250000000000000000e+02 1.822294803830313725e+00
9.260000000000000000e+02 1.822320822037879040e+00
9.270000000000000000e+02 1.822346836422723770e+00
9.280000000000000000e+02 1.822372846984847916e+00
9.290000000000000000e+02 1.822398853724251477e+00
9.300000000000000000e+02 1.822424856640934232e+00
9.310000000000000000e+02 1.822450855734896402e+00
9.320000000000000000e+02 1.822476851006137988e+00
9.330000000000000000e+02 1.822502842454658767e+00
9.340000000000000000e+02 1.822528830080459183e+00
9.350000000000000000e+02 1.822554813883538793e+00
9.360000000000000000e+02 1.822580793863897819e+00
9.370000000000000000e+02 1.822606770021536038e+00
9.380000000000000000e+02 1.822632742356453894e+00
9.390000000000000000e+02 1.822658710868650944e+00
9.400000000000000000e+02 1.822684675558127410e+00
9.410000000000000000e+02 1.822710636424883068e+00
9.420000000000000000e+02 1.822736593468918365e+00
9.430000000000000000e+02 1.822762546690232854e+00
9.440000000000000000e+02 1.822788496088826760e+00
9.450000000000000000e+02 1.822814441664699858e+00
9.460000000000000000e+02 1.822840383417852594e+00
9.470000000000000000e+02 1.822866321348284524e+00
9.480000000000000000e+02 1.822892255455995869e+00
9.490000000000000000e+02 1.822918185740986408e+00
9.500000000000000000e+02 1.822944112203256584e+00
9.510000000000000000e+02 1.822970034842805953e+00
9.520000000000000000e+02 1.822995953659634738e+00
9.530000000000000000e+02 1.823021868653742938e+00
9.540000000000000000e+02 1.823047779825130332e+00
9.550000000000000000e+02 1.823073687173797142e+00
9.560000000000000000e+02 1.823099590699743366e+00
9.570000000000000000e+02 1.823125490402969007e+00
9.580000000000000000e+02 1.823151386283473840e+00
9.590000000000000000e+02 1.823177278341258312e+00
9.600000000000000000e+02 1.823203166576321976e+00
9.610000000000000000e+02 1.823229050988664834e+00
9.620000000000000000e+02 1.823254931578287330e+00
9.630000000000000000e+02 1.823280808345189019e+00
9.640000000000000000e+02 1.823306681289370124e+00
9.650000000000000000e+02 1.823332550410830644e+00
9.660000000000000000e+02 1.823358415709570357e+00
9.670000000000000000e+02 1.823384277185589708e+00
9.680000000000000000e+02 1.823410134838888252e+00
9.690000000000000000e+02 1.823435988669465990e+00
9.700000000000000000e+02 1.823461838677323366e+00
9.710000000000000000e+02 1.823487684862459934e+00
9.720000000000000000e+02 1.823513527224875919e+00
9.730000000000000000e+02 1.823539365764571318e+00
9.740000000000000000e+02 1.823565200481546134e+00
