# order=12: data_wav [pixel], data_wavsolution [micron]
3.000000000000000000e+00 1.714852617751712049e+00
4.000000000000000000e+00 1.714881428118347317e+00
5.000000000000000000e+00 1.714910233137190154e+00
6.000000000000000000e+00 1.714939032808240116e+00
7.000000000000000000e+00 1.714967827131497646e+00
8.000000000000000000e+00 1.714996616106962302e+00
9.000000000000000000e+00 1.715025399734634526e+00
1.000000000000000000e+01 1.715054178014514097e+00
1.100000000000000000e+01 1.715082950946600793e+00
1.200000000000000000e+01 1.715111718530895057e+00
1.300000000000000000e+01 1.715140480767396447e+00
1.400000000000000000e+01 1.715169237656105405e+00
1.500000000000000000e+01 1.715197989197021711e+00
1.600000000000000000e+01 1.715226735390145363e+00
1.700000000000000000e+01 1.715255476235476140e+00
1.800000000000000000e+01 1.715284211733014486e+00
1.900000000000000000e+01 1.715312941882760178e+00
2.000000000000000000e+01 1.715341666684713218e+00
2.100000000000000000e+01 1.715370386138873604e+00
2.200000000000000000e+01 1.715399100245241337e+00
2.300000000000000000e+01 1.715427809003816417e+00
2.400000000000000000e+01 1.715456512414598844e+00
2.500000000000000000e+01 1.715485210477588618e+00
2.600000000000000000e+01 1.715513903192785738e+00
2.700000000000000000e+01 1.715542590560190206e+00
2.800000000000000000e+01 1.715571272579802020e+00
2.900000000000000000e+01 1.715599949251621181e+00
3.000000000000000000e+01 1.715628620575647689e+00
3.100000000000000000e+01 1.715657286551881766e+00
3.200000000000000000e+01 1.715685947180322968e+00
3.300000000000000000e+01 1.715714602460971516e+00
3.400000000000000000e+01 1.715743252393827412e+00
3.500000000000000000e+01 1.715771896978890876e+00
3.600000000000000000e+01 1.715800536216161465e+00
3.700000000000000000e+01 1.715829170105639623e+00
3.800000000000000000e+01 1.715857798647324906e+00
3.900000000000000000e+01 1.715886421841217535e+00
4.000000000000000000e+01 1.715915039687317734e+00
4.100000000000000000e+01 1.715943652185625057e+00
4.200000000000000000e+01 1.715972259336139949e+00
4.300000000000000000e+01 1.716000861138861966e+00
4.400000000000000000e+01 1.716029457593791552e+00
4.500000000000000000e+01 1.716058048700928484e+00
4.600000000000000000e+01 1.716086634460272542e+00
4.700000000000000000e+01 1.716115214871824168e+00
4.800000000000000000e+01 1.716143789935583142e+00
4.900000000000000000e+01 1.716172359651549240e+00
5.000000000000000000e+01 1.716200924019722907e+00
5.100000000000000000e+01 1.716229483040103920e+00
5.200000000000000000e+01 1.716258036712692281e+00
5.300000000000000000e+01 1.716286585037487988e+00
5.400000000000000000e+01 1.716315128014491043e+00
5.500000000000000000e+01 1.716343665643701444e+00
5.600000000000000000e+01 1.716372197925118970e+00
5.700000000000000000e+01 1.716400724858744065e+00
5.800000000000000000e+01 1.716429246444576506e+00
5.900000000000000000e+01 1.716457762682616517e+00
6.000000000000000000e+01 1.716486273572863652e+00
6.100000000000000000e+01 1.716514779115318134e+00
6.200000000000000000e+01 1.716543279309979964e+00
6.300000000000000000e+01 1.716571774156849139e+00
6.400000000000000000e+01 1.716600263655925662e+00
6.500000000000000000e+01 1.716628747807209532e+00
6.600000000000000000e+01 1.716657226610700970e+00
6.700000000000000000e+01 1.716685700066399534e+00
6.800000000000000000e+01 1.716714168174305444e+00
6.900000000000000000e+01 1.716742630934418701e+00
7.000000000000000000e+01 1.716771088346739527e+00
7.100000000000000000e+01 1.716799540411267477e+00
7.200000000000000000e+01 1.716827987128002997e+00
7.300000000000000000e+01 1.716856428496945641e+00
7.400000000000000000e+01 1.716884864518095855e+00
7.500000000000000000e+01 1.716913295191453193e+00
7.600000000000000000e+01 1.716941720517018100e+00
7.700000000000000000e+01 1.716970140494790131e+00
7.800000000000000000e+01 1.716998555124769732e+00
7.900000000000000000e+01 1.717026964406956457e+00
8.000000000000000000e+01 1.717055368341350752e+00
8.100000000000000000e+01 1.717083766927952393e+00
8.200000000000000000e+01 1.717112160166761159e+00
8.300000000000000000e+01 1.717140548057777494e+00
8.400000000000000000e+01 1.717168930601001176e+00
8.500000000000000000e+01 1.717197307796432204e+00
8.600000000000000000e+01 1.717225679644070579e+00
8.700000000000000000e+01 1.717254046143916302e+00
8.800000000000000000e+01 1.717282407295969149e+00
8.900000000000000000e+01 1.717310763100229565e+00
9.000000000000000000e+01 1.717339113556697328e+00
9.100000000000000000e+01 1.717367458665372437e+00
9.200000000000000000e+01 1.717395798426254894e+00
9.300000000000000000e+01 1.717424132839344697e+00
9.400000000000000000e+01 1.717452461904641847e+00
9.500000000000000000e+01 1.717480785622146566e+00
9.600000000000000000e+01 1.717509103991858410e+00
9.700000000000000000e+01 1.717537417013777601e+00
9.800000000000000000e+01 1.717565724687904138e+00
9.900000000000000000e+01 1.717594027014238023e+00
1.000000000000000000e+02 1.717622323992779254e+00
1.010000000000000000e+02 1.717650615623528054e+00
1.020000000000000000e+02 1.717678901906483979e+00
1.030000000000000000e+02 1.717707182841647251e+00
1.040000000000000000e+02 1.717735458429018092e+00
1.050000000000000000e+02 1.717763728668596057e+00
1.060000000000000000e+02 1.717791993560381592e+00
1.070000000000000000e+02 1.717820253104374251e+00
1.080000000000000000e+02 1.717848507300574479e+00
1.090000000000000000e+02 1.717876756148981832e+00
1.100000000000000000e+02 1.717904999649596753e+00
1.110000000000000000e+02 1.717933237802418800e+00
1.120000000000000000e+02 1.717961470607448415e+00
1.130000000000000000e+02 1.717989698064685156e+00
1.140000000000000000e+02 1.718017920174129465e+00
1.150000000000000000e+02 1.718046136935781121e+00
1.160000000000000000e+02 1.718074348349639902e+00
1.170000000000000000e+02 1.718102554415706251e+00
1.180000000000000000e+02 1.718130755133979948e+00
1.190000000000000000e+02 1.718158950504460991e+00
1.200000000000000000e+02 1.718187140527149381e+00
1.210000000000000000e+02 1.718215325202045118e+00
1.220000000000000000e+02 1.718243504529147980e+00
1.230000000000000000e+02 1.718271678508458411e+00
1.240000000000000000e+02 1.718299847139976189e+00
1.250000000000000000e+02 1.718328010423701313e+00
1.260000000000000000e+02 1.718356168359633784e+00
1.270000000000000000e+02 1.718384320947773602e+00
1.280000000000000000e+02 1.718412468188120767e+00
1.290000000000000000e+02 1.718440610080675501e+00
1.300000000000000000e+02 1.718468746625437360e+00
1.310000000000000000e+02 1.718496877822406566e+00
1.320000000000000000e+02 1.718525003671583118e+00
1.330000000000000000e+02 1.718553124172967017e+00
1.340000000000000000e+02 1.718581239326558485e+00
1.350000000000000000e+02 1.718609349132357078e+00
1.360000000000000000e+02 1.718637453590363018e+00
1.370000000000000000e+02 1.718665552700576304e+00
1.380000000000000000e+02 1.718693646462997160e+00
1.390000000000000000e+02 1.718721734877625140e+00
1.400000000000000000e+02 1.718749817944460689e+00
1.410000000000000000e+02 1.718777895663503363e+00
1.420000000000000000e+02 1.718805968034753606e+00
1.430000000000000000e+02 1.718834035058210974e+00
1.440000000000000000e+02 1.718862096733875910e+00
1.450000000000000000e+02 1.718890153061747972e+00
1.460000000000000000e+02 1.718918204041827602e+00
1.470000000000000000e+02 1.718946249674114579e+00
1.480000000000000000e+02 1.718974289958608681e+00
1.490000000000000000e+02 1.719002324895310352e+00
1.500000000000000000e+02 1.719030354484219369e+00
1.510000000000000000e+02 1.719058378725335512e+00
1.520000000000000000e+02 1.719086397618659223e+00
1.530000000000000000e+02 1.719114411164190281e+00
1.540000000000000000e+02 1.719142419361928686e+00
1.550000000000000000e+02 1.719170422211874438e+00
1.560000000000000000e+02 1.719198419714027537e+00
1.570000000000000000e+02 1.719226411868387983e+00
1.580000000000000000e+02 1.719254398674955553e+00
1.590000000000000000e+02 1.719282380133730692e+00
1.600000000000000000e+02 1.719310356244713400e+00
1.610000000000000000e+02 1.719338327007903233e+00
1.620000000000000000e+02 1.719366292423300413e+00
1.630000000000000000e+02 1.719394252490904940e+00
1.640000000000000000e+02 1.719422207210716813e+00
1.650000000000000000e+02 1.719450156582736033e+00
1.660000000000000000e+02 1.719478100606962601e+00
1.670000000000000000e+02 1.719506039283396737e+00
1.680000000000000000e+02 1.719533972612037998e+00
1.690000000000000000e+02 1.719561900592886605e+00
1.700000000000000000e+02 1.719589823225942560e+00
1.710000000000000000e+02 1.719617740511206083e+00
1.720000000000000000e+02 1.719645652448676731e+00
1.730000000000000000e+02 1.719673559038354949e+00
1.740000000000000000e+02 1.719701460280240291e+00
1.750000000000000000e+02 1.719729356174332979e+00
1.760000000000000000e+02 1.719757246720633237e+00
1.770000000000000000e+02 1.719785131919140619e+00
1.780000000000000000e+02 1.719813011769855571e+00
1.790000000000000000e+02 1.719840886272777869e+00
1.800000000000000000e+02 1.719868755427907292e+00
1.810000000000000000e+02 1.719896619235244284e+00
1.820000000000000000e+02 1.719924477694788623e+00
1.830000000000000000e+02 1.719952330806540086e+00
1.840000000000000000e+02 1.719980178570499119e+00
1.850000000000000000e+02 1.720008020986665498e+00
1.860000000000000000e+02 1.720035858055039224e+00
1.870000000000000000e+02 1.720063689775620075e+00
1.880000000000000000e+02 1.720091516148408495e+00
1.890000000000000000e+02 1.720119337173404261e+00
1.900000000000000000e+02 1.720147152850607375e+00
1.910000000000000000e+02 1.720174963180017835e+00
1.920000000000000000e+02 1.720202768161635642e+00
1.930000000000000000e+02 1.720230567795460797e+00
1.940000000000000000e+02 1.720258362081493297e+00
1.950000000000000000e+02 1.720286151019733145e+00
1.960000000000000000e+02 1.720313934610180340e+00
1.970000000000000000e+02 1.720341712852834881e+00
1.980000000000000000e+02 1.720369485747696769e+00
1.990000000000000000e+02 1.720397253294766227e+00
2.000000000000000000e+02 1.720425015494042809e+00
2.010000000000000000e+02 1.720452772345526737e+00
2.020000000000000000e+02 1.720480523849218013e+00
2.030000000000000000e+02 1.720508270005116858e+00
2.040000000000000000e+02 1.720536010813222827e+00
2.050000000000000000e+02 1.720563746273536143e+00
2.060000000000000000e+02 1.720591476386057028e+00
2.070000000000000000e+02 1.720619201150785038e+00
2.080000000000000000e+02 1.720646920567720395e+00
2.090000000000000000e+02 1.720674634636863320e+00
2.100000000000000000e+02 1.720702343358213371e+00
2.110000000000000000e+02 1.720730046731770990e+00
2.120000000000000000e+02 1.720757744757535956e+00
2.130000000000000000e+02 1.720785437435508047e+00
2.140000000000000000e+02 1.720813124765687707e+00
2.150000000000000000e+02 1.720840806748074492e+00
2.160000000000000000e+02 1.720868483382668845e+00
2.170000000000000000e+02 1.720896154669470546e+00
2.180000000000000000e+02 1.720923820608479593e+00
2.190000000000000000e+02 1.720951481199695765e+00
2.200000000000000000e+02 1.720979136443119506e+00
2.210000000000000000e+02 1.721006786338750594e+00
2.220000000000000000e+02 1.721034430886589028e+00
2.230000000000000000e+02 1.721062070086634810e+00
2.240000000000000000e+02 1.721089703938887938e+00
2.250000000000000000e+02 1.721117332443348413e+00
2.260000000000000000e+02 1.721144955600016013e+00
2.270000000000000000e+02 1.721172573408891182e+00
2.280000000000000000e+02 1.721200185869973920e+00
2.290000000000000000e+02 1.721227792983263782e+00
2.300000000000000000e+02 1.721255394748760992e+00
2.310000000000000000e+02 1.721282991166465548e+00
2.320000000000000000e+02 1.721310582236377451e+00
2.330000000000000000e+02 1.721338167958496701e+00
2.340000000000000000e+02 1.721365748332823298e+00
2.350000000000000000e+02 1.721393323359357463e+00
2.360000000000000000e+02 1.721420893038098754e+00
2.370000000000000000e+02 1.721448457369047391e+00
2.380000000000000000e+02 1.721476016352203597e+00
2.390000000000000000e+02 1.721503569987566928e+00
2.400000000000000000e+02 1.721531118275137606e+00
2.410000000000000000e+02 1.721558661214915853e+00
2.420000000000000000e+02 1.721586198806901225e+00
2.430000000000000000e+02 1.721613731051094165e+00
2.440000000000000000e+02 1.721641257947494230e+00
2.450000000000000000e+02 1.721668779496101864e+00
2.460000000000000000e+02 1.721696295696916623e+00
2.470000000000000000e+02 1.721723806549938951e+00
2.480000000000000000e+02 1.721751312055168404e+00
2.490000000000000000e+02 1.721778812212605425e+00
2.500000000000000000e+02 1.721806307022249793e+00
2.510000000000000000e+02 1.721833796484101509e+00
2.520000000000000000e+02 1.721861280598160349e+00
2.530000000000000000e+02 1.721888759364426758e+00
2.540000000000000000e+02 1.721916232782900513e+00
2.550000000000000000e+02 1.721943700853581616e+00
2.560000000000000000e+02 1.721971163576470065e+00
2.570000000000000000e+02 1.721998620951565639e+00
2.580000000000000000e+02 1.722026072978868783e+00
2.590000000000000000e+02 1.722053519658379273e+00
2.600000000000000000e+02 1.722080960990097109e+00
2.610000000000000000e+02 1.722108396974022293e+00
2.620000000000000000e+02 1.722135827610154823e+00
2.630000000000000000e+02 1.722163252898494701e+00
2.640000000000000000e+02 1.722190672839042147e+00
2.650000000000000000e+02 1.722218087431796718e+00
2.660000000000000000e+02 1.722245496676758636e+00
2.670000000000000000e+02 1.722272900573927901e+00
2.680000000000000000e+02 1.722300299123304512e+00
2.690000000000000000e+02 1.722327692324888471e+00
2.700000000000000000e+02 1.722355080178679998e+00
2.710000000000000000e+02 1.722382462684678650e+00
2.720000000000000000e+02 1.722409839842884649e+00
2.730000000000000000e+02 1.722437211653298217e+00
2.740000000000000000e+02 1.722464578115918910e+00
2.750000000000000000e+02 1.722491939230747171e+00
2.760000000000000000e+02 1.722519294997782557e+00
2.770000000000000000e+02 1.722546645417025513e+00
2.780000000000000000e+02 1.722573990488475593e+00
2.790000000000000000e+02 1.722601330212133242e+00
2.800000000000000000e+02 1.722628664587998015e+00
2.810000000000000000e+02 1.722655993616070358e+00
2.820000000000000000e+02 1.722683317296349825e+00
2.830000000000000000e+02 1.722710635628836862e+00
2.840000000000000000e+02 1.722737948613531245e+00
2.850000000000000000e+02 1.722765256250432753e+00
2.860000000000000000e+02 1.722792558539541830e+00
2.870000000000000000e+02 1.722819855480858253e+00
2.880000000000000000e+02 1.722847147074382024e+00
2.890000000000000000e+02 1.722874433320113141e+00
2.900000000000000000e+02 1.722901714218051605e+00
2.910000000000000000e+02 1.722928989768197194e+00
2.920000000000000000e+02 1.722956259970550352e+00
2.930000000000000000e+02 1.722983524825110857e+00
2.940000000000000000e+02 1.723010784331878709e+00
2.950000000000000000e+02 1.723038038490853907e+00
2.960000000000000000e+02 1.723065287302036452e+00
2.970000000000000000e+02 1.723092530765426345e+00
2.980000000000000000e+02 1.723119768881023806e+00
2.990000000000000000e+02 1.723147001648828391e+00
3.000000000000000000e+02 1.723174229068840324e+00
3.010000000000000000e+02 1.723201451141059604e+00
3.020000000000000000e+02 1.723228667865486230e+00
3.030000000000000000e+02 1.723255879242120425e+00
3.040000000000000000e+02 1.723283085270961745e+00
3.050000000000000000e+02 1.723310285952010412e+00
3.060000000000000000e+02 1.723337481285266426e+00
3.070000000000000000e+02 1.723364671270730009e+00
3.080000000000000000e+02 1.723391855908400716e+00
3.090000000000000000e+02 1.723419035198278992e+00
3.100000000000000000e+02 1.723446209140364394e+00
3.110000000000000000e+02 1.723473377734657364e+00
3.120000000000000000e+02 1.723500540981157458e+00
3.130000000000000000e+02 1.723527698879865122e+00
3.140000000000000000e+02 1.723554851430779911e+00
3.150000000000000000e+02 1.723581998633902268e+00
3.160000000000000000e+02 1.723609140489231750e+00
3.170000000000000000e+02 1.723636276996768801e+00
3.180000000000000000e+02 1.723663408156513199e+00
3.190000000000000000e+02 1.723690533968464944e+00
3.200000000000000000e+02 1.723717654432623814e+00
3.210000000000000000e+02 1.723744769548990252e+00
3.220000000000000000e+02 1.723771879317564037e+00
3.230000000000000000e+02 1.723798983738345170e+00
3.240000000000000000e+02 1.723826082811333649e+00
3.250000000000000000e+02 1.723853176536529475e+00
3.260000000000000000e+02 1.723880264913932647e+00
3.270000000000000000e+02 1.723907347943542945e+00
3.280000000000000000e+02 1.723934425625360811e+00
3.290000000000000000e+02 1.723961497959386024e+00
3.300000000000000000e+02 1.723988564945618807e+00
3.310000000000000000e+02 1.724015626584058714e+00
3.320000000000000000e+02 1.724042682874705967e+00
3.330000000000000000e+02 1.724069733817560568e+00
3.340000000000000000e+02 1.724096779412622515e+00
3.350000000000000000e+02 1.724123819659891810e+00
3.360000000000000000e+02 1.724150854559368451e+00
3.370000000000000000e+02 1.724177884111052661e+00
3.380000000000000000e+02 1.724204908314943996e+00
3.390000000000000000e+02 1.724231927171042678e+00
3.400000000000000000e+02 1.724258940679348928e+00
3.410000000000000000e+02 1.724285948839862304e+00
3.420000000000000000e+02 1.724312951652583026e+00
3.430000000000000000e+02 1.724339949117511317e+00
3.440000000000000000e+02 1.724366941234646733e+00
3.450000000000000000e+02 1.724393928003989718e+00
3.460000000000000000e+02 1.724420909425539827e+00
3.470000000000000000e+02 1.724447885499297506e+00
3.480000000000000000e+02 1.724474856225262531e+00
3.490000000000000000e+02 1.724501821603434681e+00
3.500000000000000000e+02 1.724528781633814400e+00
3.510000000000000000e+02 1.724555736316401244e+00
3.520000000000000000e+02 1.724582685651195657e+00
3.530000000000000000e+02 1.724609629638197417e+00
3.540000000000000000e+02 1.724636568277406523e+00
3.550000000000000000e+02 1.724663501568822754e+00
3.560000000000000000e+02 1.724690429512446554e+00
3.570000000000000000e+02 1.724717352108277701e+00
3.580000000000000000e+02 1.724744269356316195e+00
3.590000000000000000e+02 1.724771181256562036e+00
3.600000000000000000e+02 1.724798087809015223e+00
3.610000000000000000e+02 1.724824989013675758e+00
3.620000000000000000e+02 1.724851884870543639e+00
3.630000000000000000e+02 1.724878775379618867e+00
3.640000000000000000e+02 1.724905660540901442e+00
3.650000000000000000e+02 1.724932540354391364e+00
3.660000000000000000e+02 1.724959414820088632e+00
3.670000000000000000e+02 1.724986283937993248e+00
3.680000000000000000e+02 1.725013147708105210e+00
3.690000000000000000e+02 1.725040006130424741e+00
3.700000000000000000e+02 1.725066859204951397e+00
3.710000000000000000e+02 1.725093706931685400e+00
3.720000000000000000e+02 1.725120549310626750e+00
3.730000000000000000e+02 1.725147386341775668e+00
3.740000000000000000e+02 1.725174218025131712e+00
3.750000000000000000e+02 1.725201044360695324e+00
3.760000000000000000e+02 1.725227865348466061e+00
3.770000000000000000e+02 1.725254680988444145e+00
3.780000000000000000e+02 1.725281491280629798e+00
3.790000000000000000e+02 1.725308296225022575e+00
3.800000000000000000e+02 1.725335095821622922e+00
3.810000000000000000e+02 1.725361890070430393e+00
3.820000000000000000e+02 1.725388678971445433e+00
3.830000000000000000e+02 1.725415462524667820e+00
3.840000000000000000e+02 1.725442240730097332e+00
3.850000000000000000e+02 1.725469013587734413e+00
3.860000000000000000e+02 1.725495781097578840e+00
3.870000000000000000e+02 1.725522543259630392e+00
3.880000000000000000e+02 1.725549300073889514e+00
3.890000000000000000e+02 1.725576051540355982e+00
3.900000000000000000e+02 1.725602797659029797e+00
3.910000000000000000e+02 1.725629538429910959e+00
3.920000000000000000e+02 1.725656273852999467e+00
3.930000000000000000e+02 1.725683003928295323e+00
3.940000000000000000e+02 1.725709728655798303e+00
3.950000000000000000e+02 1.725736448035508852e+00
3.960000000000000000e+02 1.725763162067426748e+00
3.970000000000000000e+02 1.725789870751551991e+00
3.980000000000000000e+02 1.725816574087884803e+00
3.990000000000000000e+02 1.725843272076424739e+00
4.000000000000000000e+02 1.725869964717172023e+00
4.010000000000000000e+02 1.725896652010126653e+00
4.020000000000000000e+02 1.725923333955288630e+00
4.030000000000000000e+02 1.725950010552657954e+00
4.040000000000000000e+02 1.725976681802234847e+00
4.050000000000000000e+02 1.726003347704018864e+00
4.060000000000000000e+02 1.726030008258010229e+00
4.070000000000000000e+02 1.726056663464208940e+00
4.080000000000000000e+02 1.726083313322615220e+00
4.090000000000000000e+02 1.726109957833228625e+00
4.100000000000000000e+02 1.726136596996049599e+00
4.110000000000000000e+02 1.726163230811077698e+00
4.120000000000000000e+02 1.726189859278313365e+00
4.130000000000000000e+02 1.726216482397756158e+00
4.140000000000000000e+02 1.726243100169406519e+00
4.150000000000000000e+02 1.726269712593264005e+00
4.160000000000000000e+02 1.726296319669329060e+00
4.170000000000000000e+02 1.726322921397601240e+00
4.180000000000000000e+02 1.726349517778080989e+00
4.190000000000000000e+02 1.726376108810768084e+00
4.200000000000000000e+02 1.726402694495662304e+00
4.210000000000000000e+02 1.726429274832764094e+00
4.220000000000000000e+02 1.726455849822073230e+00
4.230000000000000000e+02 1.726482419463589713e+00
4.240000000000000000e+02 1.726508983757313542e+00
4.250000000000000000e+02 1.726535542703244497e+00
4.260000000000000000e+02 1.726562096301383020e+00
4.270000000000000000e+02 1.726588644551728891e+00
4.280000000000000000e+02 1.726615187454282108e+00
4.290000000000000000e+02 1.726641725009042672e+00
4.300000000000000000e+02 1.726668257216010582e+00
4.310000000000000000e+02 1.726694784075185840e+00
4.320000000000000000e+02 1.726721305586568445e+00
4.330000000000000000e+02 1.726747821750158396e+00
4.340000000000000000e+02 1.726774332565955916e+00
4.350000000000000000e+02 1.726800838033960561e+00
4.360000000000000000e+02 1.726827338154172553e+00
4.370000000000000000e+02 1.726853832926591892e+00
4.380000000000000000e+02 1.726880322351218577e+00
4.390000000000000000e+02 1.726906806428052832e+00
4.400000000000000000e+02 1.726933285157094211e+00
4.410000000000000000e+02 1.726959758538342937e+00
4.420000000000000000e+02 1.726986226571799232e+00
4.430000000000000000e+02 1.727012689257462652e+00
4.440000000000000000e+02 1.727039146595333419e+00
4.450000000000000000e+02 1.727065598585411754e+00
4.460000000000000000e+02 1.727092045227697215e+00
4.470000000000000000e+02 1.727118486522190244e+00
4.480000000000000000e+02 1.727144922468890398e+00
4.490000000000000000e+02 1.727171353067798121e+00
4.500000000000000000e+02 1.727197778318913191e+00
4.510000000000000000e+02 1.727224198222235385e+00
4.520000000000000000e+02 1.727250612777765149e+00
4.530000000000000000e+02 1.727277021985502259e+00
4.540000000000000000e+02 1.727303425845446494e+00
4.550000000000000000e+02 1.727329824357598298e+00
4.560000000000000000e+02 1.727356217521957449e+00
4.570000000000000000e+02 1.727382605338523947e+00
4.580000000000000000e+02 1.727408987807297791e+00
4.590000000000000000e+02 1.727435364928278760e+00
4.600000000000000000e+02 1.727461736701467299e+00
4.610000000000000000e+02 1.727488103126863184e+00
4.620000000000000000e+02 1.727514464204466416e+00
4.630000000000000000e+02 1.727540819934276994e+00
4.640000000000000000e+02 1.727567170316294920e+00
4.650000000000000000e+02 1.727593515350520192e+00
4.660000000000000000e+02 1.727619855036952812e+00
4.670000000000000000e+02 1.727646189375592778e+00
4.680000000000000000e+02 1.727672518366440313e+00
4.690000000000000000e+02 1.727698842009494973e+00
4.700000000000000000e+02 1.727725160304756979e+00
4.710000000000000000e+02 1.727751473252226333e+00
4.720000000000000000e+02 1.727777780851903033e+00
4.730000000000000000e+02 1.727804083103787303e+00
4.740000000000000000e+02 1.727830380007878697e+00
4.750000000000000000e+02 1.727856671564177438e+00
4.760000000000000000e+02 1.727882957772683747e+00
4.770000000000000000e+02 1.727909238633397182e+00
4.780000000000000000e+02 1.727935514146318186e+00
4.790000000000000000e+02 1.727961784311446314e+00
4.800000000000000000e+02 1.727988049128781789e+00
4.810000000000000000e+02 1.728014308598324833e+00
4.820000000000000000e+02 1.728040562720075224e+00
4.830000000000000000e+02 1.728066811494032740e+00
4.840000000000000000e+02 1.728093054920197824e+00
4.850000000000000000e+02 1.728119292998570034e+00
4.860000000000000000e+02 1.728145525729149812e+00
4.870000000000000000e+02 1.728171753111936937e+00
4.880000000000000000e+02 1.728197975146931187e+00
4.890000000000000000e+02 1.728224191834133006e+00
4.900000000000000000e+02 1.728250403173542171e+00
4.910000000000000000e+02 1.728276609165158684e+00
4.920000000000000000e+02 1.728302809808982543e+00
4.930000000000000000e+02 1.728329005105013749e+00
4.940000000000000000e+02 1.728355195053252080e+00
4.950000000000000000e+02 1.728381379653697980e+00
4.960000000000000000e+02 1.728407558906351227e+00
4.970000000000000000e+02 1.728433732811211820e+00
4.980000000000000000e+02 1.728459901368279761e+00
4.990000000000000000e+02 1.728486064577555048e+00
5.000000000000000000e+02 1.728512222439037682e+00
5.010000000000000000e+02 1.728538374952727885e+00
5.020000000000000000e+02 1.728564522118625213e+00
5.030000000000000000e+02 1.728590663936729888e+00
5.040000000000000000e+02 1.728616800407041909e+00
5.050000000000000000e+02 1.728642931529561277e+00
5.060000000000000000e+02 1.728669057304288215e+00
5.070000000000000000e+02 1.728695177731222277e+00
5.080000000000000000e+02 1.728721292810363686e+00
5.090000000000000000e+02 1.728747402541712663e+00
5.100000000000000000e+02 1.728773506925268766e+00
5.110000000000000000e+02 1.728799605961032215e+00
5.120000000000000000e+02 1.728825699649003234e+00
5.130000000000000000e+02 1.728851787989181377e+00
5.140000000000000000e+02 1.728877870981567089e+00
5.150000000000000000e+02 1.728903948626159925e+00
5.160000000000000000e+02 1.728930020922960331e+00
5.170000000000000000e+02 1.728956087871967862e+00
5.180000000000000000e+02 1.728982149473182961e+00
5.190000000000000000e+02 1.729008205726605407e+00
5.200000000000000000e+02 1.729034256632234978e+00
5.210000000000000000e+02 1.729060302190072118e+00
5.220000000000000000e+02 1.729086342400116605e+00
5.230000000000000000e+02 1.729112377262368438e+00
5.240000000000000000e+02 1.729138406776827397e+00
5.250000000000000000e+02 1.729164430943493924e+00
5.260000000000000000e+02 1.729190449762367798e+00
5.270000000000000000e+02 1.729216463233449019e+00
5.280000000000000000e+02 1.729242471356737587e+00
5.290000000000000000e+02 1.729268474132233502e+00
5.300000000000000000e+02 1.729294471559936763e+00
5.310000000000000000e+02 1.729320463639847372e+00
5.320000000000000000e+02 1.729346450371965327e+00
5.330000000000000000e+02 1.729372431756290629e+00
5.340000000000000000e+02 1.729398407792823278e+00
5.350000000000000000e+02 1.729424378481563274e+00
5.360000000000000000e+02 1.729450343822510616e+00
5.370000000000000000e+02 1.729476303815665306e+00
5.380000000000000000e+02 1.729502258461027564e+00
5.390000000000000000e+02 1.729528207758596947e+00
5.400000000000000000e+02 1.729554151708373677e+00
5.410000000000000000e+02 1.729580090310357754e+00
5.420000000000000000e+02 1.729606023564549400e+00
5.430000000000000000e+02 1.729631951470948170e+00
5.440000000000000000e+02 1.729657874029554288e+00
5.450000000000000000e+02 1.729683791240367974e+00
5.460000000000000000e+02 1.729709703103388785e+00
5.470000000000000000e+02 1.729735609618617165e+00
5.480000000000000000e+02 1.729761510786052670e+00
5.490000000000000000e+02 1.729787406605695743e+00
5.500000000000000000e+02 1.729813297077545942e+00
5.510000000000000000e+02 1.729839182201603709e+00
5.520000000000000000e+02 1.729865061977868823e+00
5.530000000000000000e+02 1.729890936406341062e+00
5.540000000000000000e+02 1.729916805487020870e+00
5.550000000000000000e+02 1.729942669219908025e+00
5.560000000000000000e+02 1.729968527605002304e+00
5.570000000000000000e+02 1.729994380642304153e+00
5.580000000000000000e+02 1.730020228331813348e+00
5.590000000000000000e+02 1.730046070673529890e+00
5.600000000000000000e+02 1.730071907667453779e+00
5.610000000000000000e+02 1.730097739313584793e+00
5.620000000000000000e+02 1.730123565611923375e+00
5.630000000000000000e+02 1.730149386562469305e+00
5.640000000000000000e+02 1.730175202165222581e+00
5.650000000000000000e+02 1.730201012420183204e+00
5.660000000000000000e+02 1.730226817327351174e+00
5.670000000000000000e+02 1.730252616886726491e+00
5.680000000000000000e+02 1.730278411098309155e+00
5.690000000000000000e+02 1.730304199962099387e+00
5.700000000000000000e+02 1.730329983478096745e+00
5.710000000000000000e+02 1.730355761646301449e+00
5.720000000000000000e+02 1.730381534466713500e+00
5.730000000000000000e+02 1.730407301939332898e+00
5.740000000000000000e+02 1.730433064064159865e+00
5.750000000000000000e+02 1.730458820841193956e+00
5.760000000000000000e+02 1.730484572270435395e+00
5.770000000000000000e+02 1.730510318351884402e+00
5.780000000000000000e+02 1.730536059085540534e+00
5.790000000000000000e+02 1.730561794471404014e+00
5.800000000000000000e+02 1.730587524509475061e+00
5.810000000000000000e+02 1.730613249199753234e+00
5.820000000000000000e+02 1.730638968542238976e+00
5.830000000000000000e+02 1.730664682536931842e+00
5.840000000000000000e+02 1.730690391183832277e+00
5.850000000000000000e+02 1.730716094482940060e+00
5.860000000000000000e+02 1.730741792434254966e+00
5.870000000000000000e+02 1.730767485037777442e+00
5.880000000000000000e+02 1.730793172293507265e+00
5.890000000000000000e+02 1.730818854201444212e+00
5.900000000000000000e+02 1.730844530761588729e+00
5.910000000000000000e+02 1.730870201973940592e+00
5.920000000000000000e+02 1.730895867838499802e+00
5.930000000000000000e+02 1.730921528355266137e+00
5.940000000000000000e+02 1.730947183524240041e+00
5.950000000000000000e+02 1.730972833345421291e+00
5.960000000000000000e+02 1.730998477818809889e+00
5.970000000000000000e+02 1.731024116944405833e+00
5.980000000000000000e+02 1.731049750722209124e+00
5.990000000000000000e+02 1.731075379152219762e+00
6.000000000000000000e+02 1.731101002234437747e+00
6.010000000000000000e+02 1.731126619968863078e+00
6.020000000000000000e+02 1.731152232355495757e+00
6.030000000000000000e+02 1.731177839394335782e+00
6.040000000000000000e+02 1.731203441085383377e+00
6.050000000000000000e+02 1.731229037428638096e+00
6.060000000000000000e+02 1.731254628424100162e+00
6.070000000000000000e+02 1.731280214071769574e+00
6.080000000000000000e+02 1.731305794371646334e+00
6.090000000000000000e+02 1.731331369323730662e+00
6.100000000000000000e+02 1.731356938928022116e+00
6.110000000000000000e+02 1.731382503184520916e+00
6.120000000000000000e+02 1.731408062093227285e+00
6.130000000000000000e+02 1.731433615654140779e+00
6.140000000000000000e+02 1.731459163867261841e+00
6.150000000000000000e+02 1.731484706732590029e+00
6.160000000000000000e+02 1.731510244250125785e+00
6.170000000000000000e+02 1.731535776419868666e+00
6.180000000000000000e+02 1.731561303241819116e+00
6.190000000000000000e+02 1.731586824715976691e+00
6.200000000000000000e+02 1.731612340842341835e+00
6.210000000000000000e+02 1.731637851620914326e+00
6.220000000000000000e+02 1.731663357051693941e+00
6.230000000000000000e+02 1.731688857134681125e+00
6.240000000000000000e+02 1.731714351869875657e+00
6.250000000000000000e+02 1.731739841257277535e+00
6.260000000000000000e+02 1.731765325296886759e+00
6.270000000000000000e+02 1.731790803988703109e+00
6.280000000000000000e+02 1.731816277332727028e+00
6.290000000000000000e+02 1.731841745328958293e+00
6.300000000000000000e+02 1.731867207977396905e+00
6.310000000000000000e+02 1.731892665278042864e+00
6.320000000000000000e+02 1.731918117230896170e+00
6.330000000000000000e+02 1.731943563835956823e+00
6.340000000000000000e+02 1.731969005093224823e+00
6.350000000000000000e+02 1.731994441002700169e+00
6.360000000000000000e+02 1.732019871564382862e+00
6.370000000000000000e+02 1.732045296778272903e+00
6.380000000000000000e+02 1.732070716644370512e+00
6.390000000000000000e+02 1.732096131162675245e+00
6.400000000000000000e+02 1.732121540333187326e+00
6.410000000000000000e+02 1.732146944155906754e+00
6.420000000000000000e+02 1.732172342630833528e+00
6.430000000000000000e+02 1.732197735757967871e+00
6.440000000000000000e+02 1.732223123537309339e+00
6.450000000000000000e+02 1.732248505968858376e+00
6.460000000000000000e+02 1.732273883052614538e+00
6.470000000000000000e+02 1.732299254788578047e+00
6.480000000000000000e+02 1.732324621176749124e+00
6.490000000000000000e+02 1.732349982217127327e+00
6.500000000000000000e+02 1.732375337909713098e+00
6.510000000000000000e+02 1.732400688254505994e+00
6.520000000000000000e+02 1.732426033251506459e+00
6.530000000000000000e+02 1.732451372900714270e+00
6.540000000000000000e+02 1.732476707202129207e+00
6.550000000000000000e+02 1.732502036155751712e+00
6.560000000000000000e+02 1.732527359761581565e+00
6.570000000000000000e+02 1.732552678019618542e+00
6.580000000000000000e+02 1.732577990929863088e+00
6.590000000000000000e+02 1.732603298492314980e+00
6.600000000000000000e+02 1.732628600706974220e+00
6.610000000000000000e+02 1.732653897573840585e+00
6.620000000000000000e+02 1.732679189092914518e+00
6.630000000000000000e+02 1.732704475264195798e+00
6.640000000000000000e+02 1.732729756087684425e+00
6.650000000000000000e+02 1.732755031563380399e+00
6.660000000000000000e+02 1.732780301691283720e+00
6.670000000000000000e+02 1.732805566471394387e+00
6.680000000000000000e+02 1.732830825903712402e+00
6.690000000000000000e+02 1.732856079988237763e+00
6.700000000000000000e+02 1.732881328724970471e+00
6.710000000000000000e+02 1.732906572113910748e+00
6.720000000000000000e+02 1.732931810155058150e+00
6.730000000000000000e+02 1.732957042848412899e+00
6.740000000000000000e+02 1.732982270193974994e+00
6.750000000000000000e+02 1.733007492191744436e+00
6.760000000000000000e+02 1.733032708841721448e+00
6.770000000000000000e+02 1.733057920143905584e+00
6.780000000000000000e+02 1.733083126098297067e+00
6.790000000000000000e+02 1.733108326704896118e+00
6.800000000000000000e+02 1.733133521963702295e+00
6.810000000000000000e+02 1.733158711874716040e+00
6.820000000000000000e+02 1.733183896437936911e+00
6.830000000000000000e+02 1.733209075653365350e+00
6.840000000000000000e+02 1.733234249521000914e+00
6.850000000000000000e+02 1.733259418040844047e+00
6.860000000000000000e+02 1.733284581212894304e+00
6.870000000000000000e+02 1.733309739037152131e+00
6.880000000000000000e+02 1.733334891513617082e+00
6.890000000000000000e+02 1.733360038642289602e+00
6.900000000000000000e+02 1.733385180423169469e+00
6.910000000000000000e+02 1.733410316856256683e+00
6.920000000000000000e+02 1.733435447941551022e+00
6.930000000000000000e+02 1.733460573679052930e+00
6.940000000000000000e+02 1.733485694068762184e+00
6.950000000000000000e+02 1.733510809110678785e+00
6.960000000000000000e+02 1.733535918804802733e+00
6.970000000000000000e+02 1.733561023151134028e+00
6.980000000000000000e+02 1.733586122149672670e+00
6.990000000000000000e+02 1.733611215800418437e+00
7.000000000000000000e+02 1.733636304103371772e+00
7.010000000000000000e+02 1.733661387058532677e+00
7.020000000000000000e+02 1.733686464665900706e+00
7.030000000000000000e+02 1.733711536925476082e+00
7.040000000000000000e+02 1.733736603837258805e+00
7.050000000000000000e+02 1.733761665401248875e+00
7.060000000000000000e+02 1.733786721617446291e+00
7.070000000000000000e+02 1.733811772485851055e+00
7.080000000000000000e+02 1.733836818006463387e+00
7.090000000000000000e+02 1.733861858179282844e+00
7.100000000000000000e+02 1.733886893004309648e+00
7.110000000000000000e+02 1.733911922481543799e+00
7.120000000000000000e+02 1.733936946610985519e+00
7.130000000000000000e+02 1.733961965392634363e+00
7.140000000000000000e+02 1.733986978826490777e+00
7.150000000000000000e+02 1.734011986912554315e+00
7.160000000000000000e+02 1.734036989650825200e+00
7.170000000000000000e+02 1.734061987041303654e+00
7.180000000000000000e+02 1.734086979083989455e+00
7.190000000000000000e+02 1.734111965778882380e+00
7.200000000000000000e+02 1.734136947125982875e+00
7.210000000000000000e+02 1.734161923125290494e+00
7.220000000000000000e+02 1.734186893776805682e+00
7.230000000000000000e+02 1.734211859080528217e+00
7.240000000000000000e+02 1.734236819036457877e+00
7.250000000000000000e+02 1.734261773644595106e+00
7.260000000000000000e+02 1.734286722904939682e+00
7.270000000000000000e+02 1.734311666817491604e+00
7.280000000000000000e+02 1.734336605382250651e+00
7.290000000000000000e+02 1.734361538599217267e+00
7.300000000000000000e+02 1.734386466468391230e+00
7.310000000000000000e+02 1.734411388989772540e+00
7.320000000000000000e+02 1.734436306163361197e+00
7.330000000000000000e+02 1.734461217989157200e+00
7.340000000000000000e+02 1.734486124467160550e+00
7.350000000000000000e+02 1.734511025597371248e+00
7.360000000000000000e+02 1.734535921379789292e+00
7.370000000000000000e+02 1.734560811814414683e+00
7.380000000000000000e+02 1.734585696901247420e+00
7.390000000000000000e+02 1.734610576640287505e+00
7.400000000000000000e+02 1.734635451031535158e+00
7.410000000000000000e+02 1.734660320074989937e+00
7.420000000000000000e+02 1.734685183770652062e+00
7.430000000000000000e+02 1.734710042118521534e+00
7.440000000000000000e+02 1.734734895118598574e+00
7.450000000000000000e+02 1.734759742770882740e+00
7.460000000000000000e+02 1.734784585075374252e+00
7.470000000000000000e+02 1.734809422032073334e+00
7.480000000000000000e+02 1.734834253640979540e+00
7.490000000000000000e+02 1.734859079902093315e+00
7.500000000000000000e+02 1.734883900815414215e+00
7.510000000000000000e+02 1.734908716380942684e+00
7.520000000000000000e+02 1.734933526598678277e+00
7.530000000000000000e+02 1.734958331468621440e+00
7.540000000000000000e+02 1.734983130990771727e+00
7.550000000000000000e+02 1.735007925165129583e+00
7.560000000000000000e+02 1.735032713991694786e+00
7.570000000000000000e+02 1.735057497470467114e+00
7.580000000000000000e+02 1.735082275601447011e+00
7.590000000000000000e+02 1.735107048384634254e+00
7.600000000000000000e+02 1.735131815820028844e+00
7.610000000000000000e+02 1.735156577907630560e+00
7.620000000000000000e+02 1.735181334647439844e+00
7.630000000000000000e+02 1.735206086039456475e+00
7.640000000000000000e+02 1.735230832083680452e+00
7.650000000000000000e+02 1.735255572780111777e+00
7.660000000000000000e+02 1.735280308128750448e+00
7.670000000000000000e+02 1.735305038129596467e+00
7.680000000000000000e+02 1.735329762782649832e+00
7.690000000000000000e+02 1.735354482087910544e+00
7.700000000000000000e+02 1.735379196045378603e+00
7.710000000000000000e+02 1.735403904655054008e+00
7.720000000000000000e+02 1.735428607916936761e+00
7.730000000000000000e+02 1.735453305831026860e+00
7.740000000000000000e+02 1.735477998397324306e+00
7.750000000000000000e+02 1.735502685615829321e+00
7.760000000000000000e+02 1.735527367486541461e+00
7.770000000000000000e+02 1.735552044009460948e+00
7.780000000000000000e+02 1.735576715184588004e+00
7.790000000000000000e+02 1.735601381011922184e+00
7.800000000000000000e+02 1.735626041491463711e+00
7.810000000000000000e+02 1.735650696623212808e+00
7.820000000000000000e+02 1.735675346407169028e+00
7.830000000000000000e+02 1.735699990843332596e+00
7.840000000000000000e+02 1.735724629931703733e+00
7.850000000000000000e+02 1.735749263672281995e+00
7.860000000000000000e+02 1.735773892065067825e+00
7.870000000000000000e+02 1.735798515110061002e+00
7.880000000000000000e+02 1.735823132807261304e+00
7.890000000000000000e+02 1.735847745156669175e+00
7.900000000000000000e+02 1.735872352158284171e+00
7.910000000000000000e+02 1.735896953812106736e+00
7.920000000000000000e+02 1.735921550118136647e+00
7.930000000000000000e+02 1.735946141076373905e+00
7.940000000000000000e+02 1.735970726686818288e+00
7.950000000000000000e+02 1.735995306949470240e+00
7.960000000000000000e+02 1.736019881864329539e+00
7.970000000000000000e+02 1.736044451431396185e+00
7.980000000000000000e+02 1.736069015650670178e+00
7.990000000000000000e+02 1.736093574522151517e+00
8.000000000000000000e+02 1.736118128045840203e+00
8.010000000000000000e+02 1.736142676221736236e+00
8.020000000000000000e+02 1.736167219049839616e+00
8.030000000000000000e+02 1.736191756530150343e+00
8.040000000000000000e+02 1.736216288662668417e+00
8.050000000000000000e+02 1.736240815447393837e+00
8.060000000000000000e+02 1.736265336884326604e+00
8.070000000000000000e+02 1.736289852973466719e+00
8.080000000000000000e+02 1.736314363714814180e+00
8.090000000000000000e+02 1.736338869108369209e+00
8.100000000000000000e+02 1.736363369154131364e+00
8.110000000000000000e+02 1.736387863852100866e+00
8.120000000000000000e+02 1.736412353202277714e+00
8.130000000000000000e+02 1.736436837204662131e+00
8.140000000000000000e+02 1.736461315859253673e+00
8.150000000000000000e+02 1.736485789166052784e+00
8.160000000000000000e+02 1.736510257125059020e+00
8.170000000000000000e+02 1.736534719736272603e+00
8.180000000000000000e+02 1.736559176999693754e+00
8.190000000000000000e+02 1.736583628915322253e+00
8.200000000000000000e+02 1.736608075483157876e+00
8.210000000000000000e+02 1.736632516703201068e+00
8.220000000000000000e+02 1.736656952575451385e+00
8.230000000000000000e+02 1.736681383099909270e+00
8.240000000000000000e+02 1.736705808276574503e+00
8.250000000000000000e+02 1.736730228105446860e+00
8.260000000000000000e+02 1.736754642586526787e+00
8.270000000000000000e+02 1.736779051719814060e+00
8.280000000000000000e+02 1.736803455505308680e+00
8.290000000000000000e+02 1.736827853943010425e+00
8.300000000000000000e+02 1.736852247032919738e+00
8.310000000000000000e+02 1.736876634775036399e+00
8.320000000000000000e+02 1.736901017169360406e+00
8.330000000000000000e+02 1.736925394215891760e+00
8.340000000000000000e+02 1.736949765914630461e+00
8.350000000000000000e+02 1.736974132265576509e+00
8.360000000000000000e+02 1.736998493268729904e+00
8.370000000000000000e+02 1.737022848924090646e+00
8.380000000000000000e+02 1.737047199231658734e+00
8.390000000000000000e+02 1.737071544191434169e+00
8.400000000000000000e+02 1.737095883803416951e+00
8.410000000000000000e+02 1.737120218067607080e+00
8.420000000000000000e+02 1.737144546984004778e+00
8.430000000000000000e+02 1.737168870552609601e+00
8.440000000000000000e+02 1.737193188773421770e+00
8.450000000000000000e+02 1.737217501646441287e+00
8.460000000000000000e+02 1.737241809171668372e+00
8.470000000000000000e+02 1.737266111349102582e+00
8.480000000000000000e+02 1.737290408178744139e+00
8.490000000000000000e+02 1.737314699660593265e+00
8.500000000000000000e+02 1.737338985794649515e+00
8.510000000000000000e+02 1.737363266580913335e+00
8.520000000000000000e+02 1.737387542019384279e+00
8.530000000000000000e+02 1.737411812110062792e+00
8.540000000000000000e+02 1.737436076852948430e+00
8.550000000000000000e+02 1.737460336248041637e+00
8.560000000000000000e+02 1.737484590295342191e+00
8.570000000000000000e+02 1.737508838994849869e+00
8.580000000000000000e+02 1.737533082346565116e+00
8.590000000000000000e+02 1.737557320350487711e+00
8.600000000000000000e+02 1.737581553006617430e+00
8.610000000000000000e+02 1.737605780314954718e+00
8.620000000000000000e+02 1.737630002275499352e+00
8.630000000000000000e+02 1.737654218888251334e+00
8.640000000000000000e+02 1.737678430153210440e+00
8.650000000000000000e+02 1.737702636070377116e+00
8.660000000000000000e+02 1.737726836639751138e+00
8.670000000000000000e+02 1.737751031861332507e+00
8.680000000000000000e+02 1.737775221735121223e+00
8.690000000000000000e+02 1.737799406261117285e+00
8.700000000000000000e+02 1.737823585439320695e+00
8.710000000000000000e+02 1.737847759269731451e+00
8.720000000000000000e+02 1.737871927752349555e+00
8.730000000000000000e+02 1.737896090887175005e+00
8.740000000000000000e+02 1.737920248674208024e+00
8.750000000000000000e+02 1.737944401113448167e+00
8.760000000000000000e+02 1.737968548204895658e+00
8.770000000000000000e+02 1.737992689948550495e+00
8.780000000000000000e+02 1.738016826344412680e+00
8.790000000000000000e+02 1.738040957392482433e+00
8.800000000000000000e+02 1.738065083092759311e+00
8.810000000000000000e+02 1.738089203445243536e+00
8.820000000000000000e+02 1.738113318449935329e+00
8.830000000000000000e+02 1.738137428106834248e+00
8.840000000000000000e+02 1.738161532415940735e+00
8.850000000000000000e+02 1.738185631377254348e+00
8.860000000000000000e+02 1.738209724990775529e+00
8.870000000000000000e+02 1.738233813256503835e+00
8.880000000000000000e+02 1.738257896174439709e+00
8.890000000000000000e+02 1.738281973744582709e+00
8.900000000000000000e+02 1.738306045966933278e+00
8.910000000000000000e+02 1.738330112841491193e+00
8.920000000000000000e+02 1.738354174368256233e+00
8.930000000000000000e+02 1.738378230547228842e+00
8.940000000000000000e+02 1.738402281378408798e+00
8.950000000000000000e+02 1.738426326861795879e+00
8.960000000000000000e+02 1.738450366997390528e+00
8.970000000000000000e+02 1.738474401785192525e+00
8.980000000000000000e+02 1.738498431225201868e+00
8.990000000000000000e+02 1.738522455317418558e+00
9.000000000000000000e+02 1.738546474061842595e+00
9.010000000000000000e+02 1.738570487458473979e+00
9.020000000000000000e+02 1.738594495507312709e+00
9.030000000000000000e+02 1.738618498208358787e+00
9.040000000000000000e+02 1.738642495561612211e+00
9.050000000000000000e+02 1.738666487567072982e+00
9.060000000000000000e+02 1.738690474224741100e+00
9.070000000000000000e+02 1.738714455534616565e+00
9.080000000000000000e+02 1.738738431496699377e+00
9.090000000000000000e+02 1.738762402110989536e+00
9.100000000000000000e+02 1.738786367377487263e+00
9.110000000000000000e+02 1.738810327296192115e+00
9.120000000000000000e+02 1.738834281867104314e+00
9.130000000000000000e+02 1.738858231090223860e+00
9.140000000000000000e+02 1.738882174965550975e+00
9.150000000000000000e+02 1.738906113493085215e+00
9.160000000000000000e+02 1.738930046672826801e+00
9.170000000000000000e+02 1.738953974504775957e+00
9.180000000000000000e+02 1.738977896988932237e+00
9.190000000000000000e+02 1.739001814125296086e+00
9.200000000000000000e+02 1.739025725913867060e+00
9.210000000000000000e+02 1.739049632354645603e+00
9.220000000000000000e+02 1.739073533447631270e+00
9.230000000000000000e+02 1.739097429192824507e+00
9.240000000000000000e+02 1.739121319590225090e+00
9.250000000000000000e+02 1.739145204639832798e+00
9.260000000000000000e+02 1.739169084341648075e+00
9.270000000000000000e+02 1.739192958695670699e+00
9.280000000000000000e+02 1.739216827701900447e+00
9.290000000000000000e+02 1.739240691360337765e+00
9.300000000000000000e+02 1.739264549670982429e+00
9.310000000000000000e+02 1.739288402633834441e+00
9.320000000000000000e+02 1.739312250248893799e+00
9.330000000000000000e+02 1.739336092516160504e+00
9.340000000000000000e+02 1.739359929435634333e+00
9.350000000000000000e+02 1.739383761007315732e+00
9.360000000000000000e+02 1.739407587231204477e+00
9.370000000000000000e+02 1.739431408107300570e+00
9.380000000000000000e+02 1.739455223635604009e+00
9.390000000000000000e+02 1.739479033816115017e+00
9.400000000000000000e+02 1.739502838648833150e+00
9.410000000000000000e+02 1.739526638133758629e+00
9.420000000000000000e+02 1.739550432270891456e+00
9.430000000000000000e+02 1.739574221060231629e+00
9.440000000000000000e+02 1.739598004501779149e+00
9.450000000000000000e+02 1.739621782595534238e+00
9.460000000000000000e+02 1.739645555341496452e+00
9.470000000000000000e+02 1.739669322739666013e+00
9.480000000000000000e+02 1.739693084790042921e+00
9.490000000000000000e+02 1.739716841492627397e+00
9.500000000000000000e+02 1.739740592847418998e+00
9.510000000000000000e+02 1.739764338854418169e+00
9.520000000000000000e+02 1.739788079513624464e+00
9.530000000000000000e+02 1.739811814825038327e+00
9.540000000000000000e+02 1.739835544788659316e+00
9.550000000000000000e+02 1.739859269404487874e+00
9.560000000000000000e+02 1.739882988672523556e+00
9.570000000000000000e+02 1.739906702592766807e+00
9.580000000000000000e+02 1.739930411165217183e+00
9.590000000000000000e+02 1.739954114389875128e+00
9.600000000000000000e+02 1.739977812266740420e+00
9.610000000000000000e+02 1.740001504795813059e+00
9.620000000000000000e+02 1.740025191977092822e+00
9.630000000000000000e+02 1.740048873810580154e+00
9.640000000000000000e+02 1.740072550296274834e+00
9.650000000000000000e+02 1.740096221434176860e+00
9.660000000000000000e+02 1.740119887224286233e+00
9.670000000000000000e+02 1.740143547666602730e+00
9.680000000000000000e+02 1.740167202761126797e+00
9.690000000000000000e+02 1.740190852507858210e+00
9.700000000000000000e+02 1.740214496906796970e+00
9.710000000000000000e+02 1.740238135957943078e+00
9.720000000000000000e+02 1.740261769661296531e+00
9.730000000000000000e+02 1.740285398016857332e+00
9.740000000000000000e+02 1.740309021024625702e+00
9.750000000000000000e+02 1.740332638684601196e+00
9.760000000000000000e+02 1.740356250996784038e+00
9.770000000000000000e+02 1.740379857961174226e+00
9.780000000000000000e+02 1.740403459577771761e+00
9.790000000000000000e+02 1.740427055846576865e+00
9.800000000000000000e+02 1.740450646767589093e+00
9.810000000000000000e+02 1.740474232340808669e+00
9.820000000000000000e+02 1.740497812566235591e+00
9.830000000000000000e+02 1.740521387443870083e+00
9.840000000000000000e+02 1.740544956973711699e+00
9.850000000000000000e+02 1.740568521155760884e+00
9.860000000000000000e+02 1.740592079990017194e+00
9.870000000000000000e+02 1.740615633476481072e+00
9.880000000000000000e+02 1.740639181615152076e+00
9.890000000000000000e+02 1.740662724406030648e+00
9.900000000000000000e+02 1.740686261849116345e+00
9.910000000000000000e+02 1.740709793944409611e+00
9.920000000000000000e+02 1.740733320691910002e+00
9.930000000000000000e+02 1.740756842091617962e+00
9.940000000000000000e+02 1.740780358143533268e+00
9.950000000000000000e+02 1.740803868847655922e+00
9.960000000000000000e+02 1.740827374203985700e+00
9.970000000000000000e+02 1.740850874212523047e+00
9.980000000000000000e+02 1.740874368873267741e+00
9.990000000000000000e+02 1.740897858186219782e+00
1.000000000000000000e+03 1.740921342151379170e+00
1.001000000000000000e+03 1.740944820768745904e+00
1.002000000000000000e+03 1.740968294038319764e+00
1.003000000000000000e+03 1.740991761960101192e+00
1.004000000000000000e+03 1.741015224534089967e+00
1.005000000000000000e+03 1.741038681760286089e+00
1.006000000000000000e+03 1.741062133638689780e+00
1.007000000000000000e+03 1.741085580169300595e+00
1.008000000000000000e+03 1.741109021352118758e+00
1.009000000000000000e+03 1.741132457187144267e+00
1.010000000000000000e+03 1.741155887674377123e+00
1.011000000000000000e+03 1.741179312813817326e+00
1.012000000000000000e+03 1.741202732605464876e+00
1.013000000000000000e+03 1.741226147049319994e+00
1.014000000000000000e+03 1.741249556145382238e+00
1.015000000000000000e+03 1.741272959893651828e+00
1.016000000000000000e+03 1.741296358294128988e+00
1.017000000000000000e+03 1.741319751346813272e+00
1.018000000000000000e+03 1.741343139051704902e+00
1.019000000000000000e+03 1.741366521408804102e+00
1.020000000000000000e+03 1.741389898418110427e+00
1.021000000000000000e+03 1.741413270079624320e+00
1.022000000000000000e+03 1.741436636393345339e+00
