# order=2: data_wav [pixel], data_wavsolution [micron]
3.000000000000000000e+00 1.396590021845251828e+00
4.000000000000000000e+00 1.396613363334248348e+00
5.000000000000000000e+00 1.396636701711809758e+00
6.000000000000000000e+00 1.396660036977935837e+00
7.000000000000000000e+00 1.396683369132626584e+00
8.000000000000000000e+00 1.396706698175881778e+00
9.000000000000000000e+00 1.396730024107701862e+00
1.000000000000000000e+01 1.396753346928086392e+00
1.100000000000000000e+01 1.396776666637035813e+00
1.200000000000000000e+01 1.396799983234549680e+00
1.300000000000000000e+01 1.396823296720628438e+00
1.400000000000000000e+01 1.396846607095271642e+00
1.500000000000000000e+01 1.396869914358479514e+00
1.600000000000000000e+01 1.396893218510252277e+00
1.700000000000000000e+01 1.396916519550589486e+00
1.800000000000000000e+01 1.396939817479491364e+00
1.900000000000000000e+01 1.396963112296957910e+00
2.000000000000000000e+01 1.396986404002989124e+00
2.100000000000000000e+01 1.397009692597585007e+00
2.200000000000000000e+01 1.397032978080745558e+00
2.300000000000000000e+01 1.397056260452470777e+00
2.400000000000000000e+01 1.397079539712760665e+00
2.500000000000000000e+01 1.397102815861615221e+00
2.600000000000000000e+01 1.397126088899034446e+00
2.700000000000000000e+01 1.397149358825018339e+00
2.800000000000000000e+01 1.397172625639566901e+00
2.900000000000000000e+01 1.397195889342679909e+00
3.000000000000000000e+01 1.397219149934357807e+00
3.100000000000000000e+01 1.397242407414600374e+00
3.200000000000000000e+01 1.397265661783407387e+00
3.300000000000000000e+01 1.397288913040779290e+00
3.400000000000000000e+01 1.397312161186715640e+00
3.500000000000000000e+01 1.397335406221216880e+00
3.600000000000000000e+01 1.397358648144282567e+00
3.700000000000000000e+01 1.397381886955912922e+00
3.800000000000000000e+01 1.397405122656108167e+00
3.900000000000000000e+01 1.397428355244867859e+00
4.000000000000000000e+01 1.397451584722192219e+00
4.100000000000000000e+01 1.397474811088081470e+00
4.200000000000000000e+01 1.397498034342535167e+00
4.300000000000000000e+01 1.397521254485553532e+00
4.400000000000000000e+01 1.397544471517136566e+00
4.500000000000000000e+01 1.397567685437284268e+00
4.600000000000000000e+01 1.397590896245996639e+00
4.700000000000000000e+01 1.397614103943273678e+00
4.800000000000000000e+01 1.397637308529115385e+00
4.900000000000000000e+01 1.397660510003521761e+00
5.000000000000000000e+01 1.397683708366492583e+00
5.100000000000000000e+01 1.397706903618028296e+00
5.200000000000000000e+01 1.397730095758128677e+00
5.300000000000000000e+01 1.397753284786793726e+00
5.400000000000000000e+01 1.397776470704023222e+00
5.500000000000000000e+01 1.397799653509817608e+00
5.600000000000000000e+01 1.397822833204176440e+00
5.700000000000000000e+01 1.397846009787100163e+00
5.800000000000000000e+01 1.397869183258588333e+00
5.900000000000000000e+01 1.397892353618641392e+00
6.000000000000000000e+01 1.397915520867258898e+00
6.100000000000000000e+01 1.397938685004441295e+00
6.200000000000000000e+01 1.397961846030188138e+00
6.300000000000000000e+01 1.397985003944499649e+00
6.400000000000000000e+01 1.398008158747375829e+00
6.500000000000000000e+01 1.398031310438816899e+00
6.600000000000000000e+01 1.398054459018822415e+00
6.700000000000000000e+01 1.398077604487392600e+00
6.800000000000000000e+01 1.398100746844527453e+00
6.900000000000000000e+01 1.398123886090226975e+00
7.000000000000000000e+01 1.398147022224491165e+00
7.100000000000000000e+01 1.398170155247320023e+00
7.200000000000000000e+01 1.398193285158713550e+00
7.300000000000000000e+01 1.398216411958671745e+00
7.400000000000000000e+01 1.398239535647194387e+00
7.500000000000000000e+01 1.398262656224281919e+00
7.600000000000000000e+01 1.398285773689934119e+00
7.700000000000000000e+01 1.398308888044150766e+00
7.800000000000000000e+01 1.398331999286932303e+00
7.900000000000000000e+01 1.398355107418278509e+00
8.000000000000000000e+01 1.398378212438189161e+00
8.100000000000000000e+01 1.398401314346664703e+00
8.200000000000000000e+01 1.398424413143704692e+00
8.300000000000000000e+01 1.398447508829309571e+00
8.400000000000000000e+01 1.398470601403478897e+00
8.500000000000000000e+01 1.398493690866212891e+00
8.600000000000000000e+01 1.398516777217511775e+00
8.700000000000000000e+01 1.398539860457375106e+00
8.800000000000000000e+01 1.398562940585803105e+00
8.900000000000000000e+01 1.398586017602795772e+00
9.000000000000000000e+01 1.398609091508353108e+00
9.100000000000000000e+01 1.398632162302475113e+00
9.200000000000000000e+01 1.398655229985161785e+00
9.300000000000000000e+01 1.398678294556413126e+00
9.400000000000000000e+01 1.398701356016229136e+00
9.500000000000000000e+01 1.398724414364609814e+00
9.600000000000000000e+01 1.398747469601555160e+00
9.700000000000000000e+01 1.398770521727065175e+00
9.800000000000000000e+01 1.398793570741139858e+00
9.900000000000000000e+01 1.398816616643778987e+00
1.000000000000000000e+02 1.398839659434983007e+00
1.010000000000000000e+02 1.398862699114751695e+00
1.020000000000000000e+02 1.398885735683084830e+00
1.030000000000000000e+02 1.398908769139982855e+00
1.040000000000000000e+02 1.398931799485445326e+00
1.050000000000000000e+02 1.398954826719472688e+00
1.060000000000000000e+02 1.398977850842064496e+00
1.070000000000000000e+02 1.399000871853221195e+00
1.080000000000000000e+02 1.399023889752942340e+00
1.090000000000000000e+02 1.399046904541228153e+00
1.100000000000000000e+02 1.399069916218078635e+00
1.110000000000000000e+02 1.399092924783494007e+00
1.120000000000000000e+02 1.399115930237473826e+00
1.130000000000000000e+02 1.399138932580018313e+00
1.140000000000000000e+02 1.399161931811127468e+00
1.150000000000000000e+02 1.399184927930801292e+00
1.160000000000000000e+02 1.399207920939039784e+00
1.170000000000000000e+02 1.399230910835842945e+00
1.180000000000000000e+02 1.399253897621210774e+00
1.190000000000000000e+02 1.399276881295143271e+00
1.200000000000000000e+02 1.399299861857640437e+00
1.210000000000000000e+02 1.399322839308702049e+00
1.220000000000000000e+02 1.399345813648328551e+00
1.230000000000000000e+02 1.399368784876519722e+00
1.240000000000000000e+02 1.399391752993275562e+00
1.250000000000000000e+02 1.399414717998595847e+00
1.260000000000000000e+02 1.399437679892481023e+00
1.270000000000000000e+02 1.399460638674930646e+00
1.280000000000000000e+02 1.399483594345945159e+00
1.290000000000000000e+02 1.399506546905524118e+00
1.300000000000000000e+02 1.399529496353667968e+00
1.310000000000000000e+02 1.399552442690376264e+00
1.320000000000000000e+02 1.399575385915649228e+00
1.330000000000000000e+02 1.399598326029486861e+00
1.340000000000000000e+02 1.399621263031889384e+00
1.350000000000000000e+02 1.399644196922856354e+00
1.360000000000000000e+02 1.399667127702387992e+00
1.370000000000000000e+02 1.399690055370484298e+00
1.380000000000000000e+02 1.399712979927145273e+00
1.390000000000000000e+02 1.399735901372370916e+00
1.400000000000000000e+02 1.399758819706161228e+00
1.410000000000000000e+02 1.399781734928516208e+00
1.420000000000000000e+02 1.399804647039435856e+00
1.430000000000000000e+02 1.399827556038920173e+00
1.440000000000000000e+02 1.399850461926969158e+00
1.450000000000000000e+02 1.399873364703582590e+00
1.460000000000000000e+02 1.399896264368760912e+00
1.470000000000000000e+02 1.399919160922503902e+00
1.480000000000000000e+02 1.399942054364811339e+00
1.490000000000000000e+02 1.399964944695683666e+00
1.500000000000000000e+02 1.399987831915120662e+00
1.510000000000000000e+02 1.400010716023122104e+00
1.520000000000000000e+02 1.400033597019688214e+00
1.530000000000000000e+02 1.400056474904819215e+00
1.540000000000000000e+02 1.400079349678514662e+00
1.550000000000000000e+02 1.400102221340774999e+00
1.560000000000000000e+02 1.400125089891599783e+00
1.570000000000000000e+02 1.400147955330989236e+00
1.580000000000000000e+02 1.400170817658943356e+00
1.590000000000000000e+02 1.400193676875462145e+00
1.600000000000000000e+02 1.400216532980545825e+00
1.610000000000000000e+02 1.400239385974193951e+00
1.620000000000000000e+02 1.400262235856406745e+00
1.630000000000000000e+02 1.400285082627184208e+00
1.640000000000000000e+02 1.400307926286526339e+00
1.650000000000000000e+02 1.400330766834433138e+00
1.660000000000000000e+02 1.400353604270904384e+00
1.670000000000000000e+02 1.400376438595940520e+00
1.680000000000000000e+02 1.400399269809541325e+00
1.690000000000000000e+02 1.400422097911706798e+00
1.700000000000000000e+02 1.400444922902436717e+00
1.710000000000000000e+02 1.400467744781731527e+00
1.720000000000000000e+02 1.400490563549591005e+00
1.730000000000000000e+02 1.400513379206014930e+00
1.740000000000000000e+02 1.400536191751003745e+00
1.750000000000000000e+02 1.400559001184557006e+00
1.760000000000000000e+02 1.400581807506675158e+00
1.770000000000000000e+02 1.400604610717357756e+00
1.780000000000000000e+02 1.400627410816605023e+00
1.790000000000000000e+02 1.400650207804417180e+00
1.800000000000000000e+02 1.400673001680793783e+00
1.810000000000000000e+02 1.400695792445735055e+00
1.820000000000000000e+02 1.400718580099240995e+00
1.830000000000000000e+02 1.400741364641311604e+00
1.840000000000000000e+02 1.400764146071947103e+00
1.850000000000000000e+02 1.400786924391147048e+00
1.860000000000000000e+02 1.400809699598911662e+00
1.870000000000000000e+02 1.400832471695240944e+00
1.880000000000000000e+02 1.400855240680134672e+00
1.890000000000000000e+02 1.400878006553593291e+00
1.900000000000000000e+02 1.400900769315616579e+00
1.910000000000000000e+02 1.400923528966204534e+00
1.920000000000000000e+02 1.400946285505357158e+00
1.930000000000000000e+02 1.400969038933074229e+00
1.940000000000000000e+02 1.400991789249356190e+00
1.950000000000000000e+02 1.401014536454202819e+00
1.960000000000000000e+02 1.401037280547613895e+00
1.970000000000000000e+02 1.401060021529589861e+00
1.980000000000000000e+02 1.401082759400130273e+00
1.990000000000000000e+02 1.401105494159235576e+00
2.000000000000000000e+02 1.401128225806905325e+00
2.010000000000000000e+02 1.401150954343139743e+00
2.020000000000000000e+02 1.401173679767939051e+00
2.030000000000000000e+02 1.401196402081302805e+00
2.040000000000000000e+02 1.401219121283231228e+00
2.050000000000000000e+02 1.401241837373724319e+00
2.060000000000000000e+02 1.401264550352782301e+00
2.070000000000000000e+02 1.401287260220404729e+00
2.080000000000000000e+02 1.401309966976591825e+00
2.090000000000000000e+02 1.401332670621343590e+00
2.100000000000000000e+02 1.401355371154660023e+00
2.110000000000000000e+02 1.401378068576541125e+00
2.120000000000000000e+02 1.401400762886986895e+00
2.130000000000000000e+02 1.401423454085997111e+00
2.140000000000000000e+02 1.401446142173572218e+00
2.150000000000000000e+02 1.401468827149711993e+00
2.160000000000000000e+02 1.401491509014416437e+00
2.170000000000000000e+02 1.401514187767685327e+00
2.180000000000000000e+02 1.401536863409519107e+00
2.190000000000000000e+02 1.401559535939917556e+00
2.200000000000000000e+02 1.401582205358880451e+00
2.210000000000000000e+02 1.401604871666408236e+00
2.220000000000000000e+02 1.401627534862500468e+00
2.230000000000000000e+02 1.401650194947157591e+00
2.240000000000000000e+02 1.401672851920379159e+00
2.250000000000000000e+02 1.401695505782165396e+00
2.260000000000000000e+02 1.401718156532516524e+00
2.270000000000000000e+02 1.401740804171432098e+00
2.280000000000000000e+02 1.401763448698912340e+00
2.290000000000000000e+02 1.401786090114957251e+00
2.300000000000000000e+02 1.401808728419566830e+00
2.310000000000000000e+02 1.401831363612741077e+00
2.320000000000000000e+02 1.401853995694479993e+00
2.330000000000000000e+02 1.401876624664783577e+00
2.340000000000000000e+02 1.401899250523651830e+00
2.350000000000000000e+02 1.401921873271084751e+00
2.360000000000000000e+02 1.401944492907082340e+00
2.370000000000000000e+02 1.401967109431644598e+00
2.380000000000000000e+02 1.401989722844771524e+00
2.390000000000000000e+02 1.402012333146462897e+00
2.400000000000000000e+02 1.402034940336719160e+00
2.410000000000000000e+02 1.402057544415540091e+00
2.420000000000000000e+02 1.402080145382925469e+00
2.430000000000000000e+02 1.402102743238875737e+00
2.440000000000000000e+02 1.402125337983390452e+00
2.450000000000000000e+02 1.402147929616470057e+00
2.460000000000000000e+02 1.402170518138114108e+00
2.470000000000000000e+02 1.402193103548323050e+00
2.480000000000000000e+02 1.402215685847096438e+00
2.490000000000000000e+02 1.402238265034434495e+00
2.500000000000000000e+02 1.402260841110337442e+00
2.510000000000000000e+02 1.402283414074804835e+00
2.520000000000000000e+02 1.402305983927836897e+00
2.530000000000000000e+02 1.402328550669433627e+00
2.540000000000000000e+02 1.402351114299595025e+00
2.550000000000000000e+02 1.402373674818321092e+00
2.560000000000000000e+02 1.402396232225611827e+00
2.570000000000000000e+02 1.402418786521467231e+00
2.580000000000000000e+02 1.402441337705887303e+00
2.590000000000000000e+02 1.402463885778872044e+00
2.600000000000000000e+02 1.402486430740421453e+00
2.610000000000000000e+02 1.402508972590535530e+00
2.620000000000000000e+02 1.402531511329214275e+00
2.630000000000000000e+02 1.402554046956457467e+00
2.640000000000000000e+02 1.402576579472265550e+00
2.650000000000000000e+02 1.402599108876638301e+00
2.660000000000000000e+02 1.402621635169575498e+00
2.670000000000000000e+02 1.402644158351077586e+00
2.680000000000000000e+02 1.402666678421144120e+00
2.690000000000000000e+02 1.402689195379775544e+00
2.700000000000000000e+02 1.402711709226971415e+00
2.710000000000000000e+02 1.402734219962731954e+00
2.720000000000000000e+02 1.402756727587057384e+00
2.730000000000000000e+02 1.402779232099947260e+00
2.740000000000000000e+02 1.402801733501401804e+00
2.750000000000000000e+02 1.402824231791421017e+00
2.760000000000000000e+02 1.402846726970005120e+00
2.770000000000000000e+02 1.402869219037153670e+00
2.780000000000000000e+02 1.402891707992866888e+00
2.790000000000000000e+02 1.402914193837144774e+00
2.800000000000000000e+02 1.402936676569987329e+00
2.810000000000000000e+02 1.402959156191394552e+00
2.820000000000000000e+02 1.402981632701366443e+00
2.830000000000000000e+02 1.403004106099902781e+00
2.840000000000000000e+02 1.403026576387004010e+00
2.850000000000000000e+02 1.403049043562669906e+00
2.860000000000000000e+02 1.403071507626900472e+00
2.870000000000000000e+02 1.403093968579695483e+00
2.880000000000000000e+02 1.403116426421055385e+00
2.890000000000000000e+02 1.403138881150979955e+00
2.900000000000000000e+02 1.403161332769468972e+00
2.910000000000000000e+02 1.403183781276522879e+00
2.920000000000000000e+02 1.403206226672141232e+00
2.930000000000000000e+02 1.403228668956324476e+00
2.940000000000000000e+02 1.403251108129072167e+00
2.950000000000000000e+02 1.403273544190384525e+00
2.960000000000000000e+02 1.403295977140261774e+00
2.970000000000000000e+02 1.403318406978703470e+00
2.980000000000000000e+02 1.403340833705709834e+00
2.990000000000000000e+02 1.403363257321280866e+00
3.000000000000000000e+02 1.403385677825416566e+00
3.010000000000000000e+02 1.403408095218116935e+00
3.020000000000000000e+02 1.403430509499381973e+00
3.030000000000000000e+02 1.403452920669211679e+00
3.040000000000000000e+02 1.403475328727606053e+00
3.050000000000000000e+02 1.403497733674565096e+00
3.060000000000000000e+02 1.403520135510088807e+00
3.070000000000000000e+02 1.403542534234177186e+00
3.080000000000000000e+02 1.403564929846830234e+00
3.090000000000000000e+02 1.403587322348047950e+00
3.100000000000000000e+02 1.403609711737830112e+00
3.110000000000000000e+02 1.403632098016177165e+00
3.120000000000000000e+02 1.403654481183088887e+00
3.130000000000000000e+02 1.403676861238565055e+00
3.140000000000000000e+02 1.403699238182606113e+00
3.150000000000000000e+02 1.403721612015211617e+00
3.160000000000000000e+02 1.403743982736382012e+00
3.170000000000000000e+02 1.403766350346116853e+00
3.180000000000000000e+02 1.403788714844416363e+00
3.190000000000000000e+02 1.403811076231280763e+00
3.200000000000000000e+02 1.403833434506709610e+00
3.210000000000000000e+02 1.403855789670703125e+00
3.220000000000000000e+02 1.403878141723261308e+00
3.230000000000000000e+02 1.403900490664384160e+00
3.240000000000000000e+02 1.403922836494071902e+00
3.250000000000000000e+02 1.403945179212324090e+00
3.260000000000000000e+02 1.403967518819140947e+00
3.270000000000000000e+02 1.403989855314522472e+00
3.280000000000000000e+02 1.404012188698468444e+00
3.290000000000000000e+02 1.404034518970979306e+00
3.300000000000000000e+02 1.404056846132054837e+00
3.310000000000000000e+02 1.404079170181695035e+00
3.320000000000000000e+02 1.404101491119899903e+00
3.330000000000000000e+02 1.404123808946669216e+00
3.340000000000000000e+02 1.404146123662003420e+00
3.350000000000000000e+02 1.404168435265902293e+00
3.360000000000000000e+02 1.404190743758365612e+00
3.370000000000000000e+02 1.404213049139393821e+00
3.380000000000000000e+02 1.404235351408986476e+00
3.390000000000000000e+02 1.404257650567144022e+00
3.400000000000000000e+02 1.404279946613866015e+00
3.410000000000000000e+02 1.404302239549152898e+00
3.420000000000000000e+02 1.404324529373004227e+00
3.430000000000000000e+02 1.404346816085420224e+00
3.440000000000000000e+02 1.404369099686400890e+00
3.450000000000000000e+02 1.404391380175946447e+00
3.460000000000000000e+02 1.404413657554056449e+00
3.470000000000000000e+02 1.404435931820731120e+00
3.480000000000000000e+02 1.404458202975970460e+00
3.490000000000000000e+02 1.404480471019774468e+00
3.500000000000000000e+02 1.404502735952143144e+00
3.510000000000000000e+02 1.404524997773076489e+00
3.520000000000000000e+02 1.404547256482574502e+00
3.530000000000000000e+02 1.404569512080637184e+00
3.540000000000000000e+02 1.404591764567264534e+00
3.550000000000000000e+02 1.404614013942456330e+00
3.560000000000000000e+02 1.404636260206213016e+00
3.570000000000000000e+02 1.404658503358534372e+00
3.580000000000000000e+02 1.404680743399420173e+00
3.590000000000000000e+02 1.404702980328870865e+00
3.600000000000000000e+02 1.404725214146886225e+00
3.610000000000000000e+02 1.404747444853466032e+00
3.620000000000000000e+02 1.404769672448610729e+00
3.630000000000000000e+02 1.404791896932319872e+00
3.640000000000000000e+02 1.404814118304593684e+00
3.650000000000000000e+02 1.404836336565432386e+00
3.660000000000000000e+02 1.404858551714835535e+00
3.670000000000000000e+02 1.404880763752803352e+00
3.680000000000000000e+02 1.404902972679335837e+00
3.690000000000000000e+02 1.404925178494433213e+00
3.700000000000000000e+02 1.404947381198095036e+00
3.710000000000000000e+02 1.404969580790321526e+00
3.720000000000000000e+02 1.404991777271112685e+00
3.730000000000000000e+02 1.405013970640468512e+00
3.740000000000000000e+02 1.405036160898389008e+00
3.750000000000000000e+02 1.405058348044874172e+00
3.760000000000000000e+02 1.405080532079924005e+00
3.770000000000000000e+02 1.405102713003538284e+00
3.780000000000000000e+02 1.405124890815717453e+00
3.790000000000000000e+02 1.405147065516461291e+00
3.800000000000000000e+02 1.405169237105769797e+00
3.810000000000000000e+02 1.405191405583642750e+00
3.820000000000000000e+02 1.405213570950080593e+00
3.830000000000000000e+02 1.405235733205083104e+00
3.840000000000000000e+02 1.405257892348650062e+00
3.850000000000000000e+02 1.405280048380781910e+00
3.860000000000000000e+02 1.405302201301478204e+00
3.870000000000000000e+02 1.405324351110739167e+00
3.880000000000000000e+02 1.405346497808565021e+00
3.890000000000000000e+02 1.405368641394955320e+00
3.900000000000000000e+02 1.405390781869910288e+00
3.910000000000000000e+02 1.405412919233430147e+00
3.920000000000000000e+02 1.405435053485514452e+00
3.930000000000000000e+02 1.405457184626163425e+00
3.940000000000000000e+02 1.405479312655377067e+00
3.950000000000000000e+02 1.405501437573155377e+00
3.960000000000000000e+02 1.405523559379498355e+00
3.970000000000000000e+02 1.405545678074406002e+00
3.980000000000000000e+02 1.405567793657878317e+00
3.990000000000000000e+02 1.405589906129915301e+00
4.000000000000000000e+02 1.405612015490516953e+00
4.010000000000000000e+02 1.405634121739683273e+00
4.020000000000000000e+02 1.405656224877414040e+00
4.030000000000000000e+02 1.405678324903709697e+00
4.040000000000000000e+02 1.405700421818570023e+00
4.050000000000000000e+02 1.405722515621994795e+00
4.060000000000000000e+02 1.405744606313984457e+00
4.070000000000000000e+02 1.405766693894538566e+00
4.080000000000000000e+02 1.405788778363657565e+00
4.090000000000000000e+02 1.405810859721341011e+00
4.100000000000000000e+02 1.405832937967589347e+00
4.110000000000000000e+02 1.405855013102402129e+00
4.120000000000000000e+02 1.405877085125779802e+00
4.130000000000000000e+02 1.405899154037721921e+00
4.140000000000000000e+02 1.405921219838228708e+00
4.150000000000000000e+02 1.405943282527300164e+00
4.160000000000000000e+02 1.405965342104936289e+00
4.170000000000000000e+02 1.405987398571137303e+00
4.180000000000000000e+02 1.406009451925902765e+00
4.190000000000000000e+02 1.406031502169232894e+00
4.200000000000000000e+02 1.406053549301127692e+00
4.210000000000000000e+02 1.406075593321587158e+00
4.220000000000000000e+02 1.406097634230611293e+00
4.230000000000000000e+02 1.406119672028199874e+00
4.240000000000000000e+02 1.406141706714353345e+00
4.250000000000000000e+02 1.406163738289071485e+00
4.260000000000000000e+02 1.406185766752354294e+00
4.270000000000000000e+02 1.406207792104201548e+00
4.280000000000000000e+02 1.406229814344613693e+00
4.290000000000000000e+02 1.406251833473590507e+00
4.300000000000000000e+02 1.406273849491131767e+00
4.310000000000000000e+02 1.406295862397237917e+00
4.320000000000000000e+02 1.406317872191908513e+00
4.330000000000000000e+02 1.406339878875144001e+00
4.340000000000000000e+02 1.406361882446943934e+00
4.350000000000000000e+02 1.406383882907308536e+00
4.360000000000000000e+02 1.406405880256238028e+00
4.370000000000000000e+02 1.406427874493731967e+00
4.380000000000000000e+02 1.406449865619790573e+00
4.390000000000000000e+02 1.406471853634413849e+00
4.400000000000000000e+02 1.406493838537602015e+00
4.410000000000000000e+02 1.406515820329354627e+00
4.420000000000000000e+02 1.406537799009671907e+00
4.430000000000000000e+02 1.406559774578553856e+00
4.440000000000000000e+02 1.406581747036000474e+00
4.450000000000000000e+02 1.406603716382011759e+00
4.460000000000000000e+02 1.406625682616587492e+00
4.470000000000000000e+02 1.406647645739728114e+00
4.480000000000000000e+02 1.406669605751433405e+00
4.490000000000000000e+02 1.406691562651703364e+00
4.500000000000000000e+02 1.406713516440537992e+00
4.510000000000000000e+02 1.406735467117937066e+00
4.520000000000000000e+02 1.406757414683901031e+00
4.530000000000000000e+02 1.406779359138429442e+00
4.540000000000000000e+02 1.406801300481522743e+00
4.550000000000000000e+02 1.406823238713180491e+00
4.560000000000000000e+02 1.406845173833403129e+00
4.570000000000000000e+02 1.406867105842190213e+00
4.580000000000000000e+02 1.406889034739542188e+00
4.590000000000000000e+02 1.406910960525458609e+00
4.600000000000000000e+02 1.406932883199939699e+00
4.610000000000000000e+02 1.406954802762985457e+00
4.620000000000000000e+02 1.406976719214596105e+00
4.630000000000000000e+02 1.406998632554771200e+00
4.640000000000000000e+02 1.407020542783510964e+00
4.650000000000000000e+02 1.407042449900815395e+00
4.660000000000000000e+02 1.407064353906684495e+00
4.670000000000000000e+02 1.407086254801118264e+00
4.680000000000000000e+02 1.407108152584116700e+00
4.690000000000000000e+02 1.407130047255679806e+00
4.700000000000000000e+02 1.407151938815807579e+00
4.710000000000000000e+02 1.407173827264499799e+00
4.720000000000000000e+02 1.407195712601756910e+00
4.730000000000000000e+02 1.407217594827578688e+00
4.740000000000000000e+02 1.407239473941965135e+00
4.750000000000000000e+02 1.407261349944916029e+00
4.760000000000000000e+02 1.407283222836431813e+00
4.770000000000000000e+02 1.407305092616512043e+00
4.780000000000000000e+02 1.407326959285157164e+00
4.790000000000000000e+02 1.407348822842366731e+00
4.800000000000000000e+02 1.407370683288141189e+00
4.810000000000000000e+02 1.407392540622480093e+00
4.820000000000000000e+02 1.407414394845383887e+00
4.830000000000000000e+02 1.407436245956852128e+00
4.840000000000000000e+02 1.407458093956885037e+00
4.850000000000000000e+02 1.407479938845482614e+00
4.860000000000000000e+02 1.407501780622644860e+00
4.870000000000000000e+02 1.407523619288371997e+00
4.880000000000000000e+02 1.407545454842663579e+00
4.890000000000000000e+02 1.407567287285519830e+00
4.900000000000000000e+02 1.407589116616940750e+00
4.910000000000000000e+02 1.407610942836926338e+00
4.920000000000000000e+02 1.407632765945476594e+00
4.930000000000000000e+02 1.407654585942591297e+00
4.940000000000000000e+02 1.407676402828270890e+00
4.950000000000000000e+02 1.407698216602515151e+00
4.960000000000000000e+02 1.407720027265324081e+00
4.970000000000000000e+02 1.407741834816697457e+00
4.980000000000000000e+02 1.407763639256635724e+00
4.990000000000000000e+02 1.407785440585138659e+00
5.000000000000000000e+02 1.407807238802206040e+00
5.010000000000000000e+02 1.407829033907838312e+00
5.020000000000000000e+02 1.407850825902035030e+00
5.030000000000000000e+02 1.407872614784796639e+00
5.040000000000000000e+02 1.407894400556122694e+00
5.050000000000000000e+02 1.407916183216013639e+00
5.060000000000000000e+02 1.407937962764469031e+00
5.070000000000000000e+02 1.407959739201489091e+00
5.080000000000000000e+02 1.407981512527073820e+00
5.090000000000000000e+02 1.408003282741223439e+00
5.100000000000000000e+02 1.408025049843937504e+00
5.110000000000000000e+02 1.408046813835216238e+00
5.120000000000000000e+02 1.408068574715059640e+00
5.130000000000000000e+02 1.408090332483467710e+00
5.140000000000000000e+02 1.408112087140440449e+00
5.150000000000000000e+02 1.408133838685977857e+00
5.160000000000000000e+02 1.408155587120079932e+00
5.170000000000000000e+02 1.408177332442746454e+00
5.180000000000000000e+02 1.408199074653977867e+00
5.190000000000000000e+02 1.408220813753773948e+00
5.200000000000000000e+02 1.408242549742134697e+00
5.210000000000000000e+02 1.408264282619059893e+00
5.220000000000000000e+02 1.408286012384549979e+00
5.230000000000000000e+02 1.408307739038604733e+00
5.240000000000000000e+02 1.408329462581223934e+00
5.250000000000000000e+02 1.408351183012408026e+00
5.260000000000000000e+02 1.408372900332156563e+00
5.270000000000000000e+02 1.408394614540469769e+00
5.280000000000000000e+02 1.408416325637347866e+00
5.290000000000000000e+02 1.408438033622790408e+00
5.300000000000000000e+02 1.408459738496797620e+00
5.310000000000000000e+02 1.408481440259369721e+00
5.320000000000000000e+02 1.408503138910506269e+00
5.330000000000000000e+02 1.408524834450207486e+00
5.340000000000000000e+02 1.408546526878473371e+00
5.350000000000000000e+02 1.408568216195303924e+00
5.360000000000000000e+02 1.408589902400699145e+00
5.370000000000000000e+02 1.408611585494659035e+00
5.380000000000000000e+02 1.408633265477183594e+00
5.390000000000000000e+02 1.408654942348272820e+00
5.400000000000000000e+02 1.408676616107926716e+00
5.410000000000000000e+02 1.408698286756145279e+00
5.420000000000000000e+02 1.408719954292928511e+00
5.430000000000000000e+02 1.408741618718276190e+00
5.440000000000000000e+02 1.408763280032188758e+00
5.450000000000000000e+02 1.408784938234665995e+00
5.460000000000000000e+02 1.408806593325707679e+00
5.470000000000000000e+02 1.408828245305314253e+00
5.480000000000000000e+02 1.408849894173485273e+00
5.490000000000000000e+02 1.408871539930221184e+00
5.500000000000000000e+02 1.408893182575521541e+00
5.510000000000000000e+02 1.408914822109386789e+00
5.520000000000000000e+02 1.408936458531816482e+00
5.530000000000000000e+02 1.408958091842810845e+00
5.540000000000000000e+02 1.408979722042369875e+00
5.550000000000000000e+02 1.409001349130493796e+00
5.560000000000000000e+02 1.409022973107182164e+00
5.570000000000000000e+02 1.409044593972435200e+00
5.580000000000000000e+02 1.409066211726252904e+00
5.590000000000000000e+02 1.409087826368635277e+00
5.600000000000000000e+02 1.409109437899582318e+00
5.610000000000000000e+02 1.409131046319094027e+00
5.620000000000000000e+02 1.409152651627170405e+00
5.630000000000000000e+02 1.409174253823811451e+00
5.640000000000000000e+02 1.409195852909017166e+00
5.650000000000000000e+02 1.409217448882787327e+00
5.660000000000000000e+02 1.409239041745122378e+00
5.670000000000000000e+02 1.409260631496022098e+00
5.680000000000000000e+02 1.409282218135486486e+00
5.690000000000000000e+02 1.409303801663515321e+00
5.700000000000000000e+02 1.409325382080109046e+00
5.710000000000000000e+02 1.409346959385267217e+00
5.720000000000000000e+02 1.409368533578990279e+00
5.730000000000000000e+02 1.409390104661277787e+00
5.740000000000000000e+02 1.409411672632130186e+00
5.750000000000000000e+02 1.409433237491547031e+00
5.760000000000000000e+02 1.409454799239528544e+00
5.770000000000000000e+02 1.409476357876074948e+00
5.780000000000000000e+02 1.409497913401185798e+00
5.790000000000000000e+02 1.409519465814861316e+00
5.800000000000000000e+02 1.409541015117101503e+00
5.810000000000000000e+02 1.409562561307906359e+00
5.820000000000000000e+02 1.409584104387275882e+00
5.830000000000000000e+02 1.409605644355210075e+00
5.840000000000000000e+02 1.409627181211708935e+00
5.850000000000000000e+02 1.409648714956772464e+00
5.860000000000000000e+02 1.409670245590400661e+00
5.870000000000000000e+02 1.409691773112593527e+00
5.880000000000000000e+02 1.409713297523351061e+00
5.890000000000000000e+02 1.409734818822673041e+00
5.900000000000000000e+02 1.409756337010559912e+00
5.910000000000000000e+02 1.409777852087011452e+00
5.920000000000000000e+02 1.409799364052027659e+00
5.930000000000000000e+02 1.409820872905608313e+00
5.940000000000000000e+02 1.409842378647753858e+00
5.950000000000000000e+02 1.409863881278463849e+00
5.960000000000000000e+02 1.409885380797738730e+00
5.970000000000000000e+02 1.409906877205578057e+00
5.980000000000000000e+02 1.409928370501982053e+00
5.990000000000000000e+02 1.409949860686950940e+00
6.000000000000000000e+02 1.409971347760484273e+00
6.010000000000000000e+02 1.409992831722582274e+00
6.020000000000000000e+02 1.410014312573244943e+00
6.030000000000000000e+02 1.410035790312472503e+00
6.040000000000000000e+02 1.410057264940264510e+00
6.050000000000000000e+02 1.410078736456621185e+00
6.060000000000000000e+02 1.410100204861542528e+00
6.070000000000000000e+02 1.410121670155028539e+00
6.080000000000000000e+02 1.410143132337079219e+00
6.090000000000000000e+02 1.410164591407694568e+00
6.100000000000000000e+02 1.410186047366874584e+00
6.110000000000000000e+02 1.410207500214619047e+00
6.120000000000000000e+02 1.410228949950928401e+00
6.130000000000000000e+02 1.410250396575802423e+00
6.140000000000000000e+02 1.410271840089241113e+00
6.150000000000000000e+02 1.410293280491244250e+00
6.160000000000000000e+02 1.410314717781812277e+00
6.170000000000000000e+02 1.410336151960944751e+00
6.180000000000000000e+02 1.410357583028642114e+00
6.190000000000000000e+02 1.410379010984903925e+00
6.200000000000000000e+02 1.410400435829730625e+00
6.210000000000000000e+02 1.410421857563121772e+00
6.220000000000000000e+02 1.410443276185077810e+00
6.230000000000000000e+02 1.410464691695598294e+00
6.240000000000000000e+02 1.410486104094683446e+00
6.250000000000000000e+02 1.410507513382333267e+00
6.260000000000000000e+02 1.410528919558547978e+00
6.270000000000000000e+02 1.410550322623327135e+00
6.280000000000000000e+02 1.410571722576670961e+00
6.290000000000000000e+02 1.410593119418579455e+00
6.300000000000000000e+02 1.410614513149052618e+00
6.310000000000000000e+02 1.410635903768090449e+00
6.320000000000000000e+02 1.410657291275692948e+00
6.330000000000000000e+02 1.410678675671860116e+00
6.340000000000000000e+02 1.410700056956591730e+00
6.350000000000000000e+02 1.410721435129888235e+00
6.360000000000000000e+02 1.410742810191749408e+00
6.370000000000000000e+02 1.410764182142175249e+00
6.380000000000000000e+02 1.410785550981165537e+00
6.390000000000000000e+02 1.410806916708720715e+00
6.400000000000000000e+02 1.410828279324840562e+00
6.410000000000000000e+02 1.410849638829524855e+00
6.420000000000000000e+02 1.410870995222774038e+00
6.430000000000000000e+02 1.410892348504587668e+00
6.440000000000000000e+02 1.410913698674965966e+00
6.450000000000000000e+02 1.410935045733909154e+00
6.460000000000000000e+02 1.410956389681416789e+00
6.470000000000000000e+02 1.410977730517489093e+00
6.480000000000000000e+02 1.410999068242126286e+00
6.490000000000000000e+02 1.411020402855327927e+00
6.500000000000000000e+02 1.411041734357094235e+00
6.510000000000000000e+02 1.411063062747425212e+00
6.520000000000000000e+02 1.411084388026320857e+00
6.530000000000000000e+02 1.411105710193781171e+00
6.540000000000000000e+02 1.411127029249806153e+00
6.550000000000000000e+02 1.411148345194395803e+00
6.560000000000000000e+02 1.411169658027550122e+00
6.570000000000000000e+02 1.411190967749269110e+00
6.580000000000000000e+02 1.411212274359552765e+00
6.590000000000000000e+02 1.411233577858400867e+00
6.600000000000000000e+02 1.411254878245813860e+00
6.610000000000000000e+02 1.411276175521791520e+00
6.620000000000000000e+02 1.411297469686333628e+00
6.630000000000000000e+02 1.411318760739440625e+00
6.640000000000000000e+02 1.411340048681112291e+00
6.650000000000000000e+02 1.411361333511348404e+00
6.660000000000000000e+02 1.411382615230149185e+00
6.670000000000000000e+02 1.411403893837514856e+00
6.680000000000000000e+02 1.411425169333444973e+00
6.690000000000000000e+02 1.411446441717939981e+00
6.700000000000000000e+02 1.411467710990999436e+00
6.710000000000000000e+02 1.411488977152623558e+00
6.720000000000000000e+02 1.411510240202812350e+00
6.730000000000000000e+02 1.411531500141566031e+00
6.740000000000000000e+02 1.411552756968884159e+00
6.750000000000000000e+02 1.411574010684766955e+00
6.760000000000000000e+02 1.411595261289214420e+00
6.770000000000000000e+02 1.411616508782226553e+00
6.780000000000000000e+02 1.411637753163803355e+00
6.790000000000000000e+02 1.411658994433944825e+00
6.800000000000000000e+02 1.411680232592650963e+00
6.810000000000000000e+02 1.411701467639921548e+00
6.820000000000000000e+02 1.411722699575757023e+00
6.830000000000000000e+02 1.411743928400157166e+00
6.840000000000000000e+02 1.411765154113121978e+00
6.850000000000000000e+02 1.411786376714651237e+00
6.860000000000000000e+02 1.411807596204745385e+00
6.870000000000000000e+02 1.411828812583403980e+00
6.880000000000000000e+02 1.411850025850627466e+00
6.890000000000000000e+02 1.411871236006415398e+00
6.900000000000000000e+02 1.411892443050768220e+00
6.910000000000000000e+02 1.411913646983685489e+00
6.920000000000000000e+02 1.411934847805167648e+00
6.930000000000000000e+02 1.411956045515214253e+00
6.940000000000000000e+02 1.411977240113825527e+00
6.950000000000000000e+02 1.411998431601001469e+00
6.960000000000000000e+02 1.412019619976742302e+00
6.970000000000000000e+02 1.412040805241047581e+00
6.980000000000000000e+02 1.412061987393917528e+00
6.990000000000000000e+02 1.412083166435352144e+00
7.000000000000000000e+02 1.412104342365351428e+00
7.010000000000000000e+02 1.412125515183915381e+00
7.020000000000000000e+02 1.412146684891044002e+00
7.030000000000000000e+02 1.412167851486737291e+00
7.040000000000000000e+02 1.412189014970995027e+00
7.050000000000000000e+02 1.412210175343817653e+00
7.060000000000000000e+02 1.412231332605204948e+00
7.070000000000000000e+02 1.412252486755156911e+00
7.080000000000000000e+02 1.412273637793673320e+00
7.090000000000000000e+02 1.412294785720754620e+00
7.100000000000000000e+02 1.412315930536400588e+00
7.110000000000000000e+02 1.412337072240611002e+00
7.120000000000000000e+02 1.412358210833386307e+00
7.130000000000000000e+02 1.412379346314726059e+00
7.140000000000000000e+02 1.412400478684630700e+00
7.150000000000000000e+02 1.412421607943099788e+00
7.160000000000000000e+02 1.412442734090133545e+00
7.170000000000000000e+02 1.412463857125731970e+00
7.180000000000000000e+02 1.412484977049895285e+00
7.190000000000000000e+02 1.412506093862623047e+00
7.200000000000000000e+02 1.412527207563915477e+00
7.210000000000000000e+02 1.412548318153772575e+00
7.220000000000000000e+02 1.412569425632194342e+00
7.230000000000000000e+02 1.412590529999180777e+00
7.240000000000000000e+02 1.412611631254731881e+00
7.250000000000000000e+02 1.412632729398847653e+00
7.260000000000000000e+02 1.412653824431528093e+00
7.270000000000000000e+02 1.412674916352773202e+00
7.280000000000000000e+02 1.412696005162582980e+00
7.290000000000000000e+02 1.412717090860957425e+00
7.300000000000000000e+02 1.412738173447896317e+00
7.310000000000000000e+02 1.412759252923400100e+00
7.320000000000000000e+02 1.412780329287468550e+00
7.330000000000000000e+02 1.412801402540101448e+00
7.340000000000000000e+02 1.412822472681299235e+00
7.350000000000000000e+02 1.412843539711061469e+00
7.360000000000000000e+02 1.412864603629388593e+00
7.370000000000000000e+02 1.412885664436280164e+00
7.380000000000000000e+02 1.412906722131736625e+00
7.390000000000000000e+02 1.412927776715757533e+00
7.400000000000000000e+02 1.412948828188343109e+00
7.410000000000000000e+02 1.412969876549493353e+00
7.420000000000000000e+02 1.412990921799208488e+00
7.430000000000000000e+02 1.413011963937488069e+00
7.440000000000000000e+02 1.413033002964332319e+00
7.450000000000000000e+02 1.413054038879741237e+00
7.460000000000000000e+02 1.413075071683714823e+00
7.470000000000000000e+02 1.413096101376253078e+00
7.480000000000000000e+02 1.413117127957356001e+00
7.490000000000000000e+02 1.413138151427023592e+00
7.500000000000000000e+02 1.413159171785255852e+00
7.510000000000000000e+02 1.413180189032052780e+00
7.520000000000000000e+02 1.413201203167414155e+00
7.530000000000000000e+02 1.413222214191340420e+00
7.540000000000000000e+02 1.413243222103831354e+00
7.550000000000000000e+02 1.413264226904886955e+00
7.560000000000000000e+02 1.413285228594507004e+00
7.570000000000000000e+02 1.413306227172691942e+00
7.580000000000000000e+02 1.413327222639441327e+00
7.590000000000000000e+02 1.413348214994755603e+00
7.600000000000000000e+02 1.413369204238634325e+00
7.610000000000000000e+02 1.413390190371077937e+00
7.620000000000000000e+02 1.413411173392085995e+00
7.630000000000000000e+02 1.413432153301658722e+00
7.640000000000000000e+02 1.413453130099796340e+00
7.650000000000000000e+02 1.413474103786498404e+00
7.660000000000000000e+02 1.413495074361765136e+00
7.670000000000000000e+02 1.413516041825596536e+00
7.680000000000000000e+02 1.413537006177992605e+00
7.690000000000000000e+02 1.413557967418953343e+00
7.700000000000000000e+02 1.413578925548478749e+00
7.710000000000000000e+02 1.413599880566568823e+00
7.720000000000000000e+02 1.413620832473223565e+00
7.730000000000000000e+02 1.413641781268442976e+00
7.740000000000000000e+02 1.413662726952227056e+00
7.750000000000000000e+02 1.413683669524575803e+00
7.760000000000000000e+02 1.413704608985488997e+00
7.770000000000000000e+02 1.413725545334967082e+00
7.780000000000000000e+02 1.413746478573009835e+00
7.790000000000000000e+02 1.413767408699617256e+00
7.800000000000000000e+02 1.413788335714789124e+00
7.810000000000000000e+02 1.413809259618525882e+00
7.820000000000000000e+02 1.413830180410827086e+00
7.830000000000000000e+02 1.413851098091693181e+00
7.840000000000000000e+02 1.413872012661123723e+00
7.850000000000000000e+02 1.413892924119118932e+00
7.860000000000000000e+02 1.413913832465679032e+00
7.870000000000000000e+02 1.413934737700803579e+00
7.880000000000000000e+02 1.413955639824492794e+00
7.890000000000000000e+02 1.413976538836746677e+00
7.900000000000000000e+02 1.413997434737565451e+00
7.910000000000000000e+02 1.414018327526948671e+00
7.920000000000000000e+02 1.414039217204896559e+00
7.930000000000000000e+02 1.414060103771409116e+00
7.940000000000000000e+02 1.414080987226486341e+00
7.950000000000000000e+02 1.414101867570128235e+00
7.960000000000000000e+02 1.414122744802334797e+00
7.970000000000000000e+02 1.414143618923106027e+00
7.980000000000000000e+02 1.414164489932441704e+00
7.990000000000000000e+02 1.414185357830342271e+00
8.000000000000000000e+02 1.414206222616807507e+00
8.010000000000000000e+02 1.414227084291837411e+00
8.020000000000000000e+02 1.414247942855431761e+00
8.030000000000000000e+02 1.414268798307591002e+00
8.040000000000000000e+02 1.414289650648314689e+00
8.050000000000000000e+02 1.414310499877603267e+00
8.060000000000000000e+02 1.414331345995456291e+00
8.070000000000000000e+02 1.414352189001874205e+00
8.080000000000000000e+02 1.414373028896856566e+00
8.090000000000000000e+02 1.414393865680403817e+00
8.100000000000000000e+02 1.414414699352515514e+00
8.110000000000000000e+02 1.414435529913191880e+00
8.120000000000000000e+02 1.414456357362432914e+00
8.130000000000000000e+02 1.414477181700238617e+00
8.140000000000000000e+02 1.414498002926609210e+00
8.150000000000000000e+02 1.414518821041544250e+00
8.160000000000000000e+02 1.414539636045043958e+00
8.170000000000000000e+02 1.414560447937108334e+00
8.180000000000000000e+02 1.414581256717737379e+00
8.190000000000000000e+02 1.414602062386931092e+00
8.200000000000000000e+02 1.414622864944689251e+00
8.210000000000000000e+02 1.414643664391012301e+00
8.220000000000000000e+02 1.414664460725900019e+00
8.230000000000000000e+02 1.414685253949352406e+00
8.240000000000000000e+02 1.414706044061369461e+00
8.250000000000000000e+02 1.414726831061950962e+00
8.260000000000000000e+02 1.414747614951097354e+00
8.270000000000000000e+02 1.414768395728808192e+00
8.280000000000000000e+02 1.414789173395083921e+00
8.290000000000000000e+02 1.414809947949924096e+00
8.300000000000000000e+02 1.414830719393329161e+00
8.310000000000000000e+02 1.414851487725298673e+00
8.320000000000000000e+02 1.414872252945833075e+00
8.330000000000000000e+02 1.414893015054931924e+00
8.340000000000000000e+02 1.414913774052595441e+00
8.350000000000000000e+02 1.414934529938823848e+00
8.360000000000000000e+02 1.414955282713616702e+00
8.370000000000000000e+02 1.414976032376974224e+00
8.380000000000000000e+02 1.414996778928896415e+00
8.390000000000000000e+02 1.415017522369383274e+00
8.400000000000000000e+02 1.415038262698434801e+00
8.410000000000000000e+02 1.415058999916050997e+00
8.420000000000000000e+02 1.415079734022231861e+00
8.430000000000000000e+02 1.415100465016977394e+00
8.440000000000000000e+02 1.415121192900287594e+00
8.450000000000000000e+02 1.415141917672162464e+00
8.460000000000000000e+02 1.415162639332601779e+00
8.470000000000000000e+02 1.415183357881605986e+00
8.480000000000000000e+02 1.415204073319174860e+00
8.490000000000000000e+02 1.415224785645308181e+00
8.500000000000000000e+02 1.415245494860006392e+00
8.510000000000000000e+02 1.415266200963269050e+00
8.520000000000000000e+02 1.415286903955096598e+00
8.530000000000000000e+02 1.415307603835488592e+00
8.540000000000000000e+02 1.415328300604445477e+00
8.550000000000000000e+02 1.415348994261966808e+00
8.560000000000000000e+02 1.415369684808053030e+00
8.570000000000000000e+02 1.415390372242703698e+00
8.580000000000000000e+02 1.415411056565919035e+00
8.590000000000000000e+02 1.415431737777699039e+00
8.600000000000000000e+02 1.415452415878043713e+00
8.610000000000000000e+02 1.415473090866953276e+00
8.620000000000000000e+02 1.415493762744427286e+00
8.630000000000000000e+02 1.415514431510465965e+00
8.640000000000000000e+02 1.415535097165069311e+00
8.650000000000000000e+02 1.415555759708237327e+00
8.660000000000000000e+02 1.415576419139970010e+00
8.670000000000000000e+02 1.415597075460267140e+00
8.680000000000000000e+02 1.415617728669129161e+00
8.690000000000000000e+02 1.415638378766555849e+00
8.700000000000000000e+02 1.415659025752547207e+00
