# order=4: x_data [pixel], y_data [pixel], x_model [pixel], y_model [pixel]
7.490909090909090651e+01 6.399170880004021456e-01 1.452239606060605981e+00 1.338591609437500551e-03
1.057878787878787818e+02 6.489949521823064060e-01 1.452974393939393982e+00 5.219470240209744816e-03
1.270909090909090935e+02 3.595477228084356547e+00 1.453478545454545356e+00 4.968057024021373946e-01
1.668484848484848442e+02 1.217523046097555905e+00 1.454421444444444544e+00 1.051159926166544967e-01
2.050909090909090935e+02 3.214460945576859685e-01 1.455336818181818259e+00 1.613424944410524198e-05
3.085151515151515014e+02 3.825846327889400600e-01 1.457738393939393973e+00 1.060237135975228284e-02
4.217272727272727479e+02 2.301690911104120052e-01 1.460338606060606059e+00 3.210725708093775665e-04
4.623939393939393767e+02 3.914503118581896257e-01 1.461270606060605992e+00 1.127907213593459801e-02
5.496060606060606233e+02 1.888064244718863915e-01 1.463234727272727298e+00 2.469638332573825812e-04
5.972121212121212466e+02 3.607165410033511543e-01 1.463969656565656585e+00 2.215303044706615765e-01
6.399090909090908781e+02 1.714314666112587981e-01 1.465312727272727322e+00 1.793028282310871191e-03
6.754545454545454959e+02 3.437928930039981790e-01 1.466041181818181771e+00 1.243852705673046538e-02
6.932121212121212466e+02 4.731943453536721078e-01 1.466431656565656549e+00 2.019887630828520741e-02
7.042727272727272521e+02 5.671887044971115621e-01 1.466678363636363835e+00 3.162021631740865452e-02
7.216666666666666288e+02 2.324455466439550588e-01 1.467052272727272566e+00 1.827810641202133948e-03
7.569696969696969973e+02 3.838550902636849727e-01 1.467823080808080771e+00 4.566401072017001184e-03
7.899090909090908781e+02 3.028410029366186418e+00 1.468537454545454590e+00 4.264393778000486468e-01
8.404848484848484986e+02 1.266322838565767661e+00 1.469636272727272708e+00 2.791660066846202680e-05
8.916666666666666288e+02 1.501785916861194226e+00 1.470717080808080723e+00 4.286458557201111574e-05
9.089696969696969973e+02 1.572525490113954039e+00 1.471083606060606064e+00 1.246296719290995725e-03
9.423333333333333712e+02 2.479380956542405201e+00 1.471794868686868707e+00 1.070261310207456518e-01
9.697878787878787534e+02 1.466523150735049352e+00 1.472356606060606143e+00 2.813152420594322578e-05
9.813939393939393767e+02 1.746004312982608830e+00 1.472612131313131290e+00 1.635952990504563331e-02
1.010606060606060623e+03 1.838808691958141894e+00 1.473224343434343497e+00 3.054081652998519303e-02
