# order=18: # line, wavelength [pixel], wavelength [micron]
1.000000000000000000e+00 6.351515151515151558e+01 1.987958291924669219e+00
2.000000000000000000e+00 9.809090909090909349e+01 1.989068072504745821e+00
3.000000000000000000e+00 1.333333333333333428e+02 1.990194796363420560e+00
4.000000000000000000e+00 1.886666666666666572e+02 1.991954612903297228e+00
5.000000000000000000e+00 2.592727272727272521e+02 1.994183440825828324e+00
6.000000000000000000e+00 2.760000000000000000e+02 1.994708674173534479e+00
7.000000000000000000e+00 3.066060606060606233e+02 1.995666882505092277e+00
8.000000000000000000e+00 6.143939393939393767e+02 2.005091513829555527e+00
9.000000000000000000e+00 6.328484848484848726e+02 2.005643849341332441e+00
1.000000000000000000e+01 7.321515151515151274e+02 2.008589955252587433e+00
1.100000000000000000e+01 7.642727272727272521e+02 2.009533386594453575e+00
1.200000000000000000e+01 7.865454545454545041e+02 2.010184776295922404e+00
1.300000000000000000e+01 8.092727272727272521e+02 2.010847091848200652e+00
1.400000000000000000e+01 8.322121212121212466e+02 2.011513146295513810e+00
1.500000000000000000e+01 8.556060606060606233e+02 2.012189852870130302e+00
1.600000000000000000e+01 8.799090909090908781e+02 2.012890113773567968e+00
1.700000000000000000e+01 9.043939393939393767e+02 2.013592766189899574e+00
1.800000000000000000e+01 9.296666666666666288e+02 2.014315008563400955e+00
1.900000000000000000e+01 9.553939393939393767e+02 2.015047065468712262e+00
2.000000000000000000e+01 9.818484848484848726e+02 2.015796449561834791e+00
2.100000000000000000e+01 1.008545454545454504e+03 2.016549212510274192e+00
