# order=11: data_wav [pixel], data_wavsolution [micron]
3.000000000000000000e+00 1.684048028343525072e+00
4.000000000000000000e+00 1.684069307874670018e+00
5.000000000000000000e+00 1.684090578585449860e+00
6.000000000000000000e+00 1.684111840475864375e+00
7.000000000000000000e+00 1.684133093545913562e+00
8.000000000000000000e+00 1.684154337795597423e+00
9.000000000000000000e+00 1.684175573224916178e+00
1.000000000000000000e+01 1.684196799833869385e+00
1.100000000000000000e+01 1.684218017622457264e+00
1.200000000000000000e+01 1.684239226590680039e+00
1.300000000000000000e+01 1.684260426738537264e+00
1.400000000000000000e+01 1.684281618066029385e+00
1.500000000000000000e+01 1.684302800573156178e+00
1.600000000000000000e+01 1.684323974259917645e+00
1.700000000000000000e+01 1.684345139126313784e+00
1.800000000000000000e+01 1.684366295172344596e+00
1.900000000000000000e+01 1.684387442398010082e+00
2.000000000000000000e+01 1.684408580803310240e+00
2.100000000000000000e+01 1.684429710388245294e+00
2.200000000000000000e+01 1.684450831152814798e+00
2.300000000000000000e+01 1.684471943097019198e+00
2.400000000000000000e+01 1.684493046220858048e+00
2.500000000000000000e+01 1.684514140524331793e+00
2.600000000000000000e+01 1.684535226007440212e+00
2.700000000000000000e+01 1.684556302670183303e+00
2.800000000000000000e+01 1.684577370512561068e+00
2.900000000000000000e+01 1.684598429534573505e+00
3.000000000000000000e+01 1.684619479736220615e+00
3.100000000000000000e+01 1.684640521117502621e+00
3.200000000000000000e+01 1.684661553678419077e+00
3.300000000000000000e+01 1.684682577418970428e+00
3.400000000000000000e+01 1.684703592339156231e+00
3.500000000000000000e+01 1.684724598438976928e+00
3.600000000000000000e+01 1.684745595718432298e+00
3.700000000000000000e+01 1.684766584177522342e+00
3.800000000000000000e+01 1.684787563816247058e+00
3.900000000000000000e+01 1.684808534634606447e+00
4.000000000000000000e+01 1.684829496632600510e+00
4.100000000000000000e+01 1.684850449810229245e+00
4.200000000000000000e+01 1.684871394167492653e+00
4.300000000000000000e+01 1.684892329704390956e+00
4.400000000000000000e+01 1.684913256420923711e+00
4.500000000000000000e+01 1.684934174317091360e+00
4.600000000000000000e+01 1.684955083392893682e+00
4.700000000000000000e+01 1.684975983648330677e+00
4.800000000000000000e+01 1.684996875083402346e+00
4.900000000000000000e+01 1.685017757698108687e+00
5.000000000000000000e+01 1.685038631492449701e+00
5.100000000000000000e+01 1.685059496466425388e+00
5.200000000000000000e+01 1.685080352620035749e+00
5.300000000000000000e+01 1.685101199953281004e+00
5.400000000000000000e+01 1.685122038466160710e+00
5.500000000000000000e+01 1.685142868158675311e+00
5.600000000000000000e+01 1.685163689030824585e+00
5.700000000000000000e+01 1.685184501082608310e+00
5.800000000000000000e+01 1.685205304314026931e+00
5.900000000000000000e+01 1.685226098725080224e+00
6.000000000000000000e+01 1.685246884315768190e+00
6.100000000000000000e+01 1.685267661086091051e+00
6.200000000000000000e+01 1.685288429036048363e+00
6.300000000000000000e+01 1.685309188165640348e+00
6.400000000000000000e+01 1.685329938474867228e+00
6.500000000000000000e+01 1.685350679963728560e+00
6.600000000000000000e+01 1.685371412632224786e+00
6.700000000000000000e+01 1.685392136480355685e+00
6.800000000000000000e+01 1.685412851508121035e+00
6.900000000000000000e+01 1.685433557715521280e+00
7.000000000000000000e+01 1.685454255102556198e+00
7.100000000000000000e+01 1.685474943669226011e+00
7.200000000000000000e+01 1.685495623415530275e+00
7.300000000000000000e+01 1.685516294341469212e+00
7.400000000000000000e+01 1.685536956447043044e+00
7.500000000000000000e+01 1.685557609732251327e+00
7.600000000000000000e+01 1.685578254197094505e+00
7.700000000000000000e+01 1.685598889841572134e+00
7.800000000000000000e+01 1.685619516665684658e+00
7.900000000000000000e+01 1.685640134669431855e+00
8.000000000000000000e+01 1.685660743852813725e+00
8.100000000000000000e+01 1.685681344215830268e+00
8.200000000000000000e+01 1.685701935758481484e+00
8.300000000000000000e+01 1.685722518480767596e+00
8.400000000000000000e+01 1.685743092382688157e+00
8.500000000000000000e+01 1.685763657464243392e+00
8.600000000000000000e+01 1.685784213725433522e+00
8.700000000000000000e+01 1.685804761166258325e+00
8.800000000000000000e+01 1.685825299786717579e+00
8.900000000000000000e+01 1.685845829586811728e+00
9.000000000000000000e+01 1.685866350566540550e+00
9.100000000000000000e+01 1.685886862725904045e+00
9.200000000000000000e+01 1.685907366064902213e+00
9.300000000000000000e+01 1.685927860583535276e+00
9.400000000000000000e+01 1.685948346281802790e+00
9.500000000000000000e+01 1.685968823159704977e+00
9.600000000000000000e+01 1.685989291217242059e+00
9.700000000000000000e+01 1.686009750454413592e+00
9.800000000000000000e+01 1.686030200871220019e+00
9.900000000000000000e+01 1.686050642467661120e+00
1.000000000000000000e+02 1.686071075243736894e+00
1.010000000000000000e+02 1.686091499199447341e+00
1.020000000000000000e+02 1.686111914334792461e+00
1.030000000000000000e+02 1.686132320649772254e+00
1.040000000000000000e+02 1.686152718144386720e+00
1.050000000000000000e+02 1.686173106818636080e+00
1.060000000000000000e+02 1.686193486672519892e+00
1.070000000000000000e+02 1.686213857706038599e+00
1.080000000000000000e+02 1.686234219919191757e+00
1.090000000000000000e+02 1.686254573311979810e+00
1.100000000000000000e+02 1.686274917884402536e+00
1.110000000000000000e+02 1.686295253636459934e+00
1.120000000000000000e+02 1.686315580568152006e+00
1.130000000000000000e+02 1.686335898679478751e+00
1.140000000000000000e+02 1.686356207970440169e+00
1.150000000000000000e+02 1.686376508441036481e+00
1.160000000000000000e+02 1.686396800091267245e+00
1.170000000000000000e+02 1.686417082921132904e+00
1.180000000000000000e+02 1.686437356930633014e+00
1.190000000000000000e+02 1.686457622119768018e+00
1.200000000000000000e+02 1.686477878488537696e+00
1.210000000000000000e+02 1.686498126036942047e+00
1.220000000000000000e+02 1.686518364764981071e+00
1.230000000000000000e+02 1.686538594672654767e+00
1.240000000000000000e+02 1.686558815759963137e+00
1.250000000000000000e+02 1.686579028026906180e+00
1.260000000000000000e+02 1.686599231473484117e+00
1.270000000000000000e+02 1.686619426099696506e+00
1.280000000000000000e+02 1.686639611905543790e+00
1.290000000000000000e+02 1.686659788891025524e+00
1.300000000000000000e+02 1.686679957056142154e+00
1.310000000000000000e+02 1.686700116400893457e+00
1.320000000000000000e+02 1.686720266925279432e+00
1.330000000000000000e+02 1.686740408629300081e+00
1.340000000000000000e+02 1.686760541512955403e+00
1.350000000000000000e+02 1.686780665576245397e+00
1.360000000000000000e+02 1.686800780819170287e+00
1.370000000000000000e+02 1.686820887241729627e+00
1.380000000000000000e+02 1.686840984843923863e+00
1.390000000000000000e+02 1.686861073625752550e+00
1.400000000000000000e+02 1.686881153587216131e+00
1.410000000000000000e+02 1.686901224728314386e+00
1.420000000000000000e+02 1.686921287049047313e+00
1.430000000000000000e+02 1.686941340549414914e+00
1.440000000000000000e+02 1.686961385229417187e+00
1.450000000000000000e+02 1.686981421089054134e+00
1.460000000000000000e+02 1.687001448128325753e+00
1.470000000000000000e+02 1.687021466347232046e+00
1.480000000000000000e+02 1.687041475745773234e+00
1.490000000000000000e+02 1.687061476323948872e+00
1.500000000000000000e+02 1.687081468081759406e+00
1.510000000000000000e+02 1.687101451019204612e+00
1.520000000000000000e+02 1.687121425136284492e+00
1.530000000000000000e+02 1.687141390432999044e+00
1.540000000000000000e+02 1.687161346909348270e+00
1.550000000000000000e+02 1.687181294565332168e+00
1.560000000000000000e+02 1.687201233400950739e+00
1.570000000000000000e+02 1.687221163416203984e+00
1.580000000000000000e+02 1.687241084611092123e+00
1.590000000000000000e+02 1.687260996985614714e+00
1.600000000000000000e+02 1.687280900539772199e+00
1.610000000000000000e+02 1.687300795273564358e+00
1.620000000000000000e+02 1.687320681186990967e+00
1.630000000000000000e+02 1.687340558280052472e+00
1.640000000000000000e+02 1.687360426552748649e+00
1.650000000000000000e+02 1.687380286005079499e+00
1.660000000000000000e+02 1.687400136637045245e+00
1.670000000000000000e+02 1.687419978448645441e+00
1.680000000000000000e+02 1.687439811439880311e+00
1.690000000000000000e+02 1.687459635610750075e+00
1.700000000000000000e+02 1.687479450961254290e+00
1.710000000000000000e+02 1.687499257491393401e+00
1.720000000000000000e+02 1.687519055201167184e+00
1.730000000000000000e+02 1.687538844090575640e+00
1.740000000000000000e+02 1.687558624159618770e+00
1.750000000000000000e+02 1.687578395408296572e+00
1.760000000000000000e+02 1.687598157836609047e+00
1.770000000000000000e+02 1.687617911444556196e+00
1.780000000000000000e+02 1.687637656232138017e+00
1.790000000000000000e+02 1.687657392199354733e+00
1.800000000000000000e+02 1.687677119346205901e+00
1.810000000000000000e+02 1.687696837672691963e+00
1.820000000000000000e+02 1.687716547178812698e+00
1.830000000000000000e+02 1.687736247864567884e+00
1.840000000000000000e+02 1.687755939729957966e+00
1.850000000000000000e+02 1.687775622774982720e+00
1.860000000000000000e+02 1.687795296999642147e+00
1.870000000000000000e+02 1.687814962403936470e+00
1.880000000000000000e+02 1.687834618987865243e+00
1.890000000000000000e+02 1.687854266751428689e+00
1.900000000000000000e+02 1.687873905694627030e+00
1.910000000000000000e+02 1.687893535817459822e+00
1.920000000000000000e+02 1.687913157119927510e+00
1.930000000000000000e+02 1.687932769602029870e+00
1.940000000000000000e+02 1.687952373263766681e+00
1.950000000000000000e+02 1.687971968105138387e+00
1.960000000000000000e+02 1.687991554126144766e+00
1.970000000000000000e+02 1.688011131326786041e+00
1.980000000000000000e+02 1.688030699707061766e+00
1.990000000000000000e+02 1.688050259266972164e+00
2.000000000000000000e+02 1.688069810006517457e+00
2.010000000000000000e+02 1.688089351925697201e+00
2.020000000000000000e+02 1.688108885024511840e+00
2.030000000000000000e+02 1.688128409302960931e+00
2.040000000000000000e+02 1.688147924761044916e+00
2.050000000000000000e+02 1.688167431398763574e+00
2.060000000000000000e+02 1.688186929216116905e+00
2.070000000000000000e+02 1.688206418213104909e+00
2.080000000000000000e+02 1.688225898389727586e+00
2.090000000000000000e+02 1.688245369745985158e+00
2.100000000000000000e+02 1.688264832281877181e+00
2.110000000000000000e+02 1.688284285997404099e+00
2.120000000000000000e+02 1.688303730892565468e+00
2.130000000000000000e+02 1.688323166967361733e+00
2.140000000000000000e+02 1.688342594221792670e+00
2.150000000000000000e+02 1.688362012655858058e+00
2.160000000000000000e+02 1.688381422269558341e+00
2.170000000000000000e+02 1.688400823062893297e+00
2.180000000000000000e+02 1.688420215035862926e+00
2.190000000000000000e+02 1.688439598188467450e+00
2.200000000000000000e+02 1.688458972520706425e+00
2.210000000000000000e+02 1.688478338032580073e+00
2.220000000000000000e+02 1.688497694724088616e+00
2.230000000000000000e+02 1.688517042595231832e+00
2.240000000000000000e+02 1.688536381646009499e+00
2.250000000000000000e+02 1.688555711876422061e+00
2.260000000000000000e+02 1.688575033286469296e+00
2.270000000000000000e+02 1.688594345876151204e+00
2.280000000000000000e+02 1.688613649645467785e+00
2.290000000000000000e+02 1.688632944594419039e+00
2.300000000000000000e+02 1.688652230723005188e+00
2.310000000000000000e+02 1.688671508031225788e+00
2.320000000000000000e+02 1.688690776519081060e+00
2.330000000000000000e+02 1.688710036186571228e+00
2.340000000000000000e+02 1.688729287033696069e+00
2.350000000000000000e+02 1.688748529060455361e+00
2.360000000000000000e+02 1.688767762266849548e+00
2.370000000000000000e+02 1.688786986652878408e+00
2.380000000000000000e+02 1.688806202218541941e+00
2.390000000000000000e+02 1.688825408963840147e+00
2.400000000000000000e+02 1.688844606888773248e+00
2.410000000000000000e+02 1.688863795993340799e+00
2.420000000000000000e+02 1.688882976277543024e+00
2.430000000000000000e+02 1.688902147741380144e+00
2.440000000000000000e+02 1.688921310384851937e+00
2.450000000000000000e+02 1.688940464207958181e+00
2.460000000000000000e+02 1.688959609210699320e+00
2.470000000000000000e+02 1.688978745393075132e+00
2.480000000000000000e+02 1.688997872755085616e+00
2.490000000000000000e+02 1.689016991296730774e+00
2.500000000000000000e+02 1.689036101018010605e+00
2.510000000000000000e+02 1.689055201918925331e+00
2.520000000000000000e+02 1.689074293999474508e+00
2.530000000000000000e+02 1.689093377259658357e+00
2.540000000000000000e+02 1.689112451699477102e+00
2.550000000000000000e+02 1.689131517318930520e+00
2.560000000000000000e+02 1.689150574118018389e+00
2.570000000000000000e+02 1.689169622096741152e+00
2.580000000000000000e+02 1.689188661255098589e+00
2.590000000000000000e+02 1.689207691593090699e+00
2.600000000000000000e+02 1.689226713110717482e+00
2.610000000000000000e+02 1.689245725807979159e+00
2.620000000000000000e+02 1.689264729684875288e+00
2.630000000000000000e+02 1.689283724741406090e+00
2.640000000000000000e+02 1.689302710977571786e+00
2.650000000000000000e+02 1.689321688393371934e+00
2.660000000000000000e+02 1.689340656988806977e+00
2.670000000000000000e+02 1.689359616763876693e+00
2.680000000000000000e+02 1.689378567718581081e+00
2.690000000000000000e+02 1.689397509852920143e+00
2.700000000000000000e+02 1.689416443166893878e+00
2.710000000000000000e+02 1.689435367660502285e+00
2.720000000000000000e+02 1.689454283333745366e+00
2.730000000000000000e+02 1.689473190186623341e+00
2.740000000000000000e+02 1.689492088219135768e+00
2.750000000000000000e+02 1.689510977431283090e+00
2.760000000000000000e+02 1.689529857823065084e+00
2.770000000000000000e+02 1.689548729394481530e+00
2.780000000000000000e+02 1.689567592145532871e+00
2.790000000000000000e+02 1.689586446076218884e+00
2.800000000000000000e+02 1.689605291186539571e+00
2.810000000000000000e+02 1.689624127476494930e+00
2.820000000000000000e+02 1.689642954946085185e+00
2.830000000000000000e+02 1.689661773595309890e+00
2.840000000000000000e+02 1.689680583424169269e+00
2.850000000000000000e+02 1.689699384432663543e+00
2.860000000000000000e+02 1.689718176620792267e+00
2.870000000000000000e+02 1.689736959988555887e+00
2.880000000000000000e+02 1.689755734535954179e+00
2.890000000000000000e+02 1.689774500262987145e+00
2.900000000000000000e+02 1.689793257169654783e+00
2.910000000000000000e+02 1.689812005255957095e+00
2.920000000000000000e+02 1.689830744521894079e+00
2.930000000000000000e+02 1.689849474967465737e+00
2.940000000000000000e+02 1.689868196592672289e+00
2.950000000000000000e+02 1.689886909397513293e+00
2.960000000000000000e+02 1.689905613381989191e+00
2.970000000000000000e+02 1.689924308546099763e+00
2.980000000000000000e+02 1.689942994889844785e+00
2.990000000000000000e+02 1.689961672413224703e+00
3.000000000000000000e+02 1.689980341116239293e+00
3.010000000000000000e+02 1.689999000998888556e+00
3.020000000000000000e+02 1.690017652061172493e+00
3.030000000000000000e+02 1.690036294303091324e+00
3.040000000000000000e+02 1.690054927724644607e+00
3.050000000000000000e+02 1.690073552325832562e+00
3.060000000000000000e+02 1.690092168106655413e+00
3.070000000000000000e+02 1.690110775067112714e+00
3.080000000000000000e+02 1.690129373207204910e+00
3.090000000000000000e+02 1.690147962526931780e+00
3.100000000000000000e+02 1.690166543026293322e+00
3.110000000000000000e+02 1.690185114705289537e+00
3.120000000000000000e+02 1.690203677563920426e+00
3.130000000000000000e+02 1.690222231602185987e+00
3.140000000000000000e+02 1.690240776820086221e+00
3.150000000000000000e+02 1.690259313217621351e+00
3.160000000000000000e+02 1.690277840794790931e+00
3.170000000000000000e+02 1.690296359551595407e+00
3.180000000000000000e+02 1.690314869488034555e+00
3.190000000000000000e+02 1.690333370604108154e+00
3.200000000000000000e+02 1.690351862899816648e+00
3.210000000000000000e+02 1.690370346375159816e+00
3.220000000000000000e+02 1.690388821030137656e+00
3.230000000000000000e+02 1.690407286864750169e+00
3.240000000000000000e+02 1.690425743878997578e+00
3.250000000000000000e+02 1.690444192072879437e+00
3.260000000000000000e+02 1.690462631446395969e+00
3.270000000000000000e+02 1.690481061999547396e+00
3.280000000000000000e+02 1.690499483732333275e+00
3.290000000000000000e+02 1.690517896644754048e+00
3.300000000000000000e+02 1.690536300736809494e+00
3.310000000000000000e+02 1.690554696008499613e+00
3.320000000000000000e+02 1.690573082459824406e+00
3.330000000000000000e+02 1.690591460090783871e+00
3.340000000000000000e+02 1.690609828901378009e+00
3.350000000000000000e+02 1.690628188891606820e+00
3.360000000000000000e+02 1.690646540061470526e+00
3.370000000000000000e+02 1.690664882410968684e+00
3.380000000000000000e+02 1.690683215940101736e+00
3.390000000000000000e+02 1.690701540648869461e+00
3.400000000000000000e+02 1.690719856537271637e+00
3.410000000000000000e+02 1.690738163605308708e+00
3.420000000000000000e+02 1.690756461852980452e+00
3.430000000000000000e+02 1.690774751280286869e+00
3.440000000000000000e+02 1.690793031887227960e+00
3.450000000000000000e+02 1.690811303673803945e+00
3.460000000000000000e+02 1.690829566640014381e+00
3.470000000000000000e+02 1.690847820785859490e+00
3.480000000000000000e+02 1.690866066111339494e+00
3.490000000000000000e+02 1.690884302616453949e+00
3.500000000000000000e+02 1.690902530301203299e+00
3.510000000000000000e+02 1.690920749165587322e+00
3.520000000000000000e+02 1.690938959209606018e+00
3.530000000000000000e+02 1.690957160433259387e+00
3.540000000000000000e+02 1.690975352836547430e+00
3.550000000000000000e+02 1.690993536419470145e+00
3.560000000000000000e+02 1.691011711182027533e+00
3.570000000000000000e+02 1.691029877124219816e+00
3.580000000000000000e+02 1.691048034246046550e+00
3.590000000000000000e+02 1.691066182547508179e+00
3.600000000000000000e+02 1.691084322028604481e+00
3.610000000000000000e+02 1.691102452689335234e+00
3.620000000000000000e+02 1.691120574529700882e+00
3.630000000000000000e+02 1.691138687549701203e+00
3.640000000000000000e+02 1.691156791749336197e+00
3.650000000000000000e+02 1.691174887128605864e+00
3.660000000000000000e+02 1.691192973687510426e+00
3.670000000000000000e+02 1.691211051426049439e+00
3.680000000000000000e+02 1.691229120344223125e+00
3.690000000000000000e+02 1.691247180442031706e+00
3.700000000000000000e+02 1.691265231719474738e+00
3.710000000000000000e+02 1.691283274176552665e+00
3.720000000000000000e+02 1.691301307813265264e+00
3.730000000000000000e+02 1.691319332629612537e+00
3.740000000000000000e+02 1.691337348625594483e+00
3.750000000000000000e+02 1.691355355801211102e+00
3.760000000000000000e+02 1.691373354156462394e+00
3.770000000000000000e+02 1.691391343691348359e+00
3.780000000000000000e+02 1.691409324405869219e+00
3.790000000000000000e+02 1.691427296300024530e+00
3.800000000000000000e+02 1.691445259373814736e+00
3.810000000000000000e+02 1.691463213627239615e+00
3.820000000000000000e+02 1.691481159060298944e+00
3.830000000000000000e+02 1.691499095672993169e+00
3.840000000000000000e+02 1.691517023465322067e+00
3.850000000000000000e+02 1.691534942437285638e+00
3.860000000000000000e+02 1.691552852588883882e+00
3.870000000000000000e+02 1.691570753920117021e+00
3.880000000000000000e+02 1.691588646430984610e+00
3.890000000000000000e+02 1.691606530121486873e+00
3.900000000000000000e+02 1.691624404991624031e+00
3.910000000000000000e+02 1.691642271041395862e+00
3.920000000000000000e+02 1.691660128270802144e+00
3.930000000000000000e+02 1.691677976679843320e+00
3.940000000000000000e+02 1.691695816268519170e+00
3.950000000000000000e+02 1.691713647036829693e+00
3.960000000000000000e+02 1.691731468984774889e+00
3.970000000000000000e+02 1.691749282112354758e+00
3.980000000000000000e+02 1.691767086419569521e+00
3.990000000000000000e+02 1.691784881906418736e+00
4.000000000000000000e+02 1.691802668572902624e+00
4.010000000000000000e+02 1.691820446419021406e+00
4.020000000000000000e+02 1.691838215444774862e+00
4.030000000000000000e+02 1.691855975650162769e+00
4.040000000000000000e+02 1.691873727035185571e+00
4.050000000000000000e+02 1.691891469599843045e+00
4.060000000000000000e+02 1.691909203344135193e+00
4.070000000000000000e+02 1.691926928268062014e+00
4.080000000000000000e+02 1.691944644371623729e+00
4.090000000000000000e+02 1.691962351654819896e+00
4.100000000000000000e+02 1.691980050117650736e+00
4.110000000000000000e+02 1.691997739760116470e+00
4.120000000000000000e+02 1.692015420582216878e+00
4.130000000000000000e+02 1.692033092583951737e+00
4.140000000000000000e+02 1.692050755765321490e+00
4.150000000000000000e+02 1.692068410126325917e+00
4.160000000000000000e+02 1.692086055666965017e+00
4.170000000000000000e+02 1.692103692387238789e+00
4.180000000000000000e+02 1.692121320287147235e+00
4.190000000000000000e+02 1.692138939366690575e+00
4.200000000000000000e+02 1.692156549625868367e+00
4.210000000000000000e+02 1.692174151064681054e+00
4.220000000000000000e+02 1.692191743683128191e+00
4.230000000000000000e+02 1.692209327481210224e+00
4.240000000000000000e+02 1.692226902458926929e+00
4.250000000000000000e+02 1.692244468616278086e+00
4.260000000000000000e+02 1.692262025953264137e+00
4.270000000000000000e+02 1.692279574469884862e+00
4.280000000000000000e+02 1.692297114166140481e+00
4.290000000000000000e+02 1.692314645042030552e+00
4.300000000000000000e+02 1.692332167097555295e+00
4.310000000000000000e+02 1.692349680332714934e+00
4.320000000000000000e+02 1.692367184747509024e+00
4.330000000000000000e+02 1.692384680341938008e+00
4.340000000000000000e+02 1.692402167116001444e+00
4.350000000000000000e+02 1.692419645069699774e+00
4.360000000000000000e+02 1.692437114203032777e+00
4.370000000000000000e+02 1.692454574516000454e+00
4.380000000000000000e+02 1.692472026008602803e+00
4.390000000000000000e+02 1.692489468680839826e+00
4.400000000000000000e+02 1.692506902532711743e+00
4.410000000000000000e+02 1.692524327564218112e+00
4.420000000000000000e+02 1.692541743775359375e+00
4.430000000000000000e+02 1.692559151166135090e+00
4.440000000000000000e+02 1.692576549736545699e+00
4.450000000000000000e+02 1.692593939486590982e+00
4.460000000000000000e+02 1.692611320416270715e+00
4.470000000000000000e+02 1.692628692525585343e+00
4.480000000000000000e+02 1.692646055814534645e+00
4.490000000000000000e+02 1.692663410283118841e+00
4.500000000000000000e+02 1.692680755931337488e+00
4.510000000000000000e+02 1.692698092759190809e+00
4.520000000000000000e+02 1.692715420766679024e+00
4.530000000000000000e+02 1.692732739953801691e+00
4.540000000000000000e+02 1.692750050320559252e+00
4.550000000000000000e+02 1.692767351866951486e+00
4.560000000000000000e+02 1.692784644592978172e+00
4.570000000000000000e+02 1.692801928498639752e+00
4.580000000000000000e+02 1.692819203583936005e+00
4.590000000000000000e+02 1.692836469848866932e+00
4.600000000000000000e+02 1.692853727293432753e+00
4.610000000000000000e+02 1.692870975917633025e+00
4.620000000000000000e+02 1.692888215721467970e+00
4.630000000000000000e+02 1.692905446704937811e+00
4.640000000000000000e+02 1.692922668868042102e+00
4.650000000000000000e+02 1.692939882210781288e+00
4.660000000000000000e+02 1.692957086733155148e+00
4.670000000000000000e+02 1.692974282435163680e+00
4.680000000000000000e+02 1.692991469316806885e+00
4.690000000000000000e+02 1.693008647378084763e+00
4.700000000000000000e+02 1.693025816618997315e+00
4.710000000000000000e+02 1.693042977039544539e+00
4.720000000000000000e+02 1.693060128639726436e+00
4.730000000000000000e+02 1.693077271419543228e+00
4.740000000000000000e+02 1.693094405378994471e+00
4.750000000000000000e+02 1.693111530518080610e+00
4.760000000000000000e+02 1.693128646836801421e+00
4.770000000000000000e+02 1.693145754335156683e+00
4.780000000000000000e+02 1.693162853013146840e+00
4.790000000000000000e+02 1.693179942870771670e+00
4.800000000000000000e+02 1.693197023908031396e+00
4.810000000000000000e+02 1.693214096124925572e+00
4.820000000000000000e+02 1.693231159521454421e+00
4.830000000000000000e+02 1.693248214097617943e+00
4.840000000000000000e+02 1.693265259853416360e+00
4.850000000000000000e+02 1.693282296788849228e+00
4.860000000000000000e+02 1.693299324903916991e+00
4.870000000000000000e+02 1.693316344198619428e+00
4.880000000000000000e+02 1.693333354672956537e+00
4.890000000000000000e+02 1.693350356326928319e+00
4.900000000000000000e+02 1.693367349160534774e+00
4.910000000000000000e+02 1.693384333173775902e+00
4.920000000000000000e+02 1.693401308366651703e+00
4.930000000000000000e+02 1.693418274739162399e+00
4.940000000000000000e+02 1.693435232291307546e+00
4.950000000000000000e+02 1.693452181023087366e+00
4.960000000000000000e+02 1.693469120934502081e+00
4.970000000000000000e+02 1.693486052025551469e+00
4.980000000000000000e+02 1.693502974296235530e+00
4.990000000000000000e+02 1.693519887746554264e+00
5.000000000000000000e+02 1.693536792376507671e+00
5.010000000000000000e+02 1.693553688186095751e+00
5.020000000000000000e+02 1.693570575175318504e+00
5.030000000000000000e+02 1.693587453344175930e+00
5.040000000000000000e+02 1.693604322692668251e+00
5.050000000000000000e+02 1.693621183220795023e+00
5.060000000000000000e+02 1.693638034928556690e+00
5.070000000000000000e+02 1.693654877815952808e+00
5.080000000000000000e+02 1.693671711882983821e+00
5.090000000000000000e+02 1.693688537129649507e+00
5.100000000000000000e+02 1.693705353555949866e+00
5.110000000000000000e+02 1.693722161161884898e+00
5.120000000000000000e+02 1.693738959947454603e+00
5.130000000000000000e+02 1.693755749912658981e+00
5.140000000000000000e+02 1.693772531057498254e+00
5.150000000000000000e+02 1.693789303381971978e+00
5.160000000000000000e+02 1.693806066886080597e+00
5.170000000000000000e+02 1.693822821569823667e+00
5.180000000000000000e+02 1.693839567433201632e+00
5.190000000000000000e+02 1.693856304476214270e+00
5.200000000000000000e+02 1.693873032698861580e+00
5.210000000000000000e+02 1.693889752101143564e+00
5.220000000000000000e+02 1.693906462683060221e+00
5.230000000000000000e+02 1.693923164444611551e+00
5.240000000000000000e+02 1.693939857385797554e+00
5.250000000000000000e+02 1.693956541506618452e+00
5.260000000000000000e+02 1.693973216807073801e+00
5.270000000000000000e+02 1.693989883287164044e+00
5.280000000000000000e+02 1.694006540946888739e+00
5.290000000000000000e+02 1.694023189786248329e+00
5.300000000000000000e+02 1.694039829805242592e+00
5.310000000000000000e+02 1.694056461003871528e+00
5.320000000000000000e+02 1.694073083382135136e+00
5.330000000000000000e+02 1.694089696940033418e+00
5.340000000000000000e+02 1.694106301677566595e+00
5.350000000000000000e+02 1.694122897594734223e+00
5.360000000000000000e+02 1.694139484691536524e+00
5.370000000000000000e+02 1.694156062967973719e+00
5.380000000000000000e+02 1.694172632424045366e+00
5.390000000000000000e+02 1.694189193059751908e+00
5.400000000000000000e+02 1.694205744875093123e+00
5.410000000000000000e+02 1.694222287870069010e+00
5.420000000000000000e+02 1.694238822044679571e+00
5.430000000000000000e+02 1.694255347398924805e+00
5.440000000000000000e+02 1.694271863932804711e+00
5.450000000000000000e+02 1.694288371646319513e+00
5.460000000000000000e+02 1.694304870539468766e+00
5.470000000000000000e+02 1.694321360612252692e+00
5.480000000000000000e+02 1.694337841864671512e+00
5.490000000000000000e+02 1.694354314296725006e+00
5.500000000000000000e+02 1.694370777908412951e+00
5.510000000000000000e+02 1.694387232699735790e+00
5.520000000000000000e+02 1.694403678670693303e+00
5.530000000000000000e+02 1.694420115821285489e+00
5.540000000000000000e+02 1.694436544151512347e+00
5.550000000000000000e+02 1.694452963661374101e+00
5.560000000000000000e+02 1.694469374350870305e+00
5.570000000000000000e+02 1.694485776220001405e+00
5.580000000000000000e+02 1.694502169268766956e+00
5.590000000000000000e+02 1.694518553497167401e+00
5.600000000000000000e+02 1.694534928905202298e+00
5.610000000000000000e+02 1.694551295492872089e+00
5.620000000000000000e+02 1.694567653260176554e+00
5.630000000000000000e+02 1.694584002207115692e+00
5.640000000000000000e+02 1.694600342333689502e+00
5.650000000000000000e+02 1.694616673639897986e+00
5.660000000000000000e+02 1.694632996125741364e+00
5.670000000000000000e+02 1.694649309791219194e+00
5.680000000000000000e+02 1.694665614636331918e+00
5.690000000000000000e+02 1.694681910661079094e+00
5.700000000000000000e+02 1.694698197865461164e+00
5.710000000000000000e+02 1.694714476249477908e+00
5.720000000000000000e+02 1.694730745813129325e+00
5.730000000000000000e+02 1.694747006556415192e+00
5.740000000000000000e+02 1.694763258479336177e+00
5.750000000000000000e+02 1.694779501581891612e+00
5.760000000000000000e+02 1.694795735864081720e+00
5.770000000000000000e+02 1.694811961325906502e+00
5.780000000000000000e+02 1.694828177967366178e+00
5.790000000000000000e+02 1.694844385788460306e+00
5.800000000000000000e+02 1.694860584789189328e+00
5.810000000000000000e+02 1.694876774969553024e+00
5.820000000000000000e+02 1.694892956329551170e+00
5.830000000000000000e+02 1.694909128869184212e+00
5.840000000000000000e+02 1.694925292588451926e+00
5.850000000000000000e+02 1.694941447487354313e+00
5.860000000000000000e+02 1.694957593565891596e+00
5.870000000000000000e+02 1.694973730824063329e+00
5.880000000000000000e+02 1.694989859261869736e+00
5.890000000000000000e+02 1.695005978879311037e+00
5.900000000000000000e+02 1.695022089676386789e+00
5.910000000000000000e+02 1.695038191653097437e+00
5.920000000000000000e+02 1.695054284809442757e+00
5.930000000000000000e+02 1.695070369145422751e+00
5.940000000000000000e+02 1.695086444661037417e+00
5.950000000000000000e+02 1.695102511356286756e+00
5.960000000000000000e+02 1.695118569231170769e+00
5.970000000000000000e+02 1.695134618285689454e+00
5.980000000000000000e+02 1.695150658519843034e+00
5.990000000000000000e+02 1.695166689933631066e+00
6.000000000000000000e+02 1.695182712527053992e+00
6.010000000000000000e+02 1.695198726300111369e+00
6.020000000000000000e+02 1.695214731252803642e+00
6.030000000000000000e+02 1.695230727385130587e+00
6.040000000000000000e+02 1.695246714697092205e+00
6.050000000000000000e+02 1.695262693188688496e+00
6.060000000000000000e+02 1.695278662859919461e+00
6.070000000000000000e+02 1.695294623710785098e+00
6.080000000000000000e+02 1.695310575741285408e+00
6.090000000000000000e+02 1.695326518951420613e+00
6.100000000000000000e+02 1.695342453341190270e+00
6.110000000000000000e+02 1.695358378910594821e+00
6.120000000000000000e+02 1.695374295659633823e+00
6.130000000000000000e+02 1.695390203588307720e+00
6.140000000000000000e+02 1.695406102696616291e+00
6.150000000000000000e+02 1.695421992984559534e+00
6.160000000000000000e+02 1.695437874452137450e+00
6.170000000000000000e+02 1.695453747099350039e+00
6.180000000000000000e+02 1.695469610926197301e+00
6.190000000000000000e+02 1.695485465932679459e+00
6.200000000000000000e+02 1.695501312118796067e+00
6.210000000000000000e+02 1.695517149484547570e+00
6.220000000000000000e+02 1.695532978029933524e+00
6.230000000000000000e+02 1.695548797754954373e+00
6.240000000000000000e+02 1.695564608659609895e+00
6.250000000000000000e+02 1.695580410743900091e+00
6.260000000000000000e+02 1.695596204007824959e+00
6.270000000000000000e+02 1.695611988451384500e+00
6.280000000000000000e+02 1.695627764074578714e+00
6.290000000000000000e+02 1.695643530877407823e+00
6.300000000000000000e+02 1.695659288859871383e+00
6.310000000000000000e+02 1.695675038021969616e+00
6.320000000000000000e+02 1.695690778363702744e+00
6.330000000000000000e+02 1.695706509885070545e+00
6.340000000000000000e+02 1.695722232586072797e+00
6.350000000000000000e+02 1.695737946466709944e+00
6.360000000000000000e+02 1.695753651526981765e+00
6.370000000000000000e+02 1.695769347766888258e+00
6.380000000000000000e+02 1.695785035186429646e+00
6.390000000000000000e+02 1.695800713785605485e+00
6.400000000000000000e+02 1.695816383564415997e+00
6.410000000000000000e+02 1.695832044522861404e+00
6.420000000000000000e+02 1.695847696660941262e+00
6.430000000000000000e+02 1.695863339978656015e+00
6.440000000000000000e+02 1.695878974476005219e+00
6.450000000000000000e+02 1.695894600152989318e+00
6.460000000000000000e+02 1.695910217009608090e+00
6.470000000000000000e+02 1.695925825045861535e+00
6.480000000000000000e+02 1.695941424261749653e+00
6.490000000000000000e+02 1.695957014657272666e+00
6.500000000000000000e+02 1.695972596232430130e+00
6.510000000000000000e+02 1.695988168987222267e+00
6.520000000000000000e+02 1.696003732921649299e+00
6.530000000000000000e+02 1.696019288035710781e+00
6.540000000000000000e+02 1.696034834329407159e+00
6.550000000000000000e+02 1.696050371802738210e+00
6.560000000000000000e+02 1.696065900455703934e+00
6.570000000000000000e+02 1.696081420288304331e+00
6.580000000000000000e+02 1.696096931300539401e+00
6.590000000000000000e+02 1.696112433492409144e+00
6.600000000000000000e+02 1.696127926863913560e+00
6.610000000000000000e+02 1.696143411415052649e+00
6.620000000000000000e+02 1.696158887145826633e+00
6.630000000000000000e+02 1.696174354056235067e+00
6.640000000000000000e+02 1.696189812146278397e+00
6.650000000000000000e+02 1.696205261415956400e+00
6.660000000000000000e+02 1.696220701865269076e+00
6.670000000000000000e+02 1.696236133494216203e+00
6.680000000000000000e+02 1.696251556302798447e+00
6.690000000000000000e+02 1.696266970291015141e+00
6.700000000000000000e+02 1.696282375458866509e+00
6.710000000000000000e+02 1.696297771806352550e+00
6.720000000000000000e+02 1.696313159333473486e+00
6.730000000000000000e+02 1.696328538040228873e+00
6.740000000000000000e+02 1.696343907926619154e+00
6.750000000000000000e+02 1.696359268992643887e+00
6.760000000000000000e+02 1.696374621238303515e+00
6.770000000000000000e+02 1.696389964663597816e+00
6.780000000000000000e+02 1.696405299268526790e+00
6.790000000000000000e+02 1.696420625053090436e+00
6.800000000000000000e+02 1.696435942017288756e+00
6.810000000000000000e+02 1.696451250161121749e+00
6.820000000000000000e+02 1.696466549484589637e+00
6.830000000000000000e+02 1.696481839987691975e+00
6.840000000000000000e+02 1.696497121670429209e+00
6.850000000000000000e+02 1.696512394532800894e+00
6.860000000000000000e+02 1.696527658574807473e+00
6.870000000000000000e+02 1.696542913796448726e+00
6.880000000000000000e+02 1.696558160197724652e+00
6.890000000000000000e+02 1.696573397778635250e+00
6.900000000000000000e+02 1.696588626539180522e+00
6.910000000000000000e+02 1.696603846479360467e+00
6.920000000000000000e+02 1.696619057599175084e+00
6.930000000000000000e+02 1.696634259898624597e+00
6.940000000000000000e+02 1.696649453377708561e+00
6.950000000000000000e+02 1.696664638036427419e+00
6.960000000000000000e+02 1.696679813874780951e+00
6.970000000000000000e+02 1.696694980892768934e+00
6.980000000000000000e+02 1.696710139090391811e+00
6.990000000000000000e+02 1.696725288467649362e+00
7.000000000000000000e+02 1.696740429024541585e+00
7.010000000000000000e+02 1.696755560761068482e+00
7.020000000000000000e+02 1.696770683677230274e+00
7.030000000000000000e+02 1.696785797773026516e+00
7.040000000000000000e+02 1.696800903048457654e+00
7.050000000000000000e+02 1.696815999503523242e+00
7.060000000000000000e+02 1.696831087138223726e+00
7.070000000000000000e+02 1.696846165952558660e+00
7.080000000000000000e+02 1.696861235946528490e+00
7.090000000000000000e+02 1.696876297120132993e+00
7.100000000000000000e+02 1.696891349473372168e+00
7.110000000000000000e+02 1.696906393006246017e+00
7.120000000000000000e+02 1.696921427718754760e+00
7.130000000000000000e+02 1.696936453610897955e+00
7.140000000000000000e+02 1.696951470682675822e+00
7.150000000000000000e+02 1.696966478934088585e+00
7.160000000000000000e+02 1.696981478365135798e+00
7.170000000000000000e+02 1.696996468975817907e+00
7.180000000000000000e+02 1.697011450766134688e+00
7.190000000000000000e+02 1.697026423736086143e+00
7.200000000000000000e+02 1.697041387885672270e+00
7.210000000000000000e+02 1.697056343214893070e+00
7.220000000000000000e+02 1.697071289723748544e+00
7.230000000000000000e+02 1.697086227412238690e+00
7.240000000000000000e+02 1.697101156280363510e+00
7.250000000000000000e+02 1.697116076328123224e+00
7.260000000000000000e+02 1.697130987555517390e+00
7.270000000000000000e+02 1.697145889962546450e+00
7.280000000000000000e+02 1.697160783549210183e+00
7.290000000000000000e+02 1.697175668315508590e+00
7.300000000000000000e+02 1.697190544261441669e+00
7.310000000000000000e+02 1.697205411387009422e+00
7.320000000000000000e+02 1.697220269692211847e+00
7.330000000000000000e+02 1.697235119177048945e+00
7.340000000000000000e+02 1.697249959841520717e+00
7.350000000000000000e+02 1.697264791685627383e+00
7.360000000000000000e+02 1.697279614709368500e+00
7.370000000000000000e+02 1.697294428912744513e+00
7.380000000000000000e+02 1.697309234295754976e+00
7.390000000000000000e+02 1.697324030858400334e+00
7.400000000000000000e+02 1.697338818600680366e+00
7.410000000000000000e+02 1.697353597522595070e+00
7.420000000000000000e+02 1.697368367624144447e+00
7.430000000000000000e+02 1.697383128905328498e+00
7.440000000000000000e+02 1.697397881366147221e+00
7.450000000000000000e+02 1.697412625006600839e+00
7.460000000000000000e+02 1.697427359826688908e+00
7.470000000000000000e+02 1.697442085826411873e+00
7.480000000000000000e+02 1.697456803005769288e+00
7.490000000000000000e+02 1.697471511364761598e+00
7.500000000000000000e+02 1.697486210903388582e+00
7.510000000000000000e+02 1.697500901621650238e+00
7.520000000000000000e+02 1.697515583519546567e+00
7.530000000000000000e+02 1.697530256597077569e+00
7.540000000000000000e+02 1.697544920854243244e+00
7.550000000000000000e+02 1.697559576291043815e+00
7.560000000000000000e+02 1.697574222907478836e+00
7.570000000000000000e+02 1.697588860703548530e+00
7.580000000000000000e+02 1.697603489679253119e+00
7.590000000000000000e+02 1.697618109834592381e+00
7.600000000000000000e+02 1.697632721169566317e+00
7.610000000000000000e+02 1.697647323684174703e+00
7.620000000000000000e+02 1.697661917378417984e+00
7.630000000000000000e+02 1.697676502252295938e+00
7.640000000000000000e+02 1.697691078305808787e+00
7.650000000000000000e+02 1.697705645538956087e+00
7.660000000000000000e+02 1.697720203951738061e+00
7.670000000000000000e+02 1.697734753544154929e+00
7.680000000000000000e+02 1.697749294316206248e+00
7.690000000000000000e+02 1.697763826267892462e+00
7.700000000000000000e+02 1.697778349399213349e+00
7.710000000000000000e+02 1.697792863710168687e+00
7.720000000000000000e+02 1.697807369200758920e+00
7.730000000000000000e+02 1.697821865870983826e+00
7.740000000000000000e+02 1.697836353720843405e+00
7.750000000000000000e+02 1.697850832750337879e+00
7.760000000000000000e+02 1.697865302959466804e+00
7.770000000000000000e+02 1.697879764348230403e+00
7.780000000000000000e+02 1.697894216916628896e+00
7.790000000000000000e+02 1.697908660664661840e+00
7.800000000000000000e+02 1.697923095592329679e+00
7.810000000000000000e+02 1.697937521699632191e+00
7.820000000000000000e+02 1.697951938986569376e+00
7.830000000000000000e+02 1.697966347453141234e+00
7.840000000000000000e+02 1.697980747099347765e+00
7.850000000000000000e+02 1.697995137925188969e+00
7.860000000000000000e+02 1.698009519930664846e+00
7.870000000000000000e+02 1.698023893115775618e+00
7.880000000000000000e+02 1.698038257480520841e+00
7.890000000000000000e+02 1.698052613024900959e+00
7.900000000000000000e+02 1.698066959748915528e+00
7.910000000000000000e+02 1.698081297652564992e+00
7.920000000000000000e+02 1.698095626735849129e+00
7.930000000000000000e+02 1.698109946998767938e+00
7.940000000000000000e+02 1.698124258441321421e+00
7.950000000000000000e+02 1.698138561063509577e+00
7.960000000000000000e+02 1.698152854865332406e+00
7.970000000000000000e+02 1.698167139846789908e+00
7.980000000000000000e+02 1.698181416007882305e+00
7.990000000000000000e+02 1.698195683348609153e+00
8.000000000000000000e+02 1.698209941868970896e+00
8.010000000000000000e+02 1.698224191568967312e+00
8.020000000000000000e+02 1.698238432448598179e+00
8.030000000000000000e+02 1.698252664507863940e+00
8.040000000000000000e+02 1.698266887746764375e+00
8.050000000000000000e+02 1.698281102165299483e+00
8.060000000000000000e+02 1.698295307763469264e+00
8.070000000000000000e+02 1.698309504541273940e+00
8.080000000000000000e+02 1.698323692498713067e+00
8.090000000000000000e+02 1.698337871635787089e+00
8.100000000000000000e+02 1.698352041952495561e+00
8.110000000000000000e+02 1.698366203448838929e+00
8.120000000000000000e+02 1.698380356124816748e+00
8.130000000000000000e+02 1.698394499980429462e+00
8.140000000000000000e+02 1.698408635015676849e+00
8.150000000000000000e+02 1.698422761230558908e+00
8.160000000000000000e+02 1.698436878625075641e+00
8.170000000000000000e+02 1.698450987199227269e+00
8.180000000000000000e+02 1.698465086953013348e+00
8.190000000000000000e+02 1.698479177886434099e+00
8.200000000000000000e+02 1.698493259999489746e+00
8.210000000000000000e+02 1.698507333292179844e+00
8.220000000000000000e+02 1.698521397764504837e+00
8.230000000000000000e+02 1.698535453416464502e+00
8.240000000000000000e+02 1.698549500248058841e+00
8.250000000000000000e+02 1.698563538259287853e+00
8.260000000000000000e+02 1.698577567450151538e+00
8.270000000000000000e+02 1.698591587820649895e+00
8.280000000000000000e+02 1.698605599370782926e+00
8.290000000000000000e+02 1.698619602100550852e+00
8.300000000000000000e+02 1.698633596009953228e+00
8.310000000000000000e+02 1.698647581098990500e+00
8.320000000000000000e+02 1.698661557367662223e+00
8.330000000000000000e+02 1.698675524815968840e+00
8.340000000000000000e+02 1.698689483443910131e+00
8.350000000000000000e+02 1.698703433251486095e+00
8.360000000000000000e+02 1.698717374238696731e+00
8.370000000000000000e+02 1.698731306405542041e+00
8.380000000000000000e+02 1.698745229752022023e+00
8.390000000000000000e+02 1.698759144278136679e+00
8.400000000000000000e+02 1.698773049983886230e+00
8.410000000000000000e+02 1.698786946869270231e+00
8.420000000000000000e+02 1.698800834934289128e+00
8.430000000000000000e+02 1.698814714178942697e+00
8.440000000000000000e+02 1.698828584603230718e+00
8.450000000000000000e+02 1.698842446207153634e+00
8.460000000000000000e+02 1.698856298990711222e+00
8.470000000000000000e+02 1.698870142953903484e+00
8.480000000000000000e+02 1.698883978096730418e+00
8.490000000000000000e+02 1.698897804419192248e+00
8.500000000000000000e+02 1.698911621921288528e+00
8.510000000000000000e+02 1.698925430603019482e+00
8.520000000000000000e+02 1.698939230464385330e+00
8.530000000000000000e+02 1.698953021505385852e+00
8.540000000000000000e+02 1.698966803726020824e+00
8.550000000000000000e+02 1.698980577126290692e+00
8.560000000000000000e+02 1.698994341706195232e+00
8.570000000000000000e+02 1.699008097465734446e+00
8.580000000000000000e+02 1.699021844404908332e+00
8.590000000000000000e+02 1.699035582523717114e+00
8.600000000000000000e+02 1.699049311822160346e+00
8.610000000000000000e+02 1.699063032300238252e+00
8.620000000000000000e+02 1.699076743957951052e+00
8.630000000000000000e+02 1.699090446795298304e+00
8.640000000000000000e+02 1.699104140812280450e+00
8.650000000000000000e+02 1.699117826008897270e+00
8.660000000000000000e+02 1.699131502385148762e+00
8.670000000000000000e+02 1.699145169941034927e+00
8.680000000000000000e+02 1.699158828676555766e+00
8.690000000000000000e+02 1.699172478591711277e+00
8.700000000000000000e+02 1.699186119686501462e+00
8.710000000000000000e+02 1.699199751960926319e+00
8.720000000000000000e+02 1.699213375414986071e+00
8.730000000000000000e+02 1.699226990048680275e+00
8.740000000000000000e+02 1.699240595862009373e+00
8.750000000000000000e+02 1.699254192854973144e+00
8.760000000000000000e+02 1.699267781027571589e+00
8.770000000000000000e+02 1.699281360379804706e+00
8.780000000000000000e+02 1.699294930911672497e+00
8.790000000000000000e+02 1.699308492623174960e+00
8.800000000000000000e+02 1.699322045514312096e+00
8.810000000000000000e+02 1.699335589585083905e+00
8.820000000000000000e+02 1.699349124835490610e+00
8.830000000000000000e+02 1.699362651265531765e+00
8.840000000000000000e+02 1.699376168875207815e+00
8.850000000000000000e+02 1.699389677664518539e+00
8.860000000000000000e+02 1.699403177633463713e+00
8.870000000000000000e+02 1.699416668782043782e+00
8.880000000000000000e+02 1.699430151110258524e+00
8.890000000000000000e+02 1.699443624618107940e+00
8.900000000000000000e+02 1.699457089305592028e+00
8.910000000000000000e+02 1.699470545172711011e+00
8.920000000000000000e+02 1.699483992219464445e+00
8.930000000000000000e+02 1.699497430445852553e+00
8.940000000000000000e+02 1.699510859851875555e+00
8.950000000000000000e+02 1.699524280437533230e+00
8.960000000000000000e+02 1.699537692202825356e+00
8.970000000000000000e+02 1.699551095147752378e+00
8.980000000000000000e+02 1.699564489272314072e+00
8.990000000000000000e+02 1.699577874576510439e+00
9.000000000000000000e+02 1.699591251060341479e+00
9.010000000000000000e+02 1.699604618723807414e+00
9.020000000000000000e+02 1.699617977566907800e+00
9.030000000000000000e+02 1.699631327589642860e+00
9.040000000000000000e+02 1.699644668792012814e+00
9.050000000000000000e+02 1.699658001174017219e+00
9.060000000000000000e+02 1.699671324735656519e+00
9.070000000000000000e+02 1.699684639476930492e+00
9.080000000000000000e+02 1.699697945397839138e+00
9.090000000000000000e+02 1.699711242498382457e+00
9.100000000000000000e+02 1.699724530778560450e+00
9.110000000000000000e+02 1.699737810238373115e+00
9.120000000000000000e+02 1.699751080877820453e+00
9.130000000000000000e+02 1.699764342696902686e+00
9.140000000000000000e+02 1.699777595695619370e+00
9.150000000000000000e+02 1.699790839873970949e+00
9.160000000000000000e+02 1.699804075231956979e+00
9.170000000000000000e+02 1.699817301769577904e+00
9.180000000000000000e+02 1.699830519486833502e+00
9.190000000000000000e+02 1.699843728383723773e+00
9.200000000000000000e+02 1.699856928460248717e+00
9.210000000000000000e+02 1.699870119716408334e+00
9.220000000000000000e+02 1.699883302152202624e+00
9.230000000000000000e+02 1.699896475767631587e+00
9.240000000000000000e+02 1.699909640562695445e+00
9.250000000000000000e+02 1.699922796537393754e+00
9.260000000000000000e+02 1.699935943691726958e+00
9.270000000000000000e+02 1.699949082025694835e+00
9.280000000000000000e+02 1.699962211539297163e+00
9.290000000000000000e+02 1.699975332232534386e+00
9.300000000000000000e+02 1.699988444105406282e+00
9.310000000000000000e+02 1.700001547157912851e+00
9.320000000000000000e+02 1.700014641390054093e+00
9.330000000000000000e+02 1.700027726801830230e+00
9.340000000000000000e+02 1.700040803393240818e+00
9.350000000000000000e+02 1.700053871164286301e+00
9.360000000000000000e+02 1.700066930114966235e+00
9.370000000000000000e+02 1.700079980245281064e+00
9.380000000000000000e+02 1.700093021555230344e+00
9.390000000000000000e+02 1.700106054044814519e+00
9.400000000000000000e+02 1.700119077714033367e+00
9.410000000000000000e+02 1.700132092562886887e+00
9.420000000000000000e+02 1.700145098591375081e+00
9.430000000000000000e+02 1.700158095799498170e+00
9.440000000000000000e+02 1.700171084187255710e+00
9.450000000000000000e+02 1.700184063754647923e+00
9.460000000000000000e+02 1.700197034501675031e+00
9.470000000000000000e+02 1.700209996428336590e+00
9.480000000000000000e+02 1.700222949534633043e+00
9.490000000000000000e+02 1.700235893820564170e+00
9.500000000000000000e+02 1.700248829286129970e+00
9.510000000000000000e+02 1.700261755931330443e+00
9.520000000000000000e+02 1.700274673756165589e+00
9.530000000000000000e+02 1.700287582760635408e+00
9.540000000000000000e+02 1.700300482944739899e+00
9.550000000000000000e+02 1.700313374308479286e+00
9.560000000000000000e+02 1.700326256851853124e+00
9.570000000000000000e+02 1.700339130574861857e+00
9.580000000000000000e+02 1.700351995477505040e+00
9.590000000000000000e+02 1.700364851559783119e+00
9.600000000000000000e+02 1.700377698821695871e+00
9.610000000000000000e+02 1.700390537263243296e+00
9.620000000000000000e+02 1.700403366884425393e+00
9.630000000000000000e+02 1.700416187685242164e+00
9.640000000000000000e+02 1.700428999665693608e+00
9.650000000000000000e+02 1.700441802825779947e+00
9.660000000000000000e+02 1.700454597165500736e+00
9.670000000000000000e+02 1.700467382684856199e+00
9.680000000000000000e+02 1.700480159383846557e+00
9.690000000000000000e+02 1.700492927262471587e+00
9.700000000000000000e+02 1.700505686320731291e+00
9.710000000000000000e+02 1.700518436558625446e+00
9.720000000000000000e+02 1.700531177976154495e+00
9.730000000000000000e+02 1.700543910573318218e+00
9.740000000000000000e+02 1.700556634350116836e+00
9.750000000000000000e+02 1.700569349306549904e+00
9.760000000000000000e+02 1.700582055442617646e+00
9.770000000000000000e+02 1.700594752758320283e+00
9.780000000000000000e+02 1.700607441253657370e+00
9.790000000000000000e+02 1.700620120928629353e+00
9.800000000000000000e+02 1.700632791783236009e+00
9.810000000000000000e+02 1.700645453817477115e+00
9.820000000000000000e+02 1.700658107031353117e+00
9.830000000000000000e+02 1.700670751424863791e+00
9.840000000000000000e+02 1.700683386998009361e+00
9.850000000000000000e+02 1.700696013750789382e+00
9.860000000000000000e+02 1.700708631683204075e+00
9.870000000000000000e+02 1.700721240795253664e+00
9.880000000000000000e+02 1.700733841086937703e+00
9.890000000000000000e+02 1.700746432558256638e+00
9.900000000000000000e+02 1.700759015209210023e+00
9.910000000000000000e+02 1.700771589039798304e+00
9.920000000000000000e+02 1.700784154050021257e+00
9.930000000000000000e+02 1.700796710239878884e+00
9.940000000000000000e+02 1.700809257609371183e+00
9.950000000000000000e+02 1.700821796158498156e+00
9.960000000000000000e+02 1.700834325887259801e+00
9.970000000000000000e+02 1.700846846795656342e+00
9.980000000000000000e+02 1.700859358883687333e+00
9.990000000000000000e+02 1.700871862151353220e+00
1.000000000000000000e+03 1.700884356598653779e+00
1.001000000000000000e+03 1.700896842225588790e+00
1.002000000000000000e+03 1.700909319032158695e+00
1.003000000000000000e+03 1.700921787018363274e+00
1.004000000000000000e+03 1.700934246184202525e+00
1.005000000000000000e+03 1.700946696529676450e+00
1.006000000000000000e+03 1.700959138054785047e+00
1.007000000000000000e+03 1.700971570759528539e+00
1.008000000000000000e+03 1.700983994643906483e+00
1.009000000000000000e+03 1.700996409707919321e+00
1.010000000000000000e+03 1.701008815951566611e+00
1.011000000000000000e+03 1.701021213374848795e+00
1.012000000000000000e+03 1.701033601977765652e+00
1.013000000000000000e+03 1.701045981760317183e+00
1.014000000000000000e+03 1.701058352722503386e+00
1.015000000000000000e+03 1.701070714864324263e+00
1.016000000000000000e+03 1.701083068185779812e+00
1.017000000000000000e+03 1.701095412686870034e+00
1.018000000000000000e+03 1.701107748367594930e+00
1.019000000000000000e+03 1.701120075227954720e+00
1.020000000000000000e+03 1.701132393267949183e+00
1.021000000000000000e+03 1.701144702487578098e+00
1.022000000000000000e+03 1.701157002886841907e+00
