# order=19: # line, wavelength [pixel], wavelength [micron]
1.000000000000000000e+00 2.460606060606060552e+01 2.040439961241600209e+00
2.000000000000000000e+00 4.084848484848485128e+01 2.040977490210575507e+00
3.000000000000000000e+00 9.227272727272726627e+01 2.042673067692743594e+00
4.000000000000000000e+00 1.106666666666666714e+02 2.043277216765114535e+00
5.000000000000000000e+00 2.218484848484848442e+02 2.046901989840759661e+00
6.000000000000000000e+00 2.366060606060605949e+02 2.047379562746674875e+00
7.000000000000000000e+00 2.516060606060605949e+02 2.047864109203921590e+00
8.000000000000000000e+00 2.670303030303030027e+02 2.048361437825505060e+00
9.000000000000000000e+00 2.823939393939393767e+02 2.048855876784533070e+00
1.000000000000000000e+01 3.316060606060606233e+02 2.050433286287479451e+00
1.100000000000000000e+01 4.000909090909090651e+02 2.052612033087153787e+00
1.200000000000000000e+01 4.749090909090909349e+02 2.054969858407407646e+00
1.300000000000000000e+01 6.155151515151515014e+02 2.059335246757375781e+00
1.400000000000000000e+01 6.367878787878787534e+02 2.059988007472324245e+00
1.500000000000000000e+01 6.521515151515151274e+02 2.060458160833930741e+00
1.600000000000000000e+01 6.693939393939393767e+02 2.060984516495741659e+00
1.700000000000000000e+01 8.304545454545454959e+02 2.065833655213940023e+00
1.800000000000000000e+01 8.549090909090908781e+02 2.066559000180054007e+00
1.900000000000000000e+01 8.796060606060606233e+02 2.067288542908427118e+00
2.000000000000000000e+01 9.047878787878787534e+02 2.068029285461190803e+00
2.100000000000000000e+01 9.302121212121212466e+02 2.068773933811824506e+00
2.200000000000000000e+01 9.572727272727272521e+02 2.069562918641576932e+00
2.300000000000000000e+01 9.823939393939393767e+02 2.070292015729924273e+00
2.400000000000000000e+01 1.008909090909090878e+03 2.071058048622416159e+00
