# order=13: # line, wavelength [pixel], wavelength [micron]
1.000000000000000000e+00 1.372727272727272663e+01 1.755152556672822328e+00
2.000000000000000000e+00 1.372727272727272663e+01 1.755152556672822328e+00
3.000000000000000000e+00 2.796969696969696884e+01 1.755562129165365581e+00
4.000000000000000000e+00 7.160606060606060908e+01 1.756812432052399453e+00
5.000000000000000000e+00 7.160606060606060908e+01 1.756812432052399453e+00
6.000000000000000000e+00 9.445454545454545325e+01 1.757464363339110713e+00
7.000000000000000000e+00 9.445454545454545325e+01 1.757464363339110713e+00
8.000000000000000000e+00 2.207878787878787818e+02 1.761034998269845886e+00
9.000000000000000000e+00 2.207878787878787818e+02 1.761034998269845886e+00
1.000000000000000000e+01 2.726666666666666856e+02 1.762484596129413994e+00
1.100000000000000000e+01 2.726666666666666856e+02 1.762484596129413994e+00
1.200000000000000000e+01 2.943333333333333144e+02 1.763087130985159678e+00
1.300000000000000000e+01 2.943333333333333144e+02 1.763087130985159678e+00
1.400000000000000000e+01 3.882727272727272521e+02 1.765679922917456235e+00
1.500000000000000000e+01 3.882727272727272521e+02 1.765679922917456235e+00
1.600000000000000000e+01 3.975151515151515014e+02 1.765933299313453553e+00
1.700000000000000000e+01 3.975151515151515014e+02 1.765933299313453553e+00
1.800000000000000000e+01 4.327878787878788103e+02 1.766897449934898612e+00
1.900000000000000000e+01 4.327878787878788103e+02 1.766897449934898612e+00
2.000000000000000000e+01 4.432727272727272521e+02 1.767183178799673682e+00
2.100000000000000000e+01 4.432727272727272521e+02 1.767183178799673682e+00
2.200000000000000000e+01 5.415454545454545041e+02 1.769841981083777549e+00
2.300000000000000000e+01 5.415454545454545041e+02 1.769841981083777549e+00
2.400000000000000000e+01 5.737878787878787534e+02 1.770706717292080956e+00
2.500000000000000000e+01 5.737878787878787534e+02 1.770706717292080956e+00
2.600000000000000000e+01 5.879090909090908781e+02 1.771084264309692013e+00
2.700000000000000000e+01 5.879090909090908781e+02 1.771084264309692013e+00
2.800000000000000000e+01 6.419090909090908781e+02 1.772521379082268922e+00
2.900000000000000000e+01 6.419090909090908781e+02 1.772521379082268922e+00
3.000000000000000000e+01 6.976666666666666288e+02 1.773994225341620323e+00
3.100000000000000000e+01 6.976666666666666288e+02 1.773994225341620323e+00
3.200000000000000000e+01 7.133939393939393767e+02 1.774407635296267438e+00
3.300000000000000000e+01 7.133939393939393767e+02 1.774407635296267438e+00
3.400000000000000000e+01 7.829090909090908781e+02 1.776224230328061093e+00
3.500000000000000000e+01 7.829090909090908781e+02 1.776224230328061093e+00
3.600000000000000000e+01 8.467272727272727479e+02 1.777876595320018849e+00
3.700000000000000000e+01 8.467272727272727479e+02 1.777876595320018849e+00
3.800000000000000000e+01 8.836060606060606233e+02 1.778824750802885601e+00
3.900000000000000000e+01 8.836060606060606233e+02 1.778824750802885601e+00
4.000000000000000000e+01 8.946060606060606233e+02 1.779106610976422642e+00
4.100000000000000000e+01 8.946060606060606233e+02 1.779106610976422642e+00
4.200000000000000000e+01 9.222727272727272521e+02 1.779813601590274130e+00
4.300000000000000000e+01 9.222727272727272521e+02 1.779813601590274130e+00
4.400000000000000000e+01 9.793939393939393767e+02 1.781264530457361550e+00
4.500000000000000000e+01 9.793939393939393767e+02 1.781264530457361550e+00
4.600000000000000000e+01 9.979696969696969973e+02 1.781733833607211048e+00
4.700000000000000000e+01 9.979696969696969973e+02 1.781733833607211048e+00
