# order=3: # line, wavelength [pixel], wavelength [micron]
1.000000000000000000e+00 1.924242424242424221e+01 1.423422738028244705e+00
2.000000000000000000e+00 6.833333333333332860e+01 1.424582773964846449e+00
3.000000000000000000e+00 8.260606060606060908e+01 1.424918604796911792e+00
4.000000000000000000e+00 1.000909090909090935e+02 1.425329131934738092e+00
5.000000000000000000e+00 1.468484848484848442e+02 1.426422174929612874e+00
6.000000000000000000e+00 1.657878787878787818e+02 1.426862937909467499e+00
7.000000000000000000e+00 1.857878787878787818e+02 1.427327144547685167e+00
8.000000000000000000e+00 2.338484848484848442e+02 1.428437442879758157e+00
9.000000000000000000e+00 2.429090909090909065e+02 1.428645937979972524e+00
1.000000000000000000e+01 2.852727272727272521e+02 1.429617308532854514e+00
1.100000000000000000e+01 3.002121212121211897e+02 1.429958497062536527e+00
1.200000000000000000e+01 3.737878787878788103e+02 1.431628471629659005e+00
1.300000000000000000e+01 5.184848484848484986e+02 1.434862459209697239e+00
1.400000000000000000e+01 5.359090909090908781e+02 1.435247397888104182e+00
1.500000000000000000e+01 5.513939393939393767e+02 1.435588680445510690e+00
1.600000000000000000e+01 6.263333333333333712e+02 1.437229546432592375e+00
1.700000000000000000e+01 7.568484848484848726e+02 1.440044630888635657e+00
1.800000000000000000e+01 7.778484848484848726e+02 1.440492518053801740e+00
1.900000000000000000e+01 8.596666666666666288e+02 1.442224148676316320e+00
2.000000000000000000e+01 9.322727272727272521e+02 1.443742971764750083e+00
2.100000000000000000e+01 9.488484848484848726e+02 1.444087362827455090e+00
2.200000000000000000e+01 9.622727272727272521e+02 1.444365634768385309e+00
