# order=18: data_wav [pixel], data_wavsolution [micron]
3.000000000000000000e+00 1.986005697818947091e+00
4.000000000000000000e+00 1.986038068506878362e+00
5.000000000000000000e+00 1.986070435712175897e+00
6.000000000000000000e+00 1.986102799433373089e+00
7.000000000000000000e+00 1.986135159669003780e+00
8.000000000000000000e+00 1.986167516417601142e+00
9.000000000000000000e+00 1.986199869677699237e+00
1.000000000000000000e+01 1.986232219447831460e+00
1.100000000000000000e+01 1.986264565726531206e+00
1.200000000000000000e+01 1.986296908512332093e+00
1.300000000000000000e+01 1.986329247803767961e+00
1.400000000000000000e+01 1.986361583599372205e+00
1.500000000000000000e+01 1.986393915897678442e+00
1.600000000000000000e+01 1.986426244697220289e+00
1.700000000000000000e+01 1.986458569996531365e+00
1.800000000000000000e+01 1.986490891794144842e+00
1.900000000000000000e+01 1.986523210088594782e+00
2.000000000000000000e+01 1.986555524878414802e+00
2.100000000000000000e+01 1.986587836162138077e+00
2.200000000000000000e+01 1.986620143938298222e+00
2.300000000000000000e+01 1.986652448205429300e+00
2.400000000000000000e+01 1.986684748962064484e+00
2.500000000000000000e+01 1.986717046206737392e+00
2.600000000000000000e+01 1.986749339937981640e+00
2.700000000000000000e+01 1.986781630154330847e+00
2.800000000000000000e+01 1.986813916854318407e+00
2.900000000000000000e+01 1.986846200036478161e+00
3.000000000000000000e+01 1.986878479699343725e+00
3.100000000000000000e+01 1.986910755841448495e+00
3.200000000000000000e+01 1.986943028461326088e+00
3.300000000000000000e+01 1.986975297557509901e+00
3.400000000000000000e+01 1.987007563128533993e+00
3.500000000000000000e+01 1.987039825172931318e+00
3.600000000000000000e+01 1.987072083689236157e+00
3.700000000000000000e+01 1.987104338675981463e+00
3.800000000000000000e+01 1.987136590131701075e+00
3.900000000000000000e+01 1.987168838054928832e+00
4.000000000000000000e+01 1.987201082444197686e+00
4.100000000000000000e+01 1.987233323298041920e+00
4.200000000000000000e+01 1.987265560614994486e+00
4.300000000000000000e+01 1.987297794393589445e+00
4.400000000000000000e+01 1.987330024632360193e+00
4.500000000000000000e+01 1.987362251329840124e+00
4.600000000000000000e+01 1.987394474484563300e+00
4.700000000000000000e+01 1.987426694095062674e+00
4.800000000000000000e+01 1.987458910159872305e+00
4.900000000000000000e+01 1.987491122677525590e+00
5.000000000000000000e+01 1.987523331646556146e+00
5.100000000000000000e+01 1.987555537065497591e+00
5.200000000000000000e+01 1.987587738932883319e+00
5.300000000000000000e+01 1.987619937247247170e+00
5.400000000000000000e+01 1.987652132007122541e+00
5.500000000000000000e+01 1.987684323211043047e+00
5.600000000000000000e+01 1.987716510857542307e+00
5.700000000000000000e+01 1.987748694945153716e+00
5.800000000000000000e+01 1.987780875472411335e+00
5.900000000000000000e+01 1.987813052437848116e+00
6.000000000000000000e+01 1.987845225839998120e+00
6.100000000000000000e+01 1.987877395677394743e+00
6.200000000000000000e+01 1.987909561948571602e+00
6.300000000000000000e+01 1.987941724652062092e+00
6.400000000000000000e+01 1.987973883786400053e+00
6.500000000000000000e+01 1.988006039350119103e+00
6.600000000000000000e+01 1.988038191341752414e+00
6.700000000000000000e+01 1.988070339759834049e+00
6.800000000000000000e+01 1.988102484602897180e+00
6.900000000000000000e+01 1.988134625869475647e+00
7.000000000000000000e+01 1.988166763558103067e+00
7.100000000000000000e+01 1.988198897667312837e+00
7.200000000000000000e+01 1.988231028195638572e+00
7.300000000000000000e+01 1.988263155141613892e+00
7.400000000000000000e+01 1.988295278503772412e+00
7.500000000000000000e+01 1.988327398280647751e+00
7.600000000000000000e+01 1.988359514470773304e+00
7.700000000000000000e+01 1.988391627072682688e+00
7.800000000000000000e+01 1.988423736084909743e+00
7.900000000000000000e+01 1.988455841505987642e+00
8.000000000000000000e+01 1.988487943334450225e+00
8.100000000000000000e+01 1.988520041568831109e+00
8.200000000000000000e+01 1.988552136207663690e+00
8.300000000000000000e+01 1.988584227249481806e+00
8.400000000000000000e+01 1.988616314692818854e+00
8.500000000000000000e+01 1.988648398536208228e+00
8.600000000000000000e+01 1.988680478778183769e+00
8.700000000000000000e+01 1.988712555417279093e+00
8.800000000000000000e+01 1.988744628452027818e+00
8.900000000000000000e+01 1.988776697880963118e+00
9.000000000000000000e+01 1.988808763702619054e+00
9.100000000000000000e+01 1.988840825915528798e+00
9.200000000000000000e+01 1.988872884518226414e+00
9.300000000000000000e+01 1.988904939509245073e+00
9.400000000000000000e+01 1.988936990887118395e+00
9.500000000000000000e+01 1.988969038650379995e+00
9.600000000000000000e+01 1.989001082797563713e+00
9.700000000000000000e+01 1.989033123327202723e+00
9.800000000000000000e+01 1.989065160237830865e+00
9.900000000000000000e+01 1.989097193527981533e+00
1.000000000000000000e+02 1.989129223196188567e+00
1.010000000000000000e+02 1.989161249240985363e+00
1.020000000000000000e+02 1.989193271660905760e+00
1.030000000000000000e+02 1.989225290454482709e+00
1.040000000000000000e+02 1.989257305620250493e+00
1.050000000000000000e+02 1.989289317156742287e+00
1.060000000000000000e+02 1.989321325062491930e+00
1.070000000000000000e+02 1.989353329336032594e+00
1.080000000000000000e+02 1.989385329975898342e+00
1.090000000000000000e+02 1.989417326980622347e+00
1.100000000000000000e+02 1.989449320348738448e+00
1.110000000000000000e+02 1.989481310078780041e+00
1.120000000000000000e+02 1.989513296169280965e+00
1.130000000000000000e+02 1.989545278618774615e+00
1.140000000000000000e+02 1.989577257425794610e+00
1.150000000000000000e+02 1.989609232588874344e+00
1.160000000000000000e+02 1.989641204106547878e+00
1.170000000000000000e+02 1.989673171977348165e+00
1.180000000000000000e+02 1.989705136199809266e+00
1.190000000000000000e+02 1.989737096772464575e+00
1.200000000000000000e+02 1.989769053693847711e+00
1.210000000000000000e+02 1.989801006962492291e+00
1.220000000000000000e+02 1.989832956576931711e+00
1.230000000000000000e+02 1.989864902535699587e+00
1.240000000000000000e+02 1.989896844837329759e+00
1.250000000000000000e+02 1.989928783480355623e+00
1.260000000000000000e+02 1.989960718463310796e+00
1.270000000000000000e+02 1.989992649784728895e+00
1.280000000000000000e+02 1.990024577443143317e+00
1.290000000000000000e+02 1.990056501437087677e+00
1.300000000000000000e+02 1.990088421765095816e+00
1.310000000000000000e+02 1.990120338425700908e+00
1.320000000000000000e+02 1.990152251417437013e+00
1.330000000000000000e+02 1.990184160738837305e+00
1.340000000000000000e+02 1.990216066388435623e+00
1.350000000000000000e+02 1.990247968364765363e+00
1.360000000000000000e+02 1.990279866666360142e+00
1.370000000000000000e+02 1.990311761291753800e+00
1.380000000000000000e+02 1.990343652239479511e+00
1.390000000000000000e+02 1.990375539508070890e+00
1.400000000000000000e+02 1.990407423096062001e+00
1.410000000000000000e+02 1.990439303001985794e+00
1.420000000000000000e+02 1.990471179224376330e+00
1.430000000000000000e+02 1.990503051761767006e+00
1.440000000000000000e+02 1.990534920612691216e+00
1.450000000000000000e+02 1.990566785775682801e+00
1.460000000000000000e+02 1.990598647249275377e+00
1.470000000000000000e+02 1.990630505032002340e+00
1.480000000000000000e+02 1.990662359122397307e+00
1.490000000000000000e+02 1.990694209518993674e+00
1.500000000000000000e+02 1.990726056220325502e+00
1.510000000000000000e+02 1.990757899224925964e+00
1.520000000000000000e+02 1.990789738531328901e+00
1.530000000000000000e+02 1.990821574138067707e+00
1.540000000000000000e+02 1.990853406043675999e+00
1.550000000000000000e+02 1.990885234246687396e+00
1.560000000000000000e+02 1.990917058745635515e+00
1.570000000000000000e+02 1.990948879539053751e+00
1.580000000000000000e+02 1.990980696625475721e+00
1.590000000000000000e+02 1.991012510003435265e+00
1.600000000000000000e+02 1.991044319671465779e+00
1.610000000000000000e+02 1.991076125628100879e+00
1.620000000000000000e+02 1.991107927871873962e+00
1.630000000000000000e+02 1.991139726401318866e+00
1.640000000000000000e+02 1.991171521214969209e+00
1.650000000000000000e+02 1.991203312311358165e+00
1.660000000000000000e+02 1.991235099689019794e+00
1.670000000000000000e+02 1.991266883346487493e+00
1.680000000000000000e+02 1.991298663282294656e+00
1.690000000000000000e+02 1.991330439494974902e+00
1.700000000000000000e+02 1.991362211983062069e+00
1.710000000000000000e+02 1.991393980745089554e+00
1.720000000000000000e+02 1.991425745779591194e+00
1.730000000000000000e+02 1.991457507085100165e+00
1.740000000000000000e+02 1.991489264660150083e+00
1.750000000000000000e+02 1.991521018503274787e+00
1.760000000000000000e+02 1.991552768613007895e+00
1.770000000000000000e+02 1.991584514987882581e+00
1.780000000000000000e+02 1.991616257626432906e+00
1.790000000000000000e+02 1.991647996527192044e+00
1.800000000000000000e+02 1.991679731688693833e+00
1.810000000000000000e+02 1.991711463109471669e+00
1.820000000000000000e+02 1.991743190788059392e+00
1.830000000000000000e+02 1.991774914722990175e+00
1.840000000000000000e+02 1.991806634912798080e+00
1.850000000000000000e+02 1.991838351356016501e+00
1.860000000000000000e+02 1.991870064051178835e+00
1.870000000000000000e+02 1.991901772996818698e+00
1.880000000000000000e+02 1.991933478191469931e+00
1.890000000000000000e+02 1.991965179633665706e+00
1.900000000000000000e+02 1.991996877321940085e+00
1.910000000000000000e+02 1.992028571254826241e+00
1.920000000000000000e+02 1.992060261430858015e+00
1.930000000000000000e+02 1.992091947848569022e+00
1.940000000000000000e+02 1.992123630506492438e+00
1.950000000000000000e+02 1.992155309403162322e+00
1.960000000000000000e+02 1.992186984537111849e+00
1.970000000000000000e+02 1.992218655906874858e+00
1.980000000000000000e+02 1.992250323510984966e+00
1.990000000000000000e+02 1.992281987347975569e+00
2.000000000000000000e+02 1.992313647416380284e+00
2.010000000000000000e+02 1.992345303714732951e+00
2.020000000000000000e+02 1.992376956241566743e+00
2.030000000000000000e+02 1.992408604995415278e+00
2.040000000000000000e+02 1.992440249974812616e+00
2.050000000000000000e+02 1.992471891178291710e+00
2.060000000000000000e+02 1.992503528604386620e+00
2.070000000000000000e+02 1.992535162251630743e+00
2.080000000000000000e+02 1.992566792118557473e+00
2.090000000000000000e+02 1.992598418203700650e+00
2.100000000000000000e+02 1.992630040505593891e+00
2.110000000000000000e+02 1.992661659022770593e+00
2.120000000000000000e+02 1.992693273753764371e+00
2.130000000000000000e+02 1.992724884697108845e+00
2.140000000000000000e+02 1.992756491851337630e+00
2.150000000000000000e+02 1.992788095214984123e+00
2.160000000000000000e+02 1.992819694786582163e+00
2.170000000000000000e+02 1.992851290564665145e+00
2.180000000000000000e+02 1.992882882547766688e+00
2.190000000000000000e+02 1.992914470734420407e+00
2.200000000000000000e+02 1.992946055123159921e+00
2.210000000000000000e+02 1.992977635712518847e+00
2.220000000000000000e+02 1.993009212501030358e+00
2.230000000000000000e+02 1.993040785487228739e+00
2.240000000000000000e+02 1.993072354669646939e+00
2.250000000000000000e+02 1.993103920046818800e+00
2.260000000000000000e+02 1.993135481617277938e+00
2.270000000000000000e+02 1.993167039379557748e+00
2.280000000000000000e+02 1.993198593332192070e+00
2.290000000000000000e+02 1.993230143473714078e+00
2.300000000000000000e+02 1.993261689802657832e+00
2.310000000000000000e+02 1.993293232317556729e+00
2.320000000000000000e+02 1.993324771016944386e+00
2.330000000000000000e+02 1.993356305899354197e+00
2.340000000000000000e+02 1.993387836963319781e+00
2.350000000000000000e+02 1.993419364207374977e+00
2.360000000000000000e+02 1.993450887630052959e+00
2.370000000000000000e+02 1.993482407229887787e+00
2.380000000000000000e+02 1.993513923005412636e+00
2.390000000000000000e+02 1.993545434955161122e+00
2.400000000000000000e+02 1.993576943077667085e+00
2.410000000000000000e+02 1.993608447371463921e+00
2.420000000000000000e+02 1.993639947835085247e+00
2.430000000000000000e+02 1.993671444467064680e+00
2.440000000000000000e+02 1.993702937265935615e+00
2.450000000000000000e+02 1.993734426230231893e+00
2.460000000000000000e+02 1.993765911358486909e+00
2.470000000000000000e+02 1.993797392649234279e+00
2.480000000000000000e+02 1.993828870101007844e+00
2.490000000000000000e+02 1.993860343712340777e+00
2.500000000000000000e+02 1.993891813481766695e+00
2.510000000000000000e+02 1.993923279407819438e+00
2.520000000000000000e+02 1.993954741489032401e+00
2.530000000000000000e+02 1.993986199723939423e+00
2.540000000000000000e+02 1.994017654111073679e+00
2.550000000000000000e+02 1.994049104648969006e+00
2.560000000000000000e+02 1.994080551336159024e+00
2.570000000000000000e+02 1.994111994171177127e+00
2.580000000000000000e+02 1.994143433152556932e+00
2.590000000000000000e+02 1.994174868278832058e+00
2.600000000000000000e+02 1.994206299548536121e+00
2.610000000000000000e+02 1.994237726960202739e+00
2.620000000000000000e+02 1.994269150512365529e+00
2.630000000000000000e+02 1.994300570203557665e+00
2.640000000000000000e+02 1.994331986032313209e+00
2.650000000000000000e+02 1.994363397997165555e+00
2.660000000000000000e+02 1.994394806096648320e+00
2.670000000000000000e+02 1.994426210329295124e+00
2.680000000000000000e+02 1.994457610693639360e+00
2.690000000000000000e+02 1.994489007188214647e+00
2.700000000000000000e+02 1.994520399811554823e+00
2.710000000000000000e+02 1.994551788562193062e+00
2.720000000000000000e+02 1.994583173438663426e+00
2.730000000000000000e+02 1.994614554439499088e+00
2.740000000000000000e+02 1.994645931563233665e+00
2.750000000000000000e+02 1.994677304808400997e+00
2.760000000000000000e+02 1.994708674173534479e+00
2.770000000000000000e+02 1.994740039657167729e+00
2.780000000000000000e+02 1.994771401257834365e+00
2.790000000000000000e+02 1.994802758974067780e+00
2.800000000000000000e+02 1.994834112804401816e+00
2.810000000000000000e+02 1.994865462747369866e+00
2.820000000000000000e+02 1.994896808801505550e+00
2.830000000000000000e+02 1.994928150965342484e+00
2.840000000000000000e+02 1.994959489237414285e+00
2.850000000000000000e+02 1.994990823616254350e+00
2.860000000000000000e+02 1.995022154100396516e+00
2.870000000000000000e+02 1.995053480688374181e+00
2.880000000000000000e+02 1.995084803378721183e+00
2.890000000000000000e+02 1.995116122169970696e+00
2.900000000000000000e+02 1.995147437060656559e+00
2.910000000000000000e+02 1.995178748049312167e+00
2.920000000000000000e+02 1.995210055134471361e+00
2.930000000000000000e+02 1.995241358314667535e+00
2.940000000000000000e+02 1.995272657588434306e+00
2.950000000000000000e+02 1.995303952954305293e+00
2.960000000000000000e+02 1.995335244410813891e+00
2.970000000000000000e+02 1.995366531956494160e+00
2.980000000000000000e+02 1.995397815589879054e+00
2.990000000000000000e+02 1.995429095309502632e+00
3.000000000000000000e+02 1.995460371113898290e+00
3.010000000000000000e+02 1.995491643001599424e+00
3.020000000000000000e+02 1.995522910971140096e+00
3.030000000000000000e+02 1.995554175021053256e+00
3.040000000000000000e+02 1.995585435149872966e+00
3.050000000000000000e+02 1.995616691356132844e+00
3.060000000000000000e+02 1.995647943638366062e+00
3.070000000000000000e+02 1.995679191995106461e+00
3.080000000000000000e+02 1.995710436424887657e+00
3.090000000000000000e+02 1.995741676926243047e+00
3.100000000000000000e+02 1.995772913497706247e+00
3.110000000000000000e+02 1.995804146137811097e+00
3.120000000000000000e+02 1.995835374845090993e+00
3.130000000000000000e+02 1.995866599618079329e+00
3.140000000000000000e+02 1.995897820455309946e+00
3.150000000000000000e+02 1.995929037355316238e+00
3.160000000000000000e+02 1.995960250316632045e+00
3.170000000000000000e+02 1.995991459337790763e+00
3.180000000000000000e+02 1.996022664417325787e+00
3.190000000000000000e+02 1.996053865553771178e+00
3.200000000000000000e+02 1.996085062745660110e+00
3.210000000000000000e+02 1.996116255991526200e+00
3.220000000000000000e+02 1.996147445289903288e+00
3.230000000000000000e+02 1.996178630639324769e+00
3.240000000000000000e+02 1.996209812038324038e+00
3.250000000000000000e+02 1.996240989485435158e+00
3.260000000000000000e+02 1.996272162979191300e+00
3.270000000000000000e+02 1.996303332518126084e+00
3.280000000000000000e+02 1.996334498100773347e+00
3.290000000000000000e+02 1.996365659725666264e+00
3.300000000000000000e+02 1.996396817391338896e+00
3.310000000000000000e+02 1.996427971096324416e+00
3.320000000000000000e+02 1.996459120839156443e+00
3.330000000000000000e+02 1.996490266618368814e+00
3.340000000000000000e+02 1.996521408432495148e+00
3.350000000000000000e+02 1.996552546280068619e+00
3.360000000000000000e+02 1.996583680159623064e+00
3.370000000000000000e+02 1.996614810069692103e+00
3.380000000000000000e+02 1.996645936008809130e+00
3.390000000000000000e+02 1.996677057975507763e+00
3.400000000000000000e+02 1.996708175968321841e+00
3.410000000000000000e+02 1.996739289985784760e+00
3.420000000000000000e+02 1.996770400026429915e+00
3.430000000000000000e+02 1.996801506088791145e+00
3.440000000000000000e+02 1.996832608171402068e+00
3.450000000000000000e+02 1.996863706272795858e+00
3.460000000000000000e+02 1.996894800391506575e+00
3.470000000000000000e+02 1.996925890526067615e+00
3.480000000000000000e+02 1.996956976675012596e+00
3.490000000000000000e+02 1.996988058836874913e+00
3.500000000000000000e+02 1.997019137010188405e+00
3.510000000000000000e+02 1.997050211193486469e+00
3.520000000000000000e+02 1.997081281385302720e+00
3.530000000000000000e+02 1.997112347584170777e+00
3.540000000000000000e+02 1.997143409788624258e+00
3.550000000000000000e+02 1.997174467997196556e+00
3.560000000000000000e+02 1.997205522208421513e+00
3.570000000000000000e+02 1.997236572420832523e+00
3.580000000000000000e+02 1.997267618632963204e+00
3.590000000000000000e+02 1.997298660843347173e+00
3.600000000000000000e+02 1.997329699050517826e+00
3.610000000000000000e+02 1.997360733253009002e+00
3.620000000000000000e+02 1.997391763449354318e+00
3.630000000000000000e+02 1.997422789638087171e+00
3.640000000000000000e+02 1.997453811817740954e+00
3.650000000000000000e+02 1.997484829986849730e+00
3.660000000000000000e+02 1.997515844143946673e+00
3.670000000000000000e+02 1.997546854287565621e+00
3.680000000000000000e+02 1.997577860416239970e+00
3.690000000000000000e+02 1.997608862528503559e+00
3.700000000000000000e+02 1.997639860622889563e+00
3.710000000000000000e+02 1.997670854697931819e+00
3.720000000000000000e+02 1.997701844752163947e+00
3.730000000000000000e+02 1.997732830784119340e+00
3.740000000000000000e+02 1.997763812792331839e+00
3.750000000000000000e+02 1.997794790775334839e+00
3.760000000000000000e+02 1.997825764731661735e+00
3.770000000000000000e+02 1.997856734659846589e+00
3.780000000000000000e+02 1.997887700558422575e+00
3.790000000000000000e+02 1.997918662425923531e+00
3.800000000000000000e+02 1.997949620260882853e+00
3.810000000000000000e+02 1.997980574061834158e+00
3.820000000000000000e+02 1.998011523827311064e+00
3.830000000000000000e+02 1.998042469555846967e+00
3.840000000000000000e+02 1.998073411245975928e+00
3.850000000000000000e+02 1.998104348896230897e+00
3.860000000000000000e+02 1.998135282505145938e+00
3.870000000000000000e+02 1.998166212071254444e+00
3.880000000000000000e+02 1.998197137593090034e+00
3.890000000000000000e+02 1.998228059069186324e+00
3.900000000000000000e+02 1.998258976498076711e+00
3.910000000000000000e+02 1.998289889878295034e+00
3.920000000000000000e+02 1.998320799208374687e+00
3.930000000000000000e+02 1.998351704486849290e+00
3.940000000000000000e+02 1.998382605712252458e+00
3.950000000000000000e+02 1.998413502883117587e+00
3.960000000000000000e+02 1.998444395997978518e+00
3.970000000000000000e+02 1.998475285055368866e+00
3.980000000000000000e+02 1.998506170053821807e+00
3.990000000000000000e+02 1.998537050991871400e+00
4.000000000000000000e+02 1.998567927868050820e+00
4.010000000000000000e+02 1.998598800680893905e+00
4.020000000000000000e+02 1.998629669428934275e+00
4.030000000000000000e+02 1.998660534110705322e+00
4.040000000000000000e+02 1.998691394724740666e+00
4.050000000000000000e+02 1.998722251269574146e+00
4.060000000000000000e+02 1.998753103743738713e+00
4.070000000000000000e+02 1.998783952145768650e+00
4.080000000000000000e+02 1.998814796474197131e+00
4.090000000000000000e+02 1.998845636727557995e+00
4.100000000000000000e+02 1.998876472904384416e+00
4.110000000000000000e+02 1.998907305003210455e+00
4.120000000000000000e+02 1.998938133022569286e+00
4.130000000000000000e+02 1.998968956960994747e+00
4.140000000000000000e+02 1.998999776817020235e+00
4.150000000000000000e+02 1.999030592589179589e+00
4.160000000000000000e+02 1.999061404276006204e+00
4.170000000000000000e+02 1.999092211876033476e+00
4.180000000000000000e+02 1.999123015387795466e+00
4.190000000000000000e+02 1.999153814809825347e+00
4.200000000000000000e+02 1.999184610140656737e+00
4.210000000000000000e+02 1.999215401378823476e+00
4.220000000000000000e+02 1.999246188522858958e+00
4.230000000000000000e+02 1.999276971571296579e+00
4.240000000000000000e+02 1.999307750522670402e+00
4.250000000000000000e+02 1.999338525375513376e+00
4.260000000000000000e+02 1.999369296128359785e+00
4.270000000000000000e+02 1.999400062779742582e+00
4.280000000000000000e+02 1.999430825328195827e+00
4.290000000000000000e+02 1.999461583772252693e+00
4.300000000000000000e+02 1.999492338110447021e+00
4.310000000000000000e+02 1.999523088341312427e+00
4.320000000000000000e+02 1.999553834463382307e+00
4.330000000000000000e+02 1.999584576475190278e+00
4.340000000000000000e+02 1.999615314375270181e+00
4.350000000000000000e+02 1.999646048162155187e+00
4.360000000000000000e+02 1.999676777834378916e+00
4.370000000000000000e+02 1.999707503390475427e+00
4.380000000000000000e+02 1.999738224828977673e+00
4.390000000000000000e+02 1.999768942148419715e+00
4.400000000000000000e+02 1.999799655347334948e+00
4.410000000000000000e+02 1.999830364424256768e+00
4.420000000000000000e+02 1.999861069377719014e+00
4.430000000000000000e+02 1.999891770206255304e+00
4.440000000000000000e+02 1.999922466908399032e+00
4.450000000000000000e+02 1.999953159482683818e+00
4.460000000000000000e+02 1.999983847927643277e+00
4.470000000000000000e+02 2.000014532241810805e+00
4.480000000000000000e+02 2.000045212423720464e+00
4.490000000000000000e+02 2.000075888471905206e+00
4.500000000000000000e+02 2.000106560384899090e+00
4.510000000000000000e+02 2.000137228161235736e+00
4.520000000000000000e+02 2.000167891799448316e+00
4.530000000000000000e+02 2.000198551298070448e+00
4.540000000000000000e+02 2.000229206655636194e+00
4.550000000000000000e+02 2.000259857870678726e+00
4.560000000000000000e+02 2.000290504941731662e+00
4.570000000000000000e+02 2.000321147867328619e+00
4.580000000000000000e+02 2.000351786646003216e+00
4.590000000000000000e+02 2.000382421276289069e+00
4.600000000000000000e+02 2.000413051756719796e+00
4.610000000000000000e+02 2.000443678085828569e+00
4.620000000000000000e+02 2.000474300262149452e+00
4.630000000000000000e+02 2.000504918284215616e+00
4.640000000000000000e+02 2.000535532150561124e+00
4.650000000000000000e+02 2.000566141859719149e+00
4.660000000000000000e+02 2.000596747410223752e+00
4.670000000000000000e+02 2.000627348800608107e+00
4.680000000000000000e+02 2.000657946029405387e+00
4.690000000000000000e+02 2.000688539095150098e+00
4.700000000000000000e+02 2.000719127996375413e+00
4.710000000000000000e+02 2.000749712731614505e+00
4.720000000000000000e+02 2.000780293299401436e+00
4.730000000000000000e+02 2.000810869698269823e+00
4.740000000000000000e+02 2.000841441926753284e+00
4.750000000000000000e+02 2.000872009983384991e+00
4.760000000000000000e+02 2.000902573866698564e+00
4.770000000000000000e+02 2.000933133575228062e+00
4.780000000000000000e+02 2.000963689107506660e+00
4.790000000000000000e+02 2.000994240462067975e+00
4.800000000000000000e+02 2.001024787637445623e+00
4.810000000000000000e+02 2.001055330632173224e+00
4.820000000000000000e+02 2.001085869444784393e+00
4.830000000000000000e+02 2.001116404073812749e+00
4.840000000000000000e+02 2.001146934517791465e+00
4.850000000000000000e+02 2.001177460775254602e+00
4.860000000000000000e+02 2.001207982844735778e+00
4.870000000000000000e+02 2.001238500724768166e+00
4.880000000000000000e+02 2.001269014413885383e+00
4.890000000000000000e+02 2.001299523910621492e+00
4.900000000000000000e+02 2.001330029213509665e+00
4.910000000000000000e+02 2.001360530321083520e+00
4.920000000000000000e+02 2.001391027231876674e+00
4.930000000000000000e+02 2.001421519944422744e+00
4.940000000000000000e+02 2.001452008457255349e+00
4.950000000000000000e+02 2.001482492768908106e+00
4.960000000000000000e+02 2.001512972877914187e+00
4.970000000000000000e+02 2.001543448782807655e+00
4.980000000000000000e+02 2.001573920482121682e+00
4.990000000000000000e+02 2.001604387974390331e+00
5.000000000000000000e+02 2.001634851258147219e+00
5.010000000000000000e+02 2.001665310331925074e+00
5.020000000000000000e+02 2.001695765194258403e+00
5.030000000000000000e+02 2.001726215843679935e+00
5.040000000000000000e+02 2.001756662278724175e+00
5.050000000000000000e+02 2.001787104497924297e+00
5.060000000000000000e+02 2.001817542499813474e+00
5.070000000000000000e+02 2.001847976282925767e+00
5.080000000000000000e+02 2.001878405845794795e+00
5.090000000000000000e+02 2.001908831186954174e+00
5.100000000000000000e+02 2.001939252304937078e+00
5.110000000000000000e+02 2.001969669198277124e+00
5.120000000000000000e+02 2.002000081865508374e+00
5.130000000000000000e+02 2.002030490305163557e+00
5.140000000000000000e+02 2.002060894515777179e+00
5.150000000000000000e+02 2.002091294495882412e+00
5.160000000000000000e+02 2.002121690244012875e+00
5.170000000000000000e+02 2.002152081758702185e+00
5.180000000000000000e+02 2.002182469038483958e+00
5.190000000000000000e+02 2.002212852081891370e+00
5.200000000000000000e+02 2.002243230887458481e+00
5.210000000000000000e+02 2.002273605453718908e+00
5.220000000000000000e+02 2.002303975779205825e+00
5.230000000000000000e+02 2.002334341862452849e+00
5.240000000000000000e+02 2.002364703701994042e+00
5.250000000000000000e+02 2.002395061296362577e+00
5.260000000000000000e+02 2.002425414644092072e+00
5.270000000000000000e+02 2.002455763743716144e+00
5.280000000000000000e+02 2.002486108593768410e+00
5.290000000000000000e+02 2.002516449192782044e+00
5.300000000000000000e+02 2.002546785539291552e+00
5.310000000000000000e+02 2.002577117631829662e+00
5.320000000000000000e+02 2.002607445468930436e+00
5.330000000000000000e+02 2.002637769049127048e+00
5.340000000000000000e+02 2.002668088370953559e+00
5.350000000000000000e+02 2.002698403432943142e+00
5.360000000000000000e+02 2.002728714233629415e+00
5.370000000000000000e+02 2.002759020771546439e+00
5.380000000000000000e+02 2.002789323045226944e+00
5.390000000000000000e+02 2.002819621053205434e+00
5.400000000000000000e+02 2.002849914794014641e+00
5.410000000000000000e+02 2.002880204266189068e+00
5.420000000000000000e+02 2.002910489468261446e+00
5.430000000000000000e+02 2.002940770398765391e+00
5.440000000000000000e+02 2.002971047056234966e+00
5.450000000000000000e+02 2.003001319439203787e+00
5.460000000000000000e+02 2.003031587546205028e+00
5.470000000000000000e+02 2.003061851375772751e+00
5.480000000000000000e+02 2.003092110926439684e+00
5.490000000000000000e+02 2.003122366196740334e+00
5.500000000000000000e+02 2.003152617185207873e+00
5.510000000000000000e+02 2.003182863890375920e+00
5.520000000000000000e+02 2.003213106310777647e+00
5.530000000000000000e+02 2.003243344444947560e+00
5.540000000000000000e+02 2.003273578291418389e+00
5.550000000000000000e+02 2.003303807848724194e+00
5.560000000000000000e+02 2.003334033115398150e+00
5.570000000000000000e+02 2.003364254089974317e+00
5.580000000000000000e+02 2.003394470770985869e+00
5.590000000000000000e+02 2.003424683156966424e+00
5.600000000000000000e+02 2.003454891246450043e+00
5.610000000000000000e+02 2.003485095037969455e+00
5.620000000000000000e+02 2.003515294530059165e+00
5.630000000000000000e+02 2.003545489721252348e+00
5.640000000000000000e+02 2.003575680610082177e+00
5.650000000000000000e+02 2.003605867195083157e+00
5.660000000000000000e+02 2.003636049474787573e+00
5.670000000000000000e+02 2.003666227447730375e+00
5.680000000000000000e+02 2.003696401112444292e+00
5.690000000000000000e+02 2.003726570467462942e+00
5.700000000000000000e+02 2.003756735511320386e+00
5.710000000000000000e+02 2.003786896242549798e+00
5.720000000000000000e+02 2.003817052659684794e+00
5.730000000000000000e+02 2.003847204761259437e+00
5.740000000000000000e+02 2.003877352545806456e+00
5.750000000000000000e+02 2.003907496011859912e+00
5.760000000000000000e+02 2.003937635157953423e+00
5.770000000000000000e+02 2.003967769982620606e+00
5.780000000000000000e+02 2.003997900484394634e+00
5.790000000000000000e+02 2.004028026661809569e+00
5.800000000000000000e+02 2.004058148513398585e+00
5.810000000000000000e+02 2.004088266037695742e+00
5.820000000000000000e+02 2.004118379233234215e+00
5.830000000000000000e+02 2.004148488098547620e+00
5.840000000000000000e+02 2.004178592632170020e+00
5.850000000000000000e+02 2.004208692832634142e+00
5.860000000000000000e+02 2.004238788698474050e+00
5.870000000000000000e+02 2.004268880228223804e+00
5.880000000000000000e+02 2.004298967420416133e+00
5.890000000000000000e+02 2.004329050273584656e+00
5.900000000000000000e+02 2.004359128786263877e+00
5.910000000000000000e+02 2.004389202956986527e+00
5.920000000000000000e+02 2.004419272784286221e+00
5.930000000000000000e+02 2.004449338266697023e+00
5.940000000000000000e+02 2.004479399402752104e+00
5.950000000000000000e+02 2.004509456190985084e+00
5.960000000000000000e+02 2.004539508629929578e+00
5.970000000000000000e+02 2.004569556718119205e+00
5.980000000000000000e+02 2.004599600454088026e+00
5.990000000000000000e+02 2.004629639836368771e+00
6.000000000000000000e+02 2.004659674863495056e+00
6.010000000000000000e+02 2.004689705534001387e+00
6.020000000000000000e+02 2.004719731846420494e+00
6.030000000000000000e+02 2.004749753799286438e+00
6.040000000000000000e+02 2.004779771391131948e+00
6.050000000000000000e+02 2.004809784620491975e+00
6.060000000000000000e+02 2.004839793485898802e+00
6.070000000000000000e+02 2.004869797985886937e+00
6.080000000000000000e+02 2.004899798118989551e+00
6.090000000000000000e+02 2.004929793883740263e+00
6.100000000000000000e+02 2.004959785278672246e+00
6.110000000000000000e+02 2.004989772302320006e+00
6.120000000000000000e+02 2.005019754953216271e+00
6.130000000000000000e+02 2.005049733229895104e+00
6.140000000000000000e+02 2.005079707130889677e+00
6.150000000000000000e+02 2.005109676654734052e+00
6.160000000000000000e+02 2.005139641799961403e+00
6.170000000000000000e+02 2.005169602565105791e+00
6.180000000000000000e+02 2.005199558948699945e+00
6.190000000000000000e+02 2.005229510949278371e+00
6.200000000000000000e+02 2.005259458565374242e+00
6.210000000000000000e+02 2.005289401795521176e+00
6.220000000000000000e+02 2.005319340638252790e+00
6.230000000000000000e+02 2.005349275092102257e+00
6.240000000000000000e+02 2.005379205155603639e+00
6.250000000000000000e+02 2.005409130827290554e+00
6.260000000000000000e+02 2.005439052105696618e+00
6.270000000000000000e+02 2.005468968989354561e+00
6.280000000000000000e+02 2.005498881476799333e+00
6.290000000000000000e+02 2.005528789566563219e+00
6.300000000000000000e+02 2.005558693257180725e+00
6.310000000000000000e+02 2.005588592547184579e+00
6.320000000000000000e+02 2.005618487435109287e+00
6.330000000000000000e+02 2.005648377919488023e+00
6.340000000000000000e+02 2.005678263998853961e+00
6.350000000000000000e+02 2.005708145671741160e+00
6.360000000000000000e+02 2.005738022936683240e+00
6.370000000000000000e+02 2.005767895792213817e+00
6.380000000000000000e+02 2.005797764236865621e+00
6.390000000000000000e+02 2.005827628269173601e+00
6.400000000000000000e+02 2.005857487887670487e+00
6.410000000000000000e+02 2.005887343090889452e+00
6.420000000000000000e+02 2.005917193877365001e+00
6.430000000000000000e+02 2.005947040245630753e+00
6.440000000000000000e+02 2.005976882194219435e+00
6.450000000000000000e+02 2.006006719721665110e+00
6.460000000000000000e+02 2.006036552826501396e+00
6.470000000000000000e+02 2.006066381507261465e+00
6.480000000000000000e+02 2.006096205762479379e+00
6.490000000000000000e+02 2.006126025590688755e+00
6.500000000000000000e+02 2.006155840990422767e+00
6.510000000000000000e+02 2.006185651960215477e+00
6.520000000000000000e+02 2.006215458498600057e+00
6.530000000000000000e+02 2.006245260604110126e+00
6.540000000000000000e+02 2.006275058275279299e+00
6.550000000000000000e+02 2.006304851510641196e+00
6.560000000000000000e+02 2.006334640308729433e+00
6.570000000000000000e+02 2.006364424668077628e+00
6.580000000000000000e+02 2.006394204587219399e+00
6.590000000000000000e+02 2.006423980064688362e+00
6.600000000000000000e+02 2.006453751099017691e+00
6.610000000000000000e+02 2.006483517688741003e+00
6.620000000000000000e+02 2.006513279832392360e+00
6.630000000000000000e+02 2.006543037528505380e+00
6.640000000000000000e+02 2.006572790775613235e+00
6.650000000000000000e+02 2.006602539572249100e+00
6.660000000000000000e+02 2.006632283916947479e+00
6.670000000000000000e+02 2.006662023808241546e+00
6.680000000000000000e+02 2.006691759244664919e+00
6.690000000000000000e+02 2.006721490224751214e+00
6.700000000000000000e+02 2.006751216747033606e+00
6.710000000000000000e+02 2.006780938810046599e+00
6.720000000000000000e+02 2.006810656412322480e+00
6.730000000000000000e+02 2.006840369552395753e+00
6.740000000000000000e+02 2.006870078228800036e+00
6.750000000000000000e+02 2.006899782440068503e+00
6.760000000000000000e+02 2.006929482184734770e+00
6.770000000000000000e+02 2.006959177461332455e+00
6.780000000000000000e+02 2.006988868268395620e+00
6.790000000000000000e+02 2.007018554604456995e+00
6.800000000000000000e+02 2.007048236468050639e+00
6.810000000000000000e+02 2.007077913857710172e+00
6.820000000000000000e+02 2.007107586771969210e+00
6.830000000000000000e+02 2.007137255209360927e+00
6.840000000000000000e+02 2.007166919168419383e+00
6.850000000000000000e+02 2.007196578647678198e+00
6.860000000000000000e+02 2.007226233645670099e+00
6.870000000000000000e+02 2.007255884160929593e+00
6.880000000000000000e+02 2.007285530191990297e+00
6.890000000000000000e+02 2.007315171737384940e+00
6.900000000000000000e+02 2.007344808795647584e+00
6.910000000000000000e+02 2.007374441365312290e+00
6.920000000000000000e+02 2.007404069444911787e+00
6.930000000000000000e+02 2.007433693032980138e+00
6.940000000000000000e+02 2.007463312128050958e+00
6.950000000000000000e+02 2.007492926728657423e+00
6.960000000000000000e+02 2.007522536833333593e+00
6.970000000000000000e+02 2.007552142440612641e+00
6.980000000000000000e+02 2.007581743549028186e+00
6.990000000000000000e+02 2.007611340157114288e+00
7.000000000000000000e+02 2.007640932263404121e+00
7.010000000000000000e+02 2.007670519866431302e+00
7.020000000000000000e+02 2.007700102964729449e+00
7.030000000000000000e+02 2.007729681556832180e+00
7.040000000000000000e+02 2.007759255641273111e+00
7.050000000000000000e+02 2.007788825216585860e+00
7.060000000000000000e+02 2.007818390281303600e+00
7.070000000000000000e+02 2.007847950833960393e+00
7.080000000000000000e+02 2.007877506873089413e+00
7.090000000000000000e+02 2.007907058397224720e+00
7.100000000000000000e+02 2.007936605404899488e+00
7.110000000000000000e+02 2.007966147894647335e+00
7.120000000000000000e+02 2.007995685865001878e+00
7.130000000000000000e+02 2.008025219314497178e+00
7.140000000000000000e+02 2.008054748241665965e+00
7.150000000000000000e+02 2.008084272645042301e+00
7.160000000000000000e+02 2.008113792523159802e+00
7.170000000000000000e+02 2.008143307874552086e+00
7.180000000000000000e+02 2.008172818697752771e+00
7.190000000000000000e+02 2.008202324991295029e+00
7.200000000000000000e+02 2.008231826753712479e+00
7.210000000000000000e+02 2.008261323983539182e+00
7.220000000000000000e+02 2.008290816679308310e+00
7.230000000000000000e+02 2.008320304839553483e+00
7.240000000000000000e+02 2.008349788462808316e+00
7.250000000000000000e+02 2.008379267547606872e+00
7.260000000000000000e+02 2.008408742092481880e+00
7.270000000000000000e+02 2.008438212095967401e+00
7.280000000000000000e+02 2.008467677556597053e+00
7.290000000000000000e+02 2.008497138472904453e+00
7.300000000000000000e+02 2.008526594843422775e+00
7.310000000000000000e+02 2.008556046666686079e+00
7.320000000000000000e+02 2.008585493941227540e+00
7.330000000000000000e+02 2.008614936665581219e+00
7.340000000000000000e+02 2.008644374838280289e+00
7.350000000000000000e+02 2.008673808457857923e+00
7.360000000000000000e+02 2.008703237522849072e+00
7.370000000000000000e+02 2.008732662031786020e+00
7.380000000000000000e+02 2.008762081983202386e+00
7.390000000000000000e+02 2.008791497375632673e+00
7.400000000000000000e+02 2.008820908207610056e+00
7.410000000000000000e+02 2.008850314477667709e+00
7.420000000000000000e+02 2.008879716184339692e+00
7.430000000000000000e+02 2.008909113326159179e+00
7.440000000000000000e+02 2.008938505901659788e+00
7.450000000000000000e+02 2.008967893909375579e+00
7.460000000000000000e+02 2.008997277347840171e+00
7.470000000000000000e+02 2.009026656215586293e+00
7.480000000000000000e+02 2.009056030511148006e+00
7.490000000000000000e+02 2.009085400233058927e+00
7.500000000000000000e+02 2.009114765379853118e+00
7.510000000000000000e+02 2.009144125950063309e+00
7.520000000000000000e+02 2.009173481942223116e+00
7.530000000000000000e+02 2.009202833354867046e+00
7.540000000000000000e+02 2.009232180186527383e+00
7.550000000000000000e+02 2.009261522435739078e+00
7.560000000000000000e+02 2.009290860101034415e+00
7.570000000000000000e+02 2.009320193180947900e+00
7.580000000000000000e+02 2.009349521674012706e+00
7.590000000000000000e+02 2.009378845578762895e+00
7.600000000000000000e+02 2.009408164893731197e+00
7.610000000000000000e+02 2.009437479617451672e+00
7.620000000000000000e+02 2.009466789748457938e+00
7.630000000000000000e+02 2.009496095285283612e+00
7.640000000000000000e+02 2.009525396226461869e+00
7.650000000000000000e+02 2.009554692570527212e+00
7.660000000000000000e+02 2.009583984316011929e+00
7.670000000000000000e+02 2.009613271461450523e+00
7.680000000000000000e+02 2.009642554005376613e+00
7.690000000000000000e+02 2.009671831946322929e+00
7.700000000000000000e+02 2.009701105282823974e+00
7.710000000000000000e+02 2.009730374013412924e+00
7.720000000000000000e+02 2.009759638136623394e+00
7.730000000000000000e+02 2.009788897650988559e+00
7.740000000000000000e+02 2.009818152555042925e+00
7.750000000000000000e+02 2.009847402847319220e+00
7.760000000000000000e+02 2.009876648526351506e+00
7.770000000000000000e+02 2.009905889590673400e+00
7.780000000000000000e+02 2.009935126038818076e+00
7.790000000000000000e+02 2.009964357869319151e+00
7.800000000000000000e+02 2.009993585080710687e+00
7.810000000000000000e+02 2.010022807671525857e+00
7.820000000000000000e+02 2.010052025640298279e+00
7.830000000000000000e+02 2.010081238985561569e+00
7.840000000000000000e+02 2.010110447705849346e+00
7.850000000000000000e+02 2.010139651799695226e+00
7.860000000000000000e+02 2.010168851265632384e+00
7.870000000000000000e+02 2.010198046102195324e+00
7.880000000000000000e+02 2.010227236307916776e+00
7.890000000000000000e+02 2.010256421881330358e+00
7.900000000000000000e+02 2.010285602820970130e+00
7.910000000000000000e+02 2.010314779125369711e+00
7.920000000000000000e+02 2.010343950793061829e+00
7.930000000000000000e+02 2.010373117822580991e+00
7.940000000000000000e+02 2.010402280212460369e+00
7.950000000000000000e+02 2.010431437961233581e+00
7.960000000000000000e+02 2.010460591067434244e+00
7.970000000000000000e+02 2.010489739529595976e+00
7.980000000000000000e+02 2.010518883346251950e+00
7.990000000000000000e+02 2.010548022515936673e+00
8.000000000000000000e+02 2.010577157037182428e+00
8.010000000000000000e+02 2.010606286908524165e+00
8.020000000000000000e+02 2.010635412128494171e+00
8.030000000000000000e+02 2.010664532695626949e+00
8.040000000000000000e+02 2.010693648608456119e+00
8.050000000000000000e+02 2.010722759865514409e+00
8.060000000000000000e+02 2.010751866465336324e+00
8.070000000000000000e+02 2.010780968406454594e+00
8.080000000000000000e+02 2.010810065687403281e+00
8.090000000000000000e+02 2.010839158306716445e+00
8.100000000000000000e+02 2.010868246262926817e+00
8.110000000000000000e+02 2.010897329554568014e+00
8.120000000000000000e+02 2.010926408180174096e+00
8.130000000000000000e+02 2.010955482138278683e+00
8.140000000000000000e+02 2.010984551427414946e+00
8.150000000000000000e+02 2.011013616046116503e+00
8.160000000000000000e+02 2.011042675992917417e+00
8.170000000000000000e+02 2.011071731266350415e+00
8.180000000000000000e+02 2.011100781864950005e+00
8.190000000000000000e+02 2.011129827787249358e+00
8.200000000000000000e+02 2.011158869031781649e+00
8.210000000000000000e+02 2.011187905597081382e+00
8.220000000000000000e+02 2.011216937481681288e+00
8.230000000000000000e+02 2.011245964684114984e+00
8.240000000000000000e+02 2.011274987202916531e+00
8.250000000000000000e+02 2.011304005036619547e+00
8.260000000000000000e+02 2.011333018183757204e+00
8.270000000000000000e+02 2.011362026642863121e+00
8.280000000000000000e+02 2.011391030412470915e+00
8.290000000000000000e+02 2.011420029491114647e+00
8.300000000000000000e+02 2.011449023877327047e+00
8.310000000000000000e+02 2.011478013569642620e+00
8.320000000000000000e+02 2.011506998566594095e+00
8.330000000000000000e+02 2.011535978866715535e+00
8.340000000000000000e+02 2.011564954468540556e+00
8.350000000000000000e+02 2.011593925370602332e+00
8.360000000000000000e+02 2.011622891571434923e+00
8.370000000000000000e+02 2.011651853069571505e+00
8.380000000000000000e+02 2.011680809863546138e+00
8.390000000000000000e+02 2.011709761951891995e+00
8.400000000000000000e+02 2.011738709333142694e+00
8.410000000000000000e+02 2.011767652005831852e+00
8.420000000000000000e+02 2.011796589968493087e+00
8.430000000000000000e+02 2.011825523219659573e+00
8.440000000000000000e+02 2.011854451757865814e+00
8.450000000000000000e+02 2.011883375581644984e+00
8.460000000000000000e+02 2.011912294689530256e+00
8.470000000000000000e+02 2.011941209080055248e+00
8.480000000000000000e+02 2.011970118751754022e+00
8.490000000000000000e+02 2.011999023703160194e+00
8.500000000000000000e+02 2.012027923932806939e+00
8.510000000000000000e+02 2.012056819439227873e+00
8.520000000000000000e+02 2.012085710220956614e+00
8.530000000000000000e+02 2.012114596276526779e+00
8.540000000000000000e+02 2.012143477604471986e+00
8.550000000000000000e+02 2.012172354203325852e+00
8.560000000000000000e+02 2.012201226071621996e+00
8.570000000000000000e+02 2.012230093207893589e+00
8.580000000000000000e+02 2.012258955610674693e+00
8.590000000000000000e+02 2.012287813278498927e+00
8.600000000000000000e+02 2.012316666209899463e+00
8.610000000000000000e+02 2.012345514403409918e+00
8.620000000000000000e+02 2.012374357857564355e+00
8.630000000000000000e+02 2.012403196570895503e+00
8.640000000000000000e+02 2.012432030541937866e+00
8.650000000000000000e+02 2.012460859769224619e+00
8.660000000000000000e+02 2.012489684251289379e+00
8.670000000000000000e+02 2.012518503986665763e+00
8.680000000000000000e+02 2.012547318973886945e+00
8.690000000000000000e+02 2.012576129211486986e+00
8.700000000000000000e+02 2.012604934697999504e+00
8.710000000000000000e+02 2.012633735431957671e+00
8.720000000000000000e+02 2.012662531411895550e+00
8.730000000000000000e+02 2.012691322636346314e+00
8.740000000000000000e+02 2.012720109103843580e+00
8.750000000000000000e+02 2.012748890812920965e+00
8.760000000000000000e+02 2.012777667762112088e+00
8.770000000000000000e+02 2.012806439949951010e+00
8.780000000000000000e+02 2.012835207374970459e+00
8.790000000000000000e+02 2.012863970035704497e+00
8.800000000000000000e+02 2.012892727930686743e+00
8.810000000000000000e+02 2.012921481058450368e+00
8.820000000000000000e+02 2.012950229417529435e+00
8.830000000000000000e+02 2.012978973006457117e+00
8.840000000000000000e+02 2.013007711823767476e+00
8.850000000000000000e+02 2.013036445867993685e+00
8.860000000000000000e+02 2.013065175137669804e+00
8.870000000000000000e+02 2.013093899631328565e+00
8.880000000000000000e+02 2.013122619347504028e+00
8.890000000000000000e+02 2.013151334284730254e+00
8.900000000000000000e+02 2.013180044441539973e+00
8.910000000000000000e+02 2.013208749816467247e+00
8.920000000000000000e+02 2.013237450408045692e+00
8.930000000000000000e+02 2.013266146214808483e+00
8.940000000000000000e+02 2.013294837235289680e+00
8.950000000000000000e+02 2.013323523468022458e+00
8.960000000000000000e+02 2.013352204911540877e+00
8.970000000000000000e+02 2.013380881564378111e+00
8.980000000000000000e+02 2.013409553425067777e+00
8.990000000000000000e+02 2.013438220492143493e+00
9.000000000000000000e+02 2.013466882764138877e+00
9.010000000000000000e+02 2.013495540239587545e+00
9.020000000000000000e+02 2.013524192917023115e+00
9.030000000000000000e+02 2.013552840794979204e+00
9.040000000000000000e+02 2.013581483871988986e+00
9.050000000000000000e+02 2.013610122146586523e+00
9.060000000000000000e+02 2.013638755617304987e+00
9.070000000000000000e+02 2.013667384282678441e+00
9.080000000000000000e+02 2.013696008141240057e+00
9.090000000000000000e+02 2.013724627191523897e+00
9.100000000000000000e+02 2.013753241432062691e+00
9.110000000000000000e+02 2.013781850861390943e+00
9.120000000000000000e+02 2.013810455478041384e+00
9.130000000000000000e+02 2.013839055280548518e+00
9.140000000000000000e+02 2.013867650267445075e+00
9.150000000000000000e+02 2.013896240437265117e+00
9.160000000000000000e+02 2.013924825788541817e+00
9.170000000000000000e+02 2.013953406319809680e+00
9.180000000000000000e+02 2.013981982029600992e+00
9.190000000000000000e+02 2.014010552916450258e+00
9.200000000000000000e+02 2.014039118978890652e+00
9.210000000000000000e+02 2.014067680215456235e+00
9.220000000000000000e+02 2.014096236624679737e+00
9.230000000000000000e+02 2.014124788205095662e+00
9.240000000000000000e+02 2.014153334955236740e+00
9.250000000000000000e+02 2.014181876873637478e+00
9.260000000000000000e+02 2.014210413958830603e+00
9.270000000000000000e+02 2.014238946209350178e+00
9.280000000000000000e+02 2.014267473623729376e+00
9.290000000000000000e+02 2.014295996200502259e+00
9.300000000000000000e+02 2.014324513938202443e+00
9.310000000000000000e+02 2.014353026835362659e+00
9.320000000000000000e+02 2.014381534890517411e+00
9.330000000000000000e+02 2.014410038102199874e+00
9.340000000000000000e+02 2.014438536468944108e+00
9.350000000000000000e+02 2.014467029989282842e+00
9.360000000000000000e+02 2.014495518661750140e+00
9.370000000000000000e+02 2.014524002484879617e+00
9.380000000000000000e+02 2.014552481457204891e+00
9.390000000000000000e+02 2.014580955577259136e+00
9.400000000000000000e+02 2.014609424843576413e+00
9.410000000000000000e+02 2.014637889254690339e+00
9.420000000000000000e+02 2.014666348809134089e+00
9.430000000000000000e+02 2.014694803505441278e+00
9.440000000000000000e+02 2.014723253342145526e+00
9.450000000000000000e+02 2.014751698317780892e+00
9.460000000000000000e+02 2.014780138430880108e+00
9.470000000000000000e+02 2.014808573679977677e+00
9.480000000000000000e+02 2.014837004063606329e+00
9.490000000000000000e+02 2.014865429580300127e+00
9.500000000000000000e+02 2.014893850228592687e+00
9.510000000000000000e+02 2.014922266007017626e+00
9.520000000000000000e+02 2.014950676914108119e+00
9.530000000000000000e+02 2.014979082948398226e+00
9.540000000000000000e+02 2.015007484108421121e+00
9.550000000000000000e+02 2.015035880392710421e+00
9.560000000000000000e+02 2.015064271799799744e+00
9.570000000000000000e+02 2.015092658328223152e+00
9.580000000000000000e+02 2.015121039976513373e+00
9.590000000000000000e+02 2.015149416743204913e+00
9.600000000000000000e+02 2.015177788626830502e+00
9.610000000000000000e+02 2.015206155625924200e+00
9.620000000000000000e+02 2.015234517739019626e+00
9.630000000000000000e+02 2.015262874964650397e+00
9.640000000000000000e+02 2.015291227301349686e+00
9.650000000000000000e+02 2.015319574747651110e+00
9.660000000000000000e+02 2.015347917302088732e+00
9.670000000000000000e+02 2.015376254963195723e+00
9.680000000000000000e+02 2.015404587729505703e+00
9.690000000000000000e+02 2.015432915599552288e+00
9.700000000000000000e+02 2.015461238571869096e+00
9.710000000000000000e+02 2.015489556644989744e+00
9.720000000000000000e+02 2.015517869817447849e+00
9.730000000000000000e+02 2.015546178087777029e+00
9.740000000000000000e+02 2.015574481454510458e+00
9.750000000000000000e+02 2.015602779916182197e+00
9.760000000000000000e+02 2.015631073471325418e+00
9.770000000000000000e+02 2.015659362118474185e+00
9.780000000000000000e+02 2.015687645856161669e+00
9.790000000000000000e+02 2.015715924682921489e+00
9.800000000000000000e+02 2.015744198597287706e+00
9.810000000000000000e+02 2.015772467597793050e+00
9.820000000000000000e+02 2.015800731682972025e+00
9.830000000000000000e+02 2.015828990851357361e+00
9.840000000000000000e+02 2.015857245101483119e+00
9.850000000000000000e+02 2.015885494431882918e+00
9.860000000000000000e+02 2.015913738841090375e+00
9.870000000000000000e+02 2.015941978327638662e+00
9.880000000000000000e+02 2.015970212890061397e+00
9.890000000000000000e+02 2.015998442526892642e+00
9.900000000000000000e+02 2.016026667236665570e+00
9.910000000000000000e+02 2.016054887017913799e+00
9.920000000000000000e+02 2.016083101869171390e+00
9.930000000000000000e+02 2.016111311788971072e+00
9.940000000000000000e+02 2.016139516775846907e+00
9.950000000000000000e+02 2.016167716828332956e+00
9.960000000000000000e+02 2.016195911944961505e+00
9.970000000000000000e+02 2.016224102124267503e+00
9.980000000000000000e+02 2.016252287364783680e+00
9.990000000000000000e+02 2.016280467665044096e+00
1.000000000000000000e+03 2.016308643023581926e+00
1.001000000000000000e+03 2.016336813438931230e+00
1.002000000000000000e+03 2.016364978909624739e+00
1.003000000000000000e+03 2.016393139434196957e+00
1.004000000000000000e+03 2.016421295011181058e+00
1.005000000000000000e+03 2.016449445639110660e+00
1.006000000000000000e+03 2.016477591316519380e+00
1.007000000000000000e+03 2.016505732041940835e+00
1.008000000000000000e+03 2.016533867813908198e+00
1.009000000000000000e+03 2.016561998630955532e+00
1.010000000000000000e+03 2.016590124491616454e+00
1.011000000000000000e+03 2.016618245394424136e+00
1.012000000000000000e+03 2.016646361337912641e+00
1.013000000000000000e+03 2.016674472320615141e+00
1.014000000000000000e+03 2.016702578341065255e+00
1.015000000000000000e+03 2.016730679397796600e+00
1.016000000000000000e+03 2.016758775489342792e+00
1.017000000000000000e+03 2.016786866614237450e+00
1.018000000000000000e+03 2.016814952771014191e+00
1.019000000000000000e+03 2.016843033958206632e+00
1.020000000000000000e+03 2.016871110174348392e+00
1.021000000000000000e+03 2.016899181417972642e+00
1.022000000000000000e+03 2.016927247687613001e+00
