# order=16: data_wav [pixel], data_wavsolution [micron]
3.000000000000000000e+00 1.886630336355900273e+00
4.000000000000000000e+00 1.886661149746732047e+00
5.000000000000000000e+00 1.886691959400652818e+00
6.000000000000000000e+00 1.886722765317662809e+00
7.000000000000000000e+00 1.886753567497762019e+00
8.000000000000000000e+00 1.886784365940950448e+00
9.000000000000000000e+00 1.886815160647228096e+00
1.000000000000000000e+01 1.886845951616594741e+00
1.100000000000000000e+01 1.886876738849050605e+00
1.200000000000000000e+01 1.886907522344595467e+00
1.300000000000000000e+01 1.886938302103229770e+00
1.400000000000000000e+01 1.886969078124953070e+00
1.500000000000000000e+01 1.886999850409765589e+00
1.600000000000000000e+01 1.887030618957667105e+00
1.700000000000000000e+01 1.887061383768658063e+00
1.800000000000000000e+01 1.887092144842738017e+00
1.900000000000000000e+01 1.887122902179906969e+00
2.000000000000000000e+01 1.887153655780165362e+00
2.100000000000000000e+01 1.887184405643512752e+00
2.200000000000000000e+01 1.887215151769949362e+00
2.300000000000000000e+01 1.887245894159475190e+00
2.400000000000000000e+01 1.887276632812090016e+00
2.500000000000000000e+01 1.887307367727794283e+00
2.600000000000000000e+01 1.887338098906587547e+00
2.700000000000000000e+01 1.887368826348469808e+00
2.800000000000000000e+01 1.887399550053441510e+00
2.900000000000000000e+01 1.887430270021502210e+00
3.000000000000000000e+01 1.887460986252652129e+00
3.100000000000000000e+01 1.887491698746891045e+00
3.200000000000000000e+01 1.887522407504219402e+00
3.300000000000000000e+01 1.887553112524636756e+00
3.400000000000000000e+01 1.887583813808143329e+00
3.500000000000000000e+01 1.887614511354738900e+00
3.600000000000000000e+01 1.887645205164423690e+00
3.700000000000000000e+01 1.887675895237197699e+00
3.800000000000000000e+01 1.887706581573060927e+00
3.900000000000000000e+01 1.887737264172013374e+00
4.000000000000000000e+01 1.887767943034054818e+00
4.100000000000000000e+01 1.887798618159185482e+00
4.200000000000000000e+01 1.887829289547405365e+00
4.300000000000000000e+01 1.887859957198714245e+00
4.400000000000000000e+01 1.887890621113112344e+00
4.500000000000000000e+01 1.887921281290599662e+00
4.600000000000000000e+01 1.887951937731176200e+00
4.700000000000000000e+01 1.887982590434841734e+00
4.800000000000000000e+01 1.888013239401596488e+00
4.900000000000000000e+01 1.888043884631440461e+00
5.000000000000000000e+01 1.888074526124373431e+00
5.100000000000000000e+01 1.888105163880395843e+00
5.200000000000000000e+01 1.888135797899507251e+00
5.300000000000000000e+01 1.888166428181707879e+00
5.400000000000000000e+01 1.888197054726997504e+00
5.500000000000000000e+01 1.888227677535376348e+00
5.600000000000000000e+01 1.888258296606844411e+00
5.700000000000000000e+01 1.888288911941401693e+00
5.800000000000000000e+01 1.888319523539047973e+00
5.900000000000000000e+01 1.888350131399783693e+00
6.000000000000000000e+01 1.888380735523608411e+00
6.100000000000000000e+01 1.888411335910522126e+00
6.200000000000000000e+01 1.888441932560525283e+00
6.300000000000000000e+01 1.888472525473617436e+00
6.400000000000000000e+01 1.888503114649798809e+00
6.500000000000000000e+01 1.888533700089069178e+00
6.600000000000000000e+01 1.888564281791428767e+00
6.700000000000000000e+01 1.888594859756877797e+00
6.800000000000000000e+01 1.888625433985415603e+00
6.900000000000000000e+01 1.888656004477042849e+00
7.000000000000000000e+01 1.888686571231759093e+00
7.100000000000000000e+01 1.888717134249564555e+00
7.200000000000000000e+01 1.888747693530459237e+00
7.300000000000000000e+01 1.888778249074442916e+00
7.400000000000000000e+01 1.888808800881516037e+00
7.500000000000000000e+01 1.888839348951677932e+00
7.600000000000000000e+01 1.888869893284929269e+00
7.700000000000000000e+01 1.888900433881269825e+00
7.800000000000000000e+01 1.888930970740699378e+00
7.900000000000000000e+01 1.888961503863218150e+00
8.000000000000000000e+01 1.888992033248825919e+00
8.100000000000000000e+01 1.889022558897522908e+00
8.200000000000000000e+01 1.889053080809309337e+00
8.300000000000000000e+01 1.889083598984184542e+00
8.400000000000000000e+01 1.889114113422149188e+00
8.500000000000000000e+01 1.889144624123202831e+00
8.600000000000000000e+01 1.889175131087345694e+00
8.700000000000000000e+01 1.889205634314577775e+00
8.800000000000000000e+01 1.889236133804898854e+00
8.900000000000000000e+01 1.889266629558309374e+00
9.000000000000000000e+01 1.889297121574808891e+00
9.100000000000000000e+01 1.889327609854397405e+00
9.200000000000000000e+01 1.889358094397075361e+00
9.300000000000000000e+01 1.889388575202842313e+00
9.400000000000000000e+01 1.889419052271698485e+00
9.500000000000000000e+01 1.889449525603643654e+00
9.600000000000000000e+01 1.889479995198678264e+00
9.700000000000000000e+01 1.889510461056801871e+00
9.800000000000000000e+01 1.889540923178014697e+00
9.900000000000000000e+01 1.889571381562316521e+00
1.000000000000000000e+02 1.889601836209707786e+00
1.010000000000000000e+02 1.889632287120188048e+00
1.020000000000000000e+02 1.889662734293757307e+00
1.030000000000000000e+02 1.889693177730416007e+00
1.040000000000000000e+02 1.889723617430163705e+00
1.050000000000000000e+02 1.889754053393000621e+00
1.060000000000000000e+02 1.889784485618926757e+00
1.070000000000000000e+02 1.889814914107941890e+00
1.080000000000000000e+02 1.889845338860046242e+00
1.090000000000000000e+02 1.889875759875239813e+00
1.100000000000000000e+02 1.889906177153522604e+00
1.110000000000000000e+02 1.889936590694894392e+00
1.120000000000000000e+02 1.889967000499355398e+00
1.130000000000000000e+02 1.889997406566905624e+00
1.140000000000000000e+02 1.890027808897545070e+00
1.150000000000000000e+02 1.890058207491273512e+00
1.160000000000000000e+02 1.890088602348091174e+00
1.170000000000000000e+02 1.890118993467998054e+00
1.180000000000000000e+02 1.890149380850993932e+00
1.190000000000000000e+02 1.890179764497079251e+00
1.200000000000000000e+02 1.890210144406253567e+00
1.210000000000000000e+02 1.890240520578516881e+00
1.220000000000000000e+02 1.890270893013869635e+00
1.230000000000000000e+02 1.890301261712311387e+00
1.240000000000000000e+02 1.890331626673842358e+00
1.250000000000000000e+02 1.890361987898462548e+00
1.260000000000000000e+02 1.890392345386171735e+00
1.270000000000000000e+02 1.890422699136970142e+00
1.280000000000000000e+02 1.890453049150857767e+00
1.290000000000000000e+02 1.890483395427834612e+00
1.300000000000000000e+02 1.890513737967900454e+00
1.310000000000000000e+02 1.890544076771055515e+00
1.320000000000000000e+02 1.890574411837299795e+00
1.330000000000000000e+02 1.890604743166633073e+00
1.340000000000000000e+02 1.890635070759055791e+00
1.350000000000000000e+02 1.890665394614567507e+00
1.360000000000000000e+02 1.890695714733168220e+00
1.370000000000000000e+02 1.890726031114858374e+00
1.380000000000000000e+02 1.890756343759637526e+00
1.390000000000000000e+02 1.890786652667505896e+00
1.400000000000000000e+02 1.890816957838463486e+00
1.410000000000000000e+02 1.890847259272510072e+00
1.420000000000000000e+02 1.890877556969645878e+00
1.430000000000000000e+02 1.890907850929870904e+00
1.440000000000000000e+02 1.890938141153185148e+00
1.450000000000000000e+02 1.890968427639588390e+00
1.460000000000000000e+02 1.890998710389080850e+00
1.470000000000000000e+02 1.891028989401662530e+00
1.480000000000000000e+02 1.891059264677333429e+00
1.490000000000000000e+02 1.891089536216093325e+00
1.500000000000000000e+02 1.891119804017942441e+00
1.510000000000000000e+02 1.891150068082880775e+00
1.520000000000000000e+02 1.891180328410908107e+00
1.530000000000000000e+02 1.891210585002024880e+00
1.540000000000000000e+02 1.891240837856230428e+00
1.550000000000000000e+02 1.891271086973525417e+00
1.560000000000000000e+02 1.891301332353909626e+00
1.570000000000000000e+02 1.891331573997382831e+00
1.580000000000000000e+02 1.891361811903945256e+00
1.590000000000000000e+02 1.891392046073596678e+00
1.600000000000000000e+02 1.891422276506337541e+00
1.610000000000000000e+02 1.891452503202167401e+00
1.620000000000000000e+02 1.891482726161086481e+00
1.630000000000000000e+02 1.891512945383094557e+00
1.640000000000000000e+02 1.891543160868192075e+00
1.650000000000000000e+02 1.891573372616378590e+00
1.660000000000000000e+02 1.891603580627654102e+00
1.670000000000000000e+02 1.891633784902019055e+00
1.680000000000000000e+02 1.891663985439473006e+00
1.690000000000000000e+02 1.891694182240016175e+00
1.700000000000000000e+02 1.891724375303648564e+00
1.710000000000000000e+02 1.891754564630369950e+00
1.720000000000000000e+02 1.891784750220180555e+00
1.730000000000000000e+02 1.891814932073080380e+00
1.740000000000000000e+02 1.891845110189069423e+00
1.750000000000000000e+02 1.891875284568147464e+00
1.760000000000000000e+02 1.891905455210314946e+00
1.770000000000000000e+02 1.891935622115571203e+00
1.780000000000000000e+02 1.891965785283916901e+00
1.790000000000000000e+02 1.891995944715351596e+00
1.800000000000000000e+02 1.892026100409875511e+00
1.810000000000000000e+02 1.892056252367488645e+00
1.820000000000000000e+02 1.892086400588190997e+00
1.830000000000000000e+02 1.892116545071982348e+00
1.840000000000000000e+02 1.892146685818862917e+00
1.850000000000000000e+02 1.892176822828832705e+00
1.860000000000000000e+02 1.892206956101891491e+00
1.870000000000000000e+02 1.892237085638039495e+00
1.880000000000000000e+02 1.892267211437276719e+00
1.890000000000000000e+02 1.892297333499603162e+00
1.900000000000000000e+02 1.892327451825018825e+00
1.910000000000000000e+02 1.892357566413523484e+00
1.920000000000000000e+02 1.892387677265117363e+00
1.930000000000000000e+02 1.892417784379800239e+00
1.940000000000000000e+02 1.892447887757572556e+00
1.950000000000000000e+02 1.892477987398433870e+00
1.960000000000000000e+02 1.892508083302384181e+00
1.970000000000000000e+02 1.892538175469423933e+00
1.980000000000000000e+02 1.892568263899552683e+00
1.990000000000000000e+02 1.892598348592770652e+00
2.000000000000000000e+02 1.892628429549077840e+00
2.010000000000000000e+02 1.892658506768474247e+00
2.020000000000000000e+02 1.892688580250959651e+00
2.030000000000000000e+02 1.892718649996534275e+00
2.040000000000000000e+02 1.892748716005197895e+00
2.050000000000000000e+02 1.892778778276950957e+00
2.060000000000000000e+02 1.892808836811793016e+00
2.070000000000000000e+02 1.892838891609724294e+00
2.080000000000000000e+02 1.892868942670744792e+00
2.090000000000000000e+02 1.892898989994854286e+00
2.100000000000000000e+02 1.892929033582053000e+00
2.110000000000000000e+02 1.892959073432340933e+00
2.120000000000000000e+02 1.892989109545717863e+00
2.130000000000000000e+02 1.893019141922184234e+00
2.140000000000000000e+02 1.893049170561739603e+00
2.150000000000000000e+02 1.893079195464384190e+00
2.160000000000000000e+02 1.893109216630117775e+00
2.170000000000000000e+02 1.893139234058940579e+00
2.180000000000000000e+02 1.893169247750852602e+00
2.190000000000000000e+02 1.893199257705853844e+00
2.200000000000000000e+02 1.893229263923944083e+00
2.210000000000000000e+02 1.893259266405123764e+00
2.220000000000000000e+02 1.893289265149392442e+00
2.230000000000000000e+02 1.893319260156750117e+00
2.240000000000000000e+02 1.893349251427197233e+00
2.250000000000000000e+02 1.893379238960733346e+00
2.260000000000000000e+02 1.893409222757358679e+00
2.270000000000000000e+02 1.893439202817073008e+00
2.280000000000000000e+02 1.893469179139876779e+00
2.290000000000000000e+02 1.893499151725769547e+00
2.300000000000000000e+02 1.893529120574751312e+00
2.310000000000000000e+02 1.893559085686822518e+00
2.320000000000000000e+02 1.893589047061982722e+00
2.330000000000000000e+02 1.893619004700232145e+00
2.340000000000000000e+02 1.893648958601570786e+00
2.350000000000000000e+02 1.893678908765998425e+00
2.360000000000000000e+02 1.893708855193515506e+00
2.370000000000000000e+02 1.893738797884121583e+00
2.380000000000000000e+02 1.893768736837816657e+00
2.390000000000000000e+02 1.893798672054601173e+00
2.400000000000000000e+02 1.893828603534474686e+00
2.410000000000000000e+02 1.893858531277437418e+00
2.420000000000000000e+02 1.893888455283489147e+00
2.430000000000000000e+02 1.893918375552630318e+00
2.440000000000000000e+02 1.893948292084860485e+00
2.450000000000000000e+02 1.893978204880179650e+00
2.460000000000000000e+02 1.894008113938588256e+00
2.470000000000000000e+02 1.894038019260085859e+00
2.480000000000000000e+02 1.894067920844672681e+00
2.490000000000000000e+02 1.894097818692348723e+00
2.500000000000000000e+02 1.894127712803113983e+00
2.510000000000000000e+02 1.894157603176968241e+00
2.520000000000000000e+02 1.894187489813911718e+00
2.530000000000000000e+02 1.894217372713944192e+00
2.540000000000000000e+02 1.894247251877066107e+00
2.550000000000000000e+02 1.894277127303277020e+00
2.560000000000000000e+02 1.894306998992577151e+00
2.570000000000000000e+02 1.894336866944966502e+00
2.580000000000000000e+02 1.894366731160444850e+00
2.590000000000000000e+02 1.894396591639012417e+00
2.600000000000000000e+02 1.894426448380669203e+00
2.610000000000000000e+02 1.894456301385414987e+00
2.620000000000000000e+02 1.894486150653250212e+00
2.630000000000000000e+02 1.894515996184174433e+00
2.640000000000000000e+02 1.894545837978187874e+00
2.650000000000000000e+02 1.894575676035290313e+00
2.660000000000000000e+02 1.894605510355481970e+00
2.670000000000000000e+02 1.894635340938762846e+00
2.680000000000000000e+02 1.894665167785132942e+00
2.690000000000000000e+02 1.894694990894592035e+00
2.700000000000000000e+02 1.894724810267140569e+00
2.710000000000000000e+02 1.894754625902778100e+00
2.720000000000000000e+02 1.894784437801504628e+00
2.730000000000000000e+02 1.894814245963320598e+00
2.740000000000000000e+02 1.894844050388225565e+00
2.750000000000000000e+02 1.894873851076219751e+00
2.760000000000000000e+02 1.894903648027302934e+00
2.770000000000000000e+02 1.894933441241475336e+00
2.780000000000000000e+02 1.894963230718737179e+00
2.790000000000000000e+02 1.894993016459087798e+00
2.800000000000000000e+02 1.895022798462527858e+00
2.810000000000000000e+02 1.895052576729056915e+00
2.820000000000000000e+02 1.895082351258675191e+00
2.830000000000000000e+02 1.895112122051382686e+00
2.840000000000000000e+02 1.895141889107179178e+00
2.850000000000000000e+02 1.895171652426064890e+00
2.860000000000000000e+02 1.895201412008039821e+00
2.870000000000000000e+02 1.895231167853103971e+00
2.880000000000000000e+02 1.895260919961257340e+00
2.890000000000000000e+02 1.895290668332499706e+00
2.900000000000000000e+02 1.895320412966831292e+00
2.910000000000000000e+02 1.895350153864251874e+00
2.920000000000000000e+02 1.895379891024761676e+00
2.930000000000000000e+02 1.895409624448360919e+00
2.940000000000000000e+02 1.895439354135048937e+00
2.950000000000000000e+02 1.895469080084826397e+00
2.960000000000000000e+02 1.895498802297692853e+00
2.970000000000000000e+02 1.895528520773648529e+00
2.980000000000000000e+02 1.895558235512693424e+00
2.990000000000000000e+02 1.895587946514827316e+00
3.000000000000000000e+02 1.895617653780050649e+00
3.010000000000000000e+02 1.895647357308362979e+00
3.020000000000000000e+02 1.895677057099764307e+00
3.030000000000000000e+02 1.895706753154255075e+00
3.040000000000000000e+02 1.895736445471834841e+00
3.050000000000000000e+02 1.895766134052503826e+00
3.060000000000000000e+02 1.895795818896261808e+00
3.070000000000000000e+02 1.895825500003109232e+00
3.080000000000000000e+02 1.895855177373045652e+00
3.090000000000000000e+02 1.895884851006071292e+00
3.100000000000000000e+02 1.895914520902185929e+00
3.110000000000000000e+02 1.895944187061390007e+00
3.120000000000000000e+02 1.895973849483683082e+00
3.130000000000000000e+02 1.896003508169065155e+00
3.140000000000000000e+02 1.896033163117536668e+00
3.150000000000000000e+02 1.896062814329097179e+00
3.160000000000000000e+02 1.896092461803746909e+00
3.170000000000000000e+02 1.896122105541485858e+00
3.180000000000000000e+02 1.896151745542313805e+00
3.190000000000000000e+02 1.896181381806230970e+00
3.200000000000000000e+02 1.896211014333237355e+00
3.210000000000000000e+02 1.896240643123332958e+00
3.220000000000000000e+02 1.896270268176517559e+00
3.230000000000000000e+02 1.896299889492791380e+00
3.240000000000000000e+02 1.896329507072154419e+00
3.250000000000000000e+02 1.896359120914606677e+00
3.260000000000000000e+02 1.896388731020147933e+00
3.270000000000000000e+02 1.896418337388778408e+00
3.280000000000000000e+02 1.896447940020498102e+00
3.290000000000000000e+02 1.896477538915307015e+00
3.300000000000000000e+02 1.896507134073204925e+00
3.310000000000000000e+02 1.896536725494192055e+00
3.320000000000000000e+02 1.896566313178268404e+00
3.330000000000000000e+02 1.896595897125433750e+00
3.340000000000000000e+02 1.896625477335688315e+00
3.350000000000000000e+02 1.896655053809032099e+00
3.360000000000000000e+02 1.896684626545465102e+00
3.370000000000000000e+02 1.896714195544987103e+00
3.380000000000000000e+02 1.896743760807598322e+00
3.390000000000000000e+02 1.896773322333298761e+00
3.400000000000000000e+02 1.896802880122088419e+00
3.410000000000000000e+02 1.896832434173967075e+00
3.420000000000000000e+02 1.896861984488934949e+00
3.430000000000000000e+02 1.896891531066992043e+00
3.440000000000000000e+02 1.896921073908138355e+00
3.450000000000000000e+02 1.896950613012373665e+00
3.460000000000000000e+02 1.896980148379698194e+00
3.470000000000000000e+02 1.897009680010111943e+00
3.480000000000000000e+02 1.897039207903614688e+00
3.490000000000000000e+02 1.897068732060206653e+00
3.500000000000000000e+02 1.897098252479887837e+00
3.510000000000000000e+02 1.897127769162658240e+00
3.520000000000000000e+02 1.897157282108517640e+00
3.530000000000000000e+02 1.897186791317466259e+00
3.540000000000000000e+02 1.897216296789504097e+00
3.550000000000000000e+02 1.897245798524631155e+00
3.560000000000000000e+02 1.897275296522847210e+00
3.570000000000000000e+02 1.897304790784152484e+00
3.580000000000000000e+02 1.897334281308546977e+00
3.590000000000000000e+02 1.897363768096030689e+00
3.600000000000000000e+02 1.897393251146603399e+00
3.610000000000000000e+02 1.897422730460265328e+00
3.620000000000000000e+02 1.897452206037016476e+00
3.630000000000000000e+02 1.897481677876856621e+00
3.640000000000000000e+02 1.897511145979786207e+00
3.650000000000000000e+02 1.897540610345804790e+00
3.660000000000000000e+02 1.897570070974912371e+00
3.670000000000000000e+02 1.897599527867109392e+00
3.680000000000000000e+02 1.897628981022395411e+00
3.690000000000000000e+02 1.897658430440770649e+00
3.700000000000000000e+02 1.897687876122234885e+00
3.710000000000000000e+02 1.897717318066788561e+00
3.720000000000000000e+02 1.897746756274431235e+00
3.730000000000000000e+02 1.897776190745163127e+00
3.740000000000000000e+02 1.897805621478984017e+00
3.750000000000000000e+02 1.897835048475894348e+00
3.760000000000000000e+02 1.897864471735893677e+00
3.770000000000000000e+02 1.897893891258982224e+00
3.780000000000000000e+02 1.897923307045159769e+00
3.790000000000000000e+02 1.897952719094426532e+00
3.800000000000000000e+02 1.897982127406782515e+00
3.810000000000000000e+02 1.898011531982227718e+00
3.820000000000000000e+02 1.898040932820761917e+00
3.830000000000000000e+02 1.898070329922385557e+00
3.840000000000000000e+02 1.898099723287098195e+00
3.850000000000000000e+02 1.898129112914899830e+00
3.860000000000000000e+02 1.898158498805790906e+00
3.870000000000000000e+02 1.898187880959770979e+00
3.880000000000000000e+02 1.898217259376840271e+00
3.890000000000000000e+02 1.898246634056998561e+00
3.900000000000000000e+02 1.898276005000246291e+00
3.910000000000000000e+02 1.898305372206583019e+00
3.920000000000000000e+02 1.898334735676008744e+00
3.930000000000000000e+02 1.898364095408523911e+00
3.940000000000000000e+02 1.898393451404128074e+00
3.950000000000000000e+02 1.898422803662821456e+00
3.960000000000000000e+02 1.898452152184604058e+00
3.970000000000000000e+02 1.898481496969475657e+00
3.980000000000000000e+02 1.898510838017436697e+00
3.990000000000000000e+02 1.898540175328486734e+00
4.000000000000000000e+02 1.898569508902625769e+00
4.010000000000000000e+02 1.898598838739854244e+00
4.020000000000000000e+02 1.898628164840171717e+00
4.030000000000000000e+02 1.898657487203578409e+00
4.040000000000000000e+02 1.898686805830074098e+00
4.050000000000000000e+02 1.898716120719659228e+00
4.060000000000000000e+02 1.898745431872333356e+00
4.070000000000000000e+02 1.898774739288096702e+00
4.080000000000000000e+02 1.898804042966949046e+00
4.090000000000000000e+02 1.898833342908890609e+00
4.100000000000000000e+02 1.898862639113921391e+00
4.110000000000000000e+02 1.898891931582041392e+00
4.120000000000000000e+02 1.898921220313250613e+00
4.130000000000000000e+02 1.898950505307548831e+00
4.140000000000000000e+02 1.898979786564936267e+00
4.150000000000000000e+02 1.899009064085412923e+00
4.160000000000000000e+02 1.899038337868978576e+00
4.170000000000000000e+02 1.899067607915633449e+00
4.180000000000000000e+02 1.899096874225377540e+00
4.190000000000000000e+02 1.899126136798210851e+00
4.200000000000000000e+02 1.899155395634133159e+00
4.210000000000000000e+02 1.899184650733144686e+00
4.220000000000000000e+02 1.899213902095245432e+00
4.230000000000000000e+02 1.899243149720435397e+00
4.240000000000000000e+02 1.899272393608714360e+00
4.250000000000000000e+02 1.899301633760082542e+00
4.260000000000000000e+02 1.899330870174539942e+00
4.270000000000000000e+02 1.899360102852086341e+00
4.280000000000000000e+02 1.899389331792722180e+00
4.290000000000000000e+02 1.899418556996447016e+00
4.300000000000000000e+02 1.899447778463260850e+00
4.310000000000000000e+02 1.899476996193164124e+00
4.320000000000000000e+02 1.899506210186156396e+00
4.330000000000000000e+02 1.899535420442237887e+00
4.340000000000000000e+02 1.899564626961408376e+00
4.350000000000000000e+02 1.899593829743668305e+00
4.360000000000000000e+02 1.899623028789017232e+00
4.370000000000000000e+02 1.899652224097455377e+00
4.380000000000000000e+02 1.899681415668982520e+00
4.390000000000000000e+02 1.899710603503599105e+00
4.400000000000000000e+02 1.899739787601304686e+00
4.410000000000000000e+02 1.899768967962099486e+00
4.420000000000000000e+02 1.899798144585983284e+00
4.430000000000000000e+02 1.899827317472956301e+00
4.440000000000000000e+02 1.899856486623018537e+00
4.450000000000000000e+02 1.899885652036169992e+00
4.460000000000000000e+02 1.899914813712410666e+00
4.470000000000000000e+02 1.899943971651740338e+00
4.480000000000000000e+02 1.899973125854159228e+00
4.490000000000000000e+02 1.900002276319667116e+00
4.500000000000000000e+02 1.900031423048264445e+00
4.510000000000000000e+02 1.900060566039950771e+00
4.520000000000000000e+02 1.900089705294726317e+00
4.530000000000000000e+02 1.900118840812591081e+00
4.540000000000000000e+02 1.900147972593544843e+00
4.550000000000000000e+02 1.900177100637587824e+00
4.560000000000000000e+02 1.900206224944720024e+00
4.570000000000000000e+02 1.900235345514941221e+00
4.580000000000000000e+02 1.900264462348251859e+00
4.590000000000000000e+02 1.900293575444651495e+00
4.600000000000000000e+02 1.900322684804140128e+00
4.610000000000000000e+02 1.900351790426718201e+00
4.620000000000000000e+02 1.900380892312385273e+00
4.630000000000000000e+02 1.900409990461141563e+00
4.640000000000000000e+02 1.900439084872987072e+00
4.650000000000000000e+02 1.900468175547921579e+00
4.660000000000000000e+02 1.900497262485945305e+00
4.670000000000000000e+02 1.900526345687058249e+00
4.680000000000000000e+02 1.900555425151260414e+00
4.690000000000000000e+02 1.900584500878551575e+00
4.700000000000000000e+02 1.900613572868931955e+00
4.710000000000000000e+02 1.900642641122401555e+00
4.720000000000000000e+02 1.900671705638960374e+00
4.730000000000000000e+02 1.900700766418608190e+00
4.740000000000000000e+02 1.900729823461345225e+00
4.750000000000000000e+02 1.900758876767171479e+00
4.760000000000000000e+02 1.900787926336086731e+00
4.770000000000000000e+02 1.900816972168091423e+00
4.780000000000000000e+02 1.900846014263185113e+00
4.790000000000000000e+02 1.900875052621367800e+00
4.800000000000000000e+02 1.900904087242639928e+00
4.810000000000000000e+02 1.900933118127001054e+00
4.820000000000000000e+02 1.900962145274451398e+00
4.830000000000000000e+02 1.900991168684990740e+00
4.840000000000000000e+02 1.901020188358619523e+00
4.850000000000000000e+02 1.901049204295337303e+00
4.860000000000000000e+02 1.901078216495144302e+00
4.870000000000000000e+02 1.901107224958040298e+00
4.880000000000000000e+02 1.901136229684025736e+00
4.890000000000000000e+02 1.901165230673100170e+00
4.900000000000000000e+02 1.901194227925263824e+00
4.910000000000000000e+02 1.901223221440516475e+00
4.920000000000000000e+02 1.901252211218858346e+00
4.930000000000000000e+02 1.901281197260289435e+00
4.940000000000000000e+02 1.901310179564809744e+00
4.950000000000000000e+02 1.901339158132419271e+00
4.960000000000000000e+02 1.901368132963117796e+00
4.970000000000000000e+02 1.901397104056905540e+00
4.980000000000000000e+02 1.901426071413782282e+00
4.990000000000000000e+02 1.901455035033748464e+00
5.000000000000000000e+02 1.901483994916803644e+00
5.010000000000000000e+02 1.901512951062948042e+00
5.020000000000000000e+02 1.901541903472181438e+00
5.030000000000000000e+02 1.901570852144504276e+00
5.040000000000000000e+02 1.901599797079916110e+00
5.050000000000000000e+02 1.901628738278417163e+00
5.060000000000000000e+02 1.901657675740007214e+00
5.070000000000000000e+02 1.901686609464686706e+00
5.080000000000000000e+02 1.901715539452455195e+00
5.090000000000000000e+02 1.901744465703312681e+00
5.100000000000000000e+02 1.901773388217259608e+00
5.110000000000000000e+02 1.901802306994295533e+00
5.120000000000000000e+02 1.901831222034420676e+00
5.130000000000000000e+02 1.901860133337635039e+00
5.140000000000000000e+02 1.901889040903938399e+00
5.150000000000000000e+02 1.901917944733330978e+00
5.160000000000000000e+02 1.901946844825812777e+00
5.170000000000000000e+02 1.901975741181383794e+00
5.180000000000000000e+02 1.902004633800043809e+00
5.190000000000000000e+02 1.902033522681793043e+00
5.200000000000000000e+02 1.902062407826631496e+00
5.210000000000000000e+02 1.902091289234559168e+00
5.220000000000000000e+02 1.902120166905575838e+00
5.230000000000000000e+02 1.902149040839681726e+00
5.240000000000000000e+02 1.902177911036876834e+00
5.250000000000000000e+02 1.902206777497160939e+00
5.260000000000000000e+02 1.902235640220534263e+00
5.270000000000000000e+02 1.902264499206996806e+00
5.280000000000000000e+02 1.902293354456548569e+00
5.290000000000000000e+02 1.902322205969189550e+00
5.300000000000000000e+02 1.902351053744919529e+00
5.310000000000000000e+02 1.902379897783738727e+00
5.320000000000000000e+02 1.902408738085646922e+00
5.330000000000000000e+02 1.902437574650644558e+00
5.340000000000000000e+02 1.902466407478731192e+00
5.350000000000000000e+02 1.902495236569907044e+00
5.360000000000000000e+02 1.902524061924171894e+00
5.370000000000000000e+02 1.902552883541526185e+00
5.380000000000000000e+02 1.902581701421969473e+00
5.390000000000000000e+02 1.902610515565501759e+00
5.400000000000000000e+02 1.902639325972123485e+00
5.410000000000000000e+02 1.902668132641834209e+00
5.420000000000000000e+02 1.902696935574634152e+00
5.430000000000000000e+02 1.902725734770523314e+00
5.440000000000000000e+02 1.902754530229501473e+00
5.450000000000000000e+02 1.902783321951569073e+00
5.460000000000000000e+02 1.902812109936725449e+00
5.470000000000000000e+02 1.902840894184971265e+00
5.480000000000000000e+02 1.902869674696306301e+00
5.490000000000000000e+02 1.902898451470730334e+00
5.500000000000000000e+02 1.902927224508243587e+00
5.510000000000000000e+02 1.902955993808845836e+00
5.520000000000000000e+02 1.902984759372537527e+00
5.530000000000000000e+02 1.903013521199318214e+00
5.540000000000000000e+02 1.903042279289187899e+00
5.550000000000000000e+02 1.903071033642147025e+00
5.560000000000000000e+02 1.903099784258195148e+00
5.570000000000000000e+02 1.903128531137332491e+00
5.580000000000000000e+02 1.903157274279559052e+00
5.590000000000000000e+02 1.903186013684874611e+00
5.600000000000000000e+02 1.903214749353279611e+00
5.610000000000000000e+02 1.903243481284773608e+00
5.620000000000000000e+02 1.903272209479356603e+00
5.630000000000000000e+02 1.903300933937029038e+00
5.640000000000000000e+02 1.903329654657790471e+00
5.650000000000000000e+02 1.903358371641641122e+00
5.660000000000000000e+02 1.903387084888580771e+00
5.670000000000000000e+02 1.903415794398609862e+00
5.680000000000000000e+02 1.903444500171727949e+00
5.690000000000000000e+02 1.903473202207935255e+00
5.700000000000000000e+02 1.903501900507231559e+00
5.710000000000000000e+02 1.903530595069617304e+00
5.720000000000000000e+02 1.903559285895092046e+00
5.730000000000000000e+02 1.903587972983655785e+00
5.740000000000000000e+02 1.903616656335308965e+00
5.750000000000000000e+02 1.903645335950051143e+00
5.760000000000000000e+02 1.903674011827882540e+00
5.770000000000000000e+02 1.903702683968803155e+00
5.780000000000000000e+02 1.903731352372812768e+00
5.790000000000000000e+02 1.903760017039911601e+00
5.800000000000000000e+02 1.903788677970099652e+00
5.810000000000000000e+02 1.903817335163376923e+00
5.820000000000000000e+02 1.903845988619743190e+00
5.830000000000000000e+02 1.903874638339198677e+00
5.840000000000000000e+02 1.903903284321743383e+00
5.850000000000000000e+02 1.903931926567377309e+00
5.860000000000000000e+02 1.903960565076100231e+00
5.870000000000000000e+02 1.903989199847912372e+00
5.880000000000000000e+02 1.904017830882813733e+00
5.890000000000000000e+02 1.904046458180804091e+00
5.900000000000000000e+02 1.904075081741883890e+00
5.910000000000000000e+02 1.904103701566052687e+00
5.920000000000000000e+02 1.904132317653310480e+00
5.930000000000000000e+02 1.904160930003657715e+00
5.940000000000000000e+02 1.904189538617093946e+00
5.950000000000000000e+02 1.904218143493619397e+00
5.960000000000000000e+02 1.904246744633234067e+00
5.970000000000000000e+02 1.904275342035937735e+00
5.980000000000000000e+02 1.904303935701730621e+00
5.990000000000000000e+02 1.904332525630612727e+00
6.000000000000000000e+02 1.904361111822584052e+00
6.010000000000000000e+02 1.904389694277644374e+00
6.020000000000000000e+02 1.904418272995793915e+00
6.030000000000000000e+02 1.904446847977032675e+00
6.040000000000000000e+02 1.904475419221360433e+00
6.050000000000000000e+02 1.904503986728777631e+00
6.060000000000000000e+02 1.904532550499283827e+00
6.070000000000000000e+02 1.904561110532879020e+00
6.080000000000000000e+02 1.904589666829563654e+00
6.090000000000000000e+02 1.904618219389337286e+00
6.100000000000000000e+02 1.904646768212200136e+00
6.110000000000000000e+02 1.904675313298152206e+00
6.120000000000000000e+02 1.904703854647193273e+00
6.130000000000000000e+02 1.904732392259323559e+00
6.140000000000000000e+02 1.904760926134543064e+00
6.150000000000000000e+02 1.904789456272851789e+00
6.160000000000000000e+02 1.904817982674249510e+00
6.170000000000000000e+02 1.904846505338736451e+00
6.180000000000000000e+02 1.904875024266312611e+00
6.190000000000000000e+02 1.904903539456977990e+00
6.200000000000000000e+02 1.904932050910732366e+00
6.210000000000000000e+02 1.904960558627575962e+00
6.220000000000000000e+02 1.904989062607508776e+00
6.230000000000000000e+02 1.905017562850530588e+00
6.240000000000000000e+02 1.905046059356641619e+00
6.250000000000000000e+02 1.905074552125841869e+00
6.260000000000000000e+02 1.905103041158131338e+00
6.270000000000000000e+02 1.905131526453510027e+00
6.280000000000000000e+02 1.905160008011977713e+00
6.290000000000000000e+02 1.905188485833534617e+00
6.300000000000000000e+02 1.905216959918180519e+00
6.310000000000000000e+02 1.905245430265915862e+00
6.320000000000000000e+02 1.905273896876740203e+00
6.330000000000000000e+02 1.905302359750653762e+00
6.340000000000000000e+02 1.905330818887656319e+00
6.350000000000000000e+02 1.905359274287748317e+00
6.360000000000000000e+02 1.905387725950929312e+00
6.370000000000000000e+02 1.905416173877199304e+00
6.380000000000000000e+02 1.905444618066558737e+00
6.390000000000000000e+02 1.905473058519007168e+00
6.400000000000000000e+02 1.905501495234544818e+00
6.410000000000000000e+02 1.905529928213171686e+00
6.420000000000000000e+02 1.905558357454887553e+00
6.430000000000000000e+02 1.905586782959692638e+00
6.440000000000000000e+02 1.905615204727586942e+00
6.450000000000000000e+02 1.905643622758570466e+00
6.460000000000000000e+02 1.905672037052642986e+00
6.470000000000000000e+02 1.905700447609804948e+00
6.480000000000000000e+02 1.905728854430055685e+00
6.490000000000000000e+02 1.905757257513395864e+00
6.500000000000000000e+02 1.905785656859825039e+00
6.510000000000000000e+02 1.905814052469343434e+00
6.520000000000000000e+02 1.905842444341951047e+00
6.530000000000000000e+02 1.905870832477647880e+00
6.540000000000000000e+02 1.905899216876433711e+00
6.550000000000000000e+02 1.905927597538308760e+00
6.560000000000000000e+02 1.905955974463273028e+00
6.570000000000000000e+02 1.905984347651326294e+00
6.580000000000000000e+02 1.906012717102468779e+00
6.590000000000000000e+02 1.906041082816700483e+00
6.600000000000000000e+02 1.906069444794021406e+00
6.610000000000000000e+02 1.906097803034431326e+00
6.620000000000000000e+02 1.906126157537930688e+00
6.630000000000000000e+02 1.906154508304518824e+00
6.640000000000000000e+02 1.906182855334196402e+00
6.650000000000000000e+02 1.906211198626962977e+00
6.660000000000000000e+02 1.906239538182818993e+00
6.670000000000000000e+02 1.906267874001763785e+00
6.680000000000000000e+02 1.906296206083798017e+00
6.690000000000000000e+02 1.906324534428921247e+00
6.700000000000000000e+02 1.906352859037133696e+00
6.710000000000000000e+02 1.906381179908435364e+00
6.720000000000000000e+02 1.906409497042826029e+00
6.730000000000000000e+02 1.906437810440306135e+00
6.740000000000000000e+02 1.906466120100875239e+00
6.750000000000000000e+02 1.906494426024533340e+00
6.760000000000000000e+02 1.906522728211280882e+00
6.770000000000000000e+02 1.906551026661117421e+00
6.780000000000000000e+02 1.906579321374043179e+00
6.790000000000000000e+02 1.906607612350057934e+00
6.800000000000000000e+02 1.906635899589162131e+00
6.810000000000000000e+02 1.906664183091355325e+00
6.820000000000000000e+02 1.906692462856637738e+00
6.830000000000000000e+02 1.906720738885009148e+00
6.840000000000000000e+02 1.906749011176469999e+00
6.850000000000000000e+02 1.906777279731019847e+00
6.860000000000000000e+02 1.906805544548658693e+00
6.870000000000000000e+02 1.906833805629386980e+00
6.880000000000000000e+02 1.906862062973204264e+00
6.890000000000000000e+02 1.906890316580110767e+00
6.900000000000000000e+02 1.906918566450106489e+00
6.910000000000000000e+02 1.906946812583191209e+00
6.920000000000000000e+02 1.906975054979365369e+00
6.930000000000000000e+02 1.907003293638628305e+00
6.940000000000000000e+02 1.907031528560980682e+00
6.950000000000000000e+02 1.907059759746422278e+00
6.960000000000000000e+02 1.907087987194952872e+00
6.970000000000000000e+02 1.907116210906572462e+00
6.980000000000000000e+02 1.907144430881281494e+00
6.990000000000000000e+02 1.907172647119079523e+00
7.000000000000000000e+02 1.907200859619966771e+00
7.010000000000000000e+02 1.907229068383943238e+00
7.020000000000000000e+02 1.907257273411008924e+00
7.030000000000000000e+02 1.907285474701163608e+00
7.040000000000000000e+02 1.907313672254407511e+00
7.050000000000000000e+02 1.907341866070740632e+00
7.060000000000000000e+02 1.907370056150162752e+00
7.070000000000000000e+02 1.907398242492674090e+00
7.080000000000000000e+02 1.907426425098274647e+00
7.090000000000000000e+02 1.907454603966964424e+00
7.100000000000000000e+02 1.907482779098743197e+00
7.110000000000000000e+02 1.907510950493611412e+00
7.120000000000000000e+02 1.907539118151568402e+00
7.130000000000000000e+02 1.907567282072614834e+00
7.140000000000000000e+02 1.907595442256750262e+00
7.150000000000000000e+02 1.907623598703975132e+00
7.160000000000000000e+02 1.907651751414288777e+00
7.170000000000000000e+02 1.907679900387691863e+00
7.180000000000000000e+02 1.907708045624183946e+00
7.190000000000000000e+02 1.907736187123765248e+00
7.200000000000000000e+02 1.907764324886435769e+00
7.210000000000000000e+02 1.907792458912195288e+00
7.220000000000000000e+02 1.907820589201044248e+00
7.230000000000000000e+02 1.907848715752982205e+00
7.240000000000000000e+02 1.907876838568009159e+00
7.250000000000000000e+02 1.907904957646125554e+00
7.260000000000000000e+02 1.907933072987330947e+00
7.270000000000000000e+02 1.907961184591625559e+00
7.280000000000000000e+02 1.907989292459009167e+00
7.290000000000000000e+02 1.908017396589482217e+00
7.300000000000000000e+02 1.908045496983044265e+00
7.310000000000000000e+02 1.908073593639695531e+00
7.320000000000000000e+02 1.908101686559435795e+00
7.330000000000000000e+02 1.908129775742265499e+00
7.340000000000000000e+02 1.908157861188184201e+00
7.350000000000000000e+02 1.908185942897191900e+00
7.360000000000000000e+02 1.908214020869289040e+00
7.370000000000000000e+02 1.908242095104475178e+00
7.380000000000000000e+02 1.908270165602750534e+00
7.390000000000000000e+02 1.908298232364115110e+00
7.400000000000000000e+02 1.908326295388568683e+00
7.410000000000000000e+02 1.908354354676111475e+00
7.420000000000000000e+02 1.908382410226743486e+00
7.430000000000000000e+02 1.908410462040464717e+00
7.440000000000000000e+02 1.908438510117274944e+00
7.450000000000000000e+02 1.908466554457174613e+00
7.460000000000000000e+02 1.908494595060163057e+00
7.470000000000000000e+02 1.908522631926240942e+00
7.480000000000000000e+02 1.908550665055407825e+00
7.490000000000000000e+02 1.908578694447663926e+00
7.500000000000000000e+02 1.908606720103009247e+00
7.510000000000000000e+02 1.908634742021443786e+00
7.520000000000000000e+02 1.908662760202967323e+00
7.530000000000000000e+02 1.908690774647580080e+00
7.540000000000000000e+02 1.908718785355282055e+00
7.550000000000000000e+02 1.908746792326073027e+00
7.560000000000000000e+02 1.908774795559953219e+00
7.570000000000000000e+02 1.908802795056922630e+00
7.580000000000000000e+02 1.908830790816981260e+00
7.590000000000000000e+02 1.908858782840128887e+00
7.600000000000000000e+02 1.908886771126365733e+00
7.610000000000000000e+02 1.908914755675691799e+00
7.620000000000000000e+02 1.908942736488107084e+00
7.630000000000000000e+02 1.908970713563611366e+00
7.640000000000000000e+02 1.908998686902204867e+00
7.650000000000000000e+02 1.909026656503887587e+00
7.660000000000000000e+02 1.909054622368659526e+00
7.670000000000000000e+02 1.909082584496520463e+00
7.680000000000000000e+02 1.909110542887470618e+00
7.690000000000000000e+02 1.909138497541509993e+00
7.700000000000000000e+02 1.909166448458638365e+00
7.710000000000000000e+02 1.909194395638855957e+00
7.720000000000000000e+02 1.909222339082162767e+00
7.730000000000000000e+02 1.909250278788558797e+00
7.740000000000000000e+02 1.909278214758043823e+00
7.750000000000000000e+02 1.909306146990618291e+00
7.760000000000000000e+02 1.909334075486281757e+00
7.770000000000000000e+02 1.909362000245034219e+00
7.780000000000000000e+02 1.909389921266876122e+00
7.790000000000000000e+02 1.909417838551807023e+00
7.800000000000000000e+02 1.909445752099826921e+00
7.810000000000000000e+02 1.909473661910936260e+00
7.820000000000000000e+02 1.909501567985134596e+00
7.830000000000000000e+02 1.909529470322422151e+00
7.840000000000000000e+02 1.909557368922798926e+00
7.850000000000000000e+02 1.909585263786264919e+00
7.860000000000000000e+02 1.909613154912819910e+00
7.870000000000000000e+02 1.909641042302464120e+00
7.880000000000000000e+02 1.909668925955197549e+00
7.890000000000000000e+02 1.909696805871019976e+00
7.900000000000000000e+02 1.909724682049931621e+00
7.910000000000000000e+02 1.909752554491932486e+00
7.920000000000000000e+02 1.909780423197022570e+00
7.930000000000000000e+02 1.909808288165201651e+00
7.940000000000000000e+02 1.909836149396469951e+00
7.950000000000000000e+02 1.909864006890827470e+00
7.960000000000000000e+02 1.909891860648274209e+00
7.970000000000000000e+02 1.909919710668809945e+00
7.980000000000000000e+02 1.909947556952434899e+00
7.990000000000000000e+02 1.909975399499149074e+00
8.000000000000000000e+02 1.910003238308952245e+00
8.010000000000000000e+02 1.910031073381844857e+00
8.020000000000000000e+02 1.910058904717826467e+00
8.030000000000000000e+02 1.910086732316897074e+00
8.040000000000000000e+02 1.910114556179057121e+00
8.050000000000000000e+02 1.910142376304306167e+00
8.060000000000000000e+02 1.910170192692644431e+00
8.070000000000000000e+02 1.910198005344071692e+00
8.080000000000000000e+02 1.910225814258588395e+00
8.090000000000000000e+02 1.910253619436194095e+00
8.100000000000000000e+02 1.910281420876889014e+00
8.110000000000000000e+02 1.910309218580673152e+00
8.120000000000000000e+02 1.910337012547546287e+00
8.130000000000000000e+02 1.910364802777508642e+00
8.140000000000000000e+02 1.910392589270560215e+00
8.150000000000000000e+02 1.910420372026700786e+00
8.160000000000000000e+02 1.910448151045930798e+00
8.170000000000000000e+02 1.910475926328249807e+00
8.180000000000000000e+02 1.910503697873657813e+00
8.190000000000000000e+02 1.910531465682155261e+00
8.200000000000000000e+02 1.910559229753741706e+00
8.210000000000000000e+02 1.910586990088417370e+00
8.220000000000000000e+02 1.910614746686182253e+00
8.230000000000000000e+02 1.910642499547036133e+00
8.240000000000000000e+02 1.910670248670979232e+00
8.250000000000000000e+02 1.910697994058011551e+00
8.260000000000000000e+02 1.910725735708133088e+00
8.270000000000000000e+02 1.910753473621343623e+00
8.280000000000000000e+02 1.910781207797643377e+00
8.290000000000000000e+02 1.910808938237032351e+00
8.300000000000000000e+02 1.910836664939510543e+00
8.310000000000000000e+02 1.910864387905077733e+00
8.320000000000000000e+02 1.910892107133734141e+00
8.330000000000000000e+02 1.910919822625479769e+00
8.340000000000000000e+02 1.910947534380314394e+00
8.350000000000000000e+02 1.910975242398238239e+00
8.360000000000000000e+02 1.911002946679251302e+00
8.370000000000000000e+02 1.911030647223353585e+00
8.380000000000000000e+02 1.911058344030544864e+00
8.390000000000000000e+02 1.911086037100825585e+00
8.400000000000000000e+02 1.911113726434195303e+00
8.410000000000000000e+02 1.911141412030654019e+00
8.420000000000000000e+02 1.911169093890202175e+00
8.430000000000000000e+02 1.911196772012839329e+00
8.440000000000000000e+02 1.911224446398565480e+00
8.450000000000000000e+02 1.911252117047381072e+00
8.460000000000000000e+02 1.911279783959285661e+00
8.470000000000000000e+02 1.911307447134279469e+00
8.480000000000000000e+02 1.911335106572362497e+00
8.490000000000000000e+02 1.911362762273534743e+00
8.500000000000000000e+02 1.911390414237795987e+00
8.510000000000000000e+02 1.911418062465146450e+00
8.520000000000000000e+02 1.911445706955586132e+00
8.530000000000000000e+02 1.911473347709114812e+00
8.540000000000000000e+02 1.911500984725732710e+00
8.550000000000000000e+02 1.911528618005439828e+00
8.560000000000000000e+02 1.911556247548236165e+00
8.570000000000000000e+02 1.911583873354121499e+00
8.580000000000000000e+02 1.911611495423096052e+00
8.590000000000000000e+02 1.911639113755159824e+00
8.600000000000000000e+02 1.911666728350312816e+00
8.610000000000000000e+02 1.911694339208554805e+00
8.620000000000000000e+02 1.911721946329886013e+00
8.630000000000000000e+02 1.911749549714306440e+00
8.640000000000000000e+02 1.911777149361816086e+00
8.650000000000000000e+02 1.911804745272414729e+00
8.660000000000000000e+02 1.911832337446102592e+00
8.670000000000000000e+02 1.911859925882879674e+00
8.680000000000000000e+02 1.911887510582745753e+00
8.690000000000000000e+02 1.911915091545701051e+00
8.700000000000000000e+02 1.911942668771745568e+00
8.710000000000000000e+02 1.911970242260879305e+00
8.720000000000000000e+02 1.911997812013102038e+00
8.730000000000000000e+02 1.912025378028414213e+00
8.740000000000000000e+02 1.912052940306815163e+00
8.750000000000000000e+02 1.912080498848305554e+00
8.760000000000000000e+02 1.912108053652884943e+00
8.770000000000000000e+02 1.912135604720553550e+00
8.780000000000000000e+02 1.912163152051311377e+00
8.790000000000000000e+02 1.912190695645158423e+00
8.800000000000000000e+02 1.912218235502094466e+00
8.810000000000000000e+02 1.912245771622119728e+00
8.820000000000000000e+02 1.912273304005234209e+00
8.830000000000000000e+02 1.912300832651437688e+00
8.840000000000000000e+02 1.912328357560730607e+00
8.850000000000000000e+02 1.912355878733112524e+00
8.860000000000000000e+02 1.912383396168583438e+00
8.870000000000000000e+02 1.912410909867143793e+00
8.880000000000000000e+02 1.912438419828793146e+00
8.890000000000000000e+02 1.912465926053531717e+00
8.900000000000000000e+02 1.912493428541359286e+00
8.910000000000000000e+02 1.912520927292276296e+00
8.920000000000000000e+02 1.912548422306282303e+00
8.930000000000000000e+02 1.912575913583377529e+00
8.940000000000000000e+02 1.912603401123561753e+00
8.950000000000000000e+02 1.912630884926835417e+00
8.960000000000000000e+02 1.912658364993198079e+00
8.970000000000000000e+02 1.912685841322649738e+00
8.980000000000000000e+02 1.912713313915190838e+00
8.990000000000000000e+02 1.912740782770820935e+00
9.000000000000000000e+02 1.912768247889540252e+00
9.010000000000000000e+02 1.912795709271348787e+00
9.020000000000000000e+02 1.912823166916246320e+00
9.030000000000000000e+02 1.912850620824233072e+00
9.040000000000000000e+02 1.912878070995309043e+00
9.050000000000000000e+02 1.912905517429474234e+00
9.060000000000000000e+02 1.912932960126728421e+00
9.070000000000000000e+02 1.912960399087072050e+00
9.080000000000000000e+02 1.912987834310504454e+00
9.090000000000000000e+02 1.913015265797026299e+00
9.100000000000000000e+02 1.913042693546637141e+00
9.110000000000000000e+02 1.913070117559337202e+00
9.120000000000000000e+02 1.913097537835126483e+00
9.130000000000000000e+02 1.913124954374004982e+00
9.140000000000000000e+02 1.913152367175972479e+00
9.150000000000000000e+02 1.913179776241029195e+00
9.160000000000000000e+02 1.913207181569175130e+00
9.170000000000000000e+02 1.913234583160410063e+00
9.180000000000000000e+02 1.913261981014734214e+00
9.190000000000000000e+02 1.913289375132147585e+00
9.200000000000000000e+02 1.913316765512650175e+00
9.210000000000000000e+02 1.913344152156241762e+00
9.220000000000000000e+02 1.913371535062922790e+00
9.230000000000000000e+02 1.913398914232692594e+00
9.240000000000000000e+02 1.913426289665551838e+00
9.250000000000000000e+02 1.913453661361500080e+00
9.260000000000000000e+02 1.913481029320537763e+00
9.270000000000000000e+02 1.913508393542664221e+00
9.280000000000000000e+02 1.913535754027880120e+00
9.290000000000000000e+02 1.913563110776185017e+00
9.300000000000000000e+02 1.913590463787579132e+00
9.310000000000000000e+02 1.913617813062062467e+00
9.320000000000000000e+02 1.913645158599634799e+00
9.330000000000000000e+02 1.913672500400296572e+00
9.340000000000000000e+02 1.913699838464047343e+00
9.350000000000000000e+02 1.913727172790887110e+00
9.360000000000000000e+02 1.913754503380816319e+00
9.370000000000000000e+02 1.913781830233834524e+00
9.380000000000000000e+02 1.913809153349941949e+00
9.390000000000000000e+02 1.913836472729138372e+00
9.400000000000000000e+02 1.913863788371424235e+00
9.410000000000000000e+02 1.913891100276799095e+00
9.420000000000000000e+02 1.913918408445263175e+00
9.430000000000000000e+02 1.913945712876816252e+00
9.440000000000000000e+02 1.913973013571458770e+00
9.450000000000000000e+02 1.914000310529190285e+00
9.460000000000000000e+02 1.914027603750010798e+00
9.470000000000000000e+02 1.914054893233920751e+00
9.480000000000000000e+02 1.914082178980919702e+00
9.490000000000000000e+02 1.914109460991007872e+00
9.500000000000000000e+02 1.914136739264185261e+00
9.510000000000000000e+02 1.914164013800451647e+00
9.520000000000000000e+02 1.914191284599807252e+00
9.530000000000000000e+02 1.914218551662252077e+00
9.540000000000000000e+02 1.914245814987786121e+00
9.550000000000000000e+02 1.914273074576409162e+00
9.560000000000000000e+02 1.914300330428121644e+00
9.570000000000000000e+02 1.914327582542922901e+00
9.580000000000000000e+02 1.914354830920813599e+00
9.590000000000000000e+02 1.914382075561793295e+00
9.600000000000000000e+02 1.914409316465862210e+00
9.610000000000000000e+02 1.914436553633020344e+00
9.620000000000000000e+02 1.914463787063267697e+00
9.630000000000000000e+02 1.914491016756604047e+00
9.640000000000000000e+02 1.914518242713029617e+00
9.650000000000000000e+02 1.914545464932544405e+00
9.660000000000000000e+02 1.914572683415148191e+00
9.670000000000000000e+02 1.914599898160841196e+00
9.680000000000000000e+02 1.914627109169623420e+00
9.690000000000000000e+02 1.914654316441494863e+00
9.700000000000000000e+02 1.914681519976455304e+00
9.710000000000000000e+02 1.914708719774504964e+00
9.720000000000000000e+02 1.914735915835643842e+00
9.730000000000000000e+02 1.914763108159871940e+00
9.740000000000000000e+02 1.914790296747189036e+00
9.750000000000000000e+02 1.914817481597595350e+00
9.760000000000000000e+02 1.914844662711090884e+00
9.770000000000000000e+02 1.914871840087675636e+00
9.780000000000000000e+02 1.914899013727349386e+00
9.790000000000000000e+02 1.914926183630112355e+00
9.800000000000000000e+02 1.914953349795964543e+00
9.810000000000000000e+02 1.914980512224905729e+00
9.820000000000000000e+02 1.915007670916936355e+00
9.830000000000000000e+02 1.915034825872055757e+00
9.840000000000000000e+02 1.915061977090264600e+00
9.850000000000000000e+02 1.915089124571562662e+00
9.860000000000000000e+02 1.915116268315949721e+00
9.870000000000000000e+02 1.915143408323426000e+00
9.880000000000000000e+02 1.915170544593991275e+00
9.890000000000000000e+02 1.915197677127645992e+00
9.900000000000000000e+02 1.915224805924389706e+00
9.910000000000000000e+02 1.915251930984222639e+00
9.920000000000000000e+02 1.915279052307144569e+00
9.930000000000000000e+02 1.915306169893155719e+00
9.940000000000000000e+02 1.915333283742256087e+00
9.950000000000000000e+02 1.915360393854445675e+00
9.960000000000000000e+02 1.915387500229724482e+00
9.970000000000000000e+02 1.915414602868092286e+00
9.980000000000000000e+02 1.915441701769549310e+00
9.990000000000000000e+02 1.915468796934095552e+00
1.000000000000000000e+03 1.915495888361730792e+00
1.001000000000000000e+03 1.915522976052455251e+00
1.002000000000000000e+03 1.915550060006268929e+00
1.003000000000000000e+03 1.915577140223171826e+00
1.004000000000000000e+03 1.915604216703163720e+00
1.005000000000000000e+03 1.915631289446244834e+00
1.006000000000000000e+03 1.915658358452415166e+00
1.007000000000000000e+03 1.915685423721674718e+00
1.008000000000000000e+03 1.915712485254023267e+00
1.009000000000000000e+03 1.915739543049461036e+00
1.010000000000000000e+03 1.915766597107988023e+00
1.011000000000000000e+03 1.915793647429604007e+00
1.012000000000000000e+03 1.915820694014309433e+00
1.013000000000000000e+03 1.915847736862103856e+00
1.014000000000000000e+03 1.915874775972987276e+00
1.015000000000000000e+03 1.915901811346960137e+00
1.016000000000000000e+03 1.915928842984021996e+00
1.017000000000000000e+03 1.915955870884173073e+00
1.018000000000000000e+03 1.915982895047413370e+00
1.019000000000000000e+03 1.916009915473742664e+00
1.020000000000000000e+03 1.916036932163161177e+00
1.021000000000000000e+03 1.916063945115668909e+00
1.022000000000000000e+03 1.916090954331265861e+00
