# order=10: data_wav [pixel], data_wavsolution [micron]
3.000000000000000000e+00 1.640220861553557175e+00
4.000000000000000000e+00 1.640247925989615885e+00
5.000000000000000000e+00 1.640274987000153839e+00
6.000000000000000000e+00 1.640302044585170593e+00
7.000000000000000000e+00 1.640329098744666370e+00
8.000000000000000000e+00 1.640356149478641168e+00
9.000000000000000000e+00 1.640383196787094988e+00
1.000000000000000000e+01 1.640410240670027830e+00
1.100000000000000000e+01 1.640437281127439473e+00
1.200000000000000000e+01 1.640464318159330137e+00
1.300000000000000000e+01 1.640491351765700045e+00
1.400000000000000000e+01 1.640518381946548754e+00
1.500000000000000000e+01 1.640545408701876484e+00
1.600000000000000000e+01 1.640572432031683014e+00
1.700000000000000000e+01 1.640599451935968789e+00
1.800000000000000000e+01 1.640626468414733585e+00
1.900000000000000000e+01 1.640653481467977182e+00
2.000000000000000000e+01 1.640680491095699800e+00
2.100000000000000000e+01 1.640707497297901440e+00
2.200000000000000000e+01 1.640734500074582103e+00
2.300000000000000000e+01 1.640761499425741787e+00
2.400000000000000000e+01 1.640788495351380272e+00
2.500000000000000000e+01 1.640815487851498000e+00
2.600000000000000000e+01 1.640842476926094529e+00
2.700000000000000000e+01 1.640869462575170079e+00
2.800000000000000000e+01 1.640896444798724652e+00
2.900000000000000000e+01 1.640923423596758246e+00
3.000000000000000000e+01 1.640950398969270863e+00
3.100000000000000000e+01 1.640977370916262279e+00
3.200000000000000000e+01 1.641004339437732717e+00
3.300000000000000000e+01 1.641031304533682400e+00
3.400000000000000000e+01 1.641058266204110883e+00
3.500000000000000000e+01 1.641085224449018387e+00
3.600000000000000000e+01 1.641112179268404692e+00
3.700000000000000000e+01 1.641139130662270240e+00
3.800000000000000000e+01 1.641166078630614589e+00
3.900000000000000000e+01 1.641193023173438181e+00
4.000000000000000000e+01 1.641219964290740574e+00
4.100000000000000000e+01 1.641246901982521988e+00
4.200000000000000000e+01 1.641273836248782425e+00
4.300000000000000000e+01 1.641300767089521662e+00
4.400000000000000000e+01 1.641327694504740142e+00
4.500000000000000000e+01 1.641354618494437423e+00
4.600000000000000000e+01 1.641381539058613948e+00
4.700000000000000000e+01 1.641408456197269272e+00
4.800000000000000000e+01 1.641435369910403619e+00
4.900000000000000000e+01 1.641462280198016987e+00
5.000000000000000000e+01 1.641489187060109156e+00
5.100000000000000000e+01 1.641516090496680569e+00
5.200000000000000000e+01 1.641542990507730782e+00
5.300000000000000000e+01 1.641569887093260016e+00
5.400000000000000000e+01 1.641596780253268273e+00
5.500000000000000000e+01 1.641623669987755552e+00
5.600000000000000000e+01 1.641650556296721852e+00
5.700000000000000000e+01 1.641677439180167175e+00
5.800000000000000000e+01 1.641704318638091298e+00
5.900000000000000000e+01 1.641731194670494443e+00
6.000000000000000000e+01 1.641758067277376609e+00
6.100000000000000000e+01 1.641784936458737798e+00
6.200000000000000000e+01 1.641811802214578009e+00
6.300000000000000000e+01 1.641838664544897242e+00
6.400000000000000000e+01 1.641865523449695274e+00
6.500000000000000000e+01 1.641892378928972551e+00
6.600000000000000000e+01 1.641919230982728628e+00
6.700000000000000000e+01 1.641946079610963727e+00
6.800000000000000000e+01 1.641972924813677848e+00
6.900000000000000000e+01 1.641999766590870991e+00
7.000000000000000000e+01 1.642026604942543155e+00
7.100000000000000000e+01 1.642053439868694120e+00
7.200000000000000000e+01 1.642080271369324107e+00
7.300000000000000000e+01 1.642107099444433338e+00
7.400000000000000000e+01 1.642133924094021369e+00
7.500000000000000000e+01 1.642160745318088422e+00
7.600000000000000000e+01 1.642187563116634275e+00
7.700000000000000000e+01 1.642214377489659372e+00
7.800000000000000000e+01 1.642241188437163268e+00
7.900000000000000000e+01 1.642267995959146409e+00
8.000000000000000000e+01 1.642294800055608350e+00
8.100000000000000000e+01 1.642321600726549313e+00
8.200000000000000000e+01 1.642348397971969076e+00
8.300000000000000000e+01 1.642375191791868083e+00
8.400000000000000000e+01 1.642401982186246112e+00
8.500000000000000000e+01 1.642428769155102941e+00
8.600000000000000000e+01 1.642455552698438792e+00
8.700000000000000000e+01 1.642482332816253665e+00
8.800000000000000000e+01 1.642509109508547560e+00
8.900000000000000000e+01 1.642535882775320477e+00
9.000000000000000000e+01 1.642562652616572416e+00
9.100000000000000000e+01 1.642589419032303155e+00
9.200000000000000000e+01 1.642616182022512916e+00
9.300000000000000000e+01 1.642642941587201921e+00
9.400000000000000000e+01 1.642669697726369726e+00
9.500000000000000000e+01 1.642696450440016553e+00
9.600000000000000000e+01 1.642723199728142180e+00
9.700000000000000000e+01 1.642749945590747052e+00
9.800000000000000000e+01 1.642776688027830723e+00
9.900000000000000000e+01 1.642803427039393638e+00
1.000000000000000000e+02 1.642830162625435353e+00
1.010000000000000000e+02 1.642856894785956090e+00
1.020000000000000000e+02 1.642883623520955627e+00
1.030000000000000000e+02 1.642910348830434408e+00
1.040000000000000000e+02 1.642937070714392211e+00
1.050000000000000000e+02 1.642963789172828815e+00
1.060000000000000000e+02 1.642990504205744440e+00
1.070000000000000000e+02 1.643017215813139087e+00
1.080000000000000000e+02 1.643043923995012756e+00
1.090000000000000000e+02 1.643070628751365447e+00
1.100000000000000000e+02 1.643097330082197161e+00
1.110000000000000000e+02 1.643124027987507674e+00
1.120000000000000000e+02 1.643150722467297209e+00
1.130000000000000000e+02 1.643177413521565766e+00
1.140000000000000000e+02 1.643204101150313345e+00
1.150000000000000000e+02 1.643230785353539947e+00
1.160000000000000000e+02 1.643257466131245570e+00
1.170000000000000000e+02 1.643284143483430215e+00
1.180000000000000000e+02 1.643310817410093660e+00
1.190000000000000000e+02 1.643337487911236128e+00
1.200000000000000000e+02 1.643364154986857617e+00
1.210000000000000000e+02 1.643390818636958128e+00
1.220000000000000000e+02 1.643417478861537662e+00
1.230000000000000000e+02 1.643444135660596217e+00
1.240000000000000000e+02 1.643470789034133572e+00
1.250000000000000000e+02 1.643497438982150172e+00
1.260000000000000000e+02 1.643524085504645571e+00
1.270000000000000000e+02 1.643550728601619992e+00
1.280000000000000000e+02 1.643577368273073436e+00
1.290000000000000000e+02 1.643604004519005679e+00
1.300000000000000000e+02 1.643630637339417166e+00
1.310000000000000000e+02 1.643657266734307454e+00
1.320000000000000000e+02 1.643683892703676985e+00
1.330000000000000000e+02 1.643710515247525317e+00
1.340000000000000000e+02 1.643737134365852670e+00
1.350000000000000000e+02 1.643763750058659046e+00
1.360000000000000000e+02 1.643790362325944221e+00
1.370000000000000000e+02 1.643816971167708640e+00
1.380000000000000000e+02 1.643843576583951860e+00
1.390000000000000000e+02 1.643870178574674323e+00
1.400000000000000000e+02 1.643896777139875587e+00
1.410000000000000000e+02 1.643923372279555872e+00
1.420000000000000000e+02 1.643949963993714958e+00
1.430000000000000000e+02 1.643976552282353287e+00
1.440000000000000000e+02 1.644003137145470639e+00
1.450000000000000000e+02 1.644029718583066790e+00
1.460000000000000000e+02 1.644056296595141964e+00
1.470000000000000000e+02 1.644082871181696159e+00
1.480000000000000000e+02 1.644109442342729377e+00
1.490000000000000000e+02 1.644136010078241616e+00
1.500000000000000000e+02 1.644162574388232656e+00
1.510000000000000000e+02 1.644189135272702940e+00
1.520000000000000000e+02 1.644215692731652023e+00
1.530000000000000000e+02 1.644242246765080129e+00
1.540000000000000000e+02 1.644268797372987256e+00
1.550000000000000000e+02 1.644295344555373406e+00
1.560000000000000000e+02 1.644321888312238578e+00
1.570000000000000000e+02 1.644348428643582549e+00
1.580000000000000000e+02 1.644374965549405765e+00
1.590000000000000000e+02 1.644401499029707781e+00
1.600000000000000000e+02 1.644428029084488818e+00
1.610000000000000000e+02 1.644454555713748878e+00
1.620000000000000000e+02 1.644481078917487960e+00
1.630000000000000000e+02 1.644507598695705841e+00
1.640000000000000000e+02 1.644534115048402967e+00
1.650000000000000000e+02 1.644560627975578893e+00
1.660000000000000000e+02 1.644587137477233840e+00
1.670000000000000000e+02 1.644613643553367810e+00
1.680000000000000000e+02 1.644640146203980802e+00
1.690000000000000000e+02 1.644666645429072815e+00
1.700000000000000000e+02 1.644693141228643629e+00
1.710000000000000000e+02 1.644719633602693687e+00
1.720000000000000000e+02 1.644746122551222545e+00
1.730000000000000000e+02 1.644772608074230424e+00
1.740000000000000000e+02 1.644799090171717326e+00
1.750000000000000000e+02 1.644825568843683250e+00
1.760000000000000000e+02 1.644852044090127974e+00
1.770000000000000000e+02 1.644878515911051942e+00
1.780000000000000000e+02 1.644904984306454709e+00
1.790000000000000000e+02 1.644931449276336721e+00
1.800000000000000000e+02 1.644957910820697533e+00
1.810000000000000000e+02 1.644984368939537367e+00
1.820000000000000000e+02 1.645010823632856001e+00
1.830000000000000000e+02 1.645037274900653879e+00
1.840000000000000000e+02 1.645063722742930556e+00
1.850000000000000000e+02 1.645090167159686478e+00
1.860000000000000000e+02 1.645116608150921200e+00
1.870000000000000000e+02 1.645143045716634944e+00
1.880000000000000000e+02 1.645169479856827710e+00
1.890000000000000000e+02 1.645195910571499276e+00
1.900000000000000000e+02 1.645222337860650086e+00
1.910000000000000000e+02 1.645248761724279696e+00
1.920000000000000000e+02 1.645275182162388550e+00
1.930000000000000000e+02 1.645301599174976204e+00
1.940000000000000000e+02 1.645328012762042880e+00
1.950000000000000000e+02 1.645354422923588356e+00
1.960000000000000000e+02 1.645380829659613076e+00
1.970000000000000000e+02 1.645407232970116818e+00
1.980000000000000000e+02 1.645433632855099360e+00
1.990000000000000000e+02 1.645460029314560924e+00
2.000000000000000000e+02 1.645486422348501510e+00
2.010000000000000000e+02 1.645512811956921118e+00
2.020000000000000000e+02 1.645539198139819748e+00
2.030000000000000000e+02 1.645565580897197178e+00
2.040000000000000000e+02 1.645591960229053852e+00
2.050000000000000000e+02 1.645618336135389326e+00
2.060000000000000000e+02 1.645644708616203822e+00
2.070000000000000000e+02 1.645671077671497340e+00
2.080000000000000000e+02 1.645697443301269880e+00
2.090000000000000000e+02 1.645723805505521442e+00
2.100000000000000000e+02 1.645750164284251804e+00
2.110000000000000000e+02 1.645776519637461410e+00
2.120000000000000000e+02 1.645802871565149816e+00
2.130000000000000000e+02 1.645829220067317245e+00
2.140000000000000000e+02 1.645855565143963695e+00
2.150000000000000000e+02 1.645881906795089167e+00
2.160000000000000000e+02 1.645908245020693439e+00
2.170000000000000000e+02 1.645934579820776955e+00
2.180000000000000000e+02 1.645960911195339271e+00
2.190000000000000000e+02 1.645987239144380609e+00
2.200000000000000000e+02 1.646013563667900970e+00
2.210000000000000000e+02 1.646039884765900352e+00
2.220000000000000000e+02 1.646066202438378756e+00
2.230000000000000000e+02 1.646092516685336182e+00
2.240000000000000000e+02 1.646118827506772408e+00
2.250000000000000000e+02 1.646145134902687657e+00
2.260000000000000000e+02 1.646171438873081927e+00
2.270000000000000000e+02 1.646197739417955219e+00
2.280000000000000000e+02 1.646224036537307533e+00
2.290000000000000000e+02 1.646250330231138870e+00
2.300000000000000000e+02 1.646276620499449006e+00
2.310000000000000000e+02 1.646302907342238386e+00
2.320000000000000000e+02 1.646329190759506567e+00
2.330000000000000000e+02 1.646355470751253769e+00
2.340000000000000000e+02 1.646381747317479993e+00
2.350000000000000000e+02 1.646408020458185240e+00
2.360000000000000000e+02 1.646434290173369286e+00
2.370000000000000000e+02 1.646460556463032576e+00
2.380000000000000000e+02 1.646486819327174667e+00
2.390000000000000000e+02 1.646513078765795779e+00
2.400000000000000000e+02 1.646539334778895913e+00
2.410000000000000000e+02 1.646565587366475070e+00
2.420000000000000000e+02 1.646591836528533248e+00
2.430000000000000000e+02 1.646618082265070448e+00
2.440000000000000000e+02 1.646644324576086449e+00
2.450000000000000000e+02 1.646670563461581471e+00
2.460000000000000000e+02 1.646696798921555516e+00
2.470000000000000000e+02 1.646723030956008582e+00
2.480000000000000000e+02 1.646749259564940671e+00
2.490000000000000000e+02 1.646775484748351781e+00
2.500000000000000000e+02 1.646801706506241691e+00
2.510000000000000000e+02 1.646827924838610846e+00
2.520000000000000000e+02 1.646854139745458800e+00
2.530000000000000000e+02 1.646880351226785777e+00
2.540000000000000000e+02 1.646906559282591775e+00
2.550000000000000000e+02 1.646932763912876796e+00
2.560000000000000000e+02 1.646958965117640616e+00
2.570000000000000000e+02 1.646985162896883681e+00
2.580000000000000000e+02 1.647011357250605545e+00
2.590000000000000000e+02 1.647037548178806432e+00
2.600000000000000000e+02 1.647063735681486341e+00
2.610000000000000000e+02 1.647089919758645271e+00
2.620000000000000000e+02 1.647116100410283224e+00
2.630000000000000000e+02 1.647142277636399976e+00
2.640000000000000000e+02 1.647168451436995973e+00
2.650000000000000000e+02 1.647194621812070769e+00
2.660000000000000000e+02 1.647220788761624588e+00
2.670000000000000000e+02 1.647246952285657429e+00
2.680000000000000000e+02 1.647273112384169291e+00
2.690000000000000000e+02 1.647299269057159954e+00
2.700000000000000000e+02 1.647325422304629861e+00
2.710000000000000000e+02 1.647351572126578567e+00
2.720000000000000000e+02 1.647377718523006296e+00
2.730000000000000000e+02 1.647403861493913046e+00
2.740000000000000000e+02 1.647430001039298819e+00
2.750000000000000000e+02 1.647456137159163614e+00
2.760000000000000000e+02 1.647482269853507431e+00
2.770000000000000000e+02 1.647508399122330047e+00
2.780000000000000000e+02 1.647534524965631686e+00
2.790000000000000000e+02 1.647560647383412569e+00
2.800000000000000000e+02 1.647586766375672251e+00
2.810000000000000000e+02 1.647612881942410734e+00
2.820000000000000000e+02 1.647638994083628461e+00
2.830000000000000000e+02 1.647665102799325210e+00
2.840000000000000000e+02 1.647691208089500758e+00
2.850000000000000000e+02 1.647717309954155329e+00
2.860000000000000000e+02 1.647743408393288922e+00
2.870000000000000000e+02 1.647769503406901537e+00
2.880000000000000000e+02 1.647795594994993174e+00
2.890000000000000000e+02 1.647821683157563832e+00
2.900000000000000000e+02 1.647847767894613291e+00
2.910000000000000000e+02 1.647873849206141772e+00
2.920000000000000000e+02 1.647899927092149497e+00
2.930000000000000000e+02 1.647926001552636022e+00
2.940000000000000000e+02 1.647952072587601569e+00
2.950000000000000000e+02 1.647978140197045915e+00
2.960000000000000000e+02 1.648004204380969506e+00
2.970000000000000000e+02 1.648030265139371897e+00
2.980000000000000000e+02 1.648056322472253532e+00
2.990000000000000000e+02 1.648082376379613967e+00
3.000000000000000000e+02 1.648108426861453424e+00
3.010000000000000000e+02 1.648134473917771681e+00
3.020000000000000000e+02 1.648160517548569182e+00
3.030000000000000000e+02 1.648186557753845705e+00
3.040000000000000000e+02 1.648212594533601028e+00
3.050000000000000000e+02 1.648238627887835372e+00
3.060000000000000000e+02 1.648264657816548739e+00
3.070000000000000000e+02 1.648290684319741128e+00
3.080000000000000000e+02 1.648316707397412539e+00
3.090000000000000000e+02 1.648342727049562972e+00
3.100000000000000000e+02 1.648368743276192205e+00
3.110000000000000000e+02 1.648394756077300460e+00
3.120000000000000000e+02 1.648420765452887959e+00
3.130000000000000000e+02 1.648446771402954258e+00
3.140000000000000000e+02 1.648472773927499357e+00
3.150000000000000000e+02 1.648498773026523700e+00
3.160000000000000000e+02 1.648524768700027066e+00
3.170000000000000000e+02 1.648550760948009231e+00
3.180000000000000000e+02 1.648576749770470418e+00
3.190000000000000000e+02 1.648602735167410849e+00
3.200000000000000000e+02 1.648628717138829858e+00
3.210000000000000000e+02 1.648654695684728111e+00
3.220000000000000000e+02 1.648680670805105386e+00
3.230000000000000000e+02 1.648706642499961461e+00
3.240000000000000000e+02 1.648732610769296780e+00
3.250000000000000000e+02 1.648758575613110899e+00
3.260000000000000000e+02 1.648784537031404041e+00
3.270000000000000000e+02 1.648810495024176204e+00
3.280000000000000000e+02 1.648836449591427389e+00
3.290000000000000000e+02 1.648862400733157374e+00
3.300000000000000000e+02 1.648888348449366603e+00
3.310000000000000000e+02 1.648914292740054632e+00
3.320000000000000000e+02 1.648940233605221684e+00
3.330000000000000000e+02 1.648966171044867757e+00
3.340000000000000000e+02 1.648992105058992852e+00
3.350000000000000000e+02 1.649018035647596969e+00
3.360000000000000000e+02 1.649043962810679886e+00
3.370000000000000000e+02 1.649069886548242048e+00
3.380000000000000000e+02 1.649095806860283009e+00
3.390000000000000000e+02 1.649121723746802992e+00
3.400000000000000000e+02 1.649147637207801997e+00
3.410000000000000000e+02 1.649173547243280025e+00
3.420000000000000000e+02 1.649199453853236852e+00
3.430000000000000000e+02 1.649225357037672923e+00
3.440000000000000000e+02 1.649251256796587795e+00
3.450000000000000000e+02 1.649277153129981910e+00
3.460000000000000000e+02 1.649303046037854825e+00
3.470000000000000000e+02 1.649328935520206540e+00
3.480000000000000000e+02 1.649354821577037500e+00
3.490000000000000000e+02 1.649380704208347481e+00
3.500000000000000000e+02 1.649406583414136263e+00
3.510000000000000000e+02 1.649432459194404288e+00
3.520000000000000000e+02 1.649458331549151113e+00
3.530000000000000000e+02 1.649484200478376961e+00
3.540000000000000000e+02 1.649510065982081608e+00
3.550000000000000000e+02 1.649535928060265499e+00
3.560000000000000000e+02 1.649561786712928413e+00
3.570000000000000000e+02 1.649587641940070126e+00
3.580000000000000000e+02 1.649613493741690862e+00
3.590000000000000000e+02 1.649639342117790619e+00
3.600000000000000000e+02 1.649665187068369399e+00
3.610000000000000000e+02 1.649691028593427200e+00
3.620000000000000000e+02 1.649716866692964023e+00
3.630000000000000000e+02 1.649742701366979647e+00
3.640000000000000000e+02 1.649768532615474514e+00
3.650000000000000000e+02 1.649794360438448182e+00
3.660000000000000000e+02 1.649820184835900871e+00
3.670000000000000000e+02 1.649846005807832583e+00
3.680000000000000000e+02 1.649871823354243094e+00
3.690000000000000000e+02 1.649897637475132850e+00
3.700000000000000000e+02 1.649923448170501405e+00
3.710000000000000000e+02 1.649949255440349205e+00
3.720000000000000000e+02 1.649975059284675805e+00
3.730000000000000000e+02 1.650000859703481426e+00
3.740000000000000000e+02 1.650026656696766070e+00
3.750000000000000000e+02 1.650052450264529513e+00
3.760000000000000000e+02 1.650078240406772201e+00
3.770000000000000000e+02 1.650104027123493688e+00
3.780000000000000000e+02 1.650129810414694198e+00
3.790000000000000000e+02 1.650155590280373730e+00
3.800000000000000000e+02 1.650181366720532283e+00
3.810000000000000000e+02 1.650207139735169859e+00
3.820000000000000000e+02 1.650232909324286457e+00
3.830000000000000000e+02 1.650258675487881854e+00
3.840000000000000000e+02 1.650284438225956274e+00
3.850000000000000000e+02 1.650310197538509938e+00
3.860000000000000000e+02 1.650335953425542401e+00
3.870000000000000000e+02 1.650361705887053887e+00
3.880000000000000000e+02 1.650387454923044173e+00
3.890000000000000000e+02 1.650413200533513702e+00
3.900000000000000000e+02 1.650438942718462032e+00
3.910000000000000000e+02 1.650464681477889384e+00
3.920000000000000000e+02 1.650490416811795980e+00
3.930000000000000000e+02 1.650516148720181375e+00
3.940000000000000000e+02 1.650541877203045571e+00
3.950000000000000000e+02 1.650567602260389011e+00
3.960000000000000000e+02 1.650593323892211473e+00
3.970000000000000000e+02 1.650619042098512734e+00
3.980000000000000000e+02 1.650644756879293018e+00
3.990000000000000000e+02 1.650670468234552324e+00
4.000000000000000000e+02 1.650696176164290652e+00
4.010000000000000000e+02 1.650721880668508001e+00
4.020000000000000000e+02 1.650747581747204151e+00
4.030000000000000000e+02 1.650773279400379545e+00
4.040000000000000000e+02 1.650798973628033739e+00
4.050000000000000000e+02 1.650824664430166955e+00
4.060000000000000000e+02 1.650850351806779193e+00
4.070000000000000000e+02 1.650876035757870453e+00
4.080000000000000000e+02 1.650901716283440734e+00
4.090000000000000000e+02 1.650927393383489816e+00
4.100000000000000000e+02 1.650953067058018142e+00
4.110000000000000000e+02 1.650978737307025268e+00
4.120000000000000000e+02 1.651004404130511416e+00
4.130000000000000000e+02 1.651030067528476586e+00
4.140000000000000000e+02 1.651055727500920778e+00
4.150000000000000000e+02 1.651081384047843992e+00
4.160000000000000000e+02 1.651107037169246006e+00
4.170000000000000000e+02 1.651132686865127042e+00
4.180000000000000000e+02 1.651158333135487322e+00
4.190000000000000000e+02 1.651183975980326402e+00
4.200000000000000000e+02 1.651209615399644282e+00
4.210000000000000000e+02 1.651235251393441406e+00
4.220000000000000000e+02 1.651260883961717552e+00
4.230000000000000000e+02 1.651286513104472498e+00
4.240000000000000000e+02 1.651312138821706688e+00
4.250000000000000000e+02 1.651337761113419678e+00
4.260000000000000000e+02 1.651363379979611690e+00
4.270000000000000000e+02 1.651388995420282502e+00
4.280000000000000000e+02 1.651414607435432558e+00
4.290000000000000000e+02 1.651440216025061636e+00
4.300000000000000000e+02 1.651465821189169514e+00
4.310000000000000000e+02 1.651491422927756414e+00
4.320000000000000000e+02 1.651517021240822336e+00
4.330000000000000000e+02 1.651542616128367280e+00
4.340000000000000000e+02 1.651568207590391246e+00
4.350000000000000000e+02 1.651593795626894234e+00
4.360000000000000000e+02 1.651619380237876022e+00
4.370000000000000000e+02 1.651644961423337055e+00
4.380000000000000000e+02 1.651670539183276887e+00
4.390000000000000000e+02 1.651696113517695741e+00
4.400000000000000000e+02 1.651721684426593617e+00
4.410000000000000000e+02 1.651747251909970293e+00
4.420000000000000000e+02 1.651772815967826213e+00
4.430000000000000000e+02 1.651798376600160934e+00
4.440000000000000000e+02 1.651823933806974898e+00
4.450000000000000000e+02 1.651849487588267662e+00
4.460000000000000000e+02 1.651875037944039448e+00
4.470000000000000000e+02 1.651900584874290256e+00
4.480000000000000000e+02 1.651926128379019865e+00
4.490000000000000000e+02 1.651951668458228717e+00
4.500000000000000000e+02 1.651977205111916369e+00
4.510000000000000000e+02 1.652002738340083043e+00
4.520000000000000000e+02 1.652028268142728740e+00
4.530000000000000000e+02 1.652053794519853458e+00
4.540000000000000000e+02 1.652079317471457198e+00
4.550000000000000000e+02 1.652104836997539961e+00
4.560000000000000000e+02 1.652130353098101523e+00
4.570000000000000000e+02 1.652155865773142107e+00
4.580000000000000000e+02 1.652181375022661936e+00
4.590000000000000000e+02 1.652206880846660564e+00
4.600000000000000000e+02 1.652232383245137992e+00
4.610000000000000000e+02 1.652257882218094664e+00
4.620000000000000000e+02 1.652283377765530359e+00
4.630000000000000000e+02 1.652308869887444853e+00
4.640000000000000000e+02 1.652334358583838370e+00
4.650000000000000000e+02 1.652359843854711130e+00
4.660000000000000000e+02 1.652385325700062468e+00
4.670000000000000000e+02 1.652410804119893051e+00
4.680000000000000000e+02 1.652436279114202655e+00
4.690000000000000000e+02 1.652461750682991060e+00
4.700000000000000000e+02 1.652487218826258708e+00
4.710000000000000000e+02 1.652512683544005156e+00
4.720000000000000000e+02 1.652538144836230627e+00
4.730000000000000000e+02 1.652563602702935119e+00
4.740000000000000000e+02 1.652589057144118634e+00
4.750000000000000000e+02 1.652614508159780948e+00
4.760000000000000000e+02 1.652639955749922507e+00
4.770000000000000000e+02 1.652665399914542865e+00
4.780000000000000000e+02 1.652690840653642246e+00
4.790000000000000000e+02 1.652716277967220648e+00
4.800000000000000000e+02 1.652741711855278073e+00
4.810000000000000000e+02 1.652767142317814519e+00
4.820000000000000000e+02 1.652792569354829766e+00
4.830000000000000000e+02 1.652817992966324256e+00
4.840000000000000000e+02 1.652843413152297547e+00
4.850000000000000000e+02 1.652868829912749860e+00
4.860000000000000000e+02 1.652894243247681194e+00
4.870000000000000000e+02 1.652919653157091551e+00
4.880000000000000000e+02 1.652945059640980707e+00
4.890000000000000000e+02 1.652970462699349108e+00
4.900000000000000000e+02 1.652995862332196308e+00
4.910000000000000000e+02 1.653021258539522531e+00
4.920000000000000000e+02 1.653046651321327776e+00
4.930000000000000000e+02 1.653072040677612042e+00
4.940000000000000000e+02 1.653097426608375331e+00
4.950000000000000000e+02 1.653122809113617642e+00
4.960000000000000000e+02 1.653148188193338752e+00
4.970000000000000000e+02 1.653173563847538885e+00
4.980000000000000000e+02 1.653198936076218262e+00
4.990000000000000000e+02 1.653224304879376438e+00
5.000000000000000000e+02 1.653249670257013415e+00
5.010000000000000000e+02 1.653275032209129636e+00
5.020000000000000000e+02 1.653300390735724879e+00
5.030000000000000000e+02 1.653325745836798921e+00
5.040000000000000000e+02 1.653351097512351986e+00
5.050000000000000000e+02 1.653376445762384073e+00
5.060000000000000000e+02 1.653401790586895181e+00
5.070000000000000000e+02 1.653427131985885312e+00
5.080000000000000000e+02 1.653452469959354465e+00
5.090000000000000000e+02 1.653477804507302418e+00
5.100000000000000000e+02 1.653503135629729393e+00
5.110000000000000000e+02 1.653528463326635611e+00
5.120000000000000000e+02 1.653553787598020630e+00
5.130000000000000000e+02 1.653579108443884449e+00
5.140000000000000000e+02 1.653604425864227512e+00
5.150000000000000000e+02 1.653629739859049597e+00
5.160000000000000000e+02 1.653655050428350481e+00
5.170000000000000000e+02 1.653680357572130388e+00
5.180000000000000000e+02 1.653705661290389539e+00
5.190000000000000000e+02 1.653730961583127490e+00
5.200000000000000000e+02 1.653756258450344241e+00
5.210000000000000000e+02 1.653781551892040236e+00
5.220000000000000000e+02 1.653806841908215253e+00
5.230000000000000000e+02 1.653832128498869070e+00
5.240000000000000000e+02 1.653857411664001908e+00
5.250000000000000000e+02 1.653882691403613769e+00
5.260000000000000000e+02 1.653907967717704652e+00
5.270000000000000000e+02 1.653933240606274557e+00
5.280000000000000000e+02 1.653958510069323262e+00
5.290000000000000000e+02 1.653983776106851211e+00
5.300000000000000000e+02 1.654009038718857960e+00
5.310000000000000000e+02 1.654034297905343731e+00
5.320000000000000000e+02 1.654059553666308524e+00
5.330000000000000000e+02 1.654084806001752339e+00
5.340000000000000000e+02 1.654110054911675176e+00
5.350000000000000000e+02 1.654135300396077035e+00
5.360000000000000000e+02 1.654160542454957694e+00
5.370000000000000000e+02 1.654185781088317375e+00
5.380000000000000000e+02 1.654211016296156078e+00
5.390000000000000000e+02 1.654236248078473803e+00
5.400000000000000000e+02 1.654261476435270550e+00
5.410000000000000000e+02 1.654286701366546319e+00
5.420000000000000000e+02 1.654311922872300888e+00
5.430000000000000000e+02 1.654337140952534702e+00
5.440000000000000000e+02 1.654362355607247315e+00
5.450000000000000000e+02 1.654387566836438950e+00
5.460000000000000000e+02 1.654412774640109607e+00
5.470000000000000000e+02 1.654437979018259064e+00
5.480000000000000000e+02 1.654463179970887765e+00
5.490000000000000000e+02 1.654488377497995488e+00
5.500000000000000000e+02 1.654513571599582011e+00
5.510000000000000000e+02 1.654538762275647557e+00
5.520000000000000000e+02 1.654563949526192124e+00
5.530000000000000000e+02 1.654589133351215713e+00
5.540000000000000000e+02 1.654614313750718324e+00
5.550000000000000000e+02 1.654639490724699735e+00
5.560000000000000000e+02 1.654664664273160168e+00
5.570000000000000000e+02 1.654689834396099846e+00
5.580000000000000000e+02 1.654715001093518323e+00
5.590000000000000000e+02 1.654740164365415822e+00
5.600000000000000000e+02 1.654765324211792343e+00
5.610000000000000000e+02 1.654790480632647665e+00
5.620000000000000000e+02 1.654815633627982230e+00
5.630000000000000000e+02 1.654840783197795595e+00
5.640000000000000000e+02 1.654865929342087982e+00
5.650000000000000000e+02 1.654891072060859392e+00
5.660000000000000000e+02 1.654916211354109823e+00
5.670000000000000000e+02 1.654941347221839276e+00
5.680000000000000000e+02 1.654966479664047529e+00
5.690000000000000000e+02 1.654991608680735027e+00
5.700000000000000000e+02 1.655016734271901324e+00
5.710000000000000000e+02 1.655041856437546643e+00
5.720000000000000000e+02 1.655066975177670985e+00
5.730000000000000000e+02 1.655092090492274348e+00
5.740000000000000000e+02 1.655117202381356734e+00
5.750000000000000000e+02 1.655142310844917919e+00
5.760000000000000000e+02 1.655167415882958348e+00
5.770000000000000000e+02 1.655192517495477578e+00
5.780000000000000000e+02 1.655217615682475829e+00
5.790000000000000000e+02 1.655242710443953102e+00
5.800000000000000000e+02 1.655267801779909398e+00
5.810000000000000000e+02 1.655292889690344493e+00
5.820000000000000000e+02 1.655317974175258833e+00
5.830000000000000000e+02 1.655343055234651972e+00
5.840000000000000000e+02 1.655368132868524134e+00
5.850000000000000000e+02 1.655393207076875317e+00
5.860000000000000000e+02 1.655418277859705523e+00
5.870000000000000000e+02 1.655443345217014750e+00
5.880000000000000000e+02 1.655468409148802778e+00
5.890000000000000000e+02 1.655493469655070049e+00
5.900000000000000000e+02 1.655518526735816121e+00
5.910000000000000000e+02 1.655543580391041214e+00
5.920000000000000000e+02 1.655568630620745330e+00
5.930000000000000000e+02 1.655593677424928467e+00
5.940000000000000000e+02 1.655618720803590627e+00
5.950000000000000000e+02 1.655643760756731586e+00
5.960000000000000000e+02 1.655668797284351790e+00
5.970000000000000000e+02 1.655693830386450793e+00
5.980000000000000000e+02 1.655718860063028819e+00
5.990000000000000000e+02 1.655743886314085866e+00
6.000000000000000000e+02 1.655768909139621936e+00
6.010000000000000000e+02 1.655793928539636806e+00
6.020000000000000000e+02 1.655818944514130919e+00
6.030000000000000000e+02 1.655843957063103833e+00
6.040000000000000000e+02 1.655868966186555769e+00
6.050000000000000000e+02 1.655893971884486726e+00
6.060000000000000000e+02 1.655918974156896706e+00
6.070000000000000000e+02 1.655943973003785707e+00
6.080000000000000000e+02 1.655968968425153509e+00
6.090000000000000000e+02 1.655993960421000555e+00
6.100000000000000000e+02 1.656018948991326400e+00
6.110000000000000000e+02 1.656043934136131268e+00
6.120000000000000000e+02 1.656068915855415158e+00
6.130000000000000000e+02 1.656093894149178070e+00
6.140000000000000000e+02 1.656118869017419781e+00
6.150000000000000000e+02 1.656143840460140737e+00
6.160000000000000000e+02 1.656168808477340493e+00
6.170000000000000000e+02 1.656193773069019270e+00
6.180000000000000000e+02 1.656218734235177292e+00
6.190000000000000000e+02 1.656243691975813892e+00
6.200000000000000000e+02 1.656268646290929736e+00
6.210000000000000000e+02 1.656293597180524602e+00
6.220000000000000000e+02 1.656318544644598267e+00
6.230000000000000000e+02 1.656343488683150955e+00
6.240000000000000000e+02 1.656368429296182887e+00
6.250000000000000000e+02 1.656393366483693619e+00
6.260000000000000000e+02 1.656418300245683151e+00
6.270000000000000000e+02 1.656443230582151926e+00
6.280000000000000000e+02 1.656468157493099724e+00
6.290000000000000000e+02 1.656493080978526322e+00
6.300000000000000000e+02 1.656518001038431942e+00
6.310000000000000000e+02 1.656542917672816584e+00
6.320000000000000000e+02 1.656567830881680248e+00
6.330000000000000000e+02 1.656592740665022934e+00
6.340000000000000000e+02 1.656617647022844642e+00
6.350000000000000000e+02 1.656642549955145149e+00
6.360000000000000000e+02 1.656667449461924901e+00
6.370000000000000000e+02 1.656692345543183453e+00
6.380000000000000000e+02 1.656717238198921027e+00
6.390000000000000000e+02 1.656742127429137623e+00
6.400000000000000000e+02 1.656767013233833019e+00
6.410000000000000000e+02 1.656791895613007659e+00
6.420000000000000000e+02 1.656816774566661099e+00
6.430000000000000000e+02 1.656841650094793783e+00
6.440000000000000000e+02 1.656866522197405267e+00
6.450000000000000000e+02 1.656891390874495773e+00
6.460000000000000000e+02 1.656916256126065301e+00
6.470000000000000000e+02 1.656941117952113629e+00
6.480000000000000000e+02 1.656965976352641201e+00
6.490000000000000000e+02 1.656990831327647573e+00
6.500000000000000000e+02 1.657015682877133189e+00
6.510000000000000000e+02 1.657040531001097605e+00
6.520000000000000000e+02 1.657065375699541043e+00
6.530000000000000000e+02 1.657090216972463281e+00
6.540000000000000000e+02 1.657115054819864763e+00
6.550000000000000000e+02 1.657139889241745045e+00
6.560000000000000000e+02 1.657164720238104572e+00
6.570000000000000000e+02 1.657189547808942898e+00
6.580000000000000000e+02 1.657214371954260246e+00
6.590000000000000000e+02 1.657239192674056616e+00
6.600000000000000000e+02 1.657264009968332008e+00
6.610000000000000000e+02 1.657288823837086200e+00
6.620000000000000000e+02 1.657313634280319636e+00
6.630000000000000000e+02 1.657338441298031873e+00
6.640000000000000000e+02 1.657363244890223131e+00
6.650000000000000000e+02 1.657388045056893411e+00
6.660000000000000000e+02 1.657412841798042713e+00
6.670000000000000000e+02 1.657437635113670815e+00
6.680000000000000000e+02 1.657462425003778161e+00
6.690000000000000000e+02 1.657487211468364308e+00
6.700000000000000000e+02 1.657511994507429476e+00
6.710000000000000000e+02 1.657536774120973666e+00
6.720000000000000000e+02 1.657561550308996878e+00
6.730000000000000000e+02 1.657586323071499113e+00
6.740000000000000000e+02 1.657611092408480369e+00
6.750000000000000000e+02 1.657635858319940425e+00
6.760000000000000000e+02 1.657660620805879725e+00
6.770000000000000000e+02 1.657685379866297826e+00
6.780000000000000000e+02 1.657710135501194948e+00
6.790000000000000000e+02 1.657734887710571092e+00
6.800000000000000000e+02 1.657759636494426037e+00
6.810000000000000000e+02 1.657784381852760225e+00
6.820000000000000000e+02 1.657809123785573213e+00
6.830000000000000000e+02 1.657833862292865224e+00
6.840000000000000000e+02 1.657858597374636478e+00
6.850000000000000000e+02 1.657883329030886532e+00
6.860000000000000000e+02 1.657908057261615387e+00
6.870000000000000000e+02 1.657932782066823485e+00
6.880000000000000000e+02 1.657957503446510383e+00
6.890000000000000000e+02 1.657982221400676526e+00
6.900000000000000000e+02 1.658006935929321468e+00
6.910000000000000000e+02 1.658031647032445433e+00
6.920000000000000000e+02 1.658056354710048419e+00
6.930000000000000000e+02 1.658081058962130427e+00
6.940000000000000000e+02 1.658105759788691236e+00
6.950000000000000000e+02 1.658130457189731288e+00
6.960000000000000000e+02 1.658155151165250141e+00
6.970000000000000000e+02 1.658179841715248015e+00
6.980000000000000000e+02 1.658204528839724912e+00
6.990000000000000000e+02 1.658229212538680830e+00
7.000000000000000000e+02 1.658253892812115771e+00
7.010000000000000000e+02 1.658278569660029511e+00
7.020000000000000000e+02 1.658303243082422496e+00
7.030000000000000000e+02 1.658327913079294280e+00
7.040000000000000000e+02 1.658352579650645087e+00
7.050000000000000000e+02 1.658377242796474915e+00
7.060000000000000000e+02 1.658401902516783766e+00
7.070000000000000000e+02 1.658426558811571416e+00
7.080000000000000000e+02 1.658451211680838311e+00
7.090000000000000000e+02 1.658475861124584005e+00
7.100000000000000000e+02 1.658500507142808722e+00
7.110000000000000000e+02 1.658525149735512461e+00
7.120000000000000000e+02 1.658549788902695221e+00
7.130000000000000000e+02 1.658574424644357004e+00
7.140000000000000000e+02 1.658599056960497808e+00
7.150000000000000000e+02 1.658623685851117413e+00
7.160000000000000000e+02 1.658648311316216040e+00
7.170000000000000000e+02 1.658672933355793688e+00
7.180000000000000000e+02 1.658697551969850359e+00
7.190000000000000000e+02 1.658722167158386052e+00
7.200000000000000000e+02 1.658746778921400766e+00
7.210000000000000000e+02 1.658771387258894281e+00
7.220000000000000000e+02 1.658795992170867040e+00
7.230000000000000000e+02 1.658820593657318598e+00
7.240000000000000000e+02 1.658845191718249179e+00
7.250000000000000000e+02 1.658869786353658782e+00
7.260000000000000000e+02 1.658894377563547406e+00
7.270000000000000000e+02 1.658918965347914831e+00
7.280000000000000000e+02 1.658943549706761500e+00
7.290000000000000000e+02 1.658968130640086969e+00
7.300000000000000000e+02 1.658992708147891459e+00
7.310000000000000000e+02 1.659017282230174972e+00
7.320000000000000000e+02 1.659041852886937507e+00
7.330000000000000000e+02 1.659066420118179064e+00
7.340000000000000000e+02 1.659090983923899643e+00
7.350000000000000000e+02 1.659115544304099021e+00
7.360000000000000000e+02 1.659140101258777422e+00
7.370000000000000000e+02 1.659164654787934845e+00
7.380000000000000000e+02 1.659189204891571290e+00
7.390000000000000000e+02 1.659213751569686757e+00
7.400000000000000000e+02 1.659238294822281246e+00
7.410000000000000000e+02 1.659262834649354534e+00
7.420000000000000000e+02 1.659287371050907067e+00
7.430000000000000000e+02 1.659311904026938400e+00
7.440000000000000000e+02 1.659336433577448755e+00
7.450000000000000000e+02 1.659360959702438132e+00
7.460000000000000000e+02 1.659385482401906531e+00
7.470000000000000000e+02 1.659410001675853730e+00
7.480000000000000000e+02 1.659434517524280173e+00
7.490000000000000000e+02 1.659459029947185416e+00
7.500000000000000000e+02 1.659483538944569680e+00
7.510000000000000000e+02 1.659508044516432967e+00
7.520000000000000000e+02 1.659532546662775276e+00
7.530000000000000000e+02 1.659557045383596607e+00
7.540000000000000000e+02 1.659581540678896738e+00
7.550000000000000000e+02 1.659606032548676113e+00
7.560000000000000000e+02 1.659630520992934288e+00
7.570000000000000000e+02 1.659655006011671485e+00
7.580000000000000000e+02 1.659679487604887704e+00
7.590000000000000000e+02 1.659703965772582945e+00
7.600000000000000000e+02 1.659728440514756986e+00
7.610000000000000000e+02 1.659752911831410271e+00
7.620000000000000000e+02 1.659777379722542356e+00
7.630000000000000000e+02 1.659801844188153463e+00
7.640000000000000000e+02 1.659826305228243815e+00
7.650000000000000000e+02 1.659850762842812744e+00
7.660000000000000000e+02 1.659875217031860917e+00
7.670000000000000000e+02 1.659899667795388112e+00
7.680000000000000000e+02 1.659924115133394107e+00
7.690000000000000000e+02 1.659948559045879124e+00
7.700000000000000000e+02 1.659972999532843385e+00
7.710000000000000000e+02 1.659997436594286446e+00
7.720000000000000000e+02 1.660021870230208307e+00
7.730000000000000000e+02 1.660046300440609413e+00
7.740000000000000000e+02 1.660070727225489540e+00
7.750000000000000000e+02 1.660095150584848467e+00
7.760000000000000000e+02 1.660119570518686416e+00
7.770000000000000000e+02 1.660143987027003387e+00
7.780000000000000000e+02 1.660168400109799380e+00
7.790000000000000000e+02 1.660192809767074396e+00
7.800000000000000000e+02 1.660217215998828433e+00
7.810000000000000000e+02 1.660241618805061270e+00
7.820000000000000000e+02 1.660266018185773351e+00
7.830000000000000000e+02 1.660290414140964232e+00
7.840000000000000000e+02 1.660314806670634136e+00
7.850000000000000000e+02 1.660339195774783061e+00
7.860000000000000000e+02 1.660363581453410786e+00
7.870000000000000000e+02 1.660387963706517755e+00
7.880000000000000000e+02 1.660412342534103525e+00
7.890000000000000000e+02 1.660436717936168538e+00
7.900000000000000000e+02 1.660461089912712351e+00
7.910000000000000000e+02 1.660485458463735187e+00
7.920000000000000000e+02 1.660509823589237044e+00
7.930000000000000000e+02 1.660534185289217701e+00
7.940000000000000000e+02 1.660558543563677603e+00
7.950000000000000000e+02 1.660582898412616304e+00
7.960000000000000000e+02 1.660607249836034027e+00
7.970000000000000000e+02 1.660631597833930773e+00
7.980000000000000000e+02 1.660655942406306540e+00
7.990000000000000000e+02 1.660680283553161329e+00
8.000000000000000000e+02 1.660704621274495141e+00
8.010000000000000000e+02 1.660728955570307752e+00
8.020000000000000000e+02 1.660753286440599608e+00
8.030000000000000000e+02 1.660777613885370263e+00
8.040000000000000000e+02 1.660801937904619940e+00
8.050000000000000000e+02 1.660826258498348640e+00
8.060000000000000000e+02 1.660850575666556139e+00
8.070000000000000000e+02 1.660874889409242883e+00
8.080000000000000000e+02 1.660899199726408426e+00
8.090000000000000000e+02 1.660923506618053214e+00
8.100000000000000000e+02 1.660947810084176801e+00
8.110000000000000000e+02 1.660972110124779411e+00
8.120000000000000000e+02 1.660996406739860820e+00
8.130000000000000000e+02 1.661020699929421474e+00
8.140000000000000000e+02 1.661044989693461149e+00
8.150000000000000000e+02 1.661069276031979625e+00
8.160000000000000000e+02 1.661093558944977122e+00
8.170000000000000000e+02 1.661117838432453642e+00
8.180000000000000000e+02 1.661142114494409183e+00
8.190000000000000000e+02 1.661166387130843747e+00
8.200000000000000000e+02 1.661190656341757332e+00
8.210000000000000000e+02 1.661214922127149718e+00
8.220000000000000000e+02 1.661239184487021125e+00
8.230000000000000000e+02 1.661263443421371555e+00
8.240000000000000000e+02 1.661287698930201007e+00
8.250000000000000000e+02 1.661311951013509480e+00
8.260000000000000000e+02 1.661336199671296976e+00
8.270000000000000000e+02 1.661360444903563494e+00
8.280000000000000000e+02 1.661384686710308811e+00
8.290000000000000000e+02 1.661408925091533151e+00
8.300000000000000000e+02 1.661433160047236512e+00
8.310000000000000000e+02 1.661457391577418896e+00
8.320000000000000000e+02 1.661481619682080302e+00
8.330000000000000000e+02 1.661505844361220730e+00
8.340000000000000000e+02 1.661530065614839957e+00
8.350000000000000000e+02 1.661554283442938429e+00
8.360000000000000000e+02 1.661578497845515701e+00
8.370000000000000000e+02 1.661602708822571994e+00
8.380000000000000000e+02 1.661626916374107310e+00
8.390000000000000000e+02 1.661651120500121426e+00
8.400000000000000000e+02 1.661675321200614786e+00
8.410000000000000000e+02 1.661699518475586945e+00
8.420000000000000000e+02 1.661723712325038349e+00
8.430000000000000000e+02 1.661747902748968553e+00
8.440000000000000000e+02 1.661772089747377779e+00
8.450000000000000000e+02 1.661796273320266026e+00
8.460000000000000000e+02 1.661820453467633074e+00
8.470000000000000000e+02 1.661844630189479366e+00
8.480000000000000000e+02 1.661868803485804458e+00
8.490000000000000000e+02 1.661892973356608794e+00
8.500000000000000000e+02 1.661917139801891929e+00
8.510000000000000000e+02 1.661941302821654087e+00
8.520000000000000000e+02 1.661965462415895045e+00
8.530000000000000000e+02 1.661989618584615247e+00
8.540000000000000000e+02 1.662013771327814471e+00
8.550000000000000000e+02 1.662037920645492495e+00
8.560000000000000000e+02 1.662062066537649541e+00
8.570000000000000000e+02 1.662086209004285609e+00
8.580000000000000000e+02 1.662110348045400698e+00
8.590000000000000000e+02 1.662134483660994810e+00
8.600000000000000000e+02 1.662158615851067722e+00
8.610000000000000000e+02 1.662182744615619878e+00
8.620000000000000000e+02 1.662206869954650834e+00
8.630000000000000000e+02 1.662230991868160812e+00
8.640000000000000000e+02 1.662255110356149812e+00
8.650000000000000000e+02 1.662279225418617834e+00
8.660000000000000000e+02 1.662303337055564878e+00
8.670000000000000000e+02 1.662327445266990722e+00
8.680000000000000000e+02 1.662351550052895588e+00
8.690000000000000000e+02 1.662375651413279698e+00
8.700000000000000000e+02 1.662399749348142608e+00
8.710000000000000000e+02 1.662423843857484540e+00
8.720000000000000000e+02 1.662447934941305272e+00
8.730000000000000000e+02 1.662472022599605248e+00
8.740000000000000000e+02 1.662496106832384246e+00
8.750000000000000000e+02 1.662520187639642044e+00
8.760000000000000000e+02 1.662544265021378864e+00
8.770000000000000000e+02 1.662568338977594706e+00
8.780000000000000000e+02 1.662592409508289570e+00
8.790000000000000000e+02 1.662616476613463457e+00
8.800000000000000000e+02 1.662640540293116143e+00
8.810000000000000000e+02 1.662664600547248073e+00
8.820000000000000000e+02 1.662688657375858803e+00
8.830000000000000000e+02 1.662712710778948555e+00
8.840000000000000000e+02 1.662736760756517329e+00
8.850000000000000000e+02 1.662760807308565125e+00
8.860000000000000000e+02 1.662784850435091721e+00
8.870000000000000000e+02 1.662808890136097562e+00
8.880000000000000000e+02 1.662832926411582202e+00
8.890000000000000000e+02 1.662856959261545864e+00
8.900000000000000000e+02 1.662880988685988548e+00
8.910000000000000000e+02 1.662905014684910254e+00
8.920000000000000000e+02 1.662929037258310982e+00
8.930000000000000000e+02 1.662953056406190733e+00
8.940000000000000000e+02 1.662977072128549283e+00
8.950000000000000000e+02 1.663001084425387077e+00
8.960000000000000000e+02 1.663025093296703671e+00
8.970000000000000000e+02 1.663049098742499288e+00
8.980000000000000000e+02 1.663073100762773926e+00
8.990000000000000000e+02 1.663097099357527364e+00
9.000000000000000000e+02 1.663121094526760047e+00
9.010000000000000000e+02 1.663145086270471529e+00
9.020000000000000000e+02 1.663169074588662033e+00
9.030000000000000000e+02 1.663193059481331781e+00
9.040000000000000000e+02 1.663217040948480108e+00
9.050000000000000000e+02 1.663241018990107678e+00
9.060000000000000000e+02 1.663264993606214270e+00
9.070000000000000000e+02 1.663288964796799663e+00
9.080000000000000000e+02 1.663312932561864299e+00
9.090000000000000000e+02 1.663336896901407735e+00
9.100000000000000000e+02 1.663360857815430194e+00
9.110000000000000000e+02 1.663384815303931674e+00
9.120000000000000000e+02 1.663408769366912177e+00
9.130000000000000000e+02 1.663432720004371479e+00
9.140000000000000000e+02 1.663456667216310025e+00
9.150000000000000000e+02 1.663480611002727372e+00
9.160000000000000000e+02 1.663504551363623740e+00
9.170000000000000000e+02 1.663528488298999131e+00
9.180000000000000000e+02 1.663552421808853543e+00
9.190000000000000000e+02 1.663576351893186978e+00
9.200000000000000000e+02 1.663600278551999212e+00
9.210000000000000000e+02 1.663624201785290690e+00
9.220000000000000000e+02 1.663648121593060969e+00
9.230000000000000000e+02 1.663672037975310269e+00
9.240000000000000000e+02 1.663695950932038592e+00
9.250000000000000000e+02 1.663719860463245936e+00
9.260000000000000000e+02 1.663743766568932081e+00
9.270000000000000000e+02 1.663767669249097469e+00
9.280000000000000000e+02 1.663791568503741658e+00
9.290000000000000000e+02 1.663815464332864869e+00
9.300000000000000000e+02 1.663839356736467101e+00
9.310000000000000000e+02 1.663863245714548356e+00
9.320000000000000000e+02 1.663887131267108632e+00
9.330000000000000000e+02 1.663911013394147709e+00
9.340000000000000000e+02 1.663934892095666029e+00
9.350000000000000000e+02 1.663958767371663150e+00
9.360000000000000000e+02 1.663982639222139293e+00
9.370000000000000000e+02 1.664006507647094457e+00
9.380000000000000000e+02 1.664030372646528644e+00
9.390000000000000000e+02 1.664054234220441852e+00
9.400000000000000000e+02 1.664078092368833861e+00
9.410000000000000000e+02 1.664101947091705114e+00
9.420000000000000000e+02 1.664125798389055166e+00
9.430000000000000000e+02 1.664149646260884241e+00
9.440000000000000000e+02 1.664173490707192338e+00
9.450000000000000000e+02 1.664197331727979456e+00
9.460000000000000000e+02 1.664221169323245375e+00
9.470000000000000000e+02 1.664245003492990538e+00
9.480000000000000000e+02 1.664268834237214501e+00
9.490000000000000000e+02 1.664292661555917485e+00
9.500000000000000000e+02 1.664316485449099492e+00
9.510000000000000000e+02 1.664340305916760521e+00
9.520000000000000000e+02 1.664364122958900571e+00
9.530000000000000000e+02 1.664387936575519422e+00
9.540000000000000000e+02 1.664411746766617517e+00
9.550000000000000000e+02 1.664435553532194412e+00
9.560000000000000000e+02 1.664459356872250329e+00
9.570000000000000000e+02 1.664483156786785267e+00
9.580000000000000000e+02 1.664506953275799228e+00
9.590000000000000000e+02 1.664530746339291989e+00
9.600000000000000000e+02 1.664554535977263994e+00
9.610000000000000000e+02 1.664578322189714799e+00
9.620000000000000000e+02 1.664602104976644847e+00
9.630000000000000000e+02 1.664625884338053696e+00
9.640000000000000000e+02 1.664649660273941567e+00
9.650000000000000000e+02 1.664673432784308238e+00
9.660000000000000000e+02 1.664697201869154153e+00
9.670000000000000000e+02 1.664720967528478868e+00
9.680000000000000000e+02 1.664744729762282827e+00
9.690000000000000000e+02 1.664768488570565586e+00
9.700000000000000000e+02 1.664792243953327366e+00
9.710000000000000000e+02 1.664815995910568169e+00
9.720000000000000000e+02 1.664839744442287772e+00
9.730000000000000000e+02 1.664863489548486619e+00
9.740000000000000000e+02 1.664887231229164266e+00
9.750000000000000000e+02 1.664910969484320935e+00
9.760000000000000000e+02 1.664934704313956848e+00
9.770000000000000000e+02 1.664958435718071561e+00
9.780000000000000000e+02 1.664982163696665074e+00
9.790000000000000000e+02 1.665005888249737831e+00
9.800000000000000000e+02 1.665029609377289388e+00
9.810000000000000000e+02 1.665053327079320189e+00
9.820000000000000000e+02 1.665077041355829790e+00
9.830000000000000000e+02 1.665100752206818413e+00
9.840000000000000000e+02 1.665124459632286058e+00
9.850000000000000000e+02 1.665148163632232725e+00
9.860000000000000000e+02 1.665171864206658192e+00
9.870000000000000000e+02 1.665195561355562903e+00
9.880000000000000000e+02 1.665219255078946414e+00
9.890000000000000000e+02 1.665242945376808947e+00
9.900000000000000000e+02 1.665266632249150502e+00
9.910000000000000000e+02 1.665290315695971080e+00
9.920000000000000000e+02 1.665313995717270679e+00
9.930000000000000000e+02 1.665337672313049078e+00
9.940000000000000000e+02 1.665361345483306721e+00
9.950000000000000000e+02 1.665385015228043164e+00
9.960000000000000000e+02 1.665408681547258629e+00
9.970000000000000000e+02 1.665432344440953116e+00
9.980000000000000000e+02 1.665456003909126625e+00
9.990000000000000000e+02 1.665479659951778935e+00
1.000000000000000000e+03 1.665503312568910488e+00
1.001000000000000000e+03 1.665526961760520841e+00
1.002000000000000000e+03 1.665550607526610216e+00
1.003000000000000000e+03 1.665574249867178613e+00
1.004000000000000000e+03 1.665597888782226033e+00
1.005000000000000000e+03 1.665621524271752474e+00
1.006000000000000000e+03 1.665645156335757715e+00
1.007000000000000000e+03 1.665668784974242200e+00
1.008000000000000000e+03 1.665692410187205486e+00
1.009000000000000000e+03 1.665716031974647793e+00
1.010000000000000000e+03 1.665739650336569122e+00
1.011000000000000000e+03 1.665763265272969473e+00
1.012000000000000000e+03 1.665786876783848847e+00
1.013000000000000000e+03 1.665810484869207020e+00
1.014000000000000000e+03 1.665834089529044437e+00
1.015000000000000000e+03 1.665857690763360655e+00
1.016000000000000000e+03 1.665881288572155894e+00
1.017000000000000000e+03 1.665904882955430155e+00
1.018000000000000000e+03 1.665928473913183439e+00
1.019000000000000000e+03 1.665952061445415522e+00
1.020000000000000000e+03 1.665975645552126849e+00
1.021000000000000000e+03 1.665999226233316977e+00
1.022000000000000000e+03 1.666022803488986126e+00
