# order=19: data_wav [pixel], data_wavsolution [micron]
1.200000000000000000e+01 2.040022128068820884e+00
1.300000000000000000e+01 2.040055294032211641e+00
1.400000000000000000e+01 2.040088456461344624e+00
1.500000000000000000e+01 2.040121615354561158e+00
1.600000000000000000e+01 2.040154770710202126e+00
1.700000000000000000e+01 2.040187922526609299e+00
1.800000000000000000e+01 2.040221070802124004e+00
1.900000000000000000e+01 2.040254215535087567e+00
2.000000000000000000e+01 2.040287356723840873e+00
2.100000000000000000e+01 2.040320494366725246e+00
2.200000000000000000e+01 2.040353628462082458e+00
2.300000000000000000e+01 2.040386759008253392e+00
2.400000000000000000e+01 2.040419886003579819e+00
2.500000000000000000e+01 2.040453009446402621e+00
2.600000000000000000e+01 2.040486129335063570e+00
2.700000000000000000e+01 2.040519245667903103e+00
2.800000000000000000e+01 2.040552358443263437e+00
2.900000000000000000e+01 2.040585467659485452e+00
3.000000000000000000e+01 2.040618573314910478e+00
3.100000000000000000e+01 2.040651675407879839e+00
3.200000000000000000e+01 2.040684773936734864e+00
3.300000000000000000e+01 2.040717868899816878e+00
3.400000000000000000e+01 2.040750960295467209e+00
3.500000000000000000e+01 2.040784048122027183e+00
3.600000000000000000e+01 2.040817132377838128e+00
3.700000000000000000e+01 2.040850213061240925e+00
3.800000000000000000e+01 2.040883290170577791e+00
3.900000000000000000e+01 2.040916363704188718e+00
4.000000000000000000e+01 2.040949433660416368e+00
4.100000000000000000e+01 2.040982500037601177e+00
4.200000000000000000e+01 2.041015562834084918e+00
4.300000000000000000e+01 2.041048622048208472e+00
4.400000000000000000e+01 2.041081677678313167e+00
4.500000000000000000e+01 2.041114729722740773e+00
4.600000000000000000e+01 2.041147778179832617e+00
4.700000000000000000e+01 2.041180823047929138e+00
4.800000000000000000e+01 2.041213864325372551e+00
4.900000000000000000e+01 2.041246902010503739e+00
5.000000000000000000e+01 2.041279936101664028e+00
5.100000000000000000e+01 2.041312966597195189e+00
5.200000000000000000e+01 2.041345993495437661e+00
5.300000000000000000e+01 2.041379016794733658e+00
5.400000000000000000e+01 2.041412036493423621e+00
5.500000000000000000e+01 2.041445052589849318e+00
5.600000000000000000e+01 2.041478065082352522e+00
5.700000000000000000e+01 2.041511073969273671e+00
5.800000000000000000e+01 2.041544079248954535e+00
5.900000000000000000e+01 2.041577080919735998e+00
6.000000000000000000e+01 2.041610078979960274e+00
6.100000000000000000e+01 2.041643073427967803e+00
6.200000000000000000e+01 2.041676064262099910e+00
6.300000000000000000e+01 2.041709051480698367e+00
6.400000000000000000e+01 2.041742035082104501e+00
6.500000000000000000e+01 2.041775015064659193e+00
6.600000000000000000e+01 2.041807991426704216e+00
6.700000000000000000e+01 2.041840964166580452e+00
6.800000000000000000e+01 2.041873933282629228e+00
6.900000000000000000e+01 2.041906898773191870e+00
7.000000000000000000e+01 2.041939860636610149e+00
7.100000000000000000e+01 2.041972818871224948e+00
7.200000000000000000e+01 2.042005773475377595e+00
7.300000000000000000e+01 2.042038724447409415e+00
7.400000000000000000e+01 2.042071671785661735e+00
7.500000000000000000e+01 2.042104615488476327e+00
7.600000000000000000e+01 2.042137555554193629e+00
7.700000000000000000e+01 2.042170491981155411e+00
7.800000000000000000e+01 2.042203424767703002e+00
7.900000000000000000e+01 2.042236353912177282e+00
8.000000000000000000e+01 2.042269279412920469e+00
8.100000000000000000e+01 2.042302201268272999e+00
8.200000000000000000e+01 2.042335119476576644e+00
8.300000000000000000e+01 2.042368034036172730e+00
8.400000000000000000e+01 2.042400944945402141e+00
8.500000000000000000e+01 2.042433852202606204e+00
8.600000000000000000e+01 2.042466755806126688e+00
8.700000000000000000e+01 2.042499655754304921e+00
8.800000000000000000e+01 2.042532552045481786e+00
8.900000000000000000e+01 2.042565444677998610e+00
9.000000000000000000e+01 2.042598333650197162e+00
9.100000000000000000e+01 2.042631218960418327e+00
9.200000000000000000e+01 2.042664100607003430e+00
9.300000000000000000e+01 2.042696978588293799e+00
9.400000000000000000e+01 2.042729852902630761e+00
9.500000000000000000e+01 2.042762723548355641e+00
9.600000000000000000e+01 2.042795590523810212e+00
9.700000000000000000e+01 2.042828453827334911e+00
9.800000000000000000e+01 2.042861313457271510e+00
9.900000000000000000e+01 2.042894169411961780e+00
1.000000000000000000e+02 2.042927021689745715e+00
1.010000000000000000e+02 2.042959870288965973e+00
1.020000000000000000e+02 2.042992715207963439e+00
1.030000000000000000e+02 2.043025556445078994e+00
1.040000000000000000e+02 2.043058393998654410e+00
1.050000000000000000e+02 2.043091227867030568e+00
1.060000000000000000e+02 2.043124058048549241e+00
1.070000000000000000e+02 2.043156884541551754e+00
1.080000000000000000e+02 2.043189707344378991e+00
1.090000000000000000e+02 2.043222526455372279e+00
1.100000000000000000e+02 2.043255341872873387e+00
1.110000000000000000e+02 2.043288153595223200e+00
1.120000000000000000e+02 2.043320961620763043e+00
1.130000000000000000e+02 2.043353765947834688e+00
1.140000000000000000e+02 2.043386566574778573e+00
1.150000000000000000e+02 2.043419363499936914e+00
1.160000000000000000e+02 2.043452156721650592e+00
1.170000000000000000e+02 2.043484946238260935e+00
1.180000000000000000e+02 2.043517732048109270e+00
1.190000000000000000e+02 2.043550514149536923e+00
1.200000000000000000e+02 2.043583292540885221e+00
1.210000000000000000e+02 2.043616067220495047e+00
1.220000000000000000e+02 2.043648838186708616e+00
1.230000000000000000e+02 2.043681605437866367e+00
1.240000000000000000e+02 2.043714368972310069e+00
1.250000000000000000e+02 2.043747128788380607e+00
1.260000000000000000e+02 2.043779884884420195e+00
1.270000000000000000e+02 2.043812637258768827e+00
1.280000000000000000e+02 2.043845385909769163e+00
1.290000000000000000e+02 2.043878130835761198e+00
1.300000000000000000e+02 2.043910872035087589e+00
1.310000000000000000e+02 2.043943609506088332e+00
1.320000000000000000e+02 2.043976343247105643e+00
1.330000000000000000e+02 2.044009073256480402e+00
1.340000000000000000e+02 2.044041799532554382e+00
1.350000000000000000e+02 2.044074522073668021e+00
1.360000000000000000e+02 2.044107240878163534e+00
1.370000000000000000e+02 2.044139955944381803e+00
1.380000000000000000e+02 2.044172667270664157e+00
1.390000000000000000e+02 2.044205374855351920e+00
1.400000000000000000e+02 2.044238078696786420e+00
1.410000000000000000e+02 2.044270778793308985e+00
1.420000000000000000e+02 2.044303475143260496e+00
1.430000000000000000e+02 2.044336167744983168e+00
1.440000000000000000e+02 2.044368856596817441e+00
1.450000000000000000e+02 2.044401541697105085e+00
1.460000000000000000e+02 2.044434223044187426e+00
1.470000000000000000e+02 2.044466900636405349e+00
1.480000000000000000e+02 2.044499574472100623e+00
1.490000000000000000e+02 2.044532244549614575e+00
1.500000000000000000e+02 2.044564910867288088e+00
1.510000000000000000e+02 2.044597573423462489e+00
1.520000000000000000e+02 2.044630232216479548e+00
1.530000000000000000e+02 2.044662887244680149e+00
1.540000000000000000e+02 2.044695538506405619e+00
1.550000000000000000e+02 2.044728185999997727e+00
1.560000000000000000e+02 2.044760829723797357e+00
1.570000000000000000e+02 2.044793469676145836e+00
1.580000000000000000e+02 2.044826105855384935e+00
1.590000000000000000e+02 2.044858738259855091e+00
1.600000000000000000e+02 2.044891366887898076e+00
1.610000000000000000e+02 2.044923991737855662e+00
1.620000000000000000e+02 2.044956612808068286e+00
1.630000000000000000e+02 2.044989230096877719e+00
1.640000000000000000e+02 2.045021843602625289e+00
1.650000000000000000e+02 2.045054453323652321e+00
1.660000000000000000e+02 2.045087059258299700e+00
1.670000000000000000e+02 2.045119661404909639e+00
1.680000000000000000e+02 2.045152259761822577e+00
1.690000000000000000e+02 2.045184854327379842e+00
1.700000000000000000e+02 2.045217445099923204e+00
1.710000000000000000e+02 2.045250032077793989e+00
1.720000000000000000e+02 2.045282615259333081e+00
1.730000000000000000e+02 2.045315194642881806e+00
1.740000000000000000e+02 2.045347770226781936e+00
1.750000000000000000e+02 2.045380342009374353e+00
1.760000000000000000e+02 2.045412909989000827e+00
1.770000000000000000e+02 2.045445474164002242e+00
1.780000000000000000e+02 2.045478034532719924e+00
1.790000000000000000e+02 2.045510591093495201e+00
1.800000000000000000e+02 2.045543143844669398e+00
1.810000000000000000e+02 2.045575692784583843e+00
1.820000000000000000e+02 2.045608237911579863e+00
1.830000000000000000e+02 2.045640779223998784e+00
1.840000000000000000e+02 2.045673316720181933e+00
1.850000000000000000e+02 2.045705850398470638e+00
1.860000000000000000e+02 2.045738380257206224e+00
1.870000000000000000e+02 2.045770906294729574e+00
1.880000000000000000e+02 2.045803428509382904e+00
1.890000000000000000e+02 2.045835946899506652e+00
1.900000000000000000e+02 2.045868461463442145e+00
1.910000000000000000e+02 2.045900972199531154e+00
1.920000000000000000e+02 2.045933479106115005e+00
1.930000000000000000e+02 2.045965982181534581e+00
1.940000000000000000e+02 2.045998481424131210e+00
1.950000000000000000e+02 2.046030976832246662e+00
1.960000000000000000e+02 2.046063468404222263e+00
1.970000000000000000e+02 2.046095956138398453e+00
1.980000000000000000e+02 2.046128440033117446e+00
1.990000000000000000e+02 2.046160920086720125e+00
2.000000000000000000e+02 2.046193396297547817e+00
2.010000000000000000e+02 2.046225868663942293e+00
2.020000000000000000e+02 2.046258337184243992e+00
2.030000000000000000e+02 2.046290801856795127e+00
2.040000000000000000e+02 2.046323262679936139e+00
2.050000000000000000e+02 2.046355719652008798e+00
2.060000000000000000e+02 2.046388172771354874e+00
2.070000000000000000e+02 2.046420622036314807e+00
2.080000000000000000e+02 2.046453067445229923e+00
2.090000000000000000e+02 2.046485508996442437e+00
2.100000000000000000e+02 2.046517946688292788e+00
2.110000000000000000e+02 2.046550380519122747e+00
2.120000000000000000e+02 2.046582810487273640e+00
2.130000000000000000e+02 2.046615236591086351e+00
2.140000000000000000e+02 2.046647658828902205e+00
2.150000000000000000e+02 2.046680077199062975e+00
2.160000000000000000e+02 2.046712491699909986e+00
2.170000000000000000e+02 2.046744902329784122e+00
2.180000000000000000e+02 2.046777309087026708e+00
2.190000000000000000e+02 2.046809711969979073e+00
2.200000000000000000e+02 2.046842110976982987e+00
2.210000000000000000e+02 2.046874506106379332e+00
2.220000000000000000e+02 2.046906897356509436e+00
2.230000000000000000e+02 2.046939284725714625e+00
2.240000000000000000e+02 2.046971668212336226e+00
2.250000000000000000e+02 2.047004047814715566e+00
2.260000000000000000e+02 2.047036423531193972e+00
2.270000000000000000e+02 2.047068795360112770e+00
2.280000000000000000e+02 2.047101163299813287e+00
2.290000000000000000e+02 2.047133527348636406e+00
2.300000000000000000e+02 2.047165887504924342e+00
2.310000000000000000e+02 2.047198243767017534e+00
2.320000000000000000e+02 2.047230596133257308e+00
2.330000000000000000e+02 2.047262944601985879e+00
2.340000000000000000e+02 2.047295289171543686e+00
2.350000000000000000e+02 2.047327629840272056e+00
2.360000000000000000e+02 2.047359966606512760e+00
2.370000000000000000e+02 2.047392299468606680e+00
2.380000000000000000e+02 2.047424628424895587e+00
2.390000000000000000e+02 2.047456953473720365e+00
2.400000000000000000e+02 2.047489274613422783e+00
2.410000000000000000e+02 2.047521591842343280e+00
2.420000000000000000e+02 2.047553905158824072e+00
2.430000000000000000e+02 2.047586214561206042e+00
2.440000000000000000e+02 2.047618520047830515e+00
2.450000000000000000e+02 2.047650821617038819e+00
2.460000000000000000e+02 2.047683119267172280e+00
2.470000000000000000e+02 2.047715412996572670e+00
2.480000000000000000e+02 2.047747702803580427e+00
2.490000000000000000e+02 2.047779988686537322e+00
2.500000000000000000e+02 2.047812270643784238e+00
2.510000000000000000e+02 2.047844548673663390e+00
2.520000000000000000e+02 2.047876822774515215e+00
2.530000000000000000e+02 2.047909092944681486e+00
2.540000000000000000e+02 2.047941359182503529e+00
2.550000000000000000e+02 2.047973621486322227e+00
2.560000000000000000e+02 2.048005879854478906e+00
2.570000000000000000e+02 2.048038134285315781e+00
2.580000000000000000e+02 2.048070384777172848e+00
2.590000000000000000e+02 2.048102631328392320e+00
2.600000000000000000e+02 2.048134873937315525e+00
2.610000000000000000e+02 2.048167112602283346e+00
2.620000000000000000e+02 2.048199347321637109e+00
2.630000000000000000e+02 2.048231578093718142e+00
2.640000000000000000e+02 2.048263804916867770e+00
2.650000000000000000e+02 2.048296027789427765e+00
2.660000000000000000e+02 2.048328246709738565e+00
2.670000000000000000e+02 2.048360461676142386e+00
2.680000000000000000e+02 2.048392672686980109e+00
2.690000000000000000e+02 2.048424879740592619e+00
2.700000000000000000e+02 2.048457082835322129e+00
2.710000000000000000e+02 2.048489281969509079e+00
2.720000000000000000e+02 2.048521477141495239e+00
2.730000000000000000e+02 2.048553668349621937e+00
2.740000000000000000e+02 2.048585855592230498e+00
2.750000000000000000e+02 2.048618038867661806e+00
2.760000000000000000e+02 2.048650218174257631e+00
2.770000000000000000e+02 2.048682393510358857e+00
2.780000000000000000e+02 2.048714564874307253e+00
2.790000000000000000e+02 2.048746732264443704e+00
2.800000000000000000e+02 2.048778895679109979e+00
2.810000000000000000e+02 2.048811055116646962e+00
2.820000000000000000e+02 2.048843210575396423e+00
2.830000000000000000e+02 2.048875362053699245e+00
2.840000000000000000e+02 2.048907509549896755e+00
2.850000000000000000e+02 2.048939653062330279e+00
2.860000000000000000e+02 2.048971792589341145e+00
2.870000000000000000e+02 2.049003928129271124e+00
2.880000000000000000e+02 2.049036059680460653e+00
2.890000000000000000e+02 2.049068187241251948e+00
2.900000000000000000e+02 2.049100310809985448e+00
2.910000000000000000e+02 2.049132430385003367e+00
2.920000000000000000e+02 2.049164545964646145e+00
2.930000000000000000e+02 2.049196657547255551e+00
2.940000000000000000e+02 2.049228765131172914e+00
2.950000000000000000e+02 2.049260868714739559e+00
2.960000000000000000e+02 2.049292968296296369e+00
2.970000000000000000e+02 2.049325063874185116e+00
2.980000000000000000e+02 2.049357155446746681e+00
2.990000000000000000e+02 2.049389243012322837e+00
3.000000000000000000e+02 2.049421326569254909e+00
3.010000000000000000e+02 2.049453406115883780e+00
3.020000000000000000e+02 2.049485481650550778e+00
3.030000000000000000e+02 2.049517553171597672e+00
3.040000000000000000e+02 2.049549620677365347e+00
3.050000000000000000e+02 2.049581684166195128e+00
3.060000000000000000e+02 2.049613743636428786e+00
3.070000000000000000e+02 2.049645799086406761e+00
3.080000000000000000e+02 2.049677850514471267e+00
3.090000000000000000e+02 2.049709897918963186e+00
3.100000000000000000e+02 2.049741941298223846e+00
3.110000000000000000e+02 2.049773980650594574e+00
3.120000000000000000e+02 2.049806015974416251e+00
3.130000000000000000e+02 2.049838047268031094e+00
3.140000000000000000e+02 2.049870074529779984e+00
3.150000000000000000e+02 2.049902097758003805e+00
3.160000000000000000e+02 2.049934116951044327e+00
3.170000000000000000e+02 2.049966132107242878e+00
3.180000000000000000e+02 2.049998143224940339e+00
3.190000000000000000e+02 2.050030150302478482e+00
3.200000000000000000e+02 2.050062153338198634e+00
3.210000000000000000e+02 2.050094152330441677e+00
3.220000000000000000e+02 2.050126147277548938e+00
3.230000000000000000e+02 2.050158138177862188e+00
3.240000000000000000e+02 2.050190125029722310e+00
3.250000000000000000e+02 2.050222107831471074e+00
3.260000000000000000e+02 2.050254086581449364e+00
3.270000000000000000e+02 2.050286061277998506e+00
3.280000000000000000e+02 2.050318031919459827e+00
3.290000000000000000e+02 2.050349998504175097e+00
3.300000000000000000e+02 2.050381961030484756e+00
3.310000000000000000e+02 2.050413919496731019e+00
3.320000000000000000e+02 2.050445873901254767e+00
3.330000000000000000e+02 2.050477824242396885e+00
3.340000000000000000e+02 2.050509770518499142e+00
3.350000000000000000e+02 2.050541712727903310e+00
3.360000000000000000e+02 2.050573650868949827e+00
3.370000000000000000e+02 2.050605584939980464e+00
3.380000000000000000e+02 2.050637514939336103e+00
3.390000000000000000e+02 2.050669440865358961e+00
3.400000000000000000e+02 2.050701362716389475e+00
3.410000000000000000e+02 2.050733280490768973e+00
3.420000000000000000e+02 2.050765194186839224e+00
3.430000000000000000e+02 2.050797103802941113e+00
3.440000000000000000e+02 2.050829009337416409e+00
3.450000000000000000e+02 2.050860910788606439e+00
3.460000000000000000e+02 2.050892808154851643e+00
3.470000000000000000e+02 2.050924701434494235e+00
3.480000000000000000e+02 2.050956590625875098e+00
3.490000000000000000e+02 2.050988475727336002e+00
3.500000000000000000e+02 2.051020356737217387e+00
3.510000000000000000e+02 2.051052233653861467e+00
3.520000000000000000e+02 2.051084106475609126e+00
3.530000000000000000e+02 2.051115975200801689e+00
3.540000000000000000e+02 2.051147839827780039e+00
3.550000000000000000e+02 2.051179700354886393e+00
3.560000000000000000e+02 2.051211556780461187e+00
3.570000000000000000e+02 2.051243409102846638e+00
3.580000000000000000e+02 2.051275257320383183e+00
3.590000000000000000e+02 2.051307101431412594e+00
3.600000000000000000e+02 2.051338941434275753e+00
3.610000000000000000e+02 2.051370777327314432e+00
3.620000000000000000e+02 2.051402609108869957e+00
3.630000000000000000e+02 2.051434436777283654e+00
3.640000000000000000e+02 2.051466260330895963e+00
3.650000000000000000e+02 2.051498079768049543e+00
3.660000000000000000e+02 2.051529895087084387e+00
3.670000000000000000e+02 2.051561706286342712e+00
3.680000000000000000e+02 2.051593513364165844e+00
3.690000000000000000e+02 2.051625316318894665e+00
3.700000000000000000e+02 2.051657115148870059e+00
3.710000000000000000e+02 2.051688909852434239e+00
3.720000000000000000e+02 2.051720700427928534e+00
3.730000000000000000e+02 2.051752486873693382e+00
3.740000000000000000e+02 2.051784269188070553e+00
3.750000000000000000e+02 2.051816047369401819e+00
3.760000000000000000e+02 2.051847821416027617e+00
3.770000000000000000e+02 2.051879591326289720e+00
3.780000000000000000e+02 2.051911357098529454e+00
3.790000000000000000e+02 2.051943118731088145e+00
3.800000000000000000e+02 2.051974876222306676e+00
3.810000000000000000e+02 2.052006629570526819e+00
3.820000000000000000e+02 2.052038378774089900e+00
3.830000000000000000e+02 2.052070123831337245e+00
3.840000000000000000e+02 2.052101864740609738e+00
3.850000000000000000e+02 2.052133601500249149e+00
3.860000000000000000e+02 2.052165334108596362e+00
3.870000000000000000e+02 2.052197062563992702e+00
3.880000000000000000e+02 2.052228786864779941e+00
3.890000000000000000e+02 2.052260507009298962e+00
3.900000000000000000e+02 2.052292222995891535e+00
3.910000000000000000e+02 2.052323934822898543e+00
3.920000000000000000e+02 2.052355642488661314e+00
3.930000000000000000e+02 2.052387345991521173e+00
3.940000000000000000e+02 2.052419045329819447e+00
3.950000000000000000e+02 2.052450740501897464e+00
3.960000000000000000e+02 2.052482431506096550e+00
3.970000000000000000e+02 2.052514118340758476e+00
3.980000000000000000e+02 2.052545801004223680e+00
3.990000000000000000e+02 2.052577479494833934e+00
4.000000000000000000e+02 2.052609153810930565e+00
4.010000000000000000e+02 2.052640823950854454e+00
4.020000000000000000e+02 2.052672489912947817e+00
4.030000000000000000e+02 2.052704151695551094e+00
4.040000000000000000e+02 2.052735809297005609e+00
4.050000000000000000e+02 2.052767462715653579e+00
4.060000000000000000e+02 2.052799111949834998e+00
4.070000000000000000e+02 2.052830756997892525e+00
4.080000000000000000e+02 2.052862397858166155e+00
4.090000000000000000e+02 2.052894034528998546e+00
4.100000000000000000e+02 2.052925667008729693e+00
4.110000000000000000e+02 2.052957295295701812e+00
4.120000000000000000e+02 2.052988919388255784e+00
4.130000000000000000e+02 2.053020539284732937e+00
4.140000000000000000e+02 2.053052154983475042e+00
4.150000000000000000e+02 2.053083766482822536e+00
4.160000000000000000e+02 2.053115373781117636e+00
4.170000000000000000e+02 2.053146976876701224e+00
4.180000000000000000e+02 2.053178575767914182e+00
4.190000000000000000e+02 2.053210170453098726e+00
4.200000000000000000e+02 2.053241760930595294e+00
4.210000000000000000e+02 2.053273347198746102e+00
4.220000000000000000e+02 2.053304929255891587e+00
4.230000000000000000e+02 2.053336507100373520e+00
4.240000000000000000e+02 2.053368080730532785e+00
4.250000000000000000e+02 2.053399650144711153e+00
4.260000000000000000e+02 2.053431215341249949e+00
4.270000000000000000e+02 2.053462776318490501e+00
4.280000000000000000e+02 2.053494333074773248e+00
4.290000000000000000e+02 2.053525885608440849e+00
4.300000000000000000e+02 2.053557433917833741e+00
4.310000000000000000e+02 2.053588978001293253e+00
4.320000000000000000e+02 2.053620517857160710e+00
4.330000000000000000e+02 2.053652053483777884e+00
4.340000000000000000e+02 2.053683584879485657e+00
4.350000000000000000e+02 2.053715112042625357e+00
4.360000000000000000e+02 2.053746634971538754e+00
4.370000000000000000e+02 2.053778153664566286e+00
4.380000000000000000e+02 2.053809668120050169e+00
4.390000000000000000e+02 2.053841178336330842e+00
4.400000000000000000e+02 2.053872684311750074e+00
4.410000000000000000e+02 2.053904186044649638e+00
4.420000000000000000e+02 2.053935683533369971e+00
4.430000000000000000e+02 2.053967176776252845e+00
4.440000000000000000e+02 2.053998665771639587e+00
4.450000000000000000e+02 2.054030150517871078e+00
4.460000000000000000e+02 2.054061631013289091e+00
4.470000000000000000e+02 2.054093107256234951e+00
4.480000000000000000e+02 2.054124579245049986e+00
4.490000000000000000e+02 2.054156046978074635e+00
4.500000000000000000e+02 2.054187510453651555e+00
4.510000000000000000e+02 2.054218969670121187e+00
4.520000000000000000e+02 2.054250424625824856e+00
4.530000000000000000e+02 2.054281875319104333e+00
4.540000000000000000e+02 2.054313321748300059e+00
4.550000000000000000e+02 2.054344763911754690e+00
4.560000000000000000e+02 2.054376201807808222e+00
4.570000000000000000e+02 2.054407635434802426e+00
4.580000000000000000e+02 2.054439064791079073e+00
4.590000000000000000e+02 2.054470489874979044e+00
4.600000000000000000e+02 2.054501910684843224e+00
4.610000000000000000e+02 2.054533327219013827e+00
4.620000000000000000e+02 2.054564739475831736e+00
4.630000000000000000e+02 2.054596147453637833e+00
4.640000000000000000e+02 2.054627551150773890e+00
4.650000000000000000e+02 2.054658950565581677e+00
4.660000000000000000e+02 2.054690345696401188e+00
4.670000000000000000e+02 2.054721736541575083e+00
4.680000000000000000e+02 2.054753123099443801e+00
4.690000000000000000e+02 2.054784505368349112e+00
4.700000000000000000e+02 2.054815883346631900e+00
4.710000000000000000e+02 2.054847257032633934e+00
4.720000000000000000e+02 2.054878626424696098e+00
4.730000000000000000e+02 2.054909991521160162e+00
4.740000000000000000e+02 2.054941352320367010e+00
4.750000000000000000e+02 2.054972708820658411e+00
4.760000000000000000e+02 2.055004061020374806e+00
4.770000000000000000e+02 2.055035408917858408e+00
4.780000000000000000e+02 2.055066752511450101e+00
4.790000000000000000e+02 2.055098091799491211e+00
4.800000000000000000e+02 2.055129426780323509e+00
4.810000000000000000e+02 2.055160757452287434e+00
4.820000000000000000e+02 2.055192083813724757e+00
4.830000000000000000e+02 2.055223405862977248e+00
4.840000000000000000e+02 2.055254723598385347e+00
4.850000000000000000e+02 2.055286037018290823e+00
4.860000000000000000e+02 2.055317346121035005e+00
4.870000000000000000e+02 2.055348650904958774e+00
4.880000000000000000e+02 2.055379951368404345e+00
4.890000000000000000e+02 2.055411247509712158e+00
4.900000000000000000e+02 2.055442539327223539e+00
4.910000000000000000e+02 2.055473826819280259e+00
4.920000000000000000e+02 2.055505109984223644e+00
4.930000000000000000e+02 2.055536388820394578e+00
4.940000000000000000e+02 2.055567663326134831e+00
4.950000000000000000e+02 2.055598933499785286e+00
4.960000000000000000e+02 2.055630199339687270e+00
4.970000000000000000e+02 2.055661460844182553e+00
4.980000000000000000e+02 2.055692718011612019e+00
4.990000000000000000e+02 2.055723970840316994e+00
5.000000000000000000e+02 2.055755219328638805e+00
5.010000000000000000e+02 2.055786463474918779e+00
5.020000000000000000e+02 2.055817703277498687e+00
5.030000000000000000e+02 2.055848938734718967e+00
5.040000000000000000e+02 2.055880169844921390e+00
5.050000000000000000e+02 2.055911396606447727e+00
5.060000000000000000e+02 2.055942619017638417e+00
5.070000000000000000e+02 2.055973837076835231e+00
5.080000000000000000e+02 2.056005050782379051e+00
5.090000000000000000e+02 2.056036260132612092e+00
5.100000000000000000e+02 2.056067465125874794e+00
5.110000000000000000e+02 2.056098665760508926e+00
5.120000000000000000e+02 2.056129862034855371e+00
5.130000000000000000e+02 2.056161053947255901e+00
5.140000000000000000e+02 2.056192241496051842e+00
5.150000000000000000e+02 2.056223424679584078e+00
5.160000000000000000e+02 2.056254603496193933e+00
5.170000000000000000e+02 2.056285777944223181e+00
5.180000000000000000e+02 2.056316948022012703e+00
5.190000000000000000e+02 2.056348113727903826e+00
5.200000000000000000e+02 2.056379275060237877e+00
5.210000000000000000e+02 2.056410432017356626e+00
5.220000000000000000e+02 2.056441584597600958e+00
5.230000000000000000e+02 2.056472732799311753e+00
5.240000000000000000e+02 2.056503876620831228e+00
5.250000000000000000e+02 2.056535016060500265e+00
5.260000000000000000e+02 2.056566151116660190e+00
5.270000000000000000e+02 2.056597281787652332e+00
5.280000000000000000e+02 2.056628408071817571e+00
5.290000000000000000e+02 2.056659529967497679e+00
5.300000000000000000e+02 2.056690647473034428e+00
5.310000000000000000e+02 2.056721760586767811e+00
5.320000000000000000e+02 2.056752869307040488e+00
5.330000000000000000e+02 2.056783973632192897e+00
5.340000000000000000e+02 2.056815073560566365e+00
5.350000000000000000e+02 2.056846169090502663e+00
5.360000000000000000e+02 2.056877260220343118e+00
5.370000000000000000e+02 2.056908346948428612e+00
5.380000000000000000e+02 2.056939429273100473e+00
5.390000000000000000e+02 2.056970507192700470e+00
5.400000000000000000e+02 2.057001580705569488e+00
5.410000000000000000e+02 2.057032649810048852e+00
5.420000000000000000e+02 2.057063714504480334e+00
5.430000000000000000e+02 2.057094774787204816e+00
5.440000000000000000e+02 2.057125830656563181e+00
5.450000000000000000e+02 2.057156882110897644e+00
5.460000000000000000e+02 2.057187929148549088e+00
5.470000000000000000e+02 2.057218971767858395e+00
5.480000000000000000e+02 2.057250009967167781e+00
5.490000000000000000e+02 2.057281043744817683e+00
5.500000000000000000e+02 2.057312073099150318e+00
5.510000000000000000e+02 2.057343098028506123e+00
5.520000000000000000e+02 2.057374118531226870e+00
5.530000000000000000e+02 2.057405134605653441e+00
5.540000000000000000e+02 2.057436146250127607e+00
5.550000000000000000e+02 2.057467153462990694e+00
5.560000000000000000e+02 2.057498156242583587e+00
5.570000000000000000e+02 2.057529154587248055e+00
5.580000000000000000e+02 2.057560148495324981e+00
5.590000000000000000e+02 2.057591137965155692e+00
5.600000000000000000e+02 2.057622122995081959e+00
5.610000000000000000e+02 2.057653103583445109e+00
5.620000000000000000e+02 2.057684079728585580e+00
5.630000000000000000e+02 2.057715051428845587e+00
5.640000000000000000e+02 2.057746018682565570e+00
5.650000000000000000e+02 2.057776981488087742e+00
5.660000000000000000e+02 2.057807939843752987e+00
5.670000000000000000e+02 2.057838893747902631e+00
5.680000000000000000e+02 2.057869843198878002e+00
5.690000000000000000e+02 2.057900788195020425e+00
5.700000000000000000e+02 2.057931728734671228e+00
5.710000000000000000e+02 2.057962664816171738e+00
5.720000000000000000e+02 2.057993596437862838e+00
5.730000000000000000e+02 2.058024523598086741e+00
5.740000000000000000e+02 2.058055446295183444e+00
5.750000000000000000e+02 2.058086364527495604e+00
5.760000000000000000e+02 2.058117278293363661e+00
5.770000000000000000e+02 2.058148187591129386e+00
5.780000000000000000e+02 2.058179092419133660e+00
5.790000000000000000e+02 2.058209992775718256e+00
5.800000000000000000e+02 2.058240888659224055e+00
5.810000000000000000e+02 2.058271780067992385e+00
5.820000000000000000e+02 2.058302667000365016e+00
5.830000000000000000e+02 2.058333549454682831e+00
5.840000000000000000e+02 2.058364427429287158e+00
5.850000000000000000e+02 2.058395300922519766e+00
5.860000000000000000e+02 2.058426169932721539e+00
5.870000000000000000e+02 2.058457034458233359e+00
5.880000000000000000e+02 2.058487894497397441e+00
5.890000000000000000e+02 2.058518750048554669e+00
5.900000000000000000e+02 2.058549601110045923e+00
5.910000000000000000e+02 2.058580447680213421e+00
5.920000000000000000e+02 2.058611289757398044e+00
5.930000000000000000e+02 2.058642127339940675e+00
5.940000000000000000e+02 2.058672960426183085e+00
5.950000000000000000e+02 2.058703789014466601e+00
5.960000000000000000e+02 2.058734613103132105e+00
5.970000000000000000e+02 2.058765432690521369e+00
5.980000000000000000e+02 2.058796247774975718e+00
5.990000000000000000e+02 2.058827058354836037e+00
6.000000000000000000e+02 2.058857864428443651e+00
6.010000000000000000e+02 2.058888665994140332e+00
6.020000000000000000e+02 2.058919463050267407e+00
6.030000000000000000e+02 2.058950255595165757e+00
6.040000000000000000e+02 2.058981043627176710e+00
6.050000000000000000e+02 2.059011827144641593e+00
6.060000000000000000e+02 2.059042606145902177e+00
6.070000000000000000e+02 2.059073380629298899e+00
6.080000000000000000e+02 2.059104150593173976e+00
6.090000000000000000e+02 2.059134916035868290e+00
6.100000000000000000e+02 2.059165676955723168e+00
6.110000000000000000e+02 2.059196433351079936e+00
6.120000000000000000e+02 2.059227185220279921e+00
6.130000000000000000e+02 2.059257932561664006e+00
6.140000000000000000e+02 2.059288675373574407e+00
6.150000000000000000e+02 2.059319413654351560e+00
6.160000000000000000e+02 2.059350147402337239e+00
6.170000000000000000e+02 2.059380876615872769e+00
6.180000000000000000e+02 2.059411601293299032e+00
6.190000000000000000e+02 2.059442321432957801e+00
6.200000000000000000e+02 2.059473037033189957e+00
6.210000000000000000e+02 2.059503748092337272e+00
6.220000000000000000e+02 2.059534454608741072e+00
6.230000000000000000e+02 2.059565156580741796e+00
6.240000000000000000e+02 2.059595854006682103e+00
6.250000000000000000e+02 2.059626546884901988e+00
6.260000000000000000e+02 2.059657235213743665e+00
6.270000000000000000e+02 2.059687918991548017e+00
6.280000000000000000e+02 2.059718598216656371e+00
6.290000000000000000e+02 2.059749272887410054e+00
6.300000000000000000e+02 2.059779943002150837e+00
6.310000000000000000e+02 2.059810608559219158e+00
6.320000000000000000e+02 2.059841269556957233e+00
6.330000000000000000e+02 2.059871925993705499e+00
6.340000000000000000e+02 2.059902577867805729e+00
6.350000000000000000e+02 2.059933225177599248e+00
6.360000000000000000e+02 2.059963867921427383e+00
6.370000000000000000e+02 2.059994506097631461e+00
6.380000000000000000e+02 2.060025139704552366e+00
6.390000000000000000e+02 2.060055768740531867e+00
6.400000000000000000e+02 2.060086393203911292e+00
6.410000000000000000e+02 2.060117013093031524e+00
6.420000000000000000e+02 2.060147628406234332e+00
6.430000000000000000e+02 2.060178239141860601e+00
6.440000000000000000e+02 2.060208845298252101e+00
6.450000000000000000e+02 2.060239446873749714e+00
6.460000000000000000e+02 2.060270043866694767e+00
6.470000000000000000e+02 2.060300636275429031e+00
6.480000000000000000e+02 2.060331224098293390e+00
6.490000000000000000e+02 2.060361807333629169e+00
6.500000000000000000e+02 2.060392385979777696e+00
6.510000000000000000e+02 2.060422960035080298e+00
6.520000000000000000e+02 2.060453529497878744e+00
6.530000000000000000e+02 2.060484094366513474e+00
6.540000000000000000e+02 2.060514654639326260e+00
6.550000000000000000e+02 2.060545210314658870e+00
6.560000000000000000e+02 2.060575761390851746e+00
6.570000000000000000e+02 2.060606307866246656e+00
6.580000000000000000e+02 2.060636849739184484e+00
6.590000000000000000e+02 2.060667387008007445e+00
6.600000000000000000e+02 2.060697919671055978e+00
6.610000000000000000e+02 2.060728447726671853e+00
6.620000000000000000e+02 2.060758971173195953e+00
6.630000000000000000e+02 2.060789490008970049e+00
6.640000000000000000e+02 2.060820004232335023e+00
6.650000000000000000e+02 2.060850513841632647e+00
6.660000000000000000e+02 2.060881018835203804e+00
6.670000000000000000e+02 2.060911519211390264e+00
6.680000000000000000e+02 2.060942014968532909e+00
6.690000000000000000e+02 2.060972506104973068e+00
6.700000000000000000e+02 2.061002992619052065e+00
6.710000000000000000e+02 2.061033474509111674e+00
6.720000000000000000e+02 2.061063951773492331e+00
6.730000000000000000e+02 2.061094424410536252e+00
6.740000000000000000e+02 2.061124892418584320e+00
6.750000000000000000e+02 2.061155355795977862e+00
6.760000000000000000e+02 2.061185814541057759e+00
6.770000000000000000e+02 2.061216268652166228e+00
6.780000000000000000e+02 2.061246718127643707e+00
6.790000000000000000e+02 2.061277162965832410e+00
6.800000000000000000e+02 2.061307603165072333e+00
6.810000000000000000e+02 2.061338038723706134e+00
6.820000000000000000e+02 2.061368469640074252e+00
6.830000000000000000e+02 2.061398895912518459e+00
6.840000000000000000e+02 2.061429317539380079e+00
6.850000000000000000e+02 2.061459734518999998e+00
6.860000000000000000e+02 2.061490146849719540e+00
6.870000000000000000e+02 2.061520554529880478e+00
6.880000000000000000e+02 2.061550957557823693e+00
6.890000000000000000e+02 2.061581355931890958e+00
6.900000000000000000e+02 2.061611749650423153e+00
6.910000000000000000e+02 2.061642138711761607e+00
6.920000000000000000e+02 2.061672523114247646e+00
6.930000000000000000e+02 2.061702902856222597e+00
6.940000000000000000e+02 2.061733277936028230e+00
6.950000000000000000e+02 2.061763648352004985e+00
6.960000000000000000e+02 2.061794014102495076e+00
6.970000000000000000e+02 2.061824375185838942e+00
6.980000000000000000e+02 2.061854731600378798e+00
6.990000000000000000e+02 2.061885083344455083e+00
7.000000000000000000e+02 2.061915430416409567e+00
7.010000000000000000e+02 2.061945772814583577e+00
7.020000000000000000e+02 2.061976110537318441e+00
7.030000000000000000e+02 2.062006443582955040e+00
7.040000000000000000e+02 2.062036771949835146e+00
7.050000000000000000e+02 2.062067095636299641e+00
7.060000000000000000e+02 2.062097414640690296e+00
7.070000000000000000e+02 2.062127728961347994e+00
7.080000000000000000e+02 2.062158038596614507e+00
7.090000000000000000e+02 2.062188343544831159e+00
7.100000000000000000e+02 2.062218643804338392e+00
7.110000000000000000e+02 2.062248939373478418e+00
7.120000000000000000e+02 2.062279230250592121e+00
7.130000000000000000e+02 2.062309516434021273e+00
7.140000000000000000e+02 2.062339797922106310e+00
7.150000000000000000e+02 2.062370074713189450e+00
7.160000000000000000e+02 2.062400346805611573e+00
7.170000000000000000e+02 2.062430614197713563e+00
7.180000000000000000e+02 2.062460876887837635e+00
7.190000000000000000e+02 2.062491134874324672e+00
7.200000000000000000e+02 2.062521388155515556e+00
7.210000000000000000e+02 2.062551636729752502e+00
7.220000000000000000e+02 2.062581880595375949e+00
7.230000000000000000e+02 2.062612119750727668e+00
7.240000000000000000e+02 2.062642354194148542e+00
7.250000000000000000e+02 2.062672583923980785e+00
7.260000000000000000e+02 2.062702808938564392e+00
7.270000000000000000e+02 2.062733029236242022e+00
7.280000000000000000e+02 2.062763244815354113e+00
7.290000000000000000e+02 2.062793455674241994e+00
7.300000000000000000e+02 2.062823661811247433e+00
7.310000000000000000e+02 2.062853863224711315e+00
7.320000000000000000e+02 2.062884059912974966e+00
7.330000000000000000e+02 2.062914251874380156e+00
7.340000000000000000e+02 2.062944439107267769e+00
7.350000000000000000e+02 2.062974621609979131e+00
7.360000000000000000e+02 2.063004799380855570e+00
7.370000000000000000e+02 2.063034972418238855e+00
7.380000000000000000e+02 2.063065140720469426e+00
7.390000000000000000e+02 2.063095304285889053e+00
7.400000000000000000e+02 2.063125463112839508e+00
7.410000000000000000e+02 2.063155617199661229e+00
7.420000000000000000e+02 2.063185766544695987e+00
7.430000000000000000e+02 2.063215911146285109e+00
7.440000000000000000e+02 2.063246051002769477e+00
7.450000000000000000e+02 2.063276186112491306e+00
7.460000000000000000e+02 2.063306316473791036e+00
7.470000000000000000e+02 2.063336442085009992e+00
7.480000000000000000e+02 2.063366562944489946e+00
7.490000000000000000e+02 2.063396679050572224e+00
7.500000000000000000e+02 2.063426790401597710e+00
7.510000000000000000e+02 2.063456896995908174e+00
7.520000000000000000e+02 2.063486998831844499e+00
7.530000000000000000e+02 2.063517095907748011e+00
7.540000000000000000e+02 2.063547188221960482e+00
7.550000000000000000e+02 2.063577275772822794e+00
7.560000000000000000e+02 2.063607358558676275e+00
7.570000000000000000e+02 2.063637436577862250e+00
7.580000000000000000e+02 2.063667509828722046e+00
7.590000000000000000e+02 2.063697578309597436e+00
7.600000000000000000e+02 2.063727642018828856e+00
7.610000000000000000e+02 2.063757700954758079e+00
7.620000000000000000e+02 2.063787755115726874e+00
7.630000000000000000e+02 2.063817804500075681e+00
7.640000000000000000e+02 2.063847849106146271e+00
7.650000000000000000e+02 2.063877888932279969e+00
7.660000000000000000e+02 2.063907923976817660e+00
7.670000000000000000e+02 2.063937954238101113e+00
7.680000000000000000e+02 2.063967979714471657e+00
7.690000000000000000e+02 2.063998000404270172e+00
7.700000000000000000e+02 2.064028016305838431e+00
7.710000000000000000e+02 2.064058027417517760e+00
7.720000000000000000e+02 2.064088033737649042e+00
7.730000000000000000e+02 2.064118035264573603e+00
7.740000000000000000e+02 2.064148031996633215e+00
7.750000000000000000e+02 2.064178023932168760e+00
7.760000000000000000e+02 2.064208011069521564e+00
7.770000000000000000e+02 2.064237993407032956e+00
7.780000000000000000e+02 2.064267970943044705e+00
7.790000000000000000e+02 2.064297943675897695e+00
7.800000000000000000e+02 2.064327911603932808e+00
7.810000000000000000e+02 2.064357874725492259e+00
7.820000000000000000e+02 2.064387833038916931e+00
7.830000000000000000e+02 2.064417786542548150e+00
7.840000000000000000e+02 2.064447735234727244e+00
7.850000000000000000e+02 2.064477679113795094e+00
7.860000000000000000e+02 2.064507618178093473e+00
7.870000000000000000e+02 2.064537552425963707e+00
7.880000000000000000e+02 2.064567481855747122e+00
7.890000000000000000e+02 2.064597406465785046e+00
7.900000000000000000e+02 2.064627326254418360e+00
7.910000000000000000e+02 2.064657241219988393e+00
7.920000000000000000e+02 2.064687151360836914e+00
7.930000000000000000e+02 2.064717056675305251e+00
7.940000000000000000e+02 2.064746957161734287e+00
7.950000000000000000e+02 2.064776852818465347e+00
7.960000000000000000e+02 2.064806743643840203e+00
7.970000000000000000e+02 2.064836629636199739e+00
7.980000000000000000e+02 2.064866510793885279e+00
7.990000000000000000e+02 2.064896387115238596e+00
8.000000000000000000e+02 2.064926258598600128e+00
8.010000000000000000e+02 2.064956125242312091e+00
8.020000000000000000e+02 2.064985987044714921e+00
8.030000000000000000e+02 2.065015844004150836e+00
8.040000000000000000e+02 2.065045696118960716e+00
8.050000000000000000e+02 2.065075543387485446e+00
8.060000000000000000e+02 2.065105385808067240e+00
8.070000000000000000e+02 2.065135223379046536e+00
8.080000000000000000e+02 2.065165056098765106e+00
8.090000000000000000e+02 2.065194883965564276e+00
8.100000000000000000e+02 2.065224706977784930e+00
8.110000000000000000e+02 2.065254525133768837e+00
8.120000000000000000e+02 2.065284338431857325e+00
8.130000000000000000e+02 2.065314146870391276e+00
8.140000000000000000e+02 2.065343950447712462e+00
8.150000000000000000e+02 2.065373749162161765e+00
8.160000000000000000e+02 2.065403543012080512e+00
8.170000000000000000e+02 2.065433331995810473e+00
8.180000000000000000e+02 2.065463116111692532e+00
8.190000000000000000e+02 2.065492895358068459e+00
8.200000000000000000e+02 2.065522669733278693e+00
8.210000000000000000e+02 2.065552439235665450e+00
8.220000000000000000e+02 2.065582203863569610e+00
8.230000000000000000e+02 2.065611963615332503e+00
8.240000000000000000e+02 2.065641718489295453e+00
8.250000000000000000e+02 2.065671468483799789e+00
8.260000000000000000e+02 2.065701213597186836e+00
8.270000000000000000e+02 2.065730953827797922e+00
8.280000000000000000e+02 2.065760689173973930e+00
8.290000000000000000e+02 2.065790419634057073e+00
8.300000000000000000e+02 2.065820145206387792e+00
8.310000000000000000e+02 2.065849865889307857e+00
8.320000000000000000e+02 2.065879581681158150e+00
8.330000000000000000e+02 2.065909292580280443e+00
8.340000000000000000e+02 2.065938998585016062e+00
8.350000000000000000e+02 2.065968699693705890e+00
8.360000000000000000e+02 2.065998395904691698e+00
8.370000000000000000e+02 2.066028087216314368e+00
8.380000000000000000e+02 2.066057773626915228e+00
8.390000000000000000e+02 2.066087455134836048e+00
8.400000000000000000e+02 2.066117131738417712e+00
8.410000000000000000e+02 2.066146803436001544e+00
8.420000000000000000e+02 2.066176470225929318e+00
8.430000000000000000e+02 2.066206132106541471e+00
8.440000000000000000e+02 2.066235789076180218e+00
8.450000000000000000e+02 2.066265441133185998e+00
8.460000000000000000e+02 2.066295088275901026e+00
8.470000000000000000e+02 2.066324730502666185e+00
8.480000000000000000e+02 2.066354367811822357e+00
8.490000000000000000e+02 2.066384000201711757e+00
8.500000000000000000e+02 2.066413627670674824e+00
8.510000000000000000e+02 2.066443250217053329e+00
8.520000000000000000e+02 2.066472867839188154e+00
8.530000000000000000e+02 2.066502480535421515e+00
8.540000000000000000e+02 2.066532088304093850e+00
8.550000000000000000e+02 2.066561691143546486e+00
8.560000000000000000e+02 2.066591289052121194e+00
8.570000000000000000e+02 2.066620882028159301e+00
8.580000000000000000e+02 2.066650470070001688e+00
8.590000000000000000e+02 2.066680053175989684e+00
8.600000000000000000e+02 2.066709631344465059e+00
8.610000000000000000e+02 2.066739204573768696e+00
8.620000000000000000e+02 2.066768772862241921e+00
8.630000000000000000e+02 2.066798336208226505e+00
8.640000000000000000e+02 2.066827894610062888e+00
8.650000000000000000e+02 2.066857448066093284e+00
8.660000000000000000e+02 2.066886996574658575e+00
8.670000000000000000e+02 2.066916540134100089e+00
8.680000000000000000e+02 2.066946078742758708e+00
8.690000000000000000e+02 2.066975612398976647e+00
8.700000000000000000e+02 2.067005141101094789e+00
8.710000000000000000e+02 2.067034664847454017e+00
8.720000000000000000e+02 2.067064183636396102e+00
8.730000000000000000e+02 2.067093697466262370e+00
8.740000000000000000e+02 2.067123206335394148e+00
8.750000000000000000e+02 2.067152710242132319e+00
8.760000000000000000e+02 2.067182209184818653e+00
8.770000000000000000e+02 2.067211703161794034e+00
8.780000000000000000e+02 2.067241192171400233e+00
8.790000000000000000e+02 2.067270676211978131e+00
8.800000000000000000e+02 2.067300155281869500e+00
8.810000000000000000e+02 2.067329629379415223e+00
8.820000000000000000e+02 2.067359098502956627e+00
8.830000000000000000e+02 2.067388562650835482e+00
8.840000000000000000e+02 2.067418021821392671e+00
8.850000000000000000e+02 2.067447476012969521e+00
8.860000000000000000e+02 2.067476925223907358e+00
8.870000000000000000e+02 2.067506369452547954e+00
8.880000000000000000e+02 2.067535808697231747e+00
8.890000000000000000e+02 2.067565242956300509e+00
8.900000000000000000e+02 2.067594672228095565e+00
8.910000000000000000e+02 2.067624096510958687e+00
8.920000000000000000e+02 2.067653515803230313e+00
8.930000000000000000e+02 2.067682930103251771e+00
8.940000000000000000e+02 2.067712339409365274e+00
8.950000000000000000e+02 2.067741743719911263e+00
8.960000000000000000e+02 2.067771143033231507e+00
8.970000000000000000e+02 2.067800537347667333e+00
8.980000000000000000e+02 2.067829926661559625e+00
8.990000000000000000e+02 2.067859310973249709e+00
9.000000000000000000e+02 2.067888690281079356e+00
9.010000000000000000e+02 2.067918064583389892e+00
9.020000000000000000e+02 2.067947433878522201e+00
9.030000000000000000e+02 2.067976798164817609e+00
9.040000000000000000e+02 2.068006157440617443e+00
9.050000000000000000e+02 2.068035511704263474e+00
9.060000000000000000e+02 2.068064860954096584e+00
9.070000000000000000e+02 2.068094205188458101e+00
9.080000000000000000e+02 2.068123544405689351e+00
9.090000000000000000e+02 2.068152878604132106e+00
9.100000000000000000e+02 2.068182207782126802e+00
9.110000000000000000e+02 2.068211531938015213e+00
9.120000000000000000e+02 2.068240851070138664e+00
9.130000000000000000e+02 2.068270165176838482e+00
9.140000000000000000e+02 2.068299474256455994e+00
9.150000000000000000e+02 2.068328778307332527e+00
9.160000000000000000e+02 2.068358077327808964e+00
9.170000000000000000e+02 2.068387371316227075e+00
9.180000000000000000e+02 2.068416660270928187e+00
9.190000000000000000e+02 2.068445944190253183e+00
9.200000000000000000e+02 2.068475223072543834e+00
9.210000000000000000e+02 2.068504496916141022e+00
9.220000000000000000e+02 2.068533765719386075e+00
9.230000000000000000e+02 2.068563029480621207e+00
9.240000000000000000e+02 2.068592288198186413e+00
9.250000000000000000e+02 2.068621541870423908e+00
9.260000000000000000e+02 2.068650790495674574e+00
9.270000000000000000e+02 2.068680034072279739e+00
9.280000000000000000e+02 2.068709272598580728e+00
9.290000000000000000e+02 2.068738506072919314e+00
9.300000000000000000e+02 2.068767734493635935e+00
9.310000000000000000e+02 2.068796957859072805e+00
9.320000000000000000e+02 2.068826176167570807e+00
9.330000000000000000e+02 2.068855389417470825e+00
9.340000000000000000e+02 2.068884597607115072e+00
9.350000000000000000e+02 2.068913800734843988e+00
9.360000000000000000e+02 2.068942998798999344e+00
9.370000000000000000e+02 2.068972191797922466e+00
9.380000000000000000e+02 2.069001379729954238e+00
9.390000000000000000e+02 2.069030562593436429e+00
9.400000000000000000e+02 2.069059740386710367e+00
9.410000000000000000e+02 2.069088913108116934e+00
9.420000000000000000e+02 2.069118080755997902e+00
9.430000000000000000e+02 2.069147243328694152e+00
9.440000000000000000e+02 2.069176400824547457e+00
9.450000000000000000e+02 2.069205553241898699e+00
9.460000000000000000e+02 2.069234700579089647e+00
9.470000000000000000e+02 2.069263842834460743e+00
9.480000000000000000e+02 2.069292980006354199e+00
9.490000000000000000e+02 2.069322112093110899e+00
9.500000000000000000e+02 2.069351239093072614e+00
9.510000000000000000e+02 2.069380361004579783e+00
9.520000000000000000e+02 2.069409477825974175e+00
9.530000000000000000e+02 2.069438589555597563e+00
9.540000000000000000e+02 2.069467696191790385e+00
9.550000000000000000e+02 2.069496797732894411e+00
9.560000000000000000e+02 2.069525894177250969e+00
9.570000000000000000e+02 2.069554985523201385e+00
9.580000000000000000e+02 2.069584071769086986e+00
9.590000000000000000e+02 2.069613152913248655e+00
9.600000000000000000e+02 2.069642228954028162e+00
9.610000000000000000e+02 2.069671299889766836e+00
9.620000000000000000e+02 2.069700365718805557e+00
9.630000000000000000e+02 2.069729426439486097e+00
9.640000000000000000e+02 2.069758482050149340e+00
9.650000000000000000e+02 2.069787532549137055e+00
9.660000000000000000e+02 2.069816577934790125e+00
9.670000000000000000e+02 2.069845618205450322e+00
9.680000000000000000e+02 2.069874653359458083e+00
9.690000000000000000e+02 2.069903683395155625e+00
9.700000000000000000e+02 2.069932708310884273e+00
9.710000000000000000e+02 2.069961728104984466e+00
9.720000000000000000e+02 2.069990742775797976e+00
9.730000000000000000e+02 2.070019752321666573e+00
9.740000000000000000e+02 2.070048756740931140e+00
9.750000000000000000e+02 2.070077756031932559e+00
9.760000000000000000e+02 2.070106750193013045e+00
9.770000000000000000e+02 2.070135739222513038e+00
9.780000000000000000e+02 2.070164723118774308e+00
9.790000000000000000e+02 2.070193701880138182e+00
9.800000000000000000e+02 2.070222675504945986e+00
9.810000000000000000e+02 2.070251643991538604e+00
9.820000000000000000e+02 2.070280607338257806e+00
9.830000000000000000e+02 2.070309565543444918e+00
9.840000000000000000e+02 2.070338518605440825e+00
9.850000000000000000e+02 2.070367466522587296e+00
9.860000000000000000e+02 2.070396409293225215e+00
9.870000000000000000e+02 2.070425346915695908e+00
9.880000000000000000e+02 2.070454279388341146e+00
9.890000000000000000e+02 2.070483206709501811e+00
9.900000000000000000e+02 2.070512128877519675e+00
9.910000000000000000e+02 2.070541045890735621e+00
9.920000000000000000e+02 2.070569957747490974e+00
9.930000000000000000e+02 2.070598864446127063e+00
9.940000000000000000e+02 2.070627765984985214e+00
9.950000000000000000e+02 2.070656662362406752e+00
9.960000000000000000e+02 2.070685553576733007e+00
9.970000000000000000e+02 2.070714439626305303e+00
9.980000000000000000e+02 2.070743320509464969e+00
9.990000000000000000e+02 2.070772196224553330e+00
1.000000000000000000e+03 2.070801066769911714e+00
1.001000000000000000e+03 2.070829932143881003e+00
1.002000000000000000e+03 2.070858792344802968e+00
1.003000000000000000e+03 2.070887647371018936e+00
1.004000000000000000e+03 2.070916497220869790e+00
1.005000000000000000e+03 2.070945341892697300e+00
1.006000000000000000e+03 2.070974181384842794e+00
1.007000000000000000e+03 2.071003015695647154e+00
1.008000000000000000e+03 2.071031844823451706e+00
1.009000000000000000e+03 2.071060668766598223e+00
1.010000000000000000e+03 2.071089487523427586e+00
1.011000000000000000e+03 2.071118301092281122e+00
1.012000000000000000e+03 2.071147109471500602e+00
