# order=16: # line, wavelength [pixel], wavelength [micron]
1.000000000000000000e+00 2.960606060606060552e+01 1.887448886365264755e+00
2.000000000000000000e+00 6.203030303030303116e+01 1.888442859673401752e+00
3.000000000000000000e+00 7.427272727272726627e+01 1.888817132543981092e+00
4.000000000000000000e+00 2.737878787878788103e+02 1.894837728549755296e+00
5.000000000000000000e+00 3.103333333333333144e+02 1.895924410037132857e+00
6.000000000000000000e+00 3.144242424242424363e+02 1.896045742875801299e+00
7.000000000000000000e+00 5.046060606060606233e+02 1.901617337646315686e+00
8.000000000000000000e+00 7.332121212121212466e+02 1.908135733573363746e+00
9.000000000000000000e+00 7.403333333333333712e+02 1.908335648899628589e+00
1.000000000000000000e+01 7.950909090909091219e+02 1.909866539205013147e+00
1.100000000000000000e+01 9.945454545454545041e+02 1.915348071539431096e+00
