# order=8: data_wav [pixel], data_wavsolution [micron]
3.000000000000000000e+00 1.571754352734240356e+00
4.000000000000000000e+00 1.571780566301637538e+00
5.000000000000000000e+00 1.571806775107968734e+00
6.000000000000000000e+00 1.571832979153233500e+00
7.000000000000000000e+00 1.571859178437432281e+00
8.000000000000000000e+00 1.571885372960564631e+00
9.000000000000000000e+00 1.571911562722630995e+00
1.000000000000000000e+01 1.571937747723630929e+00
1.100000000000000000e+01 1.571963927963564656e+00
1.200000000000000000e+01 1.571990103442432396e+00
1.300000000000000000e+01 1.572016274160233706e+00
1.400000000000000000e+01 1.572042440116968809e+00
1.500000000000000000e+01 1.572068601312637703e+00
1.600000000000000000e+01 1.572094757747240612e+00
1.700000000000000000e+01 1.572120909420777091e+00
1.800000000000000000e+01 1.572147056333247361e+00
1.900000000000000000e+01 1.572173198484651424e+00
2.000000000000000000e+01 1.572199335874989279e+00
2.100000000000000000e+01 1.572225468504261148e+00
2.200000000000000000e+01 1.572251596372466587e+00
2.300000000000000000e+01 1.572277719479605818e+00
2.400000000000000000e+01 1.572303837825678841e+00
2.500000000000000000e+01 1.572329951410685656e+00
2.600000000000000000e+01 1.572356060234626263e+00
2.700000000000000000e+01 1.572382164297500662e+00
2.800000000000000000e+01 1.572408263599308853e+00
2.900000000000000000e+01 1.572434358140050836e+00
3.000000000000000000e+01 1.572460447919726390e+00
3.100000000000000000e+01 1.572486532938335957e+00
3.200000000000000000e+01 1.572512613195879316e+00
3.300000000000000000e+01 1.572538688692356468e+00
3.400000000000000000e+01 1.572564759427767411e+00
3.500000000000000000e+01 1.572590825402112147e+00
3.600000000000000000e+01 1.572616886615390452e+00
3.700000000000000000e+01 1.572642943067602772e+00
3.800000000000000000e+01 1.572668994758748884e+00
3.900000000000000000e+01 1.572695041688828566e+00
4.000000000000000000e+01 1.572721083857842261e+00
4.100000000000000000e+01 1.572747121265789749e+00
4.200000000000000000e+01 1.572773153912670807e+00
4.300000000000000000e+01 1.572799181798485879e+00
4.400000000000000000e+01 1.572825204923234521e+00
4.500000000000000000e+01 1.572851223286917177e+00
4.600000000000000000e+01 1.572877236889533403e+00
4.700000000000000000e+01 1.572903245731083643e+00
4.800000000000000000e+01 1.572929249811567454e+00
4.900000000000000000e+01 1.572955249130985278e+00
5.000000000000000000e+01 1.572981243689336672e+00
5.100000000000000000e+01 1.573007233486621859e+00
5.200000000000000000e+01 1.573033218522841059e+00
5.300000000000000000e+01 1.573059198797993830e+00
5.400000000000000000e+01 1.573085174312080392e+00
5.500000000000000000e+01 1.573111145065100969e+00
5.600000000000000000e+01 1.573137111057055115e+00
5.700000000000000000e+01 1.573163072287943054e+00
5.800000000000000000e+01 1.573189028757764785e+00
5.900000000000000000e+01 1.573214980466520529e+00
6.000000000000000000e+01 1.573240927414209844e+00
6.100000000000000000e+01 1.573266869600832951e+00
6.200000000000000000e+01 1.573292807026389850e+00
6.300000000000000000e+01 1.573318739690880541e+00
6.400000000000000000e+01 1.573344667594305024e+00
6.500000000000000000e+01 1.573370590736663299e+00
6.600000000000000000e+01 1.573396509117955366e+00
6.700000000000000000e+01 1.573422422738181226e+00
6.800000000000000000e+01 1.573448331597340877e+00
6.900000000000000000e+01 1.573474235695434320e+00
7.000000000000000000e+01 1.573500135032461555e+00
7.100000000000000000e+01 1.573526029608422583e+00
7.200000000000000000e+01 1.573551919423317402e+00
7.300000000000000000e+01 1.573577804477146014e+00
7.400000000000000000e+01 1.573603684769908195e+00
7.500000000000000000e+01 1.573629560301604391e+00
7.600000000000000000e+01 1.573655431072234379e+00
7.700000000000000000e+01 1.573681297081798158e+00
7.800000000000000000e+01 1.573707158330295508e+00
7.900000000000000000e+01 1.573733014817726872e+00
8.000000000000000000e+01 1.573758866544092028e+00
8.100000000000000000e+01 1.573784713509390754e+00
8.200000000000000000e+01 1.573810555713623494e+00
8.300000000000000000e+01 1.573836393156790026e+00
8.400000000000000000e+01 1.573862225838890128e+00
8.500000000000000000e+01 1.573888053759924244e+00
8.600000000000000000e+01 1.573913876919891930e+00
8.700000000000000000e+01 1.573939695318793630e+00
8.800000000000000000e+01 1.573965508956628900e+00
8.900000000000000000e+01 1.573991317833398185e+00
9.000000000000000000e+01 1.574017121949101039e+00
9.100000000000000000e+01 1.574042921303737685e+00
9.200000000000000000e+01 1.574068715897308346e+00
9.300000000000000000e+01 1.574094505729812576e+00
9.400000000000000000e+01 1.574120290801250599e+00
9.500000000000000000e+01 1.574146071111622636e+00
9.600000000000000000e+01 1.574171846660928242e+00
9.700000000000000000e+01 1.574197617449167641e+00
9.800000000000000000e+01 1.574223383476340832e+00
9.900000000000000000e+01 1.574249144742448037e+00
1.000000000000000000e+02 1.574274901247488812e+00
1.010000000000000000e+02 1.574300652991463378e+00
1.020000000000000000e+02 1.574326399974371737e+00
1.030000000000000000e+02 1.574352142196213888e+00
1.040000000000000000e+02 1.574377879656989832e+00
1.050000000000000000e+02 1.574403612356699567e+00
1.060000000000000000e+02 1.574429340295343094e+00
1.070000000000000000e+02 1.574455063472920413e+00
1.080000000000000000e+02 1.574480781889431524e+00
1.090000000000000000e+02 1.574506495544876428e+00
1.100000000000000000e+02 1.574532204439255123e+00
1.110000000000000000e+02 1.574557908572567611e+00
1.120000000000000000e+02 1.574583607944813890e+00
1.130000000000000000e+02 1.574609302555993962e+00
1.140000000000000000e+02 1.574634992406107825e+00
1.150000000000000000e+02 1.574660677495155259e+00
1.160000000000000000e+02 1.574686357823136706e+00
1.170000000000000000e+02 1.574712033390051946e+00
1.180000000000000000e+02 1.574737704195900978e+00
1.190000000000000000e+02 1.574763370240683580e+00
1.200000000000000000e+02 1.574789031524400196e+00
1.210000000000000000e+02 1.574814688047050604e+00
1.220000000000000000e+02 1.574840339808634582e+00
1.230000000000000000e+02 1.574865986809152574e+00
1.240000000000000000e+02 1.574891629048604136e+00
1.250000000000000000e+02 1.574917266526989712e+00
1.260000000000000000e+02 1.574942899244309080e+00
1.270000000000000000e+02 1.574968527200562018e+00
1.280000000000000000e+02 1.574994150395748971e+00
1.290000000000000000e+02 1.575019768829869493e+00
1.300000000000000000e+02 1.575045382502923808e+00
1.310000000000000000e+02 1.575070991414912136e+00
1.320000000000000000e+02 1.575096595565834035e+00
1.330000000000000000e+02 1.575122194955689947e+00
1.340000000000000000e+02 1.575147789584479430e+00
1.350000000000000000e+02 1.575173379452202704e+00
1.360000000000000000e+02 1.575198964558859993e+00
1.370000000000000000e+02 1.575224544904450852e+00
1.380000000000000000e+02 1.575250120488975503e+00
1.390000000000000000e+02 1.575275691312433946e+00
1.400000000000000000e+02 1.575301257374826180e+00
1.410000000000000000e+02 1.575326818676152429e+00
1.420000000000000000e+02 1.575352375216412248e+00
1.430000000000000000e+02 1.575377926995605860e+00
1.440000000000000000e+02 1.575403474013733263e+00
1.450000000000000000e+02 1.575429016270794458e+00
1.460000000000000000e+02 1.575454553766789445e+00
1.470000000000000000e+02 1.575480086501718224e+00
1.480000000000000000e+02 1.575505614475580796e+00
1.490000000000000000e+02 1.575531137688377159e+00
1.500000000000000000e+02 1.575556656140107314e+00
1.510000000000000000e+02 1.575582169830771262e+00
1.520000000000000000e+02 1.575607678760369001e+00
1.530000000000000000e+02 1.575633182928900533e+00
1.540000000000000000e+02 1.575658682336365857e+00
1.550000000000000000e+02 1.575684176982764750e+00
1.560000000000000000e+02 1.575709666868097658e+00
1.570000000000000000e+02 1.575735151992364358e+00
1.580000000000000000e+02 1.575760632355564850e+00
1.590000000000000000e+02 1.575786107957698912e+00
1.600000000000000000e+02 1.575811578798766988e+00
1.610000000000000000e+02 1.575837044878768856e+00
1.620000000000000000e+02 1.575862506197704294e+00
1.630000000000000000e+02 1.575887962755573746e+00
1.640000000000000000e+02 1.575913414552376990e+00
1.650000000000000000e+02 1.575938861588113804e+00
1.660000000000000000e+02 1.575964303862784632e+00
1.670000000000000000e+02 1.575989741376389031e+00
1.680000000000000000e+02 1.576015174128927443e+00
1.690000000000000000e+02 1.576040602120399425e+00
1.700000000000000000e+02 1.576066025350805422e+00
1.710000000000000000e+02 1.576091443820144988e+00
1.720000000000000000e+02 1.576116857528418347e+00
1.730000000000000000e+02 1.576142266475625719e+00
1.740000000000000000e+02 1.576167670661766662e+00
1.750000000000000000e+02 1.576193070086841619e+00
1.760000000000000000e+02 1.576218464750850146e+00
1.770000000000000000e+02 1.576243854653792464e+00
1.780000000000000000e+02 1.576269239795668575e+00
1.790000000000000000e+02 1.576294620176478700e+00
1.800000000000000000e+02 1.576319995796222395e+00
1.810000000000000000e+02 1.576345366654899882e+00
1.820000000000000000e+02 1.576370732752511161e+00
1.830000000000000000e+02 1.576396094089056232e+00
1.840000000000000000e+02 1.576421450664535095e+00
1.850000000000000000e+02 1.576446802478947751e+00
1.860000000000000000e+02 1.576472149532294420e+00
1.870000000000000000e+02 1.576497491824574659e+00
1.880000000000000000e+02 1.576522829355788691e+00
1.890000000000000000e+02 1.576548162125936514e+00
1.900000000000000000e+02 1.576573490135018130e+00
1.910000000000000000e+02 1.576598813383033315e+00
1.920000000000000000e+02 1.576624131869982515e+00
1.930000000000000000e+02 1.576649445595865506e+00
1.940000000000000000e+02 1.576674754560682290e+00
1.950000000000000000e+02 1.576700058764432866e+00
1.960000000000000000e+02 1.576725358207117234e+00
1.970000000000000000e+02 1.576750652888735393e+00
1.980000000000000000e+02 1.576775942809287123e+00
1.990000000000000000e+02 1.576801227968772867e+00
2.000000000000000000e+02 1.576826508367192403e+00
2.010000000000000000e+02 1.576851784004545509e+00
2.020000000000000000e+02 1.576877054880832629e+00
2.030000000000000000e+02 1.576902320996053541e+00
2.040000000000000000e+02 1.576927582350208024e+00
2.050000000000000000e+02 1.576952838943296520e+00
2.060000000000000000e+02 1.576978090775318808e+00
2.070000000000000000e+02 1.577003337846274666e+00
2.080000000000000000e+02 1.577028580156164539e+00
2.090000000000000000e+02 1.577053817704987981e+00
2.100000000000000000e+02 1.577079050492745438e+00
2.110000000000000000e+02 1.577104278519436464e+00
2.120000000000000000e+02 1.577129501785061283e+00
2.130000000000000000e+02 1.577154720289620116e+00
2.140000000000000000e+02 1.577179934033112518e+00
2.150000000000000000e+02 1.577205143015538935e+00
2.160000000000000000e+02 1.577230347236898922e+00
2.170000000000000000e+02 1.577255546697192701e+00
2.180000000000000000e+02 1.577280741396420272e+00
2.190000000000000000e+02 1.577305931334581857e+00
2.200000000000000000e+02 1.577331116511677012e+00
2.210000000000000000e+02 1.577356296927705959e+00
2.220000000000000000e+02 1.577381472582668698e+00
2.230000000000000000e+02 1.577406643476565229e+00
2.240000000000000000e+02 1.577431809609395774e+00
2.250000000000000000e+02 1.577456970981159889e+00
2.260000000000000000e+02 1.577482127591857797e+00
2.270000000000000000e+02 1.577507279441489496e+00
2.280000000000000000e+02 1.577532426530054988e+00
2.290000000000000000e+02 1.577557568857554271e+00
2.300000000000000000e+02 1.577582706423987347e+00
2.310000000000000000e+02 1.577607839229354214e+00
2.320000000000000000e+02 1.577632967273654874e+00
2.330000000000000000e+02 1.577658090556889325e+00
2.340000000000000000e+02 1.577683209079057347e+00
2.350000000000000000e+02 1.577708322840159383e+00
2.360000000000000000e+02 1.577733431840195211e+00
2.370000000000000000e+02 1.577758536079164831e+00
2.380000000000000000e+02 1.577783635557068243e+00
2.390000000000000000e+02 1.577808730273905224e+00
2.400000000000000000e+02 1.577833820229676220e+00
2.410000000000000000e+02 1.577858905424381009e+00
2.420000000000000000e+02 1.577883985858019589e+00
2.430000000000000000e+02 1.577909061530591739e+00
2.440000000000000000e+02 1.577934132442097903e+00
2.450000000000000000e+02 1.577959198592537637e+00
2.460000000000000000e+02 1.577984259981911386e+00
2.470000000000000000e+02 1.578009316610218926e+00
2.480000000000000000e+02 1.578034368477460037e+00
2.490000000000000000e+02 1.578059415583635161e+00
2.500000000000000000e+02 1.578084457928743856e+00
2.510000000000000000e+02 1.578109495512786564e+00
2.520000000000000000e+02 1.578134528335762843e+00
2.530000000000000000e+02 1.578159556397672914e+00
2.540000000000000000e+02 1.578184579698516998e+00
2.550000000000000000e+02 1.578209598238294653e+00
2.560000000000000000e+02 1.578234612017006100e+00
2.570000000000000000e+02 1.578259621034651561e+00
2.580000000000000000e+02 1.578284625291230592e+00
2.590000000000000000e+02 1.578309624786743415e+00
2.600000000000000000e+02 1.578334619521190252e+00
2.610000000000000000e+02 1.578359609494570659e+00
2.620000000000000000e+02 1.578384594706884858e+00
2.630000000000000000e+02 1.578409575158132849e+00
2.640000000000000000e+02 1.578434550848314633e+00
2.650000000000000000e+02 1.578459521777430208e+00
2.660000000000000000e+02 1.578484487945479797e+00
2.670000000000000000e+02 1.578509449352462957e+00
2.680000000000000000e+02 1.578534405998379908e+00
2.690000000000000000e+02 1.578559357883230652e+00
2.700000000000000000e+02 1.578584305007015187e+00
2.710000000000000000e+02 1.578609247369733515e+00
2.720000000000000000e+02 1.578634184971385634e+00
2.730000000000000000e+02 1.578659117811971324e+00
2.740000000000000000e+02 1.578684045891491028e+00
2.750000000000000000e+02 1.578708969209944524e+00
2.760000000000000000e+02 1.578733887767331812e+00
2.770000000000000000e+02 1.578758801563652892e+00
2.780000000000000000e+02 1.578783710598907764e+00
2.790000000000000000e+02 1.578808614873096205e+00
2.800000000000000000e+02 1.578833514386218662e+00
2.810000000000000000e+02 1.578858409138274910e+00
2.820000000000000000e+02 1.578883299129264950e+00
2.830000000000000000e+02 1.578908184359188560e+00
2.840000000000000000e+02 1.578933064828046184e+00
2.850000000000000000e+02 1.578957940535837601e+00
2.860000000000000000e+02 1.578982811482562587e+00
2.870000000000000000e+02 1.579007677668221588e+00
2.880000000000000000e+02 1.579032539092814158e+00
2.890000000000000000e+02 1.579057395756340743e+00
2.900000000000000000e+02 1.579082247658800897e+00
2.910000000000000000e+02 1.579107094800195066e+00
2.920000000000000000e+02 1.579131937180522804e+00
2.930000000000000000e+02 1.579156774799784557e+00
2.940000000000000000e+02 1.579181607657979880e+00
2.950000000000000000e+02 1.579206435755108995e+00
2.960000000000000000e+02 1.579231259091172124e+00
2.970000000000000000e+02 1.579256077666168823e+00
2.980000000000000000e+02 1.579280891480099314e+00
2.990000000000000000e+02 1.579305700532963819e+00
3.000000000000000000e+02 1.579330504824761894e+00
3.010000000000000000e+02 1.579355304355493761e+00
3.020000000000000000e+02 1.579380099125159420e+00
3.030000000000000000e+02 1.579404889133759093e+00
3.040000000000000000e+02 1.579429674381292337e+00
3.050000000000000000e+02 1.579454454867759372e+00
3.060000000000000000e+02 1.579479230593160199e+00
3.070000000000000000e+02 1.579504001557494819e+00
3.080000000000000000e+02 1.579528767760763230e+00
3.090000000000000000e+02 1.579553529202965434e+00
3.100000000000000000e+02 1.579578285884101430e+00
3.110000000000000000e+02 1.579603037804171217e+00
3.120000000000000000e+02 1.579627784963174797e+00
3.130000000000000000e+02 1.579652527361112169e+00
3.140000000000000000e+02 1.579677264997983333e+00
3.150000000000000000e+02 1.579701997873788288e+00
3.160000000000000000e+02 1.579726725988527036e+00
3.170000000000000000e+02 1.579751449342199576e+00
3.180000000000000000e+02 1.579776167934805686e+00
3.190000000000000000e+02 1.579800881766345810e+00
3.200000000000000000e+02 1.579825590836819726e+00
3.210000000000000000e+02 1.579850295146227435e+00
3.220000000000000000e+02 1.579874994694568713e+00
3.230000000000000000e+02 1.579899689481844005e+00
3.240000000000000000e+02 1.579924379508053089e+00
3.250000000000000000e+02 1.579949064773195744e+00
3.260000000000000000e+02 1.579973745277272412e+00
3.270000000000000000e+02 1.579998421020282873e+00
3.280000000000000000e+02 1.580023092002226903e+00
3.290000000000000000e+02 1.580047758223104948e+00
3.300000000000000000e+02 1.580072419682916562e+00
3.310000000000000000e+02 1.580097076381662191e+00
3.320000000000000000e+02 1.580121728319341390e+00
3.330000000000000000e+02 1.580146375495954603e+00
3.340000000000000000e+02 1.580171017911501385e+00
3.350000000000000000e+02 1.580195655565981960e+00
3.360000000000000000e+02 1.580220288459396549e+00
3.370000000000000000e+02 1.580244916591744708e+00
3.380000000000000000e+02 1.580269539963026881e+00
3.390000000000000000e+02 1.580294158573242624e+00
3.400000000000000000e+02 1.580318772422392160e+00
3.410000000000000000e+02 1.580343381510475487e+00
3.420000000000000000e+02 1.580367985837492828e+00
3.430000000000000000e+02 1.580392585403443739e+00
3.440000000000000000e+02 1.580417180208328443e+00
3.450000000000000000e+02 1.580441770252146938e+00
3.460000000000000000e+02 1.580466355534899225e+00
3.470000000000000000e+02 1.580490936056585305e+00
3.480000000000000000e+02 1.580515511817205176e+00
3.490000000000000000e+02 1.580540082816758840e+00
3.500000000000000000e+02 1.580564649055246296e+00
3.510000000000000000e+02 1.580589210532667543e+00
3.520000000000000000e+02 1.580613767249022583e+00
3.530000000000000000e+02 1.580638319204311415e+00
3.540000000000000000e+02 1.580662866398534039e+00
3.550000000000000000e+02 1.580687408831690455e+00
3.560000000000000000e+02 1.580711946503780663e+00
3.570000000000000000e+02 1.580736479414804663e+00
3.580000000000000000e+02 1.580761007564762455e+00
3.590000000000000000e+02 1.580785530953654039e+00
3.600000000000000000e+02 1.580810049581479193e+00
3.610000000000000000e+02 1.580834563448238361e+00
3.620000000000000000e+02 1.580859072553931322e+00
3.630000000000000000e+02 1.580883576898558074e+00
3.640000000000000000e+02 1.580908076482118396e+00
3.650000000000000000e+02 1.580932571304612733e+00
3.660000000000000000e+02 1.580957061366040861e+00
3.670000000000000000e+02 1.580981546666402560e+00
3.680000000000000000e+02 1.581006027205698272e+00
3.690000000000000000e+02 1.581030502983927555e+00
3.700000000000000000e+02 1.581054974001090851e+00
3.710000000000000000e+02 1.581079440257187718e+00
3.720000000000000000e+02 1.581103901752218599e+00
3.730000000000000000e+02 1.581128358486183050e+00
3.740000000000000000e+02 1.581152810459081515e+00
3.750000000000000000e+02 1.581177257670913550e+00
3.760000000000000000e+02 1.581201700121679599e+00
3.770000000000000000e+02 1.581226137811379218e+00
3.780000000000000000e+02 1.581250570740012629e+00
3.790000000000000000e+02 1.581274998907580054e+00
3.800000000000000000e+02 1.581299422314081049e+00
3.810000000000000000e+02 1.581323840959515836e+00
3.820000000000000000e+02 1.581348254843884416e+00
3.830000000000000000e+02 1.581372663967187009e+00
3.840000000000000000e+02 1.581397068329423172e+00
3.850000000000000000e+02 1.581421467930593128e+00
3.860000000000000000e+02 1.581445862770696875e+00
3.870000000000000000e+02 1.581470252849734415e+00
3.880000000000000000e+02 1.581494638167705746e+00
3.890000000000000000e+02 1.581519018724610870e+00
3.900000000000000000e+02 1.581543394520449786e+00
3.910000000000000000e+02 1.581567765555222493e+00
3.920000000000000000e+02 1.581592131828928993e+00
3.930000000000000000e+02 1.581616493341569285e+00
3.940000000000000000e+02 1.581640850093143369e+00
3.950000000000000000e+02 1.581665202083651245e+00
3.960000000000000000e+02 1.581689549313092913e+00
3.970000000000000000e+02 1.581713891781468373e+00
3.980000000000000000e+02 1.581738229488777625e+00
3.990000000000000000e+02 1.581762562435020669e+00
4.000000000000000000e+02 1.581786890620197283e+00
4.010000000000000000e+02 1.581811214044307912e+00
4.020000000000000000e+02 1.581835532707352332e+00
4.030000000000000000e+02 1.581859846609330544e+00
4.040000000000000000e+02 1.581884155750242327e+00
4.050000000000000000e+02 1.581908460130088123e+00
4.060000000000000000e+02 1.581932759748867712e+00
4.070000000000000000e+02 1.581957054606580870e+00
4.080000000000000000e+02 1.581981344703228043e+00
4.090000000000000000e+02 1.582005630038809008e+00
4.100000000000000000e+02 1.582029910613323542e+00
4.110000000000000000e+02 1.582054186426772091e+00
4.120000000000000000e+02 1.582078457479154210e+00
4.130000000000000000e+02 1.582102723770470343e+00
4.140000000000000000e+02 1.582126985300720046e+00
4.150000000000000000e+02 1.582151242069903763e+00
4.160000000000000000e+02 1.582175494078021050e+00
4.170000000000000000e+02 1.582199741325072129e+00
4.180000000000000000e+02 1.582223983811057222e+00
4.190000000000000000e+02 1.582248221535975885e+00
4.200000000000000000e+02 1.582272454499828340e+00
4.210000000000000000e+02 1.582296682702614810e+00
4.220000000000000000e+02 1.582320906144334849e+00
4.230000000000000000e+02 1.582345124824988680e+00
4.240000000000000000e+02 1.582369338744576304e+00
4.250000000000000000e+02 1.582393547903097719e+00
4.260000000000000000e+02 1.582417752300553149e+00
4.270000000000000000e+02 1.582441951936942148e+00
4.280000000000000000e+02 1.582466146812264940e+00
4.290000000000000000e+02 1.582490336926521524e+00
4.300000000000000000e+02 1.582514522279711899e+00
4.310000000000000000e+02 1.582538702871836067e+00
4.320000000000000000e+02 1.582562878702894027e+00
4.330000000000000000e+02 1.582587049772885779e+00
4.340000000000000000e+02 1.582611216081811323e+00
4.350000000000000000e+02 1.582635377629670659e+00
4.360000000000000000e+02 1.582659534416463787e+00
4.370000000000000000e+02 1.582683686442190707e+00
4.380000000000000000e+02 1.582707833706851419e+00
4.390000000000000000e+02 1.582731976210445701e+00
4.400000000000000000e+02 1.582756113952973998e+00
4.410000000000000000e+02 1.582780246934436086e+00
4.420000000000000000e+02 1.582804375154831966e+00
4.430000000000000000e+02 1.582828498614161639e+00
4.440000000000000000e+02 1.582852617312424881e+00
4.450000000000000000e+02 1.582876731249622138e+00
4.460000000000000000e+02 1.582900840425753186e+00
4.470000000000000000e+02 1.582924944840817805e+00
4.480000000000000000e+02 1.582949044494816437e+00
4.490000000000000000e+02 1.582973139387748862e+00
4.500000000000000000e+02 1.582997229519614857e+00
4.510000000000000000e+02 1.583021314890414866e+00
4.520000000000000000e+02 1.583045395500148445e+00
4.530000000000000000e+02 1.583069471348816037e+00
4.540000000000000000e+02 1.583093542436417200e+00
4.550000000000000000e+02 1.583117608762952377e+00
4.560000000000000000e+02 1.583141670328421124e+00
4.570000000000000000e+02 1.583165727132823664e+00
4.580000000000000000e+02 1.583189779176160217e+00
4.590000000000000000e+02 1.583213826458430340e+00
4.600000000000000000e+02 1.583237868979634255e+00
4.610000000000000000e+02 1.583261906739772185e+00
4.620000000000000000e+02 1.583285939738843684e+00
4.630000000000000000e+02 1.583309967976848975e+00
4.640000000000000000e+02 1.583333991453788059e+00
4.650000000000000000e+02 1.583358010169661156e+00
4.660000000000000000e+02 1.583382024124467824e+00
4.670000000000000000e+02 1.583406033318208284e+00
4.680000000000000000e+02 1.583430037750882535e+00
4.690000000000000000e+02 1.583454037422490579e+00
4.700000000000000000e+02 1.583478032333032415e+00
4.710000000000000000e+02 1.583502022482508043e+00
4.720000000000000000e+02 1.583526007870917462e+00
4.730000000000000000e+02 1.583549988498260674e+00
4.740000000000000000e+02 1.583573964364537678e+00
4.750000000000000000e+02 1.583597935469748474e+00
4.760000000000000000e+02 1.583621901813893063e+00
4.770000000000000000e+02 1.583645863396971443e+00
4.780000000000000000e+02 1.583669820218983615e+00
4.790000000000000000e+02 1.583693772279929579e+00
4.800000000000000000e+02 1.583717719579809335e+00
4.810000000000000000e+02 1.583741662118622884e+00
4.820000000000000000e+02 1.583765599896370002e+00
4.830000000000000000e+02 1.583789532913051135e+00
4.840000000000000000e+02 1.583813461168666059e+00
4.850000000000000000e+02 1.583837384663214776e+00
4.860000000000000000e+02 1.583861303396697062e+00
4.870000000000000000e+02 1.583885217369113363e+00
4.880000000000000000e+02 1.583909126580463234e+00
4.890000000000000000e+02 1.583933031030747118e+00
4.900000000000000000e+02 1.583956930719964795e+00
4.910000000000000000e+02 1.583980825648116042e+00
4.920000000000000000e+02 1.584004715815201303e+00
4.930000000000000000e+02 1.584028601221220134e+00
4.940000000000000000e+02 1.584052481866172979e+00
4.950000000000000000e+02 1.584076357750059394e+00
4.960000000000000000e+02 1.584100228872879823e+00
4.970000000000000000e+02 1.584124095234633822e+00
4.980000000000000000e+02 1.584147956835321835e+00
4.990000000000000000e+02 1.584171813674943419e+00
5.000000000000000000e+02 1.584195665753498794e+00
5.010000000000000000e+02 1.584219513070988183e+00
5.020000000000000000e+02 1.584243355627411143e+00
5.030000000000000000e+02 1.584267193422767894e+00
5.040000000000000000e+02 1.584291026457058438e+00
5.050000000000000000e+02 1.584314854730282995e+00
5.060000000000000000e+02 1.584338678242441123e+00
5.070000000000000000e+02 1.584362496993533043e+00
5.080000000000000000e+02 1.584386310983558754e+00
5.090000000000000000e+02 1.584410120212518258e+00
5.100000000000000000e+02 1.584433924680411554e+00
5.110000000000000000e+02 1.584457724387238642e+00
5.120000000000000000e+02 1.584481519332999522e+00
5.130000000000000000e+02 1.584505309517694194e+00
5.140000000000000000e+02 1.584529094941322658e+00
5.150000000000000000e+02 1.584552875603884914e+00
5.160000000000000000e+02 1.584576651505380962e+00
5.170000000000000000e+02 1.584600422645810802e+00
5.180000000000000000e+02 1.584624189025174434e+00
5.190000000000000000e+02 1.584647950643471859e+00
5.200000000000000000e+02 1.584671707500703075e+00
5.210000000000000000e+02 1.584695459596868083e+00
5.220000000000000000e+02 1.584719206931966662e+00
5.230000000000000000e+02 1.584742949505999254e+00
5.240000000000000000e+02 1.584766687318965639e+00
5.250000000000000000e+02 1.584790420370865816e+00
5.260000000000000000e+02 1.584814148661699562e+00
5.270000000000000000e+02 1.584837872191467323e+00
5.280000000000000000e+02 1.584861590960168876e+00
5.290000000000000000e+02 1.584885304967803998e+00
5.300000000000000000e+02 1.584909014214373135e+00
5.310000000000000000e+02 1.584932718699876064e+00
5.320000000000000000e+02 1.584956418424312563e+00
5.330000000000000000e+02 1.584980113387683076e+00
5.340000000000000000e+02 1.585003803589987159e+00
5.350000000000000000e+02 1.585027489031225256e+00
5.360000000000000000e+02 1.585051169711396923e+00
5.370000000000000000e+02 1.585074845630502605e+00
5.380000000000000000e+02 1.585098516788541856e+00
5.390000000000000000e+02 1.585122183185514899e+00
5.400000000000000000e+02 1.585145844821421957e+00
5.410000000000000000e+02 1.585169501696262584e+00
5.420000000000000000e+02 1.585193153810037003e+00
5.430000000000000000e+02 1.585216801162745437e+00
5.440000000000000000e+02 1.585240443754387440e+00
5.450000000000000000e+02 1.585264081584963236e+00
5.460000000000000000e+02 1.585287714654472824e+00
5.470000000000000000e+02 1.585311342962916203e+00
5.480000000000000000e+02 1.585334966510293597e+00
5.490000000000000000e+02 1.585358585296604561e+00
5.500000000000000000e+02 1.585382199321849317e+00
5.510000000000000000e+02 1.585405808586027865e+00
5.520000000000000000e+02 1.585429413089140205e+00
5.530000000000000000e+02 1.585453012831186337e+00
5.540000000000000000e+02 1.585476607812166261e+00
5.550000000000000000e+02 1.585500198032079977e+00
5.560000000000000000e+02 1.585523783490927485e+00
5.570000000000000000e+02 1.585547364188708785e+00
5.580000000000000000e+02 1.585570940125423878e+00
5.590000000000000000e+02 1.585594511301072762e+00
5.600000000000000000e+02 1.585618077715655438e+00
5.610000000000000000e+02 1.585641639369171907e+00
5.620000000000000000e+02 1.585665196261621945e+00
5.630000000000000000e+02 1.585688748393005998e+00
5.640000000000000000e+02 1.585712295763323842e+00
5.650000000000000000e+02 1.585735838372575479e+00
5.660000000000000000e+02 1.585759376220760686e+00
5.670000000000000000e+02 1.585782909307879907e+00
5.680000000000000000e+02 1.585806437633932919e+00
5.690000000000000000e+02 1.585829961198919502e+00
5.700000000000000000e+02 1.585853480002840099e+00
5.710000000000000000e+02 1.585876994045694488e+00
5.720000000000000000e+02 1.585900503327482447e+00
5.730000000000000000e+02 1.585924007848204420e+00
5.740000000000000000e+02 1.585947507607859963e+00
5.750000000000000000e+02 1.585971002606449520e+00
5.760000000000000000e+02 1.585994492843972647e+00
5.770000000000000000e+02 1.586017978320429789e+00
5.780000000000000000e+02 1.586041459035820500e+00
5.790000000000000000e+02 1.586064934990145003e+00
5.800000000000000000e+02 1.586088406183403521e+00
5.810000000000000000e+02 1.586111872615595608e+00
5.820000000000000000e+02 1.586135334286721710e+00
5.830000000000000000e+02 1.586158791196781381e+00
5.840000000000000000e+02 1.586182243345774845e+00
5.850000000000000000e+02 1.586205690733702101e+00
5.860000000000000000e+02 1.586229133360563370e+00
5.870000000000000000e+02 1.586252571226358210e+00
5.880000000000000000e+02 1.586276004331086842e+00
5.890000000000000000e+02 1.586299432674749266e+00
5.900000000000000000e+02 1.586322856257345482e+00
5.910000000000000000e+02 1.586346275078875490e+00
5.920000000000000000e+02 1.586369689139339290e+00
5.930000000000000000e+02 1.586393098438736882e+00
5.940000000000000000e+02 1.586416502977068488e+00
5.950000000000000000e+02 1.586439902754333664e+00
5.960000000000000000e+02 1.586463297770532410e+00
5.970000000000000000e+02 1.586486688025665170e+00
5.980000000000000000e+02 1.586510073519731723e+00
5.990000000000000000e+02 1.586533454252732067e+00
6.000000000000000000e+02 1.586556830224666204e+00
6.010000000000000000e+02 1.586580201435534132e+00
6.020000000000000000e+02 1.586603567885335853e+00
6.030000000000000000e+02 1.586626929574071365e+00
6.040000000000000000e+02 1.586650286501740448e+00
6.050000000000000000e+02 1.586673638668343544e+00
6.060000000000000000e+02 1.586696986073880433e+00
6.070000000000000000e+02 1.586720328718351114e+00
6.080000000000000000e+02 1.586743666601755365e+00
6.090000000000000000e+02 1.586766999724093630e+00
6.100000000000000000e+02 1.586790328085365687e+00
6.110000000000000000e+02 1.586813651685571314e+00
6.120000000000000000e+02 1.586836970524710955e+00
6.130000000000000000e+02 1.586860284602784166e+00
6.140000000000000000e+02 1.586883593919791391e+00
6.150000000000000000e+02 1.586906898475732186e+00
6.160000000000000000e+02 1.586930198270606995e+00
6.170000000000000000e+02 1.586953493304415375e+00
6.180000000000000000e+02 1.586976783577157768e+00
6.190000000000000000e+02 1.587000069088833731e+00
6.200000000000000000e+02 1.587023349839443709e+00
6.210000000000000000e+02 1.587046625828987256e+00
6.220000000000000000e+02 1.587069897057464596e+00
6.230000000000000000e+02 1.587093163524875949e+00
6.240000000000000000e+02 1.587116425231220873e+00
6.250000000000000000e+02 1.587139682176499589e+00
6.260000000000000000e+02 1.587162934360712319e+00
6.270000000000000000e+02 1.587186181783858618e+00
6.280000000000000000e+02 1.587209424445938710e+00
6.290000000000000000e+02 1.587232662346952594e+00
6.300000000000000000e+02 1.587255895486900270e+00
6.310000000000000000e+02 1.587279123865781738e+00
6.320000000000000000e+02 1.587302347483596998e+00
6.330000000000000000e+02 1.587325566340346272e+00
6.340000000000000000e+02 1.587348780436029116e+00
6.350000000000000000e+02 1.587371989770645753e+00
6.360000000000000000e+02 1.587395194344196181e+00
6.370000000000000000e+02 1.587418394156680401e+00
6.380000000000000000e+02 1.587441589208098414e+00
6.390000000000000000e+02 1.587464779498449996e+00
6.400000000000000000e+02 1.587487965027735592e+00
6.410000000000000000e+02 1.587511145795954981e+00
6.420000000000000000e+02 1.587534321803108162e+00
6.430000000000000000e+02 1.587557493049195134e+00
6.440000000000000000e+02 1.587580659534215899e+00
6.450000000000000000e+02 1.587603821258170234e+00
6.460000000000000000e+02 1.587626978221058582e+00
6.470000000000000000e+02 1.587650130422880723e+00
6.480000000000000000e+02 1.587673277863636656e+00
6.490000000000000000e+02 1.587696420543326159e+00
6.500000000000000000e+02 1.587719558461949676e+00
6.510000000000000000e+02 1.587742691619506985e+00
6.520000000000000000e+02 1.587765820015997864e+00
6.530000000000000000e+02 1.587788943651422757e+00
6.540000000000000000e+02 1.587812062525781220e+00
6.550000000000000000e+02 1.587835176639073698e+00
6.560000000000000000e+02 1.587858285991299745e+00
6.570000000000000000e+02 1.587881390582459806e+00
6.580000000000000000e+02 1.587904490412553438e+00
6.590000000000000000e+02 1.587927585481581083e+00
6.600000000000000000e+02 1.587950675789542299e+00
6.610000000000000000e+02 1.587973761336437528e+00
6.620000000000000000e+02 1.587996842122266328e+00
6.630000000000000000e+02 1.588019918147028919e+00
6.640000000000000000e+02 1.588042989410725525e+00
6.650000000000000000e+02 1.588066055913355701e+00
6.660000000000000000e+02 1.588089117654919669e+00
6.670000000000000000e+02 1.588112174635417428e+00
6.680000000000000000e+02 1.588135226854849202e+00
6.690000000000000000e+02 1.588158274313214546e+00
6.700000000000000000e+02 1.588181317010513682e+00
6.710000000000000000e+02 1.588204354946746610e+00
6.720000000000000000e+02 1.588227388121913330e+00
6.730000000000000000e+02 1.588250416536013843e+00
6.740000000000000000e+02 1.588273440189048147e+00
6.750000000000000000e+02 1.588296459081016243e+00
6.760000000000000000e+02 1.588319473211918131e+00
6.770000000000000000e+02 1.588342482581753812e+00
6.780000000000000000e+02 1.588365487190523284e+00
6.790000000000000000e+02 1.588388487038226549e+00
6.800000000000000000e+02 1.588411482124863605e+00
6.810000000000000000e+02 1.588434472450434454e+00
6.820000000000000000e+02 1.588457458014939094e+00
6.830000000000000000e+02 1.588480438818377527e+00
6.840000000000000000e+02 1.588503414860749752e+00
6.850000000000000000e+02 1.588526386142055546e+00
6.860000000000000000e+02 1.588549352662295355e+00
6.870000000000000000e+02 1.588572314421468956e+00
6.880000000000000000e+02 1.588595271419576349e+00
6.890000000000000000e+02 1.588618223656617312e+00
6.900000000000000000e+02 1.588641171132592289e+00
6.910000000000000000e+02 1.588664113847501058e+00
6.920000000000000000e+02 1.588687051801343397e+00
6.930000000000000000e+02 1.588709984994119750e+00
6.940000000000000000e+02 1.588732913425829674e+00
6.950000000000000000e+02 1.588755837096473611e+00
6.960000000000000000e+02 1.588778756006051340e+00
6.970000000000000000e+02 1.588801670154562640e+00
6.980000000000000000e+02 1.588824579542007953e+00
6.990000000000000000e+02 1.588847484168386837e+00
7.000000000000000000e+02 1.588870384033699512e+00
7.010000000000000000e+02 1.588893279137946202e+00
7.020000000000000000e+02 1.588916169481126461e+00
7.030000000000000000e+02 1.588939055063240735e+00
7.040000000000000000e+02 1.588961935884288579e+00
7.050000000000000000e+02 1.588984811944270215e+00
7.060000000000000000e+02 1.589007683243185642e+00
7.070000000000000000e+02 1.589030549781035084e+00
7.080000000000000000e+02 1.589053411557818096e+00
7.090000000000000000e+02 1.589076268573534900e+00
7.100000000000000000e+02 1.589099120828185496e+00
7.110000000000000000e+02 1.589121968321769884e+00
7.120000000000000000e+02 1.589144811054288287e+00
7.130000000000000000e+02 1.589167649025740259e+00
7.140000000000000000e+02 1.589190482236126023e+00
7.150000000000000000e+02 1.589213310685445579e+00
7.160000000000000000e+02 1.589236134373698928e+00
7.170000000000000000e+02 1.589258953300886068e+00
7.180000000000000000e+02 1.589281767467007001e+00
7.190000000000000000e+02 1.589304576872061725e+00
7.200000000000000000e+02 1.589327381516050242e+00
7.210000000000000000e+02 1.589350181398972550e+00
7.220000000000000000e+02 1.589372976520828651e+00
7.230000000000000000e+02 1.589395766881618322e+00
7.240000000000000000e+02 1.589418552481342006e+00
7.250000000000000000e+02 1.589441333319999483e+00
7.260000000000000000e+02 1.589464109397590752e+00
7.270000000000000000e+02 1.589486880714115813e+00
7.280000000000000000e+02 1.589509647269574444e+00
7.290000000000000000e+02 1.589532409063967089e+00
7.300000000000000000e+02 1.589555166097293526e+00
7.310000000000000000e+02 1.589577918369553533e+00
7.320000000000000000e+02 1.589600665880747554e+00
7.330000000000000000e+02 1.589623408630875367e+00
7.340000000000000000e+02 1.589646146619936751e+00
7.350000000000000000e+02 1.589668879847932148e+00
7.360000000000000000e+02 1.589691608314861115e+00
7.370000000000000000e+02 1.589714332020724097e+00
7.380000000000000000e+02 1.589737050965520648e+00
7.390000000000000000e+02 1.589759765149251214e+00
7.400000000000000000e+02 1.589782474571915349e+00
7.410000000000000000e+02 1.589805179233513499e+00
7.420000000000000000e+02 1.589827879134045219e+00
7.430000000000000000e+02 1.589850574273510730e+00
7.440000000000000000e+02 1.589873264651910256e+00
7.450000000000000000e+02 1.589895950269243352e+00
7.460000000000000000e+02 1.589918631125510240e+00
7.470000000000000000e+02 1.589941307220711142e+00
7.480000000000000000e+02 1.589963978554845614e+00
7.490000000000000000e+02 1.589986645127913878e+00
7.500000000000000000e+02 1.590009306939915934e+00
7.510000000000000000e+02 1.590031963990851782e+00
7.520000000000000000e+02 1.590054616280721644e+00
7.530000000000000000e+02 1.590077263809525077e+00
7.540000000000000000e+02 1.590099906577262301e+00
7.550000000000000000e+02 1.590122544583933317e+00
7.560000000000000000e+02 1.590145177829538126e+00
7.570000000000000000e+02 1.590167806314076726e+00
7.580000000000000000e+02 1.590190430037549119e+00
7.590000000000000000e+02 1.590213048999955303e+00
7.600000000000000000e+02 1.590235663201295280e+00
7.610000000000000000e+02 1.590258272641569048e+00
7.620000000000000000e+02 1.590280877320776609e+00
7.630000000000000000e+02 1.590303477238917962e+00
7.640000000000000000e+02 1.590326072395992885e+00
7.650000000000000000e+02 1.590348662792001821e+00
7.660000000000000000e+02 1.590371248426944550e+00
7.670000000000000000e+02 1.590393829300821071e+00
7.680000000000000000e+02 1.590416405413631384e+00
7.690000000000000000e+02 1.590438976765375267e+00
7.700000000000000000e+02 1.590461543356053165e+00
7.710000000000000000e+02 1.590484105185664854e+00
7.720000000000000000e+02 1.590506662254210113e+00
7.730000000000000000e+02 1.590529214561689386e+00
7.740000000000000000e+02 1.590551762108102452e+00
7.750000000000000000e+02 1.590574304893449087e+00
7.760000000000000000e+02 1.590596842917729736e+00
7.770000000000000000e+02 1.590619376180943956e+00
7.780000000000000000e+02 1.590641904683092189e+00
7.790000000000000000e+02 1.590664428424173993e+00
7.800000000000000000e+02 1.590686947404189810e+00
7.810000000000000000e+02 1.590709461623139198e+00
7.820000000000000000e+02 1.590731971081022600e+00
7.830000000000000000e+02 1.590754475777839572e+00
7.840000000000000000e+02 1.590776975713590335e+00
7.850000000000000000e+02 1.590799470888275113e+00
7.860000000000000000e+02 1.590821961301893461e+00
7.870000000000000000e+02 1.590844446954445601e+00
7.880000000000000000e+02 1.590866927845931755e+00
7.890000000000000000e+02 1.590889403976351479e+00
7.900000000000000000e+02 1.590911875345704996e+00
7.910000000000000000e+02 1.590934341953992304e+00
7.920000000000000000e+02 1.590956803801213404e+00
7.930000000000000000e+02 1.590979260887368518e+00
7.940000000000000000e+02 1.591001713212457203e+00
7.950000000000000000e+02 1.591024160776479679e+00
7.960000000000000000e+02 1.591046603579435947e+00
7.970000000000000000e+02 1.591069041621326008e+00
7.980000000000000000e+02 1.591091474902149860e+00
7.990000000000000000e+02 1.591113903421907505e+00
8.000000000000000000e+02 1.591136327180598942e+00
8.010000000000000000e+02 1.591158746178224170e+00
8.020000000000000000e+02 1.591181160414783191e+00
8.030000000000000000e+02 1.591203569890276004e+00
8.040000000000000000e+02 1.591225974604702387e+00
8.050000000000000000e+02 1.591248374558062784e+00
8.060000000000000000e+02 1.591270769750356973e+00
8.070000000000000000e+02 1.591293160181584954e+00
8.080000000000000000e+02 1.591315545851746727e+00
8.090000000000000000e+02 1.591337926760842070e+00
8.100000000000000000e+02 1.591360302908871427e+00
8.110000000000000000e+02 1.591382674295834576e+00
8.120000000000000000e+02 1.591405040921731517e+00
8.130000000000000000e+02 1.591427402786562029e+00
8.140000000000000000e+02 1.591449759890326554e+00
8.150000000000000000e+02 1.591472112233024649e+00
8.160000000000000000e+02 1.591494459814656759e+00
8.170000000000000000e+02 1.591516802635222660e+00
8.180000000000000000e+02 1.591539140694722132e+00
8.190000000000000000e+02 1.591561473993155618e+00
8.200000000000000000e+02 1.591583802530522673e+00
8.210000000000000000e+02 1.591606126306823521e+00
8.220000000000000000e+02 1.591628445322058383e+00
8.230000000000000000e+02 1.591650759576226815e+00
8.240000000000000000e+02 1.591673069069329260e+00
8.250000000000000000e+02 1.591695373801365276e+00
8.260000000000000000e+02 1.591717673772335084e+00
8.270000000000000000e+02 1.591739968982238906e+00
8.280000000000000000e+02 1.591762259431076298e+00
8.290000000000000000e+02 1.591784545118847483e+00
8.300000000000000000e+02 1.591806826045552459e+00
8.310000000000000000e+02 1.591829102211191449e+00
8.320000000000000000e+02 1.591851373615764009e+00
8.330000000000000000e+02 1.591873640259270362e+00
8.340000000000000000e+02 1.591895902141710506e+00
8.350000000000000000e+02 1.591918159263084442e+00
8.360000000000000000e+02 1.591940411623392171e+00
8.370000000000000000e+02 1.591962659222633691e+00
8.380000000000000000e+02 1.591984902060809004e+00
8.390000000000000000e+02 1.592007140137918109e+00
8.400000000000000000e+02 1.592029373453961005e+00
8.410000000000000000e+02 1.592051602008937694e+00
8.420000000000000000e+02 1.592073825802848175e+00
8.430000000000000000e+02 1.592096044835692448e+00
8.440000000000000000e+02 1.592118259107470513e+00
8.450000000000000000e+02 1.592140468618182370e+00
8.460000000000000000e+02 1.592162673367828019e+00
8.470000000000000000e+02 1.592184873356407460e+00
8.480000000000000000e+02 1.592207068583920471e+00
8.490000000000000000e+02 1.592229259050367496e+00
8.500000000000000000e+02 1.592251444755748313e+00
8.510000000000000000e+02 1.592273625700062922e+00
8.520000000000000000e+02 1.592295801883311102e+00
8.530000000000000000e+02 1.592317973305493295e+00
8.540000000000000000e+02 1.592340139966609280e+00
8.550000000000000000e+02 1.592362301866658836e+00
8.560000000000000000e+02 1.592384459005642405e+00
8.570000000000000000e+02 1.592406611383559545e+00
8.580000000000000000e+02 1.592428759000410698e+00
8.590000000000000000e+02 1.592450901856195422e+00
8.600000000000000000e+02 1.592473039950914160e+00
8.610000000000000000e+02 1.592495173284566468e+00
8.620000000000000000e+02 1.592517301857152789e+00
8.630000000000000000e+02 1.592539425668672681e+00
8.640000000000000000e+02 1.592561544719126587e+00
8.650000000000000000e+02 1.592583659008514063e+00
8.660000000000000000e+02 1.592605768536835331e+00
8.670000000000000000e+02 1.592627873304090613e+00
8.680000000000000000e+02 1.592649973310279465e+00
8.690000000000000000e+02 1.592672068555402110e+00
8.700000000000000000e+02 1.592694159039458768e+00
8.710000000000000000e+02 1.592716244762448996e+00
8.720000000000000000e+02 1.592738325724373016e+00
8.730000000000000000e+02 1.592760401925230829e+00
8.740000000000000000e+02 1.592782473365022433e+00
8.750000000000000000e+02 1.592804540043747830e+00
8.760000000000000000e+02 1.592826601961407018e+00
8.770000000000000000e+02 1.592848659118000221e+00
8.780000000000000000e+02 1.592870711513526993e+00
8.790000000000000000e+02 1.592892759147987558e+00
8.800000000000000000e+02 1.592914802021381915e+00
8.810000000000000000e+02 1.592936840133710064e+00
8.820000000000000000e+02 1.592958873484972004e+00
8.830000000000000000e+02 1.592980902075167737e+00
8.840000000000000000e+02 1.593002925904297040e+00
8.850000000000000000e+02 1.593024944972360357e+00
8.860000000000000000e+02 1.593046959279357466e+00
8.870000000000000000e+02 1.593068968825288367e+00
8.880000000000000000e+02 1.593090973610153060e+00
8.890000000000000000e+02 1.593112973633951546e+00
8.900000000000000000e+02 1.593134968896683601e+00
8.910000000000000000e+02 1.593156959398349670e+00
8.920000000000000000e+02 1.593178945138949532e+00
8.930000000000000000e+02 1.593200926118482963e+00
8.940000000000000000e+02 1.593222902336950408e+00
8.950000000000000000e+02 1.593244873794351646e+00
8.960000000000000000e+02 1.593266840490686453e+00
8.970000000000000000e+02 1.593288802425955275e+00
8.980000000000000000e+02 1.593310759600157667e+00
8.990000000000000000e+02 1.593332712013294072e+00
9.000000000000000000e+02 1.593354659665364270e+00
9.010000000000000000e+02 1.593376602556368038e+00
9.020000000000000000e+02 1.593398540686305598e+00
9.030000000000000000e+02 1.593420474055177172e+00
9.040000000000000000e+02 1.593442402662982316e+00
9.050000000000000000e+02 1.593464326509721474e+00
9.060000000000000000e+02 1.593486245595394202e+00
9.070000000000000000e+02 1.593508159920000722e+00
9.080000000000000000e+02 1.593530069483541256e+00
9.090000000000000000e+02 1.593551974286015360e+00
9.100000000000000000e+02 1.593573874327423257e+00
9.110000000000000000e+02 1.593595769607765167e+00
9.120000000000000000e+02 1.593617660127040647e+00
9.130000000000000000e+02 1.593639545885249920e+00
9.140000000000000000e+02 1.593661426882392984e+00
9.150000000000000000e+02 1.593683303118469841e+00
9.160000000000000000e+02 1.593705174593480489e+00
9.170000000000000000e+02 1.593727041307424930e+00
9.180000000000000000e+02 1.593748903260303384e+00
9.190000000000000000e+02 1.593770760452115409e+00
9.200000000000000000e+02 1.593792612882861226e+00
9.210000000000000000e+02 1.593814460552540835e+00
9.220000000000000000e+02 1.593836303461154236e+00
9.230000000000000000e+02 1.593858141608701207e+00
9.240000000000000000e+02 1.593879974995182192e+00
9.250000000000000000e+02 1.593901803620596969e+00
9.260000000000000000e+02 1.593923627484945538e+00
9.270000000000000000e+02 1.593945446588227899e+00
9.280000000000000000e+02 1.593967260930444052e+00
9.290000000000000000e+02 1.593989070511593997e+00
9.300000000000000000e+02 1.594010875331677513e+00
9.310000000000000000e+02 1.594032675390695042e+00
9.320000000000000000e+02 1.594054470688646363e+00
9.330000000000000000e+02 1.594076261225531477e+00
9.340000000000000000e+02 1.594098047001350160e+00
9.350000000000000000e+02 1.594119828016102858e+00
9.360000000000000000e+02 1.594141604269789347e+00
9.370000000000000000e+02 1.594163375762409407e+00
9.380000000000000000e+02 1.594185142493963481e+00
9.390000000000000000e+02 1.594206904464451124e+00
9.400000000000000000e+02 1.594228661673872782e+00
9.410000000000000000e+02 1.594250414122228010e+00
9.420000000000000000e+02 1.594272161809517252e+00
9.430000000000000000e+02 1.594293904735740064e+00
9.440000000000000000e+02 1.594315642900896890e+00
9.450000000000000000e+02 1.594337376304987286e+00
9.460000000000000000e+02 1.594359104948011474e+00
9.470000000000000000e+02 1.594380828829969676e+00
9.480000000000000000e+02 1.594402547950861448e+00
9.490000000000000000e+02 1.594424262310687013e+00
9.500000000000000000e+02 1.594445971909446591e+00
9.510000000000000000e+02 1.594467676747139739e+00
9.520000000000000000e+02 1.594489376823766680e+00
9.530000000000000000e+02 1.594511072139327412e+00
9.540000000000000000e+02 1.594532762693822159e+00
9.550000000000000000e+02 1.594554448487250475e+00
9.560000000000000000e+02 1.594576129519612584e+00
9.570000000000000000e+02 1.594597805790908485e+00
9.580000000000000000e+02 1.594619477301138177e+00
9.590000000000000000e+02 1.594641144050301662e+00
9.600000000000000000e+02 1.594662806038398939e+00
9.610000000000000000e+02 1.594684463265430008e+00
9.620000000000000000e+02 1.594706115731394869e+00
9.630000000000000000e+02 1.594727763436293522e+00
9.640000000000000000e+02 1.594749406380125967e+00
9.650000000000000000e+02 1.594771044562892204e+00
9.660000000000000000e+02 1.594792677984592233e+00
9.670000000000000000e+02 1.594814306645226054e+00
9.680000000000000000e+02 1.594835930544793667e+00
9.690000000000000000e+02 1.594857549683294851e+00
9.700000000000000000e+02 1.594879164060730048e+00
9.710000000000000000e+02 1.594900773677099037e+00
9.720000000000000000e+02 1.594922378532401819e+00
9.730000000000000000e+02 1.594943978626638170e+00
9.740000000000000000e+02 1.594965573959808536e+00
9.750000000000000000e+02 1.594987164531912693e+00
9.760000000000000000e+02 1.595008750342950421e+00
9.770000000000000000e+02 1.595030331392922163e+00
9.780000000000000000e+02 1.595051907681827696e+00
9.790000000000000000e+02 1.595073479209666800e+00
9.800000000000000000e+02 1.595095045976439918e+00
9.810000000000000000e+02 1.595116607982146606e+00
9.820000000000000000e+02 1.595138165226787308e+00
9.830000000000000000e+02 1.595159717710361580e+00
9.840000000000000000e+02 1.595181265432869866e+00
9.850000000000000000e+02 1.595202808394311722e+00
9.860000000000000000e+02 1.595224346594687592e+00
9.870000000000000000e+02 1.595245880033997032e+00
9.880000000000000000e+02 1.595267408712240265e+00
9.890000000000000000e+02 1.595288932629417511e+00
9.900000000000000000e+02 1.595310451785528327e+00
9.910000000000000000e+02 1.595331966180572936e+00
9.920000000000000000e+02 1.595353475814551336e+00
9.930000000000000000e+02 1.595374980687463751e+00
9.940000000000000000e+02 1.595396480799309735e+00
9.950000000000000000e+02 1.595417976150089512e+00
9.960000000000000000e+02 1.595439466739803080e+00
9.970000000000000000e+02 1.595460952568450441e+00
9.980000000000000000e+02 1.595482433636031594e+00
9.990000000000000000e+02 1.595503909942546539e+00
1.000000000000000000e+03 1.595525381487995276e+00
1.001000000000000000e+03 1.595546848272377805e+00
1.002000000000000000e+03 1.595568310295694126e+00
1.003000000000000000e+03 1.595589767557944239e+00
1.004000000000000000e+03 1.595611220059128144e+00
1.005000000000000000e+03 1.595632667799245841e+00
1.006000000000000000e+03 1.595654110778297330e+00
1.007000000000000000e+03 1.595675548996282611e+00
1.008000000000000000e+03 1.595696982453201684e+00
1.009000000000000000e+03 1.595718411149054550e+00
1.010000000000000000e+03 1.595739835083841207e+00
1.011000000000000000e+03 1.595761254257561434e+00
1.012000000000000000e+03 1.595782668670215676e+00
1.013000000000000000e+03 1.595804078321803710e+00
1.014000000000000000e+03 1.595825483212325535e+00
1.015000000000000000e+03 1.595846883341780931e+00
1.016000000000000000e+03 1.595868278710170340e+00
1.017000000000000000e+03 1.595889669317493542e+00
1.018000000000000000e+03 1.595911055163750314e+00
1.019000000000000000e+03 1.595932436248941100e+00
1.020000000000000000e+03 1.595953812573065456e+00
1.021000000000000000e+03 1.595975184136123826e+00
1.022000000000000000e+03 1.595996550938115766e+00
