# order=21: # line, wavelength [pixel], wavelength [micron]
1.000000000000000000e+00 8.215151515151515582e+01 2.159109970214984742e+00
2.000000000000000000e+00 1.073333333333333286e+02 2.159981919412098605e+00
3.000000000000000000e+00 1.339696969696969688e+02 2.160901703460321954e+00
4.000000000000000000e+00 1.827272727272727195e+02 2.162578490717891544e+00
5.000000000000000000e+00 3.158484848484848726e+02 2.167109585812182715e+00
6.000000000000000000e+00 3.626666666666666856e+02 2.168686138241461503e+00
7.000000000000000000e+00 4.796666666666666856e+02 2.172585304514951243e+00
8.000000000000000000e+00 5.182727272727272521e+02 2.173858725174192319e+00
9.000000000000000000e+00 5.384545454545454959e+02 2.174521748381078812e+00
1.000000000000000000e+01 5.933333333333333712e+02 2.176315207878545266e+00
1.100000000000000000e+01 6.853939393939393767e+02 2.179291979708009919e+00
1.200000000000000000e+01 7.949090909090908781e+02 2.182779279537191197e+00
1.300000000000000000e+01 8.802727272727272521e+02 2.185455276396766955e+00
1.400000000000000000e+01 9.335454545454545041e+02 2.187105890775822736e+00
1.500000000000000000e+01 9.539696969696969973e+02 2.187734685419053804e+00
1.600000000000000000e+01 9.703939393939393767e+02 2.188238692147517206e+00
1.700000000000000000e+01 1.015666666666666629e+03 2.189620311298835720e+00
