# order=9: data_wav [pixel], data_wavsolution [micron]
3.000000000000000000e+00 1.605280174158341566e+00
4.000000000000000000e+00 1.605306734521511736e+00
5.000000000000000000e+00 1.605333289702881583e+00
6.000000000000000000e+00 1.605359839702451108e+00
7.000000000000000000e+00 1.605386384520220533e+00
8.000000000000000000e+00 1.605412924156189636e+00
9.000000000000000000e+00 1.605439458610358638e+00
1.000000000000000000e+01 1.605465987882727541e+00
1.100000000000000000e+01 1.605492511973296121e+00
1.200000000000000000e+01 1.605519030882064380e+00
1.300000000000000000e+01 1.605545544609032538e+00
1.400000000000000000e+01 1.605572053154200374e+00
1.500000000000000000e+01 1.605598556517568110e+00
1.600000000000000000e+01 1.605625054699135523e+00
1.700000000000000000e+01 1.605651547698902837e+00
1.800000000000000000e+01 1.605678035516869828e+00
1.900000000000000000e+01 1.605704518153036719e+00
2.000000000000000000e+01 1.605730995607403289e+00
2.100000000000000000e+01 1.605757467879969536e+00
2.200000000000000000e+01 1.605783934970735904e+00
2.300000000000000000e+01 1.605810396879701729e+00
2.400000000000000000e+01 1.605836853606867454e+00
2.500000000000000000e+01 1.605863305152233078e+00
2.600000000000000000e+01 1.605889751515798380e+00
2.700000000000000000e+01 1.605916192697563361e+00
2.800000000000000000e+01 1.605942628697528463e+00
2.900000000000000000e+01 1.605969059515693020e+00
3.000000000000000000e+01 1.605995485152057478e+00
3.100000000000000000e+01 1.606021905606621836e+00
3.200000000000000000e+01 1.606048320879385871e+00
3.300000000000000000e+01 1.606074730970349584e+00
3.400000000000000000e+01 1.606101135879513198e+00
3.500000000000000000e+01 1.606127535606876489e+00
3.600000000000000000e+01 1.606153930152439679e+00
3.700000000000000000e+01 1.606180319516202770e+00
3.800000000000000000e+01 1.606206703698165539e+00
3.900000000000000000e+01 1.606233082698327985e+00
4.000000000000000000e+01 1.606259456516690332e+00
4.100000000000000000e+01 1.606285825153252356e+00
4.200000000000000000e+01 1.606312188608014280e+00
4.300000000000000000e+01 1.606338546880975882e+00
4.400000000000000000e+01 1.606364899972137383e+00
4.500000000000000000e+01 1.606391247881498563e+00
4.600000000000000000e+01 1.606417590609059642e+00
4.700000000000000000e+01 1.606443928154820400e+00
4.800000000000000000e+01 1.606470260518781057e+00
4.900000000000000000e+01 1.606496587700941392e+00
5.000000000000000000e+01 1.606522909701301627e+00
5.100000000000000000e+01 1.606549226519861540e+00
5.200000000000000000e+01 1.606575538156621352e+00
5.300000000000000000e+01 1.606601844611580843e+00
5.400000000000000000e+01 1.606628145884740011e+00
5.500000000000000000e+01 1.606654441976099079e+00
5.600000000000000000e+01 1.606680732885658047e+00
5.700000000000000000e+01 1.606707018613416693e+00
5.800000000000000000e+01 1.606733299159375239e+00
5.900000000000000000e+01 1.606759574523533463e+00
6.000000000000000000e+01 1.606785844705891364e+00
6.100000000000000000e+01 1.606812109706449165e+00
6.200000000000000000e+01 1.606838369525206867e+00
6.300000000000000000e+01 1.606864624162164246e+00
6.400000000000000000e+01 1.606890873617321303e+00
6.500000000000000000e+01 1.606917117890678259e+00
6.600000000000000000e+01 1.606943356982234894e+00
6.700000000000000000e+01 1.606969590891991428e+00
6.800000000000000000e+01 1.606995819619947863e+00
6.900000000000000000e+01 1.607022043166103753e+00
7.000000000000000000e+01 1.607048261530459765e+00
7.100000000000000000e+01 1.607074474713015455e+00
7.200000000000000000e+01 1.607100682713770823e+00
7.300000000000000000e+01 1.607126885532726090e+00
7.400000000000000000e+01 1.607153083169881036e+00
7.500000000000000000e+01 1.607179275625235881e+00
7.600000000000000000e+01 1.607205462898790405e+00
7.700000000000000000e+01 1.607231644990544828e+00
7.800000000000000000e+01 1.607257821900498929e+00
7.900000000000000000e+01 1.607283993628652929e+00
8.000000000000000000e+01 1.607310160175006608e+00
8.100000000000000000e+01 1.607336321539560187e+00
8.200000000000000000e+01 1.607362477722313443e+00
8.300000000000000000e+01 1.607388628723266377e+00
8.400000000000000000e+01 1.607414774542419211e+00
8.500000000000000000e+01 1.607440915179771945e+00
8.600000000000000000e+01 1.607467050635324357e+00
8.700000000000000000e+01 1.607493180909076669e+00
8.800000000000000000e+01 1.607519306001028658e+00
8.900000000000000000e+01 1.607545425911180326e+00
9.000000000000000000e+01 1.607571540639531893e+00
9.100000000000000000e+01 1.607597650186083360e+00
9.200000000000000000e+01 1.607623754550834505e+00
9.300000000000000000e+01 1.607649853733785328e+00
9.400000000000000000e+01 1.607675947734936051e+00
9.500000000000000000e+01 1.607702036554286451e+00
9.600000000000000000e+01 1.607728120191836751e+00
9.700000000000000000e+01 1.607754198647586952e+00
9.800000000000000000e+01 1.607780271921536830e+00
9.900000000000000000e+01 1.607806340013686386e+00
1.000000000000000000e+02 1.607832402924035842e+00
1.010000000000000000e+02 1.607858460652584975e+00
1.020000000000000000e+02 1.607884513199334009e+00
1.030000000000000000e+02 1.607910560564282720e+00
1.040000000000000000e+02 1.607936602747431332e+00
1.050000000000000000e+02 1.607962639748779621e+00
1.060000000000000000e+02 1.607988671568327810e+00
1.070000000000000000e+02 1.608014698206075677e+00
1.080000000000000000e+02 1.608040719662023443e+00
1.090000000000000000e+02 1.608066735936170888e+00
1.100000000000000000e+02 1.608092747028518232e+00
1.110000000000000000e+02 1.608118752939065255e+00
1.120000000000000000e+02 1.608144753667812177e+00
1.130000000000000000e+02 1.608170749214758777e+00
1.140000000000000000e+02 1.608196739579905055e+00
1.150000000000000000e+02 1.608222724763251454e+00
1.160000000000000000e+02 1.608248704764797310e+00
1.170000000000000000e+02 1.608274679584543065e+00
1.180000000000000000e+02 1.608300649222488721e+00
1.190000000000000000e+02 1.608326613678634054e+00
1.200000000000000000e+02 1.608352572952979065e+00
1.210000000000000000e+02 1.608378527045523976e+00
1.220000000000000000e+02 1.608404475956268787e+00
1.230000000000000000e+02 1.608430419685213275e+00
1.240000000000000000e+02 1.608456358232357442e+00
1.250000000000000000e+02 1.608482291597701508e+00
1.260000000000000000e+02 1.608508219781245252e+00
1.270000000000000000e+02 1.608534142782988896e+00
1.280000000000000000e+02 1.608560060602932440e+00
1.290000000000000000e+02 1.608585973241075662e+00
1.300000000000000000e+02 1.608611880697418561e+00
1.310000000000000000e+02 1.608637782971961361e+00
1.320000000000000000e+02 1.608663680064703838e+00
1.330000000000000000e+02 1.608689571975646215e+00
1.340000000000000000e+02 1.608715458704788270e+00
1.350000000000000000e+02 1.608741340252130225e+00
1.360000000000000000e+02 1.608767216617671858e+00
1.370000000000000000e+02 1.608793087801413391e+00
1.380000000000000000e+02 1.608818953803354601e+00
1.390000000000000000e+02 1.608844814623495711e+00
1.400000000000000000e+02 1.608870670261836500e+00
1.410000000000000000e+02 1.608896520718377188e+00
1.420000000000000000e+02 1.608922365993117554e+00
1.430000000000000000e+02 1.608948206086057597e+00
1.440000000000000000e+02 1.608974040997197541e+00
1.450000000000000000e+02 1.608999870726537385e+00
1.460000000000000000e+02 1.609025695274076906e+00
1.470000000000000000e+02 1.609051514639816327e+00
1.480000000000000000e+02 1.609077328823755426e+00
1.490000000000000000e+02 1.609103137825894203e+00
1.500000000000000000e+02 1.609128941646232880e+00
1.510000000000000000e+02 1.609154740284771457e+00
1.520000000000000000e+02 1.609180533741509711e+00
1.530000000000000000e+02 1.609206322016447643e+00
1.540000000000000000e+02 1.609232105109585476e+00
1.550000000000000000e+02 1.609257883020923208e+00
1.560000000000000000e+02 1.609283655750460396e+00
1.570000000000000000e+02 1.609309423298197705e+00
1.580000000000000000e+02 1.609335185664134693e+00
1.590000000000000000e+02 1.609360942848271359e+00
1.600000000000000000e+02 1.609386694850607924e+00
1.610000000000000000e+02 1.609412441671144167e+00
1.620000000000000000e+02 1.609438183309880310e+00
1.630000000000000000e+02 1.609463919766816131e+00
1.640000000000000000e+02 1.609489651041951852e+00
1.650000000000000000e+02 1.609515377135287251e+00
1.660000000000000000e+02 1.609541098046822549e+00
1.670000000000000000e+02 1.609566813776557526e+00
1.680000000000000000e+02 1.609592524324492402e+00
1.690000000000000000e+02 1.609618229690626956e+00
1.700000000000000000e+02 1.609643929874961410e+00
1.710000000000000000e+02 1.609669624877495542e+00
1.720000000000000000e+02 1.609695314698229573e+00
1.730000000000000000e+02 1.609720999337163283e+00
1.740000000000000000e+02 1.609746678794296670e+00
1.750000000000000000e+02 1.609772353069630180e+00
1.760000000000000000e+02 1.609798022163163145e+00
1.770000000000000000e+02 1.609823686074896010e+00
1.780000000000000000e+02 1.609849344804828775e+00
1.790000000000000000e+02 1.609874998352961217e+00
1.800000000000000000e+02 1.609900646719293338e+00
1.810000000000000000e+02 1.609926289903825358e+00
1.820000000000000000e+02 1.609951927906557279e+00
1.830000000000000000e+02 1.609977560727488877e+00
1.840000000000000000e+02 1.610003188366620153e+00
1.850000000000000000e+02 1.610028810823951329e+00
1.860000000000000000e+02 1.610054428099482182e+00
1.870000000000000000e+02 1.610080040193212936e+00
1.880000000000000000e+02 1.610105647105143589e+00
1.890000000000000000e+02 1.610131248835273921e+00
1.900000000000000000e+02 1.610156845383603930e+00
1.910000000000000000e+02 1.610182436750133839e+00
1.920000000000000000e+02 1.610208022934863425e+00
1.930000000000000000e+02 1.610233603937792912e+00
1.940000000000000000e+02 1.610259179758922077e+00
1.950000000000000000e+02 1.610284750398251141e+00
1.960000000000000000e+02 1.610310315855779884e+00
1.970000000000000000e+02 1.610335876131508526e+00
1.980000000000000000e+02 1.610361431225436846e+00
1.990000000000000000e+02 1.610386981137565066e+00
2.000000000000000000e+02 1.610412525867892963e+00
2.010000000000000000e+02 1.610438065416420761e+00
2.020000000000000000e+02 1.610463599783148236e+00
2.030000000000000000e+02 1.610489128968075390e+00
2.040000000000000000e+02 1.610514652971202443e+00
2.050000000000000000e+02 1.610540171792529396e+00
2.060000000000000000e+02 1.610565685432056027e+00
2.070000000000000000e+02 1.610591193889782557e+00
2.080000000000000000e+02 1.610616697165708766e+00
2.090000000000000000e+02 1.610642195259834653e+00
2.100000000000000000e+02 1.610667688172160439e+00
2.110000000000000000e+02 1.610693175902686125e+00
2.120000000000000000e+02 1.610718658451411489e+00
2.130000000000000000e+02 1.610744135818336531e+00
2.140000000000000000e+02 1.610769608003461473e+00
2.150000000000000000e+02 1.610795075006786314e+00
2.160000000000000000e+02 1.610820536828310612e+00
2.170000000000000000e+02 1.610845993468035031e+00
2.180000000000000000e+02 1.610871444925959128e+00
2.190000000000000000e+02 1.610896891202082903e+00
2.200000000000000000e+02 1.610922332296406578e+00
2.210000000000000000e+02 1.610947768208929931e+00
2.220000000000000000e+02 1.610973198939653184e+00
2.230000000000000000e+02 1.610998624488576114e+00
2.240000000000000000e+02 1.611024044855698945e+00
2.250000000000000000e+02 1.611049460041021453e+00
2.260000000000000000e+02 1.611074870044543861e+00
2.270000000000000000e+02 1.611100274866265947e+00
2.280000000000000000e+02 1.611125674506187933e+00
2.290000000000000000e+02 1.611151068964309596e+00
2.300000000000000000e+02 1.611176458240631160e+00
2.310000000000000000e+02 1.611201842335152401e+00
2.320000000000000000e+02 1.611227221247873542e+00
2.330000000000000000e+02 1.611252594978794361e+00
2.340000000000000000e+02 1.611277963527914858e+00
2.350000000000000000e+02 1.611303326895235477e+00
2.360000000000000000e+02 1.611328685080755552e+00
2.370000000000000000e+02 1.611354038084475526e+00
2.380000000000000000e+02 1.611379385906395401e+00
2.390000000000000000e+02 1.611404728546514953e+00
2.400000000000000000e+02 1.611430066004834183e+00
2.410000000000000000e+02 1.611455398281353313e+00
2.420000000000000000e+02 1.611480725376072343e+00
2.430000000000000000e+02 1.611506047288991050e+00
2.440000000000000000e+02 1.611531364020109436e+00
2.450000000000000000e+02 1.611556675569427721e+00
2.460000000000000000e+02 1.611581981936945684e+00
2.470000000000000000e+02 1.611607283122663548e+00
2.480000000000000000e+02 1.611632579126581311e+00
2.490000000000000000e+02 1.611657869948698751e+00
2.500000000000000000e+02 1.611683155589015870e+00
2.510000000000000000e+02 1.611708436047532889e+00
2.520000000000000000e+02 1.611733711324249585e+00
2.530000000000000000e+02 1.611758981419166181e+00
2.540000000000000000e+02 1.611784246332282455e+00
2.550000000000000000e+02 1.611809506063598629e+00
2.560000000000000000e+02 1.611834760613114481e+00
2.570000000000000000e+02 1.611860009980830233e+00
2.580000000000000000e+02 1.611885254166745662e+00
2.590000000000000000e+02 1.611910493170860992e+00
2.600000000000000000e+02 1.611935726993175999e+00
2.610000000000000000e+02 1.611960955633690906e+00
2.620000000000000000e+02 1.611986179092405491e+00
2.630000000000000000e+02 1.612011397369319754e+00
2.640000000000000000e+02 1.612036610464433917e+00
2.650000000000000000e+02 1.612061818377747979e+00
2.660000000000000000e+02 1.612087021109261720e+00
2.670000000000000000e+02 1.612112218658975360e+00
2.680000000000000000e+02 1.612137411026888678e+00
2.690000000000000000e+02 1.612162598213001674e+00
2.700000000000000000e+02 1.612187780217314570e+00
2.710000000000000000e+02 1.612212957039827366e+00
2.720000000000000000e+02 1.612238128680539839e+00
2.730000000000000000e+02 1.612263295139451991e+00
2.740000000000000000e+02 1.612288456416564042e+00
2.750000000000000000e+02 1.612313612511875993e+00
2.760000000000000000e+02 1.612338763425387400e+00
2.770000000000000000e+02 1.612363909157098929e+00
2.780000000000000000e+02 1.612389049707010136e+00
2.790000000000000000e+02 1.612414185075121020e+00
2.800000000000000000e+02 1.612439315261431805e+00
2.810000000000000000e+02 1.612464440265942267e+00
2.820000000000000000e+02 1.612489560088652629e+00
2.830000000000000000e+02 1.612514674729562669e+00
2.840000000000000000e+02 1.612539784188672609e+00
2.850000000000000000e+02 1.612564888465982227e+00
2.860000000000000000e+02 1.612589987561491744e+00
2.870000000000000000e+02 1.612615081475200940e+00
2.880000000000000000e+02 1.612640170207110035e+00
2.890000000000000000e+02 1.612665253757218808e+00
2.900000000000000000e+02 1.612690332125527481e+00
2.910000000000000000e+02 1.612715405312035832e+00
2.920000000000000000e+02 1.612740473316744083e+00
2.930000000000000000e+02 1.612765536139652012e+00
2.940000000000000000e+02 1.612790593780759618e+00
2.950000000000000000e+02 1.612815646240067347e+00
2.960000000000000000e+02 1.612840693517574531e+00
2.970000000000000000e+02 1.612865735613281615e+00
2.980000000000000000e+02 1.612890772527188599e+00
2.990000000000000000e+02 1.612915804259295260e+00
3.000000000000000000e+02 1.612940830809601600e+00
3.010000000000000000e+02 1.612965852178107840e+00
3.020000000000000000e+02 1.612990868364813979e+00
3.030000000000000000e+02 1.613015879369719796e+00
3.040000000000000000e+02 1.613040885192825291e+00
3.050000000000000000e+02 1.613065885834130686e+00
3.060000000000000000e+02 1.613090881293635759e+00
3.070000000000000000e+02 1.613115871571340731e+00
3.080000000000000000e+02 1.613140856667245604e+00
3.090000000000000000e+02 1.613165836581350154e+00
3.100000000000000000e+02 1.613190811313654383e+00
3.110000000000000000e+02 1.613215780864158511e+00
3.120000000000000000e+02 1.613240745232862317e+00
3.130000000000000000e+02 1.613265704419766022e+00
3.140000000000000000e+02 1.613290658424869406e+00
3.150000000000000000e+02 1.613315607248172689e+00
3.160000000000000000e+02 1.613340550889675651e+00
3.170000000000000000e+02 1.613365489349378512e+00
3.180000000000000000e+02 1.613390422627281051e+00
3.190000000000000000e+02 1.613415350723383490e+00
3.200000000000000000e+02 1.613440273637685607e+00
3.210000000000000000e+02 1.613465191370187624e+00
3.220000000000000000e+02 1.613490103920889318e+00
3.230000000000000000e+02 1.613515011289790690e+00
3.240000000000000000e+02 1.613539913476891963e+00
3.250000000000000000e+02 1.613564810482193135e+00
3.260000000000000000e+02 1.613589702305693985e+00
3.270000000000000000e+02 1.613614588947394735e+00
3.280000000000000000e+02 1.613639470407295162e+00
3.290000000000000000e+02 1.613664346685395268e+00
3.300000000000000000e+02 1.613689217781695273e+00
3.310000000000000000e+02 1.613714083696195178e+00
3.320000000000000000e+02 1.613738944428894762e+00
3.330000000000000000e+02 1.613763799979794022e+00
3.340000000000000000e+02 1.613788650348893183e+00
3.350000000000000000e+02 1.613813495536192022e+00
3.360000000000000000e+02 1.613838335541690761e+00
3.370000000000000000e+02 1.613863170365389399e+00
3.380000000000000000e+02 1.613888000007287715e+00
3.390000000000000000e+02 1.613912824467385709e+00
3.400000000000000000e+02 1.613937643745683603e+00
3.410000000000000000e+02 1.613962457842181175e+00
3.420000000000000000e+02 1.613987266756878647e+00
3.430000000000000000e+02 1.614012070489775796e+00
3.440000000000000000e+02 1.614036869040872846e+00
3.450000000000000000e+02 1.614061662410169573e+00
3.460000000000000000e+02 1.614086450597666200e+00
3.470000000000000000e+02 1.614111233603362505e+00
3.480000000000000000e+02 1.614136011427258710e+00
3.490000000000000000e+02 1.614160784069354593e+00
3.500000000000000000e+02 1.614185551529650375e+00
3.510000000000000000e+02 1.614210313808145836e+00
3.520000000000000000e+02 1.614235070904841196e+00
3.530000000000000000e+02 1.614259822819736234e+00
3.540000000000000000e+02 1.614284569552830950e+00
3.550000000000000000e+02 1.614309311104125566e+00
3.560000000000000000e+02 1.614334047473620082e+00
3.570000000000000000e+02 1.614358778661314275e+00
3.580000000000000000e+02 1.614383504667208369e+00
3.590000000000000000e+02 1.614408225491302140e+00
3.600000000000000000e+02 1.614432941133595589e+00
3.610000000000000000e+02 1.614457651594088938e+00
3.620000000000000000e+02 1.614482356872782187e+00
3.630000000000000000e+02 1.614507056969675114e+00
3.640000000000000000e+02 1.614531751884767719e+00
3.650000000000000000e+02 1.614556441618060223e+00
3.660000000000000000e+02 1.614581126169552405e+00
3.670000000000000000e+02 1.614605805539244487e+00
3.680000000000000000e+02 1.614630479727136469e+00
3.690000000000000000e+02 1.614655148733227907e+00
3.700000000000000000e+02 1.614679812557519467e+00
3.710000000000000000e+02 1.614704471200010705e+00
3.720000000000000000e+02 1.614729124660701620e+00
3.730000000000000000e+02 1.614753772939592436e+00
3.740000000000000000e+02 1.614778416036682929e+00
3.750000000000000000e+02 1.614803053951973322e+00
3.760000000000000000e+02 1.614827686685463393e+00
3.770000000000000000e+02 1.614852314237153363e+00
3.780000000000000000e+02 1.614876936607043012e+00
3.790000000000000000e+02 1.614901553795132561e+00
3.800000000000000000e+02 1.614926165801421787e+00
3.810000000000000000e+02 1.614950772625910691e+00
3.820000000000000000e+02 1.614975374268599717e+00
3.830000000000000000e+02 1.614999970729488199e+00
3.840000000000000000e+02 1.615024562008576581e+00
3.850000000000000000e+02 1.615049148105864862e+00
3.860000000000000000e+02 1.615073729021352822e+00
3.870000000000000000e+02 1.615098304755040459e+00
3.880000000000000000e+02 1.615122875306928218e+00
3.890000000000000000e+02 1.615147440677015434e+00
3.900000000000000000e+02 1.615172000865302548e+00
3.910000000000000000e+02 1.615196555871789563e+00
3.920000000000000000e+02 1.615221105696476256e+00
3.930000000000000000e+02 1.615245650339362626e+00
3.940000000000000000e+02 1.615270189800448897e+00
3.950000000000000000e+02 1.615294724079734845e+00
3.960000000000000000e+02 1.615319253177220693e+00
3.970000000000000000e+02 1.615343777092906441e+00
3.980000000000000000e+02 1.615368295826791867e+00
3.990000000000000000e+02 1.615392809378876970e+00
4.000000000000000000e+02 1.615417317749161974e+00
4.010000000000000000e+02 1.615441820937646655e+00
4.020000000000000000e+02 1.615466318944331237e+00
4.030000000000000000e+02 1.615490811769215496e+00
4.040000000000000000e+02 1.615515299412299655e+00
4.050000000000000000e+02 1.615539781873583491e+00
4.060000000000000000e+02 1.615564259153067228e+00
4.070000000000000000e+02 1.615588731250750643e+00
4.080000000000000000e+02 1.615613198166633957e+00
4.090000000000000000e+02 1.615637659900716949e+00
4.100000000000000000e+02 1.615662116452999841e+00
4.110000000000000000e+02 1.615686567823482411e+00
4.120000000000000000e+02 1.615711014012164659e+00
4.130000000000000000e+02 1.615735455019047029e+00
4.140000000000000000e+02 1.615759890844128854e+00
4.150000000000000000e+02 1.615784321487410580e+00
4.160000000000000000e+02 1.615808746948892205e+00
4.170000000000000000e+02 1.615833167228573508e+00
4.180000000000000000e+02 1.615857582326454489e+00
4.190000000000000000e+02 1.615881992242535370e+00
4.200000000000000000e+02 1.615906396976816151e+00
4.210000000000000000e+02 1.615930796529296609e+00
4.220000000000000000e+02 1.615955190899976746e+00
4.230000000000000000e+02 1.615979580088856782e+00
4.240000000000000000e+02 1.616003964095936718e+00
4.250000000000000000e+02 1.616028342921216332e+00
4.260000000000000000e+02 1.616052716564695624e+00
4.270000000000000000e+02 1.616077085026374816e+00
4.280000000000000000e+02 1.616101448306253685e+00
4.290000000000000000e+02 1.616125806404332454e+00
4.300000000000000000e+02 1.616150159320611124e+00
4.310000000000000000e+02 1.616174507055089249e+00
4.320000000000000000e+02 1.616198849607767496e+00
4.330000000000000000e+02 1.616223186978645421e+00
4.340000000000000000e+02 1.616247519167723024e+00
4.350000000000000000e+02 1.616271846175000526e+00
4.360000000000000000e+02 1.616296168000477707e+00
4.370000000000000000e+02 1.616320484644154787e+00
4.380000000000000000e+02 1.616344796106031545e+00
4.390000000000000000e+02 1.616369102386107981e+00
4.400000000000000000e+02 1.616393403484384539e+00
4.410000000000000000e+02 1.616417699400860553e+00
4.420000000000000000e+02 1.616441990135536466e+00
4.430000000000000000e+02 1.616466275688412280e+00
4.440000000000000000e+02 1.616490556059487771e+00
4.450000000000000000e+02 1.616514831248763162e+00
4.460000000000000000e+02 1.616539101256238231e+00
4.470000000000000000e+02 1.616563366081912978e+00
4.480000000000000000e+02 1.616587625725787625e+00
4.490000000000000000e+02 1.616611880187862171e+00
4.500000000000000000e+02 1.616636129468136396e+00
4.510000000000000000e+02 1.616660373566610298e+00
4.520000000000000000e+02 1.616684612483284100e+00
4.530000000000000000e+02 1.616708846218157802e+00
4.540000000000000000e+02 1.616733074771231182e+00
4.550000000000000000e+02 1.616757298142504240e+00
4.560000000000000000e+02 1.616781516331977198e+00
4.570000000000000000e+02 1.616805729339649833e+00
4.580000000000000000e+02 1.616829937165522368e+00
4.590000000000000000e+02 1.616854139809594804e+00
4.600000000000000000e+02 1.616878337271866917e+00
4.610000000000000000e+02 1.616902529552338708e+00
4.620000000000000000e+02 1.616926716651010398e+00
4.630000000000000000e+02 1.616950898567881767e+00
4.640000000000000000e+02 1.616975075302953035e+00
4.650000000000000000e+02 1.616999246856223982e+00
4.660000000000000000e+02 1.617023413227694828e+00
4.670000000000000000e+02 1.617047574417365352e+00
4.680000000000000000e+02 1.617071730425235776e+00
4.690000000000000000e+02 1.617095881251305878e+00
4.700000000000000000e+02 1.617120026895575657e+00
4.710000000000000000e+02 1.617144167358045559e+00
4.720000000000000000e+02 1.617168302638714916e+00
4.730000000000000000e+02 1.617192432737584173e+00
4.740000000000000000e+02 1.617216557654653331e+00
4.750000000000000000e+02 1.617240677389922165e+00
4.760000000000000000e+02 1.617264791943390900e+00
4.770000000000000000e+02 1.617288901315059313e+00
4.780000000000000000e+02 1.617313005504927403e+00
4.790000000000000000e+02 1.617337104512995394e+00
4.800000000000000000e+02 1.617361198339263284e+00
4.810000000000000000e+02 1.617385286983730852e+00
4.820000000000000000e+02 1.617409370446398098e+00
4.830000000000000000e+02 1.617433448727265244e+00
4.840000000000000000e+02 1.617457521826332290e+00
4.850000000000000000e+02 1.617481589743599013e+00
4.860000000000000000e+02 1.617505652479065414e+00
4.870000000000000000e+02 1.617529710032731716e+00
4.880000000000000000e+02 1.617553762404597695e+00
4.890000000000000000e+02 1.617577809594663574e+00
4.900000000000000000e+02 1.617601851602929131e+00
4.910000000000000000e+02 1.617625888429394587e+00
4.920000000000000000e+02 1.617649920074059944e+00
4.930000000000000000e+02 1.617673946536924756e+00
4.940000000000000000e+02 1.617697967817989690e+00
4.950000000000000000e+02 1.617721983917254081e+00
4.960000000000000000e+02 1.617745994834718593e+00
4.970000000000000000e+02 1.617770000570382560e+00
4.980000000000000000e+02 1.617794001124246650e+00
4.990000000000000000e+02 1.617817996496310196e+00
5.000000000000000000e+02 1.617841986686573641e+00
5.010000000000000000e+02 1.617865971695036986e+00
5.020000000000000000e+02 1.617889951521700009e+00
5.030000000000000000e+02 1.617913926166562932e+00
5.040000000000000000e+02 1.617937895629625533e+00
5.050000000000000000e+02 1.617961859910887812e+00
5.060000000000000000e+02 1.617985819010350212e+00
5.070000000000000000e+02 1.618009772928012069e+00
5.080000000000000000e+02 1.618033721663873825e+00
5.090000000000000000e+02 1.618057665217935481e+00
5.100000000000000000e+02 1.618081603590196815e+00
5.110000000000000000e+02 1.618105536780657827e+00
5.120000000000000000e+02 1.618129464789318739e+00
5.130000000000000000e+02 1.618153387616179550e+00
5.140000000000000000e+02 1.618177305261240040e+00
5.150000000000000000e+02 1.618201217724500207e+00
5.160000000000000000e+02 1.618225125005960274e+00
5.170000000000000000e+02 1.618249027105620019e+00
5.180000000000000000e+02 1.618272924023479664e+00
5.190000000000000000e+02 1.618296815759538987e+00
5.200000000000000000e+02 1.618320702313798209e+00
5.210000000000000000e+02 1.618344583686257332e+00
5.220000000000000000e+02 1.618368459876915910e+00
5.230000000000000000e+02 1.618392330885774610e+00
5.240000000000000000e+02 1.618416196712832766e+00
5.250000000000000000e+02 1.618440057358091044e+00
5.260000000000000000e+02 1.618463912821548778e+00
5.270000000000000000e+02 1.618487763103206634e+00
5.280000000000000000e+02 1.618511608203063945e+00
5.290000000000000000e+02 1.618535448121121378e+00
5.300000000000000000e+02 1.618559282857378268e+00
5.310000000000000000e+02 1.618583112411835057e+00
5.320000000000000000e+02 1.618606936784491745e+00
5.330000000000000000e+02 1.618630755975348112e+00
5.340000000000000000e+02 1.618654569984404379e+00
5.350000000000000000e+02 1.618678378811660323e+00
5.360000000000000000e+02 1.618702182457115946e+00
5.370000000000000000e+02 1.618725980920771468e+00
5.380000000000000000e+02 1.618749774202626890e+00
5.390000000000000000e+02 1.618773562302681990e+00
5.400000000000000000e+02 1.618797345220936990e+00
5.410000000000000000e+02 1.618821122957391667e+00
5.420000000000000000e+02 1.618844895512046023e+00
5.430000000000000000e+02 1.618868662884900278e+00
5.440000000000000000e+02 1.618892425075954211e+00
5.450000000000000000e+02 1.618916182085208044e+00
5.460000000000000000e+02 1.618939933912661777e+00
5.470000000000000000e+02 1.618963680558315188e+00
5.480000000000000000e+02 1.618987422022168277e+00
5.490000000000000000e+02 1.619011158304221265e+00
5.500000000000000000e+02 1.619034889404473931e+00
5.510000000000000000e+02 1.619058615322926498e+00
5.520000000000000000e+02 1.619082336059578742e+00
5.530000000000000000e+02 1.619106051614430886e+00
5.540000000000000000e+02 1.619129761987482707e+00
5.550000000000000000e+02 1.619153467178734429e+00
5.560000000000000000e+02 1.619177167188185829e+00
5.570000000000000000e+02 1.619200862015837128e+00
5.580000000000000000e+02 1.619224551661688105e+00
5.590000000000000000e+02 1.619248236125738982e+00
5.600000000000000000e+02 1.619271915407989537e+00
5.610000000000000000e+02 1.619295589508439992e+00
5.620000000000000000e+02 1.619319258427090125e+00
5.630000000000000000e+02 1.619342922163940157e+00
5.640000000000000000e+02 1.619366580718989868e+00
5.650000000000000000e+02 1.619390234092239256e+00
5.660000000000000000e+02 1.619413882283688544e+00
5.670000000000000000e+02 1.619437525293337732e+00
5.680000000000000000e+02 1.619461163121186598e+00
5.690000000000000000e+02 1.619484795767235141e+00
5.700000000000000000e+02 1.619508423231483585e+00
5.710000000000000000e+02 1.619532045513931928e+00
5.720000000000000000e+02 1.619555662614579949e+00
5.730000000000000000e+02 1.619579274533427649e+00
5.740000000000000000e+02 1.619602881270475248e+00
5.750000000000000000e+02 1.619626482825722746e+00
5.760000000000000000e+02 1.619650079199169923e+00
5.770000000000000000e+02 1.619673670390816778e+00
5.780000000000000000e+02 1.619697256400663532e+00
5.790000000000000000e+02 1.619720837228709964e+00
5.800000000000000000e+02 1.619744412874956296e+00
5.810000000000000000e+02 1.619767983339402306e+00
5.820000000000000000e+02 1.619791548622048216e+00
5.830000000000000000e+02 1.619815108722893804e+00
5.840000000000000000e+02 1.619838663641939291e+00
5.850000000000000000e+02 1.619862213379184457e+00
5.860000000000000000e+02 1.619885757934629522e+00
5.870000000000000000e+02 1.619909297308274265e+00
5.880000000000000000e+02 1.619932831500118908e+00
5.890000000000000000e+02 1.619956360510163229e+00
5.900000000000000000e+02 1.619979884338407450e+00
5.910000000000000000e+02 1.620003402984851348e+00
5.920000000000000000e+02 1.620026916449495147e+00
5.930000000000000000e+02 1.620050424732338623e+00
5.940000000000000000e+02 1.620073927833381777e+00
5.950000000000000000e+02 1.620097425752625053e+00
5.960000000000000000e+02 1.620120918490067785e+00
5.970000000000000000e+02 1.620144406045710417e+00
5.980000000000000000e+02 1.620167888419552948e+00
5.990000000000000000e+02 1.620191365611595158e+00
6.000000000000000000e+02 1.620214837621837045e+00
6.010000000000000000e+02 1.620238304450278832e+00
6.020000000000000000e+02 1.620261766096920519e+00
6.030000000000000000e+02 1.620285222561761884e+00
6.040000000000000000e+02 1.620308673844802927e+00
6.050000000000000000e+02 1.620332119946043870e+00
6.060000000000000000e+02 1.620355560865484490e+00
6.070000000000000000e+02 1.620378996603125010e+00
6.080000000000000000e+02 1.620402427158965430e+00
6.090000000000000000e+02 1.620425852533005528e+00
6.100000000000000000e+02 1.620449272725245304e+00
6.110000000000000000e+02 1.620472687735684980e+00
6.120000000000000000e+02 1.620496097564324334e+00
6.130000000000000000e+02 1.620519502211163587e+00
6.140000000000000000e+02 1.620542901676202519e+00
6.150000000000000000e+02 1.620566295959441350e+00
6.160000000000000000e+02 1.620589685060879859e+00
6.170000000000000000e+02 1.620613068980518268e+00
6.180000000000000000e+02 1.620636447718356354e+00
6.190000000000000000e+02 1.620659821274394341e+00
6.200000000000000000e+02 1.620683189648632005e+00
6.210000000000000000e+02 1.620706552841069348e+00
6.220000000000000000e+02 1.620729910851706812e+00
6.230000000000000000e+02 1.620753263680543732e+00
6.240000000000000000e+02 1.620776611327580552e+00
6.250000000000000000e+02 1.620799953792817272e+00
6.260000000000000000e+02 1.620823291076253669e+00
6.270000000000000000e+02 1.620846623177889967e+00
6.280000000000000000e+02 1.620869950097725942e+00
6.290000000000000000e+02 1.620893271835761595e+00
6.300000000000000000e+02 1.620916588391997148e+00
6.310000000000000000e+02 1.620939899766432601e+00
6.320000000000000000e+02 1.620963205959067732e+00
6.330000000000000000e+02 1.620986506969902541e+00
6.340000000000000000e+02 1.621009802798937249e+00
6.350000000000000000e+02 1.621033093446171636e+00
6.360000000000000000e+02 1.621056378911605922e+00
6.370000000000000000e+02 1.621079659195240108e+00
6.380000000000000000e+02 1.621102934297073972e+00
6.390000000000000000e+02 1.621126204217107514e+00
6.400000000000000000e+02 1.621149468955340955e+00
6.410000000000000000e+02 1.621172728511774075e+00
6.420000000000000000e+02 1.621195982886407094e+00
6.430000000000000000e+02 1.621219232079239791e+00
6.440000000000000000e+02 1.621242476090272389e+00
6.450000000000000000e+02 1.621265714919504664e+00
6.460000000000000000e+02 1.621288948566936838e+00
6.470000000000000000e+02 1.621312177032568691e+00
6.480000000000000000e+02 1.621335400316400444e+00
6.490000000000000000e+02 1.621358618418431874e+00
6.500000000000000000e+02 1.621381831338663204e+00
6.510000000000000000e+02 1.621405039077094212e+00
6.520000000000000000e+02 1.621428241633724898e+00
6.530000000000000000e+02 1.621451439008555706e+00
6.540000000000000000e+02 1.621474631201585970e+00
6.550000000000000000e+02 1.621497818212816133e+00
6.560000000000000000e+02 1.621521000042246197e+00
6.570000000000000000e+02 1.621544176689875938e+00
6.580000000000000000e+02 1.621567348155705357e+00
6.590000000000000000e+02 1.621590514439734676e+00
6.600000000000000000e+02 1.621613675541963895e+00
6.610000000000000000e+02 1.621636831462392792e+00
6.620000000000000000e+02 1.621659982201021366e+00
6.630000000000000000e+02 1.621683127757849840e+00
6.640000000000000000e+02 1.621706268132878215e+00
6.650000000000000000e+02 1.621729403326106267e+00
6.660000000000000000e+02 1.621752533337533997e+00
6.670000000000000000e+02 1.621775658167161627e+00
6.680000000000000000e+02 1.621798777814988934e+00
6.690000000000000000e+02 1.621821892281016142e+00
6.700000000000000000e+02 1.621845001565243249e+00
6.710000000000000000e+02 1.621868105667669813e+00
6.720000000000000000e+02 1.621891204588296498e+00
6.730000000000000000e+02 1.621914298327122639e+00
6.740000000000000000e+02 1.621937386884148902e+00
6.750000000000000000e+02 1.621960470259374620e+00
6.760000000000000000e+02 1.621983548452800461e+00
6.770000000000000000e+02 1.622006621464425757e+00
6.780000000000000000e+02 1.622029689294251176e+00
6.790000000000000000e+02 1.622052751942276050e+00
6.800000000000000000e+02 1.622075809408500824e+00
6.810000000000000000e+02 1.622098861692925498e+00
6.820000000000000000e+02 1.622121908795549849e+00
6.830000000000000000e+02 1.622144950716374101e+00
6.840000000000000000e+02 1.622167987455398031e+00
6.850000000000000000e+02 1.622191019012621860e+00
6.860000000000000000e+02 1.622214045388045367e+00
6.870000000000000000e+02 1.622237066581668552e+00
6.880000000000000000e+02 1.622260082593491637e+00
6.890000000000000000e+02 1.622283093423514622e+00
6.900000000000000000e+02 1.622306099071737284e+00
6.910000000000000000e+02 1.622329099538159625e+00
6.920000000000000000e+02 1.622352094822781865e+00
6.930000000000000000e+02 1.622375084925604005e+00
6.940000000000000000e+02 1.622398069846625823e+00
6.950000000000000000e+02 1.622421049585847319e+00
6.960000000000000000e+02 1.622444024143268715e+00
6.970000000000000000e+02 1.622466993518889788e+00
6.980000000000000000e+02 1.622489957712710762e+00
6.990000000000000000e+02 1.622512916724731635e+00
7.000000000000000000e+02 1.622535870554951964e+00
7.010000000000000000e+02 1.622558819203372416e+00
7.020000000000000000e+02 1.622581762669992322e+00
7.030000000000000000e+02 1.622604700954812351e+00
7.040000000000000000e+02 1.622627634057832058e+00
7.050000000000000000e+02 1.622650561979051442e+00
7.060000000000000000e+02 1.622673484718470727e+00
7.070000000000000000e+02 1.622696402276089689e+00
7.080000000000000000e+02 1.622719314651908329e+00
7.090000000000000000e+02 1.622742221845927091e+00
7.100000000000000000e+02 1.622765123858145309e+00
7.110000000000000000e+02 1.622788020688563426e+00
7.120000000000000000e+02 1.622810912337181444e+00
7.130000000000000000e+02 1.622833798803999139e+00
7.140000000000000000e+02 1.622856680089016734e+00
7.150000000000000000e+02 1.622879556192234007e+00
7.160000000000000000e+02 1.622902427113650958e+00
7.170000000000000000e+02 1.622925292853267809e+00
7.180000000000000000e+02 1.622948153411084560e+00
7.190000000000000000e+02 1.622971008787100988e+00
7.200000000000000000e+02 1.622993858981317317e+00
7.210000000000000000e+02 1.623016703993733323e+00
7.220000000000000000e+02 1.623039543824349007e+00
7.230000000000000000e+02 1.623062378473164591e+00
7.240000000000000000e+02 1.623085207940179853e+00
7.250000000000000000e+02 1.623108032225395014e+00
7.260000000000000000e+02 1.623130851328810076e+00
7.270000000000000000e+02 1.623153665250424815e+00
7.280000000000000000e+02 1.623176473990239232e+00
7.290000000000000000e+02 1.623199277548253550e+00
7.300000000000000000e+02 1.623222075924467545e+00
7.310000000000000000e+02 1.623244869118881439e+00
7.320000000000000000e+02 1.623267657131495012e+00
7.330000000000000000e+02 1.623290439962308485e+00
7.340000000000000000e+02 1.623313217611321635e+00
7.350000000000000000e+02 1.623335990078534685e+00
7.360000000000000000e+02 1.623358757363947413e+00
7.370000000000000000e+02 1.623381519467560041e+00
7.380000000000000000e+02 1.623404276389372347e+00
7.390000000000000000e+02 1.623427028129384553e+00
7.400000000000000000e+02 1.623449774687596436e+00
7.410000000000000000e+02 1.623472516064008220e+00
7.420000000000000000e+02 1.623495252258619681e+00
7.430000000000000000e+02 1.623517983271430820e+00
7.440000000000000000e+02 1.623540709102442081e+00
7.450000000000000000e+02 1.623563429751652798e+00
7.460000000000000000e+02 1.623586145219063415e+00
7.470000000000000000e+02 1.623608855504673931e+00
7.480000000000000000e+02 1.623631560608484126e+00
7.490000000000000000e+02 1.623654260530493998e+00
7.500000000000000000e+02 1.623676955270703770e+00
7.510000000000000000e+02 1.623699644829113442e+00
7.520000000000000000e+02 1.623722329205722792e+00
7.530000000000000000e+02 1.623745008400531820e+00
7.540000000000000000e+02 1.623767682413540747e+00
7.550000000000000000e+02 1.623790351244749575e+00
7.560000000000000000e+02 1.623813014894158080e+00
7.570000000000000000e+02 1.623835673361766263e+00
7.580000000000000000e+02 1.623858326647574346e+00
7.590000000000000000e+02 1.623880974751582107e+00
7.600000000000000000e+02 1.623903617673789768e+00
7.610000000000000000e+02 1.623926255414197106e+00
7.620000000000000000e+02 1.623948887972804345e+00
7.630000000000000000e+02 1.623971515349611261e+00
7.640000000000000000e+02 1.623994137544618077e+00
7.650000000000000000e+02 1.624016754557824571e+00
7.660000000000000000e+02 1.624039366389230965e+00
7.670000000000000000e+02 1.624061973038837037e+00
7.680000000000000000e+02 1.624084574506643008e+00
7.690000000000000000e+02 1.624107170792648658e+00
7.700000000000000000e+02 1.624129761896854207e+00
7.710000000000000000e+02 1.624152347819259434e+00
7.720000000000000000e+02 1.624174928559864561e+00
7.730000000000000000e+02 1.624197504118669366e+00
7.740000000000000000e+02 1.624220074495673849e+00
7.750000000000000000e+02 1.624242639690878232e+00
7.760000000000000000e+02 1.624265199704282514e+00
7.770000000000000000e+02 1.624287754535886474e+00
7.780000000000000000e+02 1.624310304185690335e+00
7.790000000000000000e+02 1.624332848653693873e+00
7.800000000000000000e+02 1.624355387939897089e+00
7.810000000000000000e+02 1.624377922044300204e+00
7.820000000000000000e+02 1.624400450966903220e+00
7.830000000000000000e+02 1.624422974707705913e+00
7.840000000000000000e+02 1.624445493266708285e+00
7.850000000000000000e+02 1.624468006643910556e+00
7.860000000000000000e+02 1.624490514839312505e+00
7.870000000000000000e+02 1.624513017852914354e+00
7.880000000000000000e+02 1.624535515684716103e+00
7.890000000000000000e+02 1.624558008334717307e+00
7.900000000000000000e+02 1.624580495802918634e+00
7.910000000000000000e+02 1.624602978089319638e+00
7.920000000000000000e+02 1.624625455193920320e+00
7.930000000000000000e+02 1.624647927116720902e+00
7.940000000000000000e+02 1.624670393857721162e+00
7.950000000000000000e+02 1.624692855416921322e+00
7.960000000000000000e+02 1.624715311794321160e+00
7.970000000000000000e+02 1.624737762989920897e+00
7.980000000000000000e+02 1.624760209003720313e+00
7.990000000000000000e+02 1.624782649835719406e+00
8.000000000000000000e+02 1.624805085485918621e+00
8.010000000000000000e+02 1.624827515954317292e+00
8.020000000000000000e+02 1.624849941240915863e+00
8.030000000000000000e+02 1.624872361345714333e+00
8.040000000000000000e+02 1.624894776268712482e+00
8.050000000000000000e+02 1.624917186009910530e+00
8.060000000000000000e+02 1.624939590569308256e+00
8.070000000000000000e+02 1.624961989946905661e+00
8.080000000000000000e+02 1.624984384142702964e+00
8.090000000000000000e+02 1.625006773156700168e+00
8.100000000000000000e+02 1.625029156988897050e+00
8.110000000000000000e+02 1.625051535639293609e+00
8.120000000000000000e+02 1.625073909107890069e+00
8.130000000000000000e+02 1.625096277394686428e+00
8.140000000000000000e+02 1.625118640499682465e+00
8.150000000000000000e+02 1.625140998422878180e+00
8.160000000000000000e+02 1.625163351164273795e+00
8.170000000000000000e+02 1.625185698723869088e+00
8.180000000000000000e+02 1.625208041101664280e+00
8.190000000000000000e+02 1.625230378297659373e+00
8.200000000000000000e+02 1.625252710311853921e+00
8.210000000000000000e+02 1.625275037144248591e+00
8.220000000000000000e+02 1.625297358794842939e+00
8.230000000000000000e+02 1.625319675263636965e+00
8.240000000000000000e+02 1.625341986550630891e+00
8.250000000000000000e+02 1.625364292655824494e+00
8.260000000000000000e+02 1.625386593579217998e+00
8.270000000000000000e+02 1.625408889320811179e+00
8.280000000000000000e+02 1.625431179880604260e+00
8.290000000000000000e+02 1.625453465258597019e+00
8.300000000000000000e+02 1.625475745454789456e+00
8.310000000000000000e+02 1.625498020469182014e+00
8.320000000000000000e+02 1.625520290301774029e+00
8.330000000000000000e+02 1.625542554952565943e+00
8.340000000000000000e+02 1.625564814421557758e+00
8.350000000000000000e+02 1.625587068708749250e+00
8.360000000000000000e+02 1.625609317814140642e+00
8.370000000000000000e+02 1.625631561737731712e+00
8.380000000000000000e+02 1.625653800479522459e+00
8.390000000000000000e+02 1.625676034039513107e+00
8.400000000000000000e+02 1.625698262417703654e+00
8.410000000000000000e+02 1.625720485614093880e+00
8.420000000000000000e+02 1.625742703628683783e+00
8.430000000000000000e+02 1.625764916461473586e+00
8.440000000000000000e+02 1.625787124112463067e+00
8.450000000000000000e+02 1.625809326581652448e+00
8.460000000000000000e+02 1.625831523869041728e+00
8.470000000000000000e+02 1.625853715974630687e+00
8.480000000000000000e+02 1.625875902898419323e+00
8.490000000000000000e+02 1.625898084640407859e+00
8.500000000000000000e+02 1.625920261200596073e+00
8.510000000000000000e+02 1.625942432578984187e+00
8.520000000000000000e+02 1.625964598775571979e+00
8.530000000000000000e+02 1.625986759790359670e+00
8.540000000000000000e+02 1.626008915623347040e+00
8.550000000000000000e+02 1.626031066274534309e+00
8.560000000000000000e+02 1.626053211743921256e+00
8.570000000000000000e+02 1.626075352031508103e+00
8.580000000000000000e+02 1.626097487137294628e+00
8.590000000000000000e+02 1.626119617061281053e+00
8.600000000000000000e+02 1.626141741803467156e+00
8.610000000000000000e+02 1.626163861363853158e+00
8.620000000000000000e+02 1.626185975742438838e+00
8.630000000000000000e+02 1.626208084939224419e+00
8.640000000000000000e+02 1.626230188954209677e+00
8.650000000000000000e+02 1.626252287787394613e+00
8.660000000000000000e+02 1.626274381438779448e+00
8.670000000000000000e+02 1.626296469908364184e+00
8.680000000000000000e+02 1.626318553196148597e+00
8.690000000000000000e+02 1.626340631302132689e+00
8.700000000000000000e+02 1.626362704226316680e+00
8.710000000000000000e+02 1.626384771968700571e+00
8.720000000000000000e+02 1.626406834529284140e+00
8.730000000000000000e+02 1.626428891908067387e+00
8.740000000000000000e+02 1.626450944105050533e+00
8.750000000000000000e+02 1.626472991120233580e+00
8.760000000000000000e+02 1.626495032953616304e+00
8.770000000000000000e+02 1.626517069605198706e+00
8.780000000000000000e+02 1.626539101074981009e+00
8.790000000000000000e+02 1.626561127362962988e+00
8.800000000000000000e+02 1.626583148469144868e+00
8.810000000000000000e+02 1.626605164393526426e+00
8.820000000000000000e+02 1.626627175136107883e+00
8.830000000000000000e+02 1.626649180696889019e+00
8.840000000000000000e+02 1.626671181075870054e+00
8.850000000000000000e+02 1.626693176273050767e+00
8.860000000000000000e+02 1.626715166288431380e+00
8.870000000000000000e+02 1.626737151122011671e+00
8.880000000000000000e+02 1.626759130773791862e+00
8.890000000000000000e+02 1.626781105243771730e+00
8.900000000000000000e+02 1.626803074531951498e+00
8.910000000000000000e+02 1.626825038638330945e+00
8.920000000000000000e+02 1.626846997562910291e+00
8.930000000000000000e+02 1.626868951305689315e+00
8.940000000000000000e+02 1.626890899866668017e+00
8.950000000000000000e+02 1.626912843245846618e+00
8.960000000000000000e+02 1.626934781443225120e+00
8.970000000000000000e+02 1.626956714458803299e+00
8.980000000000000000e+02 1.626978642292581378e+00
8.990000000000000000e+02 1.627000564944559136e+00
9.000000000000000000e+02 1.627022482414736571e+00
9.010000000000000000e+02 1.627044394703113905e+00
9.020000000000000000e+02 1.627066301809691140e+00
9.030000000000000000e+02 1.627088203734468053e+00
9.040000000000000000e+02 1.627110100477444643e+00
9.050000000000000000e+02 1.627131992038621133e+00
9.060000000000000000e+02 1.627153878417997301e+00
9.070000000000000000e+02 1.627175759615573369e+00
9.080000000000000000e+02 1.627197635631349337e+00
9.090000000000000000e+02 1.627219506465324761e+00
9.100000000000000000e+02 1.627241372117500307e+00
9.110000000000000000e+02 1.627263232587875530e+00
9.120000000000000000e+02 1.627285087876450431e+00
9.130000000000000000e+02 1.627306937983225232e+00
9.140000000000000000e+02 1.627328782908199711e+00
9.150000000000000000e+02 1.627350622651374090e+00
9.160000000000000000e+02 1.627372457212748147e+00
9.170000000000000000e+02 1.627394286592322104e+00
9.180000000000000000e+02 1.627416110790095738e+00
9.190000000000000000e+02 1.627437929806069050e+00
9.200000000000000000e+02 1.627459743640242484e+00
9.210000000000000000e+02 1.627481552292615374e+00
9.220000000000000000e+02 1.627503355763188164e+00
9.230000000000000000e+02 1.627525154051960854e+00
9.240000000000000000e+02 1.627546947158933222e+00
9.250000000000000000e+02 1.627568735084105489e+00
9.260000000000000000e+02 1.627590517827477434e+00
9.270000000000000000e+02 1.627612295389049057e+00
9.280000000000000000e+02 1.627634067768820580e+00
9.290000000000000000e+02 1.627655834966792003e+00
9.300000000000000000e+02 1.627677596982963104e+00
9.310000000000000000e+02 1.627699353817333883e+00
9.320000000000000000e+02 1.627721105469904561e+00
9.330000000000000000e+02 1.627742851940675139e+00
9.340000000000000000e+02 1.627764593229645396e+00
9.350000000000000000e+02 1.627786329336815330e+00
9.360000000000000000e+02 1.627808060262185164e+00
9.370000000000000000e+02 1.627829786005754675e+00
9.380000000000000000e+02 1.627851506567524087e+00
9.390000000000000000e+02 1.627873221947493398e+00
9.400000000000000000e+02 1.627894932145662166e+00
9.410000000000000000e+02 1.627916637162031055e+00
9.420000000000000000e+02 1.627938336996599622e+00
9.430000000000000000e+02 1.627960031649367867e+00
9.440000000000000000e+02 1.627981721120336012e+00
9.450000000000000000e+02 1.628003405409503834e+00
9.460000000000000000e+02 1.628025084516871557e+00
9.470000000000000000e+02 1.628046758442438957e+00
9.480000000000000000e+02 1.628068427186206035e+00
9.490000000000000000e+02 1.628090090748173235e+00
9.500000000000000000e+02 1.628111749128339891e+00
9.510000000000000000e+02 1.628133402326706447e+00
9.520000000000000000e+02 1.628155050343272903e+00
9.530000000000000000e+02 1.628176693178039036e+00
9.540000000000000000e+02 1.628198330831005070e+00
9.550000000000000000e+02 1.628219963302170781e+00
9.560000000000000000e+02 1.628241590591536170e+00
9.570000000000000000e+02 1.628263212699101459e+00
9.580000000000000000e+02 1.628284829624866648e+00
9.590000000000000000e+02 1.628306441368831514e+00
9.600000000000000000e+02 1.628328047930996281e+00
9.610000000000000000e+02 1.628349649311360725e+00
9.620000000000000000e+02 1.628371245509924847e+00
9.630000000000000000e+02 1.628392836526688869e+00
9.640000000000000000e+02 1.628414422361652569e+00
9.650000000000000000e+02 1.628436003014816169e+00
9.660000000000000000e+02 1.628457578486179669e+00
9.670000000000000000e+02 1.628479148775742846e+00
9.680000000000000000e+02 1.628500713883505702e+00
9.690000000000000000e+02 1.628522273809468457e+00
9.700000000000000000e+02 1.628543828553630890e+00
9.710000000000000000e+02 1.628565378115993223e+00
9.720000000000000000e+02 1.628586922496555234e+00
9.730000000000000000e+02 1.628608461695317144e+00
9.740000000000000000e+02 1.628629995712278733e+00
9.750000000000000000e+02 1.628651524547440221e+00
9.760000000000000000e+02 1.628673048200801388e+00
9.770000000000000000e+02 1.628694566672362454e+00
9.780000000000000000e+02 1.628716079962123198e+00
9.790000000000000000e+02 1.628737588070083842e+00
9.800000000000000000e+02 1.628759090996244163e+00
9.810000000000000000e+02 1.628780588740604385e+00
9.820000000000000000e+02 1.628802081303164284e+00
9.830000000000000000e+02 1.628823568683923861e+00
9.840000000000000000e+02 1.628845050882883561e+00
9.850000000000000000e+02 1.628866527900042716e+00
9.860000000000000000e+02 1.628887999735401770e+00
9.870000000000000000e+02 1.628909466388960725e+00
9.880000000000000000e+02 1.628930927860719358e+00
9.890000000000000000e+02 1.628952384150677668e+00
9.900000000000000000e+02 1.628973835258835878e+00
9.910000000000000000e+02 1.628995281185193988e+00
9.920000000000000000e+02 1.629016721929751776e+00
9.930000000000000000e+02 1.629038157492509242e+00
9.940000000000000000e+02 1.629059587873466608e+00
9.950000000000000000e+02 1.629081013072623652e+00
9.960000000000000000e+02 1.629102433089980595e+00
9.970000000000000000e+02 1.629123847925537438e+00
9.980000000000000000e+02 1.629145257579293959e+00
9.990000000000000000e+02 1.629166662051250158e+00
1.000000000000000000e+03 1.629188061341406257e+00
1.001000000000000000e+03 1.629209455449762034e+00
1.002000000000000000e+03 1.629230844376317711e+00
1.003000000000000000e+03 1.629252228121073065e+00
1.004000000000000000e+03 1.629273606684028319e+00
1.005000000000000000e+03 1.629294980065183251e+00
1.006000000000000000e+03 1.629316348264538084e+00
1.007000000000000000e+03 1.629337711282092593e+00
1.008000000000000000e+03 1.629359069117847003e+00
1.009000000000000000e+03 1.629380421771801091e+00
1.010000000000000000e+03 1.629401769243955078e+00
1.011000000000000000e+03 1.629423111534308743e+00
1.012000000000000000e+03 1.629444448642862309e+00
1.013000000000000000e+03 1.629465780569615552e+00
1.014000000000000000e+03 1.629487107314568473e+00
1.015000000000000000e+03 1.629508428877721293e+00
1.016000000000000000e+03 1.629529745259074014e+00
1.017000000000000000e+03 1.629551056458626412e+00
1.018000000000000000e+03 1.629572362476378489e+00
1.019000000000000000e+03 1.629593663312330465e+00
1.020000000000000000e+03 1.629614958966482341e+00
1.021000000000000000e+03 1.629636249438833895e+00
1.022000000000000000e+03 1.629657534729385127e+00
