# order=4: data_wav [pixel], data_wavsolution [micron]
3.000000000000000000e+00 1.450525492631449698e+00
4.000000000000000000e+00 1.450549499408482879e+00
5.000000000000000000e+00 1.450573503276643139e+00
6.000000000000000000e+00 1.450597504235930479e+00
7.000000000000000000e+00 1.450621502286345121e+00
8.000000000000000000e+00 1.450645497427886843e+00
9.000000000000000000e+00 1.450669489660555866e+00
1.000000000000000000e+01 1.450693478984351970e+00
1.100000000000000000e+01 1.450717465399275374e+00
1.200000000000000000e+01 1.450741448905325859e+00
1.300000000000000000e+01 1.450765429502503423e+00
1.400000000000000000e+01 1.450789407190808289e+00
1.500000000000000000e+01 1.450813381970240235e+00
1.600000000000000000e+01 1.450837353840799482e+00
1.700000000000000000e+01 1.450861322802485809e+00
1.800000000000000000e+01 1.450885288855299438e+00
1.900000000000000000e+01 1.450909251999240146e+00
2.000000000000000000e+01 1.450933212234307934e+00
2.100000000000000000e+01 1.450957169560503024e+00
2.200000000000000000e+01 1.450981123977825415e+00
2.300000000000000000e+01 1.451005075486274665e+00
2.400000000000000000e+01 1.451029024085851438e+00
2.500000000000000000e+01 1.451052969776555068e+00
2.600000000000000000e+01 1.451076912558386001e+00
2.700000000000000000e+01 1.451100852431344235e+00
2.800000000000000000e+01 1.451124789395429548e+00
2.900000000000000000e+01 1.451148723450641942e+00
3.000000000000000000e+01 1.451172654596981637e+00
3.100000000000000000e+01 1.451196582834448412e+00
3.200000000000000000e+01 1.451220508163042489e+00
3.300000000000000000e+01 1.451244430582763645e+00
3.400000000000000000e+01 1.451268350093612103e+00
3.500000000000000000e+01 1.451292266695587641e+00
3.600000000000000000e+01 1.451316180388690258e+00
3.700000000000000000e+01 1.451340091172920177e+00
3.800000000000000000e+01 1.451363999048277176e+00
3.900000000000000000e+01 1.451387904014761476e+00
4.000000000000000000e+01 1.451411806072372856e+00
4.100000000000000000e+01 1.451435705221111538e+00
4.200000000000000000e+01 1.451459601460977300e+00
4.300000000000000000e+01 1.451483494791970141e+00
4.400000000000000000e+01 1.451507385214090284e+00
4.500000000000000000e+01 1.451531272727337507e+00
4.600000000000000000e+01 1.451555157331712032e+00
4.700000000000000000e+01 1.451579039027213636e+00
4.800000000000000000e+01 1.451602917813842542e+00
4.900000000000000000e+01 1.451626793691598527e+00
5.000000000000000000e+01 1.451650666660481592e+00
5.100000000000000000e+01 1.451674536720491959e+00
5.200000000000000000e+01 1.451698403871629406e+00
5.300000000000000000e+01 1.451722268113894154e+00
5.400000000000000000e+01 1.451746129447285982e+00
5.500000000000000000e+01 1.451769987871805112e+00
5.600000000000000000e+01 1.451793843387451322e+00
5.700000000000000000e+01 1.451817695994224833e+00
5.800000000000000000e+01 1.451841545692125202e+00
5.900000000000000000e+01 1.451865392481153094e+00
6.000000000000000000e+01 1.451889236361308066e+00
6.100000000000000000e+01 1.451913077332590118e+00
6.200000000000000000e+01 1.451936915394999472e+00
6.300000000000000000e+01 1.451960750548535906e+00
6.400000000000000000e+01 1.451984582793199419e+00
6.500000000000000000e+01 1.452008412128990233e+00
6.600000000000000000e+01 1.452032238555908350e+00
6.700000000000000000e+01 1.452056062073953324e+00
6.800000000000000000e+01 1.452079882683125822e+00
6.900000000000000000e+01 1.452103700383425178e+00
7.000000000000000000e+01 1.452127515174851835e+00
7.100000000000000000e+01 1.452151327057405794e+00
7.200000000000000000e+01 1.452175136031086833e+00
7.300000000000000000e+01 1.452198942095894951e+00
7.400000000000000000e+01 1.452222745251830371e+00
7.500000000000000000e+01 1.452246545498893093e+00
7.600000000000000000e+01 1.452270342837082673e+00
7.700000000000000000e+01 1.452294137266399554e+00
7.800000000000000000e+01 1.452317928786843737e+00
7.900000000000000000e+01 1.452341717398415000e+00
8.000000000000000000e+01 1.452365503101113342e+00
8.100000000000000000e+01 1.452389285894938986e+00
8.200000000000000000e+01 1.452413065779891932e+00
8.300000000000000000e+01 1.452436842755971735e+00
8.400000000000000000e+01 1.452460616823179063e+00
8.500000000000000000e+01 1.452484387981513247e+00
8.600000000000000000e+01 1.452508156230974734e+00
8.700000000000000000e+01 1.452531921571563522e+00
8.800000000000000000e+01 1.452555684003279390e+00
8.900000000000000000e+01 1.452579443526122338e+00
9.000000000000000000e+01 1.452603200140092587e+00
9.100000000000000000e+01 1.452626953845189917e+00
9.200000000000000000e+01 1.452650704641414547e+00
9.300000000000000000e+01 1.452674452528766258e+00
9.400000000000000000e+01 1.452698197507245048e+00
9.500000000000000000e+01 1.452721939576851140e+00
9.600000000000000000e+01 1.452745678737584312e+00
9.700000000000000000e+01 1.452769414989444785e+00
9.800000000000000000e+01 1.452793148332432560e+00
9.900000000000000000e+01 1.452816878766547193e+00
1.000000000000000000e+02 1.452840606291789127e+00
1.010000000000000000e+02 1.452864330908158363e+00
1.020000000000000000e+02 1.452888052615654679e+00
1.030000000000000000e+02 1.452911771414278075e+00
1.040000000000000000e+02 1.452935487304028772e+00
1.050000000000000000e+02 1.452959200284906549e+00
1.060000000000000000e+02 1.452982910356911628e+00
1.070000000000000000e+02 1.453006617520043786e+00
1.080000000000000000e+02 1.453030321774303246e+00
1.090000000000000000e+02 1.453054023119689786e+00
1.100000000000000000e+02 1.453077721556203405e+00
1.110000000000000000e+02 1.453101417083844327e+00
1.120000000000000000e+02 1.453125109702612328e+00
1.130000000000000000e+02 1.453148799412507630e+00
1.140000000000000000e+02 1.453172486213530012e+00
1.150000000000000000e+02 1.453196170105679697e+00
1.160000000000000000e+02 1.453219851088956460e+00
1.170000000000000000e+02 1.453243529163360304e+00
1.180000000000000000e+02 1.453267204328891449e+00
1.190000000000000000e+02 1.453290876585549896e+00
1.200000000000000000e+02 1.453314545933335200e+00
1.210000000000000000e+02 1.453338212372248028e+00
1.220000000000000000e+02 1.453361875902287714e+00
1.230000000000000000e+02 1.453385536523454702e+00
1.240000000000000000e+02 1.453409194235748991e+00
1.250000000000000000e+02 1.453432849039170360e+00
1.260000000000000000e+02 1.453456500933718809e+00
1.270000000000000000e+02 1.453480149919394560e+00
1.280000000000000000e+02 1.453503795996197390e+00
1.290000000000000000e+02 1.453527439164127522e+00
1.300000000000000000e+02 1.453551079423184733e+00
1.310000000000000000e+02 1.453574716773369024e+00
1.320000000000000000e+02 1.453598351214680617e+00
1.330000000000000000e+02 1.453621982747119512e+00
1.340000000000000000e+02 1.453645611370685264e+00
1.350000000000000000e+02 1.453669237085378541e+00
1.360000000000000000e+02 1.453692859891198674e+00
1.370000000000000000e+02 1.453716479788146110e+00
1.380000000000000000e+02 1.453740096776220847e+00
1.390000000000000000e+02 1.453763710855422664e+00
1.400000000000000000e+02 1.453787322025751561e+00
1.410000000000000000e+02 1.453810930287207759e+00
1.420000000000000000e+02 1.453834535639791259e+00
1.430000000000000000e+02 1.453858138083501617e+00
1.440000000000000000e+02 1.453881737618339276e+00
1.450000000000000000e+02 1.453905334244304237e+00
1.460000000000000000e+02 1.453928927961396278e+00
1.470000000000000000e+02 1.453952518769615398e+00
1.480000000000000000e+02 1.453976106668961821e+00
1.490000000000000000e+02 1.453999691659435545e+00
1.500000000000000000e+02 1.454023273741036126e+00
1.510000000000000000e+02 1.454046852913764232e+00
1.520000000000000000e+02 1.454070429177619195e+00
1.530000000000000000e+02 1.454094002532601460e+00
1.540000000000000000e+02 1.454117572978711026e+00
1.550000000000000000e+02 1.454141140515947672e+00
1.560000000000000000e+02 1.454164705144311398e+00
1.570000000000000000e+02 1.454188266863802426e+00
1.580000000000000000e+02 1.454211825674420533e+00
1.590000000000000000e+02 1.454235381576165942e+00
1.600000000000000000e+02 1.454258934569038431e+00
1.610000000000000000e+02 1.454282484653037999e+00
1.620000000000000000e+02 1.454306031828164869e+00
1.630000000000000000e+02 1.454329576094419041e+00
1.640000000000000000e+02 1.454353117451800070e+00
1.650000000000000000e+02 1.454376655900308624e+00
1.660000000000000000e+02 1.454400191439944034e+00
1.670000000000000000e+02 1.454423724070706747e+00
1.680000000000000000e+02 1.454447253792596761e+00
1.690000000000000000e+02 1.454470780605613855e+00
1.700000000000000000e+02 1.454494304509758029e+00
1.710000000000000000e+02 1.454517825505029505e+00
1.720000000000000000e+02 1.454541343591428060e+00
1.730000000000000000e+02 1.454564858768953917e+00
1.740000000000000000e+02 1.454588371037606853e+00
1.750000000000000000e+02 1.454611880397387091e+00
1.760000000000000000e+02 1.454635386848294409e+00
1.770000000000000000e+02 1.454658890390328807e+00
1.780000000000000000e+02 1.454682391023490506e+00
1.790000000000000000e+02 1.454705888747779285e+00
1.800000000000000000e+02 1.454729383563195366e+00
1.810000000000000000e+02 1.454752875469738527e+00
1.820000000000000000e+02 1.454776364467408989e+00
1.830000000000000000e+02 1.454799850556206531e+00
1.840000000000000000e+02 1.454823333736131152e+00
1.850000000000000000e+02 1.454846814007183076e+00
1.860000000000000000e+02 1.454870291369362301e+00
1.870000000000000000e+02 1.454893765822668383e+00
1.880000000000000000e+02 1.454917237367101768e+00
1.890000000000000000e+02 1.454940706002662454e+00
1.900000000000000000e+02 1.454964171729350220e+00
1.910000000000000000e+02 1.454987634547165287e+00
1.920000000000000000e+02 1.455011094456107434e+00
1.930000000000000000e+02 1.455034551456176661e+00
1.940000000000000000e+02 1.455058005547373190e+00
1.950000000000000000e+02 1.455081456729696798e+00
1.960000000000000000e+02 1.455104905003147708e+00
1.970000000000000000e+02 1.455128350367725698e+00
1.980000000000000000e+02 1.455151792823430767e+00
1.990000000000000000e+02 1.455175232370263139e+00
2.000000000000000000e+02 1.455198669008222812e+00
2.010000000000000000e+02 1.455222102737309342e+00
2.020000000000000000e+02 1.455245533557523396e+00
2.030000000000000000e+02 1.455268961468864308e+00
2.040000000000000000e+02 1.455292386471332522e+00
2.050000000000000000e+02 1.455315808564928037e+00
2.060000000000000000e+02 1.455339227749650632e+00
2.070000000000000000e+02 1.455362644025500307e+00
2.080000000000000000e+02 1.455386057392477284e+00
2.090000000000000000e+02 1.455409467850581340e+00
2.100000000000000000e+02 1.455432875399812698e+00
2.110000000000000000e+02 1.455456280040171135e+00
2.120000000000000000e+02 1.455479681771656875e+00
2.130000000000000000e+02 1.455503080594269694e+00
2.140000000000000000e+02 1.455526476508009592e+00
2.150000000000000000e+02 1.455549869512876793e+00
2.160000000000000000e+02 1.455573259608871295e+00
2.170000000000000000e+02 1.455596646795992655e+00
2.180000000000000000e+02 1.455620031074241316e+00
2.190000000000000000e+02 1.455643412443617279e+00
2.200000000000000000e+02 1.455666790904120322e+00
2.210000000000000000e+02 1.455690166455750667e+00
2.220000000000000000e+02 1.455713539098507869e+00
2.230000000000000000e+02 1.455736908832392595e+00
2.240000000000000000e+02 1.455760275657404401e+00
2.250000000000000000e+02 1.455783639573543287e+00
2.260000000000000000e+02 1.455807000580809252e+00
2.270000000000000000e+02 1.455830358679202519e+00
2.280000000000000000e+02 1.455853713868723087e+00
2.290000000000000000e+02 1.455877066149370735e+00
2.300000000000000000e+02 1.455900415521145463e+00
2.310000000000000000e+02 1.455923761984047493e+00
2.320000000000000000e+02 1.455947105538076602e+00
2.330000000000000000e+02 1.455970446183233014e+00
2.340000000000000000e+02 1.455993783919516504e+00
2.350000000000000000e+02 1.456017118746927297e+00
2.360000000000000000e+02 1.456040450665465169e+00
2.370000000000000000e+02 1.456063779675130121e+00
2.380000000000000000e+02 1.456087105775922375e+00
2.390000000000000000e+02 1.456110428967841708e+00
2.400000000000000000e+02 1.456133749250888343e+00
2.410000000000000000e+02 1.456157066625062058e+00
2.420000000000000000e+02 1.456180381090362852e+00
2.430000000000000000e+02 1.456203692646790948e+00
2.440000000000000000e+02 1.456227001294346346e+00
2.450000000000000000e+02 1.456250307033028824e+00
2.460000000000000000e+02 1.456273609862838381e+00
2.470000000000000000e+02 1.456296909783775240e+00
2.480000000000000000e+02 1.456320206795839178e+00
2.490000000000000000e+02 1.456343500899030419e+00
2.500000000000000000e+02 1.456366792093348739e+00
2.510000000000000000e+02 1.456390080378794138e+00
2.520000000000000000e+02 1.456413365755366840e+00
2.530000000000000000e+02 1.456436648223066621e+00
2.540000000000000000e+02 1.456459927781893704e+00
2.550000000000000000e+02 1.456483204431847867e+00
2.560000000000000000e+02 1.456506478172929331e+00
2.570000000000000000e+02 1.456529749005137875e+00
2.580000000000000000e+02 1.456553016928473498e+00
2.590000000000000000e+02 1.456576281942936424e+00
2.600000000000000000e+02 1.456599544048526651e+00
2.610000000000000000e+02 1.456622803245243736e+00
2.620000000000000000e+02 1.456646059533088344e+00
2.630000000000000000e+02 1.456669312912059810e+00
2.640000000000000000e+02 1.456692563382158578e+00
2.650000000000000000e+02 1.456715810943384648e+00
2.660000000000000000e+02 1.456739055595737797e+00
2.670000000000000000e+02 1.456762297339218026e+00
2.680000000000000000e+02 1.456785536173825557e+00
2.690000000000000000e+02 1.456808772099560167e+00
2.700000000000000000e+02 1.456832005116422080e+00
2.710000000000000000e+02 1.456855235224411071e+00
2.720000000000000000e+02 1.456878462423527365e+00
2.730000000000000000e+02 1.456901686713770738e+00
2.740000000000000000e+02 1.456924908095141191e+00
2.750000000000000000e+02 1.456948126567638946e+00
2.760000000000000000e+02 1.456971342131263780e+00
2.770000000000000000e+02 1.456994554786015916e+00
2.780000000000000000e+02 1.457017764531895132e+00
2.790000000000000000e+02 1.457040971368901650e+00
2.800000000000000000e+02 1.457064175297035247e+00
2.810000000000000000e+02 1.457087376316295924e+00
2.820000000000000000e+02 1.457110574426683902e+00
2.830000000000000000e+02 1.457133769628198960e+00
2.840000000000000000e+02 1.457156961920841320e+00
2.850000000000000000e+02 1.457180151304610760e+00
2.860000000000000000e+02 1.457203337779507502e+00
2.870000000000000000e+02 1.457226521345531323e+00
2.880000000000000000e+02 1.457249702002682223e+00
2.890000000000000000e+02 1.457272879750960426e+00
2.900000000000000000e+02 1.457296054590365708e+00
2.910000000000000000e+02 1.457319226520898292e+00
2.920000000000000000e+02 1.457342395542557956e+00
2.930000000000000000e+02 1.457365561655344921e+00
2.940000000000000000e+02 1.457388724859258966e+00
2.950000000000000000e+02 1.457411885154300313e+00
2.960000000000000000e+02 1.457435042540468739e+00
2.970000000000000000e+02 1.457458197017764245e+00
2.980000000000000000e+02 1.457481348586187053e+00
2.990000000000000000e+02 1.457504497245736941e+00
3.000000000000000000e+02 1.457527642996414130e+00
3.010000000000000000e+02 1.457550785838218399e+00
3.020000000000000000e+02 1.457573925771149748e+00
3.030000000000000000e+02 1.457597062795208398e+00
3.040000000000000000e+02 1.457620196910394350e+00
3.050000000000000000e+02 1.457643328116707160e+00
3.060000000000000000e+02 1.457666456414147493e+00
3.070000000000000000e+02 1.457689581802714684e+00
3.080000000000000000e+02 1.457712704282409177e+00
3.090000000000000000e+02 1.457735823853230972e+00
3.100000000000000000e+02 1.457758940515179846e+00
3.110000000000000000e+02 1.457782054268255800e+00
3.120000000000000000e+02 1.457805165112459056e+00
3.130000000000000000e+02 1.457828273047789613e+00
3.140000000000000000e+02 1.457851378074247028e+00
3.150000000000000000e+02 1.457874480191831745e+00
3.160000000000000000e+02 1.457897579400543764e+00
3.170000000000000000e+02 1.457920675700382862e+00
3.180000000000000000e+02 1.457943769091349262e+00
3.190000000000000000e+02 1.457966859573442520e+00
3.200000000000000000e+02 1.457989947146663301e+00
3.210000000000000000e+02 1.458013031811010940e+00
3.220000000000000000e+02 1.458036113566486103e+00
3.230000000000000000e+02 1.458059192413088123e+00
3.240000000000000000e+02 1.458082268350817445e+00
3.250000000000000000e+02 1.458105341379674069e+00
3.260000000000000000e+02 1.458128411499657773e+00
3.270000000000000000e+02 1.458151478710768556e+00
3.280000000000000000e+02 1.458174543013006641e+00
3.290000000000000000e+02 1.458197604406371806e+00
3.300000000000000000e+02 1.458220662890864272e+00
3.310000000000000000e+02 1.458243718466483818e+00
3.320000000000000000e+02 1.458266771133230444e+00
3.330000000000000000e+02 1.458289820891104371e+00
3.340000000000000000e+02 1.458312867740105601e+00
3.350000000000000000e+02 1.458335911680233687e+00
3.360000000000000000e+02 1.458358952711489298e+00
3.370000000000000000e+02 1.458381990833871766e+00
3.380000000000000000e+02 1.458405026047381536e+00
3.390000000000000000e+02 1.458428058352018608e+00
3.400000000000000000e+02 1.458451087747782760e+00
3.410000000000000000e+02 1.458474114234673991e+00
3.420000000000000000e+02 1.458497137812692523e+00
3.430000000000000000e+02 1.458520158481838358e+00
3.440000000000000000e+02 1.458543176242111050e+00
3.450000000000000000e+02 1.458566191093511044e+00
3.460000000000000000e+02 1.458589203036038340e+00
3.470000000000000000e+02 1.458612212069692715e+00
3.480000000000000000e+02 1.458635218194474170e+00
3.490000000000000000e+02 1.458658221410382927e+00
3.500000000000000000e+02 1.458681221717418985e+00
3.510000000000000000e+02 1.458704219115581902e+00
3.520000000000000000e+02 1.458727213604872119e+00
3.530000000000000000e+02 1.458750205185289639e+00
3.540000000000000000e+02 1.458773193856834238e+00
3.550000000000000000e+02 1.458796179619506139e+00
3.560000000000000000e+02 1.458819162473304898e+00
3.570000000000000000e+02 1.458842142418231180e+00
3.580000000000000000e+02 1.458865119454284542e+00
3.590000000000000000e+02 1.458888093581464984e+00
3.600000000000000000e+02 1.458911064799772506e+00
3.610000000000000000e+02 1.458934033109207329e+00
3.620000000000000000e+02 1.458956998509769454e+00
3.630000000000000000e+02 1.458979961001458658e+00
3.640000000000000000e+02 1.459002920584274943e+00
3.650000000000000000e+02 1.459025877258218529e+00
3.660000000000000000e+02 1.459048831023289194e+00
3.670000000000000000e+02 1.459071781879487162e+00
3.680000000000000000e+02 1.459094729826812209e+00
3.690000000000000000e+02 1.459117674865264558e+00
3.700000000000000000e+02 1.459140616994843764e+00
3.710000000000000000e+02 1.459163556215550495e+00
3.720000000000000000e+02 1.459186492527384305e+00
3.730000000000000000e+02 1.459209425930345194e+00
3.740000000000000000e+02 1.459232356424433386e+00
3.750000000000000000e+02 1.459255284009648657e+00
3.760000000000000000e+02 1.459278208685991007e+00
3.770000000000000000e+02 1.459301130453460660e+00
3.780000000000000000e+02 1.459324049312057614e+00
3.790000000000000000e+02 1.459346965261781648e+00
3.800000000000000000e+02 1.459369878302632761e+00
3.810000000000000000e+02 1.459392788434611177e+00
3.820000000000000000e+02 1.459415695657716672e+00
3.830000000000000000e+02 1.459438599971949246e+00
3.840000000000000000e+02 1.459461501377309123e+00
3.850000000000000000e+02 1.459484399873796301e+00
3.860000000000000000e+02 1.459507295461410559e+00
3.870000000000000000e+02 1.459530188140151896e+00
3.880000000000000000e+02 1.459553077910020535e+00
3.890000000000000000e+02 1.459575964771016254e+00
3.900000000000000000e+02 1.459598848723139275e+00
3.910000000000000000e+02 1.459621729766389375e+00
3.920000000000000000e+02 1.459644607900766555e+00
3.930000000000000000e+02 1.459667483126271037e+00
3.940000000000000000e+02 1.459690355442902598e+00
3.950000000000000000e+02 1.459713224850661462e+00
3.960000000000000000e+02 1.459736091349547404e+00
3.970000000000000000e+02 1.459758954939560649e+00
3.980000000000000000e+02 1.459781815620700973e+00
3.990000000000000000e+02 1.459804673392968599e+00
4.000000000000000000e+02 1.459827528256363083e+00
4.010000000000000000e+02 1.459850380210885090e+00
4.020000000000000000e+02 1.459873229256534177e+00
4.030000000000000000e+02 1.459896075393310344e+00
4.040000000000000000e+02 1.459918918621213813e+00
4.050000000000000000e+02 1.459941758940244361e+00
4.060000000000000000e+02 1.459964596350401989e+00
4.070000000000000000e+02 1.459987430851686918e+00
4.080000000000000000e+02 1.460010262444099149e+00
4.090000000000000000e+02 1.460033091127638238e+00
4.100000000000000000e+02 1.460055916902304851e+00
4.110000000000000000e+02 1.460078739768098322e+00
4.120000000000000000e+02 1.460101559725019316e+00
4.130000000000000000e+02 1.460124376773067167e+00
4.140000000000000000e+02 1.460147190912242321e+00
4.150000000000000000e+02 1.460170002142544776e+00
4.160000000000000000e+02 1.460192810463974089e+00
4.170000000000000000e+02 1.460215615876530926e+00
4.180000000000000000e+02 1.460238418380214620e+00
4.190000000000000000e+02 1.460261217975025838e+00
4.200000000000000000e+02 1.460284014660963914e+00
4.210000000000000000e+02 1.460306808438029291e+00
4.220000000000000000e+02 1.460329599306221970e+00
4.230000000000000000e+02 1.460352387265541729e+00
4.240000000000000000e+02 1.460375172315988568e+00
4.250000000000000000e+02 1.460397954457562708e+00
4.260000000000000000e+02 1.460420733690263928e+00
4.270000000000000000e+02 1.460443510014092450e+00
4.280000000000000000e+02 1.460466283429048051e+00
4.290000000000000000e+02 1.460489053935130732e+00
4.300000000000000000e+02 1.460511821532340715e+00
4.310000000000000000e+02 1.460534586220677777e+00
4.320000000000000000e+02 1.460557348000142142e+00
4.330000000000000000e+02 1.460580106870733585e+00
4.340000000000000000e+02 1.460602862832452331e+00
4.350000000000000000e+02 1.460625615885298156e+00
4.360000000000000000e+02 1.460648366029271283e+00
4.370000000000000000e+02 1.460671113264371490e+00
4.380000000000000000e+02 1.460693857590598776e+00
4.390000000000000000e+02 1.460716599007953365e+00
4.400000000000000000e+02 1.460739337516435032e+00
4.410000000000000000e+02 1.460762073116044002e+00
4.420000000000000000e+02 1.460784805806780051e+00
4.430000000000000000e+02 1.460807535588643180e+00
4.440000000000000000e+02 1.460830262461633611e+00
4.450000000000000000e+02 1.460852986425751343e+00
4.460000000000000000e+02 1.460875707480996155e+00
4.470000000000000000e+02 1.460898425627368047e+00
4.480000000000000000e+02 1.460921140864867240e+00
4.490000000000000000e+02 1.460943853193493513e+00
4.500000000000000000e+02 1.460966562613246866e+00
4.510000000000000000e+02 1.460989269124127521e+00
4.520000000000000000e+02 1.461011972726135477e+00
4.530000000000000000e+02 1.461034673419270513e+00
4.540000000000000000e+02 1.461057371203532629e+00
4.550000000000000000e+02 1.461080066078922046e+00
4.560000000000000000e+02 1.461102758045438543e+00
4.570000000000000000e+02 1.461125447103082342e+00
4.580000000000000000e+02 1.461148133251853221e+00
4.590000000000000000e+02 1.461170816491751179e+00
4.600000000000000000e+02 1.461193496822776439e+00
4.610000000000000000e+02 1.461216174244928778e+00
4.620000000000000000e+02 1.461238848758208420e+00
4.630000000000000000e+02 1.461261520362615141e+00
4.640000000000000000e+02 1.461284189058149163e+00
4.650000000000000000e+02 1.461306854844810266e+00
4.660000000000000000e+02 1.461329517722598670e+00
4.670000000000000000e+02 1.461352177691513932e+00
4.680000000000000000e+02 1.461374834751556717e+00
4.690000000000000000e+02 1.461397488902726582e+00
4.700000000000000000e+02 1.461420140145023527e+00
4.710000000000000000e+02 1.461442788478447774e+00
4.720000000000000000e+02 1.461465433902999100e+00
4.730000000000000000e+02 1.461488076418677506e+00
4.740000000000000000e+02 1.461510716025483214e+00
4.750000000000000000e+02 1.461533352723416224e+00
4.760000000000000000e+02 1.461555986512476091e+00
4.770000000000000000e+02 1.461578617392663482e+00
4.780000000000000000e+02 1.461601245363977730e+00
4.790000000000000000e+02 1.461623870426419280e+00
4.800000000000000000e+02 1.461646492579988132e+00
4.810000000000000000e+02 1.461669111824684064e+00
4.820000000000000000e+02 1.461691728160507076e+00
4.830000000000000000e+02 1.461714341587457389e+00
4.840000000000000000e+02 1.461736952105535003e+00
4.850000000000000000e+02 1.461759559714739476e+00
4.860000000000000000e+02 1.461782164415071472e+00
4.870000000000000000e+02 1.461804766206530326e+00
4.880000000000000000e+02 1.461827365089116482e+00
4.890000000000000000e+02 1.461849961062829939e+00
4.900000000000000000e+02 1.461872554127670476e+00
4.910000000000000000e+02 1.461895144283638093e+00
4.920000000000000000e+02 1.461917731530733011e+00
4.930000000000000000e+02 1.461940315868955009e+00
4.940000000000000000e+02 1.461962897298304087e+00
4.950000000000000000e+02 1.461985475818780467e+00
4.960000000000000000e+02 1.462008051430384148e+00
4.970000000000000000e+02 1.462030624133114909e+00
4.980000000000000000e+02 1.462053193926972749e+00
4.990000000000000000e+02 1.462075760811957892e+00
5.000000000000000000e+02 1.462098324788070114e+00
5.010000000000000000e+02 1.462120885855309638e+00
5.020000000000000000e+02 1.462143444013676241e+00
5.030000000000000000e+02 1.462165999263170146e+00
5.040000000000000000e+02 1.462188551603790909e+00
5.050000000000000000e+02 1.462211101035539196e+00
5.060000000000000000e+02 1.462233647558414562e+00
5.070000000000000000e+02 1.462256191172417008e+00
5.080000000000000000e+02 1.462278731877546756e+00
5.090000000000000000e+02 1.462301269673803583e+00
5.100000000000000000e+02 1.462323804561187490e+00
5.110000000000000000e+02 1.462346336539698699e+00
5.120000000000000000e+02 1.462368865609337210e+00
5.130000000000000000e+02 1.462391391770102800e+00
5.140000000000000000e+02 1.462413915021995470e+00
5.150000000000000000e+02 1.462436435365015441e+00
5.160000000000000000e+02 1.462458952799162493e+00
5.170000000000000000e+02 1.462481467324436624e+00
5.180000000000000000e+02 1.462503978940838056e+00
5.190000000000000000e+02 1.462526487648366791e+00
5.200000000000000000e+02 1.462548993447022605e+00
5.210000000000000000e+02 1.462571496336805499e+00
5.220000000000000000e+02 1.462593996317715694e+00
5.230000000000000000e+02 1.462616493389752970e+00
5.240000000000000000e+02 1.462638987552917325e+00
5.250000000000000000e+02 1.462661478807208981e+00
5.260000000000000000e+02 1.462683967152627940e+00
5.270000000000000000e+02 1.462706452589173978e+00
5.280000000000000000e+02 1.462728935116847095e+00
5.290000000000000000e+02 1.462751414735647515e+00
5.300000000000000000e+02 1.462773891445575014e+00
5.310000000000000000e+02 1.462796365246629815e+00
5.320000000000000000e+02 1.462818836138811696e+00
5.330000000000000000e+02 1.462841304122120656e+00
5.340000000000000000e+02 1.462863769196556918e+00
5.350000000000000000e+02 1.462886231362120482e+00
5.360000000000000000e+02 1.462908690618810903e+00
5.370000000000000000e+02 1.462931146966628848e+00
5.380000000000000000e+02 1.462953600405573651e+00
5.390000000000000000e+02 1.462976050935645755e+00
5.400000000000000000e+02 1.462998498556845162e+00
5.410000000000000000e+02 1.463020943269171648e+00
5.420000000000000000e+02 1.463043385072625213e+00
5.430000000000000000e+02 1.463065823967206081e+00
5.440000000000000000e+02 1.463088259952914028e+00
5.450000000000000000e+02 1.463110693029749276e+00
5.460000000000000000e+02 1.463133123197711605e+00
5.470000000000000000e+02 1.463155550456801235e+00
5.480000000000000000e+02 1.463177974807017945e+00
5.490000000000000000e+02 1.463200396248361734e+00
5.500000000000000000e+02 1.463222814780832826e+00
5.510000000000000000e+02 1.463245230404430997e+00
5.520000000000000000e+02 1.463267643119156469e+00
5.530000000000000000e+02 1.463290052925009022e+00
5.540000000000000000e+02 1.463312459821988876e+00
5.550000000000000000e+02 1.463334863810095809e+00
5.560000000000000000e+02 1.463357264889329823e+00
5.570000000000000000e+02 1.463379663059691138e+00
5.580000000000000000e+02 1.463402058321179755e+00
5.590000000000000000e+02 1.463424450673795230e+00
5.600000000000000000e+02 1.463446840117538006e+00
5.610000000000000000e+02 1.463469226652408084e+00
5.620000000000000000e+02 1.463491610278405242e+00
5.630000000000000000e+02 1.463513990995529701e+00
5.640000000000000000e+02 1.463536368803781240e+00
5.650000000000000000e+02 1.463558743703159859e+00
5.660000000000000000e+02 1.463581115693665780e+00
5.670000000000000000e+02 1.463603484775298780e+00
5.680000000000000000e+02 1.463625850948059082e+00
5.690000000000000000e+02 1.463648214211946463e+00
5.700000000000000000e+02 1.463670574566960925e+00
5.710000000000000000e+02 1.463692932013102688e+00
5.720000000000000000e+02 1.463715286550371752e+00
5.730000000000000000e+02 1.463737638178767675e+00
5.740000000000000000e+02 1.463759986898291121e+00
5.750000000000000000e+02 1.463782332708941425e+00
5.760000000000000000e+02 1.463804675610719030e+00
5.770000000000000000e+02 1.463827015603623938e+00
5.780000000000000000e+02 1.463849352687655925e+00
5.790000000000000000e+02 1.463871686862814991e+00
5.800000000000000000e+02 1.463894018129101360e+00
5.810000000000000000e+02 1.463916346486514808e+00
5.820000000000000000e+02 1.463938671935055558e+00
5.830000000000000000e+02 1.463960994474723387e+00
5.840000000000000000e+02 1.463983314105518518e+00
5.850000000000000000e+02 1.464005630827440729e+00
5.860000000000000000e+02 1.464027944640490020e+00
5.870000000000000000e+02 1.464050255544666612e+00
5.880000000000000000e+02 1.464072563539970284e+00
5.890000000000000000e+02 1.464094868626401258e+00
5.900000000000000000e+02 1.464117170803959311e+00
5.910000000000000000e+02 1.464139470072644666e+00
5.920000000000000000e+02 1.464161766432457101e+00
5.930000000000000000e+02 1.464184059883396616e+00
5.940000000000000000e+02 1.464206350425463432e+00
5.950000000000000000e+02 1.464228638058657550e+00
5.960000000000000000e+02 1.464250922782978526e+00
5.970000000000000000e+02 1.464273204598427025e+00
5.980000000000000000e+02 1.464295483505002382e+00
5.990000000000000000e+02 1.464317759502705041e+00
6.000000000000000000e+02 1.464340032591535001e+00
6.010000000000000000e+02 1.464362302771492041e+00
6.020000000000000000e+02 1.464384570042576161e+00
6.030000000000000000e+02 1.464406834404787583e+00
6.040000000000000000e+02 1.464429095858126084e+00
6.050000000000000000e+02 1.464451354402591887e+00
6.060000000000000000e+02 1.464473610038184770e+00
6.070000000000000000e+02 1.464495862764904954e+00
6.080000000000000000e+02 1.464518112582751996e+00
6.090000000000000000e+02 1.464540359491726562e+00
6.100000000000000000e+02 1.464562603491828208e+00
6.110000000000000000e+02 1.464584844583056933e+00
6.120000000000000000e+02 1.464607082765412960e+00
6.130000000000000000e+02 1.464629318038896066e+00
6.140000000000000000e+02 1.464651550403506253e+00
6.150000000000000000e+02 1.464673779859243741e+00
6.160000000000000000e+02 1.464696006406108530e+00
6.170000000000000000e+02 1.464718230044100400e+00
6.180000000000000000e+02 1.464740450773219349e+00
6.190000000000000000e+02 1.464762668593465600e+00
6.200000000000000000e+02 1.464784883504838930e+00
6.210000000000000000e+02 1.464807095507339341e+00
6.220000000000000000e+02 1.464829304600967053e+00
6.230000000000000000e+02 1.464851510785722066e+00
6.240000000000000000e+02 1.464873714061604160e+00
6.250000000000000000e+02 1.464895914428613333e+00
6.260000000000000000e+02 1.464918111886749807e+00
6.270000000000000000e+02 1.464940306436013362e+00
6.280000000000000000e+02 1.464962498076404218e+00
6.290000000000000000e+02 1.464984686807922154e+00
6.300000000000000000e+02 1.465006872630567170e+00
6.310000000000000000e+02 1.465029055544339487e+00
6.320000000000000000e+02 1.465051235549238884e+00
6.330000000000000000e+02 1.465073412645265583e+00
6.340000000000000000e+02 1.465095586832419361e+00
6.350000000000000000e+02 1.465117758110700441e+00
6.360000000000000000e+02 1.465139926480108601e+00
6.370000000000000000e+02 1.465162091940644062e+00
6.380000000000000000e+02 1.465184254492306604e+00
6.390000000000000000e+02 1.465206414135096225e+00
6.400000000000000000e+02 1.465228570869013147e+00
6.410000000000000000e+02 1.465250724694057149e+00
6.420000000000000000e+02 1.465272875610228454e+00
6.430000000000000000e+02 1.465295023617526837e+00
6.440000000000000000e+02 1.465317168715952301e+00
6.450000000000000000e+02 1.465339310905505066e+00
6.460000000000000000e+02 1.465361450186185133e+00
6.470000000000000000e+02 1.465383586557992279e+00
6.480000000000000000e+02 1.465405720020926505e+00
6.490000000000000000e+02 1.465427850574988033e+00
6.500000000000000000e+02 1.465449978220176641e+00
6.510000000000000000e+02 1.465472102956492328e+00
6.520000000000000000e+02 1.465494224783935318e+00
6.530000000000000000e+02 1.465516343702505608e+00
6.540000000000000000e+02 1.465538459712202979e+00
6.550000000000000000e+02 1.465560572813027429e+00
6.560000000000000000e+02 1.465582683004979181e+00
6.570000000000000000e+02 1.465604790288058012e+00
6.580000000000000000e+02 1.465626894662263924e+00
6.590000000000000000e+02 1.465648996127597137e+00
6.600000000000000000e+02 1.465671094684057651e+00
6.610000000000000000e+02 1.465693190331645246e+00
6.620000000000000000e+02 1.465715283070359920e+00
6.630000000000000000e+02 1.465737372900201896e+00
6.640000000000000000e+02 1.465759459821170951e+00
6.650000000000000000e+02 1.465781543833267309e+00
6.660000000000000000e+02 1.465803624936490746e+00
6.670000000000000000e+02 1.465825703130841262e+00
6.680000000000000000e+02 1.465847778416319080e+00
6.690000000000000000e+02 1.465869850792924201e+00
6.700000000000000000e+02 1.465891920260656178e+00
6.710000000000000000e+02 1.465913986819515680e+00
6.720000000000000000e+02 1.465936050469502039e+00
6.730000000000000000e+02 1.465958111210615700e+00
6.740000000000000000e+02 1.465980169042856662e+00
6.750000000000000000e+02 1.466002223966224705e+00
6.760000000000000000e+02 1.466024275980719827e+00
6.770000000000000000e+02 1.466046325086342250e+00
6.780000000000000000e+02 1.466068371283091754e+00
6.790000000000000000e+02 1.466090414570968559e+00
6.800000000000000000e+02 1.466112454949972443e+00
6.810000000000000000e+02 1.466134492420103630e+00
6.820000000000000000e+02 1.466156526981361896e+00
6.830000000000000000e+02 1.466178558633747242e+00
6.840000000000000000e+02 1.466200587377259890e+00
6.850000000000000000e+02 1.466222613211899617e+00
6.860000000000000000e+02 1.466244636137666646e+00
6.870000000000000000e+02 1.466266656154560755e+00
6.880000000000000000e+02 1.466288673262582165e+00
6.890000000000000000e+02 1.466310687461730655e+00
6.900000000000000000e+02 1.466332698752006225e+00
6.910000000000000000e+02 1.466354707133409097e+00
6.920000000000000000e+02 1.466376712605939048e+00
6.930000000000000000e+02 1.466398715169596301e+00
6.940000000000000000e+02 1.466420714824380633e+00
6.950000000000000000e+02 1.466442711570292268e+00
6.960000000000000000e+02 1.466464705407330982e+00
6.970000000000000000e+02 1.466486696335496775e+00
6.980000000000000000e+02 1.466508684354789871e+00
6.990000000000000000e+02 1.466530669465210268e+00
7.000000000000000000e+02 1.466552651666757523e+00
7.010000000000000000e+02 1.466574630959432302e+00
7.020000000000000000e+02 1.466596607343233938e+00
7.030000000000000000e+02 1.466618580818162876e+00
7.040000000000000000e+02 1.466640551384219116e+00
7.050000000000000000e+02 1.466662519041402435e+00
7.060000000000000000e+02 1.466684483789712834e+00
7.070000000000000000e+02 1.466706445629150535e+00
7.080000000000000000e+02 1.466728404559715315e+00
7.090000000000000000e+02 1.466750360581407397e+00
7.100000000000000000e+02 1.466772313694226559e+00
7.110000000000000000e+02 1.466794263898173023e+00
7.120000000000000000e+02 1.466816211193246566e+00
7.130000000000000000e+02 1.466838155579447189e+00
7.140000000000000000e+02 1.466860097056775114e+00
7.150000000000000000e+02 1.466882035625230118e+00
7.160000000000000000e+02 1.466903971284812425e+00
7.170000000000000000e+02 1.466925904035521810e+00
7.180000000000000000e+02 1.466947833877358276e+00
7.190000000000000000e+02 1.466969760810322043e+00
7.200000000000000000e+02 1.466991684834413112e+00
7.210000000000000000e+02 1.467013605949631261e+00
7.220000000000000000e+02 1.467035524155976489e+00
7.230000000000000000e+02 1.467057439453449019e+00
7.240000000000000000e+02 1.467079351842048629e+00
7.250000000000000000e+02 1.467101261321775540e+00
7.260000000000000000e+02 1.467123167892629532e+00
7.270000000000000000e+02 1.467145071554610603e+00
7.280000000000000000e+02 1.467166972307718975e+00
7.290000000000000000e+02 1.467188870151954427e+00
7.300000000000000000e+02 1.467210765087317181e+00
7.310000000000000000e+02 1.467232657113807015e+00
7.320000000000000000e+02 1.467254546231424150e+00
7.330000000000000000e+02 1.467276432440168366e+00
7.340000000000000000e+02 1.467298315740039660e+00
7.350000000000000000e+02 1.467320196131038257e+00
7.360000000000000000e+02 1.467342073613164155e+00
7.370000000000000000e+02 1.467363948186416911e+00
7.380000000000000000e+02 1.467385819850797191e+00
7.390000000000000000e+02 1.467407688606304328e+00
7.400000000000000000e+02 1.467429554452938767e+00
7.410000000000000000e+02 1.467451417390700508e+00
7.420000000000000000e+02 1.467473277419589328e+00
7.430000000000000000e+02 1.467495134539605228e+00
7.440000000000000000e+02 1.467516988750748430e+00
7.450000000000000000e+02 1.467538840053018712e+00
7.460000000000000000e+02 1.467560688446416295e+00
7.470000000000000000e+02 1.467582533930940958e+00
7.480000000000000000e+02 1.467604376506592923e+00
7.490000000000000000e+02 1.467626216173371967e+00
7.500000000000000000e+02 1.467648052931278091e+00
7.510000000000000000e+02 1.467669886780311517e+00
7.520000000000000000e+02 1.467691717720472022e+00
7.530000000000000000e+02 1.467713545751759829e+00
7.540000000000000000e+02 1.467735370874174716e+00
7.550000000000000000e+02 1.467757193087716905e+00
7.560000000000000000e+02 1.467779012392386173e+00
7.570000000000000000e+02 1.467800828788182521e+00
7.580000000000000000e+02 1.467822642275106171e+00
7.590000000000000000e+02 1.467844452853156900e+00
7.600000000000000000e+02 1.467866260522334931e+00
7.610000000000000000e+02 1.467888065282640042e+00
7.620000000000000000e+02 1.467909867134072455e+00
7.630000000000000000e+02 1.467931666076631947e+00
7.640000000000000000e+02 1.467953462110318519e+00
7.650000000000000000e+02 1.467975255235132392e+00
7.660000000000000000e+02 1.467997045451073568e+00
7.670000000000000000e+02 1.468018832758141601e+00
7.680000000000000000e+02 1.468040617156337158e+00
7.690000000000000000e+02 1.468062398645659572e+00
7.700000000000000000e+02 1.468084177226109288e+00
7.710000000000000000e+02 1.468105952897686306e+00
7.720000000000000000e+02 1.468127725660390404e+00
7.730000000000000000e+02 1.468149495514221581e+00
7.740000000000000000e+02 1.468171262459180060e+00
7.750000000000000000e+02 1.468193026495265618e+00
7.760000000000000000e+02 1.468214787622478479e+00
7.770000000000000000e+02 1.468236545840818419e+00
7.780000000000000000e+02 1.468258301150285661e+00
7.790000000000000000e+02 1.468280053550879760e+00
7.800000000000000000e+02 1.468301803042601383e+00
7.810000000000000000e+02 1.468323549625450086e+00
7.820000000000000000e+02 1.468345293299425869e+00
7.830000000000000000e+02 1.468367034064528953e+00
7.840000000000000000e+02 1.468388771920759117e+00
7.850000000000000000e+02 1.468410506868116361e+00
7.860000000000000000e+02 1.468432238906600906e+00
7.870000000000000000e+02 1.468453968036212753e+00
7.880000000000000000e+02 1.468475694256951680e+00
7.890000000000000000e+02 1.468497417568817687e+00
7.900000000000000000e+02 1.468519137971810995e+00
7.910000000000000000e+02 1.468540855465931383e+00
7.920000000000000000e+02 1.468562570051178851e+00
7.930000000000000000e+02 1.468584281727553620e+00
7.940000000000000000e+02 1.468605990495055691e+00
7.950000000000000000e+02 1.468627696353684842e+00
7.960000000000000000e+02 1.468649399303441072e+00
7.970000000000000000e+02 1.468671099344324604e+00
7.980000000000000000e+02 1.468692796476335216e+00
7.990000000000000000e+02 1.468714490699473130e+00
8.000000000000000000e+02 1.468736182013738123e+00
8.010000000000000000e+02 1.468757870419130196e+00
8.020000000000000000e+02 1.468779555915649571e+00
8.030000000000000000e+02 1.468801238503296247e+00
8.040000000000000000e+02 1.468822918182069781e+00
8.050000000000000000e+02 1.468844594951970839e+00
8.060000000000000000e+02 1.468866268812998754e+00
8.070000000000000000e+02 1.468887939765153972e+00
8.080000000000000000e+02 1.468909607808436490e+00
8.090000000000000000e+02 1.468931272942846089e+00
8.100000000000000000e+02 1.468952935168382767e+00
8.110000000000000000e+02 1.468974594485046747e+00
8.120000000000000000e+02 1.468996250892837807e+00
8.130000000000000000e+02 1.469017904391756169e+00
8.140000000000000000e+02 1.469039554981801610e+00
8.150000000000000000e+02 1.469061202662974353e+00
8.160000000000000000e+02 1.469082847435274175e+00
8.170000000000000000e+02 1.469104489298701077e+00
8.180000000000000000e+02 1.469126128253255281e+00
8.190000000000000000e+02 1.469147764298936565e+00
8.200000000000000000e+02 1.469169397435745150e+00
8.210000000000000000e+02 1.469191027663680815e+00
8.220000000000000000e+02 1.469212654982743782e+00
8.230000000000000000e+02 1.469234279392933828e+00
8.240000000000000000e+02 1.469255900894250955e+00
8.250000000000000000e+02 1.469277519486695383e+00
8.260000000000000000e+02 1.469299135170266890e+00
8.270000000000000000e+02 1.469320747944965699e+00
8.280000000000000000e+02 1.469342357810791588e+00
8.290000000000000000e+02 1.469363964767744779e+00
8.300000000000000000e+02 1.469385568815825049e+00
8.310000000000000000e+02 1.469407169955032399e+00
8.320000000000000000e+02 1.469428768185367051e+00
8.330000000000000000e+02 1.469450363506828783e+00
8.340000000000000000e+02 1.469471955919417816e+00
8.350000000000000000e+02 1.469493545423133929e+00
8.360000000000000000e+02 1.469515132017977344e+00
8.370000000000000000e+02 1.469536715703947838e+00
8.380000000000000000e+02 1.469558296481045634e+00
8.390000000000000000e+02 1.469579874349270510e+00
8.400000000000000000e+02 1.469601449308622465e+00
8.410000000000000000e+02 1.469623021359101722e+00
8.420000000000000000e+02 1.469644590500708059e+00
8.430000000000000000e+02 1.469666156733441698e+00
8.440000000000000000e+02 1.469687720057302416e+00
8.450000000000000000e+02 1.469709280472290214e+00
8.460000000000000000e+02 1.469730837978405313e+00
8.470000000000000000e+02 1.469752392575647715e+00
8.480000000000000000e+02 1.469773944264016974e+00
8.490000000000000000e+02 1.469795493043513757e+00
8.500000000000000000e+02 1.469817038914137397e+00
8.510000000000000000e+02 1.469838581875888561e+00
8.520000000000000000e+02 1.469860121928766583e+00
8.530000000000000000e+02 1.469881659072771907e+00
8.540000000000000000e+02 1.469903193307904532e+00
8.550000000000000000e+02 1.469924724634164015e+00
8.560000000000000000e+02 1.469946253051551022e+00
8.570000000000000000e+02 1.469967778560064886e+00
8.580000000000000000e+02 1.469989301159706274e+00
8.590000000000000000e+02 1.470010820850474520e+00
8.600000000000000000e+02 1.470032337632370067e+00
8.610000000000000000e+02 1.470053851505392917e+00
8.620000000000000000e+02 1.470075362469542846e+00
8.630000000000000000e+02 1.470096870524819854e+00
8.640000000000000000e+02 1.470118375671224165e+00
8.650000000000000000e+02 1.470139877908755555e+00
8.660000000000000000e+02 1.470161377237414024e+00
8.670000000000000000e+02 1.470182873657199796e+00
8.680000000000000000e+02 1.470204367168112869e+00
8.690000000000000000e+02 1.470225857770153022e+00
8.700000000000000000e+02 1.470247345463320254e+00
8.710000000000000000e+02 1.470268830247614789e+00
8.720000000000000000e+02 1.470290312123036403e+00
8.730000000000000000e+02 1.470311791089585318e+00
8.740000000000000000e+02 1.470333267147261314e+00
8.750000000000000000e+02 1.470354740296064389e+00
8.760000000000000000e+02 1.470376210535994765e+00
8.770000000000000000e+02 1.470397677867052444e+00
8.780000000000000000e+02 1.470419142289237202e+00
8.790000000000000000e+02 1.470440603802549040e+00
8.800000000000000000e+02 1.470462062406988180e+00
8.810000000000000000e+02 1.470483518102554399e+00
8.820000000000000000e+02 1.470504970889247698e+00
8.830000000000000000e+02 1.470526420767068299e+00
8.840000000000000000e+02 1.470547867736016201e+00
8.850000000000000000e+02 1.470569311796090961e+00
8.860000000000000000e+02 1.470590752947293245e+00
8.870000000000000000e+02 1.470612191189622386e+00
8.880000000000000000e+02 1.470633626523079052e+00
8.890000000000000000e+02 1.470655058947662575e+00
8.900000000000000000e+02 1.470676488463373399e+00
8.910000000000000000e+02 1.470697915070211526e+00
8.920000000000000000e+02 1.470719338768176510e+00
8.930000000000000000e+02 1.470740759557269017e+00
8.940000000000000000e+02 1.470762177437488383e+00
8.950000000000000000e+02 1.470783592408835272e+00
8.960000000000000000e+02 1.470805004471309019e+00
8.970000000000000000e+02 1.470826413624910067e+00
8.980000000000000000e+02 1.470847819869638418e+00
8.990000000000000000e+02 1.470869223205493848e+00
9.000000000000000000e+02 1.470890623632476357e+00
9.010000000000000000e+02 1.470912021150586169e+00
9.020000000000000000e+02 1.470933415759823060e+00
9.030000000000000000e+02 1.470954807460187252e+00
9.040000000000000000e+02 1.470976196251678525e+00
9.050000000000000000e+02 1.470997582134296877e+00
9.060000000000000000e+02 1.471018965108042531e+00
9.070000000000000000e+02 1.471040345172915265e+00
9.080000000000000000e+02 1.471061722328915300e+00
9.090000000000000000e+02 1.471083096576042415e+00
9.100000000000000000e+02 1.471104467914296832e+00
9.110000000000000000e+02 1.471125836343678328e+00
9.120000000000000000e+02 1.471147201864187126e+00
9.130000000000000000e+02 1.471168564475823004e+00
9.140000000000000000e+02 1.471189924178585962e+00
9.150000000000000000e+02 1.471211280972476221e+00
9.160000000000000000e+02 1.471232634857493560e+00
9.170000000000000000e+02 1.471253985833638200e+00
9.180000000000000000e+02 1.471275333900909921e+00
9.190000000000000000e+02 1.471296679059308943e+00
9.200000000000000000e+02 1.471318021308835045e+00
9.210000000000000000e+02 1.471339360649488226e+00
9.220000000000000000e+02 1.471360697081268709e+00
9.230000000000000000e+02 1.471382030604176272e+00
9.240000000000000000e+02 1.471403361218211137e+00
9.250000000000000000e+02 1.471424688923373081e+00
9.260000000000000000e+02 1.471446013719662327e+00
9.270000000000000000e+02 1.471467335607078653e+00
9.280000000000000000e+02 1.471488654585622058e+00
9.290000000000000000e+02 1.471509970655292765e+00
9.300000000000000000e+02 1.471531283816090552e+00
9.310000000000000000e+02 1.471552594068015640e+00
9.320000000000000000e+02 1.471573901411067808e+00
9.330000000000000000e+02 1.471595205845247278e+00
9.340000000000000000e+02 1.471616507370553828e+00
9.350000000000000000e+02 1.471637805986987457e+00
9.360000000000000000e+02 1.471659101694548388e+00
9.370000000000000000e+02 1.471680394493236621e+00
9.380000000000000000e+02 1.471701684383051711e+00
9.390000000000000000e+02 1.471722971363994326e+00
9.400000000000000000e+02 1.471744255436063797e+00
9.410000000000000000e+02 1.471765536599260571e+00
9.420000000000000000e+02 1.471786814853584646e+00
9.430000000000000000e+02 1.471808090199035801e+00
9.440000000000000000e+02 1.471829362635614036e+00
9.450000000000000000e+02 1.471850632163319572e+00
9.460000000000000000e+02 1.471871898782152188e+00
9.470000000000000000e+02 1.471893162492112106e+00
9.480000000000000000e+02 1.471914423293199103e+00
9.490000000000000000e+02 1.471935681185413403e+00
9.500000000000000000e+02 1.471956936168754781e+00
9.510000000000000000e+02 1.471978188243223240e+00
9.520000000000000000e+02 1.471999437408819000e+00
9.530000000000000000e+02 1.472020683665541840e+00
9.540000000000000000e+02 1.472041927013391982e+00
9.550000000000000000e+02 1.472063167452369203e+00
9.560000000000000000e+02 1.472084404982473727e+00
9.570000000000000000e+02 1.472105639603705329e+00
9.580000000000000000e+02 1.472126871316064012e+00
9.590000000000000000e+02 1.472148100119549996e+00
9.600000000000000000e+02 1.472169326014163060e+00
9.610000000000000000e+02 1.472190548999903426e+00
9.620000000000000000e+02 1.472211769076770871e+00
9.630000000000000000e+02 1.472232986244765618e+00
9.640000000000000000e+02 1.472254200503887445e+00
9.650000000000000000e+02 1.472275411854136351e+00
9.660000000000000000e+02 1.472296620295512559e+00
9.670000000000000000e+02 1.472317825828015847e+00
9.680000000000000000e+02 1.472339028451646437e+00
9.690000000000000000e+02 1.472360228166404106e+00
9.700000000000000000e+02 1.472381424972289077e+00
9.710000000000000000e+02 1.472402618869301127e+00
9.720000000000000000e+02 1.472423809857440480e+00
9.730000000000000000e+02 1.472444997936706690e+00
9.740000000000000000e+02 1.472466183107100424e+00
9.750000000000000000e+02 1.472487365368621237e+00
9.760000000000000000e+02 1.472508544721269130e+00
9.770000000000000000e+02 1.472529721165044103e+00
9.780000000000000000e+02 1.472550894699946600e+00
9.790000000000000000e+02 1.472572065325975954e+00
9.800000000000000000e+02 1.472593233043132610e+00
9.810000000000000000e+02 1.472614397851416346e+00
9.820000000000000000e+02 1.472635559750827383e+00
9.830000000000000000e+02 1.472656718741365722e+00
9.840000000000000000e+02 1.472677874823030919e+00
9.850000000000000000e+02 1.472699027995823418e+00
9.860000000000000000e+02 1.472720178259743218e+00
9.870000000000000000e+02 1.472741325614790098e+00
9.880000000000000000e+02 1.472762470060964057e+00
9.890000000000000000e+02 1.472783611598265319e+00
9.900000000000000000e+02 1.472804750226693660e+00
9.910000000000000000e+02 1.472825885946249302e+00
9.920000000000000000e+02 1.472847018756932025e+00
9.930000000000000000e+02 1.472868148658742049e+00
9.940000000000000000e+02 1.472889275651679153e+00
9.950000000000000000e+02 1.472910399735743336e+00
9.960000000000000000e+02 1.472931520910934822e+00
9.970000000000000000e+02 1.472952639177253609e+00
9.980000000000000000e+02 1.472973754534699253e+00
9.990000000000000000e+02 1.472994866983272200e+00
1.000000000000000000e+03 1.473015976522972448e+00
1.001000000000000000e+03 1.473037083153799776e+00
1.002000000000000000e+03 1.473058186875754405e+00
1.003000000000000000e+03 1.473079287688836114e+00
1.004000000000000000e+03 1.473100385593044903e+00
1.005000000000000000e+03 1.473121480588380994e+00
1.006000000000000000e+03 1.473142572674844164e+00
1.007000000000000000e+03 1.473163661852434636e+00
1.008000000000000000e+03 1.473184748121152188e+00
1.009000000000000000e+03 1.473205831480996819e+00
1.010000000000000000e+03 1.473226911931968752e+00
1.011000000000000000e+03 1.473247989474067765e+00
1.012000000000000000e+03 1.473269064107294080e+00
1.013000000000000000e+03 1.473290135831647474e+00
1.014000000000000000e+03 1.473311204647128170e+00
1.015000000000000000e+03 1.473332270553735945e+00
1.016000000000000000e+03 1.473353333551471023e+00
1.017000000000000000e+03 1.473374393640333180e+00
1.018000000000000000e+03 1.473395450820322417e+00
1.019000000000000000e+03 1.473416505091438955e+00
1.020000000000000000e+03 1.473437556453682573e+00
1.021000000000000000e+03 1.473458604907053493e+00
1.022000000000000000e+03 1.473479650451551493e+00
