# order=8: # line, wavelength [pixel], wavelength [micron]
1.000000000000000000e+00 1.339393939393939448e+01 1.572026582529726824e+00
2.000000000000000000e+00 2.263636363636363669e+01 1.572268220718785914e+00
3.000000000000000000e+00 3.927272727272727337e+01 1.572702144570731431e+00
4.000000000000000000e+00 5.145454545454545325e+01 1.573019045456936382e+00
5.000000000000000000e+00 6.203030303030303116e+01 1.573293592934659202e+00
6.000000000000000000e+00 7.778787878787878185e+01 1.573701673008765844e+00
7.000000000000000000e+00 9.151515151515151558e+01 1.574056210022285018e+00
8.000000000000000000e+00 1.057272727272727337e+02 1.574422324056975908e+00
9.000000000000000000e+00 1.200909090909090935e+02 1.574791364132288596e+00
1.000000000000000000e+01 1.571515151515151558e+02 1.575739012959492591e+00
1.100000000000000000e+01 1.733333333333333428e+02 1.576150735066680131e+00
1.200000000000000000e+01 1.790000000000000000e+02 1.576294620176478700e+00
1.300000000000000000e+01 2.055454545454545325e+02 1.576966613260068817e+00
1.400000000000000000e+01 2.242727272727272805e+02 1.577438672273866915e+00
1.500000000000000000e+01 2.389090909090909065e+02 1.577806449132749256e+00
1.600000000000000000e+01 2.553939393939394051e+02 1.578219452719475502e+00
1.700000000000000000e+01 2.738484848484848726e+02 1.578680269215783083e+00
1.800000000000000000e+01 2.917878787878788103e+02 1.579126667982544197e+00
1.900000000000000000e+01 3.087272727272727479e+02 1.579546776554536791e+00
2.000000000000000000e+01 3.286666666666666856e+02 1.580039536678486289e+00
2.100000000000000000e+01 3.477878787878788103e+02 1.580510299174922251e+00
