# order=9: x_data [pixel], y_data [pixel], x_model [pixel], y_model [pixel]
4.933333333333333570e+01 4.006238977421903158e+00 1.606489868686868716e+00 7.727556638061217065e-01
6.496969696969696884e+01 4.391224736032209641e+00 1.606908868686868663e+00 7.064737226023416472e-01
8.139393939393939092e+01 4.015373308687071763e+00 1.607335818181818254e+00 6.583522148728613299e-01
9.566666666666667140e+01 4.700029396275269278e+00 1.607769393939393998e+00 6.264766609200053127e-01
1.166666666666666714e+02 4.534097245055198400e+00 1.608210868686868800e+00 6.087185756745296938e-01
1.290303030303030312e+02 4.919869693769664210e+00 1.608660606060606124e+00 6.015528248322036253e-01
1.496060606060605949e+02 3.760211753237118870e+00 1.609117454545454518e+00 6.060979509197125248e-01
1.673939393939394051e+02 3.805074550692779667e+00 1.609582131313131326e+00 6.128761834223970251e-01
1.876666666666666572e+02 4.497469472534352697e+00 1.610053818181818253e+00 6.357873021841570216e-01
2.042121212121212182e+02 3.780537044024645521e+00 1.610532919191919099e+00 6.532443629078648062e-01
2.250909090909090935e+02 4.317043907152148030e+00 1.611021181818181880e+00 6.826003723850638805e-01
2.422727272727272805e+02 3.905606327283233981e+00 1.611516181818181792e+00 7.199938723353952463e-01
2.652121212121211897e+02 4.638837594123137009e+00 1.612017545454545342e+00 7.526310879633573148e-01
2.818484848484848726e+02 4.123578336834477831e+00 1.612529080808080773e+00 7.861073156735932654e-01
