# order=26: data_wav [pixel], data_wavsolution [micron]
7.600000000000000000e+01 2.518790733458436293e+00
7.700000000000000000e+01 2.518831248173164727e+00
7.800000000000000000e+01 2.518871759031672930e+00
7.900000000000000000e+01 2.518912266025762570e+00
8.000000000000000000e+01 2.518952769147237092e+00
8.100000000000000000e+01 2.518993268387898610e+00
8.200000000000000000e+01 2.519033763739550125e+00
8.300000000000000000e+01 2.519074255193993306e+00
8.400000000000000000e+01 2.519114742743031599e+00
8.500000000000000000e+01 2.519155226378467560e+00
8.600000000000000000e+01 2.519195706092103304e+00
8.700000000000000000e+01 2.519236181875741831e+00
8.800000000000000000e+01 2.519276653721185255e+00
8.900000000000000000e+01 2.519317121620236577e+00
9.000000000000000000e+01 2.519357585564698354e+00
9.100000000000000000e+01 2.519398045546373144e+00
9.200000000000000000e+01 2.519438501557063503e+00
9.300000000000000000e+01 2.519478953588571546e+00
9.400000000000000000e+01 2.519519401632700717e+00
9.500000000000000000e+01 2.519559845681253130e+00
9.600000000000000000e+01 2.519600285726031341e+00
9.700000000000000000e+01 2.519640721758837909e+00
9.800000000000000000e+01 2.519681153771475390e+00
9.900000000000000000e+01 2.519721581755746787e+00
1.000000000000000000e+02 2.519762005703454211e+00
1.010000000000000000e+02 2.519802425606400664e+00
1.020000000000000000e+02 2.519842841456388260e+00
1.030000000000000000e+02 2.519883253245220001e+00
1.040000000000000000e+02 2.519923660964698442e+00
1.050000000000000000e+02 2.519964064606625698e+00
1.060000000000000000e+02 2.520004464162804769e+00
1.070000000000000000e+02 2.520044859625038214e+00
1.080000000000000000e+02 2.520085250985128589e+00
1.090000000000000000e+02 2.520125638234878451e+00
1.100000000000000000e+02 2.520166021366090359e+00
1.110000000000000000e+02 2.520206400370566868e+00
1.120000000000000000e+02 2.520246775240110981e+00
1.130000000000000000e+02 2.520287145966524367e+00
1.140000000000000000e+02 2.520327512541610471e+00
1.150000000000000000e+02 2.520367874957171406e+00
1.160000000000000000e+02 2.520408233205010173e+00
1.170000000000000000e+02 2.520448587276928887e+00
1.180000000000000000e+02 2.520488937164730547e+00
1.190000000000000000e+02 2.520529282860217268e+00
1.200000000000000000e+02 2.520569624355192051e+00
1.210000000000000000e+02 2.520609961641457453e+00
1.220000000000000000e+02 2.520650294710816031e+00
1.230000000000000000e+02 2.520690623555069898e+00
1.240000000000000000e+02 2.520730948166022500e+00
1.250000000000000000e+02 2.520771268535475507e+00
1.260000000000000000e+02 2.520811584655232362e+00
1.270000000000000000e+02 2.520851896517094737e+00
1.280000000000000000e+02 2.520892204112866075e+00
1.290000000000000000e+02 2.520932507434348935e+00
1.300000000000000000e+02 2.520972806473344985e+00
1.310000000000000000e+02 2.521013101221657671e+00
1.320000000000000000e+02 2.521053391671089106e+00
1.330000000000000000e+02 2.521093677813442291e+00
1.340000000000000000e+02 2.521133959640519784e+00
1.350000000000000000e+02 2.521174237144123698e+00
1.360000000000000000e+02 2.521214510316056590e+00
1.370000000000000000e+02 2.521254779148121905e+00
1.380000000000000000e+02 2.521295043632121313e+00
1.390000000000000000e+02 2.521335303759858260e+00
1.400000000000000000e+02 2.521375559523134413e+00
1.410000000000000000e+02 2.521415810913752775e+00
1.420000000000000000e+02 2.521456057923516347e+00
1.430000000000000000e+02 2.521496300544226798e+00
1.440000000000000000e+02 2.521536538767687574e+00
1.450000000000000000e+02 2.521576772585700787e+00
1.460000000000000000e+02 2.521617001990068996e+00
1.470000000000000000e+02 2.521657226972595200e+00
1.480000000000000000e+02 2.521697447525081515e+00
1.490000000000000000e+02 2.521737663639330940e+00
1.500000000000000000e+02 2.521777875307146033e+00
1.510000000000000000e+02 2.521818082520328907e+00
1.520000000000000000e+02 2.521858285270682121e+00
1.530000000000000000e+02 2.521898483550009118e+00
1.540000000000000000e+02 2.521938677350111568e+00
1.550000000000000000e+02 2.521978866662792917e+00
1.560000000000000000e+02 2.522019051479854834e+00
1.570000000000000000e+02 2.522059231793100320e+00
1.580000000000000000e+02 2.522099407594332376e+00
1.590000000000000000e+02 2.522139578875352672e+00
1.600000000000000000e+02 2.522179745627964653e+00
1.610000000000000000e+02 2.522219907843970432e+00
1.620000000000000000e+02 2.522260065515173011e+00
1.630000000000000000e+02 2.522300218633374502e+00
1.640000000000000000e+02 2.522340367190377464e+00
1.650000000000000000e+02 2.522380511177984896e+00
1.660000000000000000e+02 2.522420650587999358e+00
1.670000000000000000e+02 2.522460785412222961e+00
1.680000000000000000e+02 2.522500915642458708e+00
1.690000000000000000e+02 2.522541041270509155e+00
1.700000000000000000e+02 2.522581162288176859e+00
1.710000000000000000e+02 2.522621278687263935e+00
1.720000000000000000e+02 2.522661390459573827e+00
1.730000000000000000e+02 2.522701497596908204e+00
1.740000000000000000e+02 2.522741600091070513e+00
1.750000000000000000e+02 2.522781697933862866e+00
1.760000000000000000e+02 2.522821791117087820e+00
1.770000000000000000e+02 2.522861879632548376e+00
1.780000000000000000e+02 2.522901963472046649e+00
1.790000000000000000e+02 2.522942042627385195e+00
1.800000000000000000e+02 2.522982117090367016e+00
1.810000000000000000e+02 2.523022186852794224e+00
1.820000000000000000e+02 2.523062251906469822e+00
1.830000000000000000e+02 2.523102312243196366e+00
1.840000000000000000e+02 2.523142367854776413e+00
1.850000000000000000e+02 2.523182418733012078e+00
1.860000000000000000e+02 2.523222464869706361e+00
1.870000000000000000e+02 2.523262506256661819e+00
1.880000000000000000e+02 2.523302542885681010e+00
1.890000000000000000e+02 2.523342574748566935e+00
1.900000000000000000e+02 2.523382601837121264e+00
1.910000000000000000e+02 2.523422624143147441e+00
1.920000000000000000e+02 2.523462641658447136e+00
1.930000000000000000e+02 2.523502654374823795e+00
1.940000000000000000e+02 2.523542662284079974e+00
1.950000000000000000e+02 2.523582665378017786e+00
1.960000000000000000e+02 2.523622663648439790e+00
1.970000000000000000e+02 2.523662657087149430e+00
1.980000000000000000e+02 2.523702645685947932e+00
1.990000000000000000e+02 2.523742629436639184e+00
2.000000000000000000e+02 2.523782608331024857e+00
2.010000000000000000e+02 2.523822582360907951e+00
2.020000000000000000e+02 2.523862551518091024e+00
2.030000000000000000e+02 2.523902515794376633e+00
2.040000000000000000e+02 2.523942475181567335e+00
2.050000000000000000e+02 2.523982429671465688e+00
2.060000000000000000e+02 2.524022379255874249e+00
2.070000000000000000e+02 2.524062323926595575e+00
2.080000000000000000e+02 2.524102263675432667e+00
2.090000000000000000e+02 2.524142198494187639e+00
2.100000000000000000e+02 2.524182128374663048e+00
2.110000000000000000e+02 2.524222053308661895e+00
2.120000000000000000e+02 2.524261973287986738e+00
2.130000000000000000e+02 2.524301888304439689e+00
2.140000000000000000e+02 2.524341798349823307e+00
2.150000000000000000e+02 2.524381703415941036e+00
2.160000000000000000e+02 2.524421603494594546e+00
2.170000000000000000e+02 2.524461498577586838e+00
2.180000000000000000e+02 2.524501388656720469e+00
2.190000000000000000e+02 2.524541273723797996e+00
2.200000000000000000e+02 2.524581153770621977e+00
2.210000000000000000e+02 2.524621028788994970e+00
2.220000000000000000e+02 2.524660898770719530e+00
2.230000000000000000e+02 2.524700763707598661e+00
2.240000000000000000e+02 2.524740623591434030e+00
2.250000000000000000e+02 2.524780478414029083e+00
2.260000000000000000e+02 2.524820328167186378e+00
2.270000000000000000e+02 2.524860172842708028e+00
2.280000000000000000e+02 2.524900012432397034e+00
2.290000000000000000e+02 2.524939846928055509e+00
2.300000000000000000e+02 2.524979676321486455e+00
2.310000000000000000e+02 2.525019500604491984e+00
2.320000000000000000e+02 2.525059319768875543e+00
2.330000000000000000e+02 2.525099133806438800e+00
2.340000000000000000e+02 2.525138942708984757e+00
2.350000000000000000e+02 2.525178746468315971e+00
2.360000000000000000e+02 2.525218545076235444e+00
2.370000000000000000e+02 2.525258338524544843e+00
2.380000000000000000e+02 2.525298126805047172e+00
2.390000000000000000e+02 2.525337909909545431e+00
2.400000000000000000e+02 2.525377687829841733e+00
2.410000000000000000e+02 2.525417460557739080e+00
2.420000000000000000e+02 2.525457228085039585e+00
2.430000000000000000e+02 2.525496990403545805e+00
2.440000000000000000e+02 2.525536747505060742e+00
2.450000000000000000e+02 2.525576499381386952e+00
2.460000000000000000e+02 2.525616246024326550e+00
2.470000000000000000e+02 2.525655987425682536e+00
2.480000000000000000e+02 2.525695723577257468e+00
2.490000000000000000e+02 2.525735454470853902e+00
2.500000000000000000e+02 2.525775180098274397e+00
2.510000000000000000e+02 2.525814900451321066e+00
2.520000000000000000e+02 2.525854615521797353e+00
2.530000000000000000e+02 2.525894325301505372e+00
2.540000000000000000e+02 2.525934029782247681e+00
2.550000000000000000e+02 2.525973728955827280e+00
2.560000000000000000e+02 2.526013422814045839e+00
2.570000000000000000e+02 2.526053111348706803e+00
2.580000000000000000e+02 2.526092794551612730e+00
2.590000000000000000e+02 2.526132472414565733e+00
2.600000000000000000e+02 2.526172144929368812e+00
2.610000000000000000e+02 2.526211812087824082e+00
2.620000000000000000e+02 2.526251473881734544e+00
2.630000000000000000e+02 2.526291130302902754e+00
2.640000000000000000e+02 2.526330781343130827e+00
2.650000000000000000e+02 2.526370426994222207e+00
2.660000000000000000e+02 2.526410067247978564e+00
2.670000000000000000e+02 2.526449702096203342e+00
2.680000000000000000e+02 2.526489331530698212e+00
2.690000000000000000e+02 2.526528955543266619e+00
2.700000000000000000e+02 2.526568574125710676e+00
2.710000000000000000e+02 2.526608187269832939e+00
2.720000000000000000e+02 2.526647794967436411e+00
2.730000000000000000e+02 2.526687397210323205e+00
2.740000000000000000e+02 2.526726993990295878e+00
2.750000000000000000e+02 2.526766585299157430e+00
2.760000000000000000e+02 2.526806171128710421e+00
2.770000000000000000e+02 2.526845751470756962e+00
2.780000000000000000e+02 2.526885326317100056e+00
2.790000000000000000e+02 2.526924895659542258e+00
2.800000000000000000e+02 2.526964459489885684e+00
2.810000000000000000e+02 2.527004017799933777e+00
2.820000000000000000e+02 2.527043570581488208e+00
2.830000000000000000e+02 2.527083117826352421e+00
2.840000000000000000e+02 2.527122659526328086e+00
2.850000000000000000e+02 2.527162195673218648e+00
2.860000000000000000e+02 2.527201726258826220e+00
2.870000000000000000e+02 2.527241251274953360e+00
2.880000000000000000e+02 2.527280770713403069e+00
2.890000000000000000e+02 2.527320284565977460e+00
2.900000000000000000e+02 2.527359792824479534e+00
2.910000000000000000e+02 2.527399295480711405e+00
2.920000000000000000e+02 2.527438792526476075e+00
2.930000000000000000e+02 2.527478283953575655e+00
2.940000000000000000e+02 2.527517769753813148e+00
2.950000000000000000e+02 2.527557249918991111e+00
2.960000000000000000e+02 2.527596724440912102e+00
2.970000000000000000e+02 2.527636193311378676e+00
2.980000000000000000e+02 2.527675656522192948e+00
2.990000000000000000e+02 2.527715114065158364e+00
3.000000000000000000e+02 2.527754565932077035e+00
3.010000000000000000e+02 2.527794012114751521e+00
3.020000000000000000e+02 2.527833452604984377e+00
3.030000000000000000e+02 2.527872887394578605e+00
3.040000000000000000e+02 2.527912316475336318e+00
3.050000000000000000e+02 2.527951739839060519e+00
3.060000000000000000e+02 2.527991157477552875e+00
3.070000000000000000e+02 2.528030569382617276e+00
3.080000000000000000e+02 2.528069975546055392e+00
3.090000000000000000e+02 2.528109375959670224e+00
3.100000000000000000e+02 2.528148770615264329e+00
3.110000000000000000e+02 2.528188159504639820e+00
3.120000000000000000e+02 2.528227542619599699e+00
3.130000000000000000e+02 2.528266919951946523e+00
3.140000000000000000e+02 2.528306291493483293e+00
3.150000000000000000e+02 2.528345657236011679e+00
3.160000000000000000e+02 2.528385017171334681e+00
3.170000000000000000e+02 2.528424371291255301e+00
3.180000000000000000e+02 2.528463719587575653e+00
3.190000000000000000e+02 2.528503062052098294e+00
3.200000000000000000e+02 2.528542398676626224e+00
3.210000000000000000e+02 2.528581729452961557e+00
3.220000000000000000e+02 2.528621054372906851e+00
3.230000000000000000e+02 2.528660373428265551e+00
3.240000000000000000e+02 2.528699686610838882e+00
3.250000000000000000e+02 2.528738993912430733e+00
3.260000000000000000e+02 2.528778295324842773e+00
3.270000000000000000e+02 2.528817590839878005e+00
3.280000000000000000e+02 2.528856880449338984e+00
3.290000000000000000e+02 2.528896164145028269e+00
3.300000000000000000e+02 2.528935441918748417e+00
3.310000000000000000e+02 2.528974713762301985e+00
3.320000000000000000e+02 2.529013979667491530e+00
3.330000000000000000e+02 2.529053239626120053e+00
3.340000000000000000e+02 2.529092493629989669e+00
3.350000000000000000e+02 2.529131741670902933e+00
3.360000000000000000e+02 2.529170983740662404e+00
3.370000000000000000e+02 2.529210219831071083e+00
3.380000000000000000e+02 2.529249449933931526e+00
3.390000000000000000e+02 2.529288674041045848e+00
3.400000000000000000e+02 2.529327892144216605e+00
3.410000000000000000e+02 2.529367104235247243e+00
3.420000000000000000e+02 2.529406310305939432e+00
3.430000000000000000e+02 2.529445510348096171e+00
3.440000000000000000e+02 2.529484704353520019e+00
3.450000000000000000e+02 2.529523892314013533e+00
3.460000000000000000e+02 2.529563074221379271e+00
3.470000000000000000e+02 2.529602250067419789e+00
3.480000000000000000e+02 2.529641419843937644e+00
3.490000000000000000e+02 2.529680583542735839e+00
3.500000000000000000e+02 2.529719741155616486e+00
3.510000000000000000e+02 2.529758892674382142e+00
3.520000000000000000e+02 2.529798038090835366e+00
3.530000000000000000e+02 2.529837177396779158e+00
3.540000000000000000e+02 2.529876310584016075e+00
3.550000000000000000e+02 2.529915437644348231e+00
3.560000000000000000e+02 2.529954558569578627e+00
3.570000000000000000e+02 2.529993673351509820e+00
3.580000000000000000e+02 2.530032781981943923e+00
3.590000000000000000e+02 2.530071884452683939e+00
3.600000000000000000e+02 2.530110980755532424e+00
3.610000000000000000e+02 2.530150070882292379e+00
3.620000000000000000e+02 2.530189154824765474e+00
3.630000000000000000e+02 2.530228232574754710e+00
3.640000000000000000e+02 2.530267304124063088e+00
3.650000000000000000e+02 2.530306369464492722e+00
3.660000000000000000e+02 2.530345428587846168e+00
3.670000000000000000e+02 2.530384481485925985e+00
3.680000000000000000e+02 2.530423528150535173e+00
3.690000000000000000e+02 2.530462568573475846e+00
3.700000000000000000e+02 2.530501602746551004e+00
3.710000000000000000e+02 2.530540630661563206e+00
3.720000000000000000e+02 2.530579652310314565e+00
3.730000000000000000e+02 2.530618667684608081e+00
3.740000000000000000e+02 2.530657676776246312e+00
3.750000000000000000e+02 2.530696679577031816e+00
3.760000000000000000e+02 2.530735676078767149e+00
3.770000000000000000e+02 2.530774666273254425e+00
3.780000000000000000e+02 2.530813650152297090e+00
3.790000000000000000e+02 2.530852627707697255e+00
3.800000000000000000e+02 2.530891598931257480e+00
3.810000000000000000e+02 2.530930563814780321e+00
3.820000000000000000e+02 2.530969522350068779e+00
3.830000000000000000e+02 2.531008474528924967e+00
3.840000000000000000e+02 2.531047420343151888e+00
3.850000000000000000e+02 2.531086359784551654e+00
3.860000000000000000e+02 2.531125292844926822e+00
3.870000000000000000e+02 2.531164219516080394e+00
3.880000000000000000e+02 2.531203139789814927e+00
3.890000000000000000e+02 2.531242053657932978e+00
3.900000000000000000e+02 2.531280961112237105e+00
3.910000000000000000e+02 2.531319862144529420e+00
3.920000000000000000e+02 2.531358756746612926e+00
3.930000000000000000e+02 2.531397644910290623e+00
3.940000000000000000e+02 2.531436526627364181e+00
3.950000000000000000e+02 2.531475401889637045e+00
3.960000000000000000e+02 2.531514270688911328e+00
3.970000000000000000e+02 2.531553133016989587e+00
3.980000000000000000e+02 2.531591988865674381e+00
3.990000000000000000e+02 2.531630838226768709e+00
4.000000000000000000e+02 2.531669681092075130e+00
4.010000000000000000e+02 2.531708517453395757e+00
4.020000000000000000e+02 2.531747347302533147e+00
4.030000000000000000e+02 2.531786170631290300e+00
4.040000000000000000e+02 2.531824987431469776e+00
4.050000000000000000e+02 2.531863797694874130e+00
4.060000000000000000e+02 2.531902601413305476e+00
4.070000000000000000e+02 2.531941398578567259e+00
4.080000000000000000e+02 2.531980189182461149e+00
4.090000000000000000e+02 2.532018973216790148e+00
4.100000000000000000e+02 2.532057750673357255e+00
4.110000000000000000e+02 2.532096521543964140e+00
4.120000000000000000e+02 2.532135285820414250e+00
4.130000000000000000e+02 2.532174043494510141e+00
4.140000000000000000e+02 2.532212794558053481e+00
4.150000000000000000e+02 2.532251539002847718e+00
4.160000000000000000e+02 2.532290276820695407e+00
4.170000000000000000e+02 2.532329008003398663e+00
4.180000000000000000e+02 2.532367732542760042e+00
4.190000000000000000e+02 2.532406450430582545e+00
4.200000000000000000e+02 2.532445161658668731e+00
4.210000000000000000e+02 2.532483866218821156e+00
4.220000000000000000e+02 2.532522564102842377e+00
4.230000000000000000e+02 2.532561255302534509e+00
4.240000000000000000e+02 2.532599939809700995e+00
4.250000000000000000e+02 2.532638617616143950e+00
4.260000000000000000e+02 2.532677288713665487e+00
4.270000000000000000e+02 2.532715953094069050e+00
4.280000000000000000e+02 2.532754610749157198e+00
4.290000000000000000e+02 2.532793261670731599e+00
4.300000000000000000e+02 2.532831905850595700e+00
4.310000000000000000e+02 2.532870543280551612e+00
4.320000000000000000e+02 2.532909173952402337e+00
4.330000000000000000e+02 2.532947797857949990e+00
4.340000000000000000e+02 2.532986414988997570e+00
4.350000000000000000e+02 2.533025025337347635e+00
4.360000000000000000e+02 2.533063628894802299e+00
4.370000000000000000e+02 2.533102225653165007e+00
4.380000000000000000e+02 2.533140815604237428e+00
4.390000000000000000e+02 2.533179398739822563e+00
4.400000000000000000e+02 2.533217975051722970e+00
4.410000000000000000e+02 2.533256544531741206e+00
4.420000000000000000e+02 2.533295107171679827e+00
4.430000000000000000e+02 2.533333662963341837e+00
4.440000000000000000e+02 2.533372211898528903e+00
4.450000000000000000e+02 2.533410753969044471e+00
4.460000000000000000e+02 2.533449289166691099e+00
4.470000000000000000e+02 2.533487817483270899e+00
4.480000000000000000e+02 2.533526338910586428e+00
4.490000000000000000e+02 2.533564853440440690e+00
4.500000000000000000e+02 2.533603361064636239e+00
4.510000000000000000e+02 2.533641861774975190e+00
4.520000000000000000e+02 2.533680355563260544e+00
4.530000000000000000e+02 2.533718842421294859e+00
4.540000000000000000e+02 2.533757322340880691e+00
4.550000000000000000e+02 2.533795795313820598e+00
4.560000000000000000e+02 2.533834261331916693e+00
4.570000000000000000e+02 2.533872720386972421e+00
4.580000000000000000e+02 2.533911172470789896e+00
4.590000000000000000e+02 2.533949617575172120e+00
4.600000000000000000e+02 2.533988055691920760e+00
4.610000000000000000e+02 2.534026486812839263e+00
4.620000000000000000e+02 2.534064910929729741e+00
4.630000000000000000e+02 2.534103328034395197e+00
4.640000000000000000e+02 2.534141738118637743e+00
4.650000000000000000e+02 2.534180141174260381e+00
4.660000000000000000e+02 2.534218537193065224e+00
4.670000000000000000e+02 2.534256926166855717e+00
4.680000000000000000e+02 2.534295308087433529e+00
4.690000000000000000e+02 2.534333682946601218e+00
4.700000000000000000e+02 2.534372050736162230e+00
4.710000000000000000e+02 2.534410411447918676e+00
4.720000000000000000e+02 2.534448765073673115e+00
4.730000000000000000e+02 2.534487111605227661e+00
4.740000000000000000e+02 2.534525451034385757e+00
4.750000000000000000e+02 2.534563783352949962e+00
4.760000000000000000e+02 2.534602108552721944e+00
4.770000000000000000e+02 2.534640426625505150e+00
4.780000000000000000e+02 2.534678737563101691e+00
4.790000000000000000e+02 2.534717041357314571e+00
4.800000000000000000e+02 2.534755337999945901e+00
4.810000000000000000e+02 2.534793627482798684e+00
4.820000000000000000e+02 2.534831909797675475e+00
4.830000000000000000e+02 2.534870184936378390e+00
4.840000000000000000e+02 2.534908452890710873e+00
4.850000000000000000e+02 2.534946713652474592e+00
4.860000000000000000e+02 2.534984967213472107e+00
4.870000000000000000e+02 2.535023213565506861e+00
4.880000000000000000e+02 2.535061452700380968e+00
4.890000000000000000e+02 2.535099684609896986e+00
4.900000000000000000e+02 2.535137909285857916e+00
4.910000000000000000e+02 2.535176126720065426e+00
4.920000000000000000e+02 2.535214336904322963e+00
4.930000000000000000e+02 2.535252539830432639e+00
4.940000000000000000e+02 2.535290735490197456e+00
4.950000000000000000e+02 2.535328923875419527e+00
4.960000000000000000e+02 2.535367104977901853e+00
4.970000000000000000e+02 2.535405278789446548e+00
4.980000000000000000e+02 2.535443445301856613e+00
4.990000000000000000e+02 2.535481604506934605e+00
5.000000000000000000e+02 2.535519756396482638e+00
5.010000000000000000e+02 2.535557900962304156e+00
5.020000000000000000e+02 2.535596038196200830e+00
5.030000000000000000e+02 2.535634168089975660e+00
5.040000000000000000e+02 2.535672290635431647e+00
5.050000000000000000e+02 2.535710405824370461e+00
5.060000000000000000e+02 2.535748513648595548e+00
5.070000000000000000e+02 2.535786614099909020e+00
5.080000000000000000e+02 2.535824707170113435e+00
5.090000000000000000e+02 2.535862792851011793e+00
5.100000000000000000e+02 2.535900871134406209e+00
5.110000000000000000e+02 2.535938942012099684e+00
5.120000000000000000e+02 2.535977005475894330e+00
5.130000000000000000e+02 2.536015061517593150e+00
5.140000000000000000e+02 2.536053110128998700e+00
5.150000000000000000e+02 2.536091151301913094e+00
5.160000000000000000e+02 2.536129185028139332e+00
5.170000000000000000e+02 2.536167211299480417e+00
5.180000000000000000e+02 2.536205230107738018e+00
5.190000000000000000e+02 2.536243241444715135e+00
5.200000000000000000e+02 2.536281245302214327e+00
5.210000000000000000e+02 2.536319241672038149e+00
5.220000000000000000e+02 2.536357230545989605e+00
5.230000000000000000e+02 2.536395211915870362e+00
5.240000000000000000e+02 2.536433185773484311e+00
5.250000000000000000e+02 2.536471152110632676e+00
5.260000000000000000e+02 2.536509110919118903e+00
5.270000000000000000e+02 2.536547062190745550e+00
5.280000000000000000e+02 2.536585005917314728e+00
5.290000000000000000e+02 2.536622942090628996e+00
5.300000000000000000e+02 2.536660870702491799e+00
5.310000000000000000e+02 2.536698791744704806e+00
5.320000000000000000e+02 2.536736705209071019e+00
5.330000000000000000e+02 2.536774611087392994e+00
5.340000000000000000e+02 2.536812509371473290e+00
5.350000000000000000e+02 2.536850400053114463e+00
5.360000000000000000e+02 2.536888283124119514e+00
5.370000000000000000e+02 2.536926158576290113e+00
5.380000000000000000e+02 2.536964026401429262e+00
5.390000000000000000e+02 2.537001886591339961e+00
5.400000000000000000e+02 2.537039739137824323e+00
5.410000000000000000e+02 2.537077584032685351e+00
5.420000000000000000e+02 2.537115421267725157e+00
5.430000000000000000e+02 2.537153250834746743e+00
5.440000000000000000e+02 2.537191072725552221e+00
5.450000000000000000e+02 2.537228886931944594e+00
5.460000000000000000e+02 2.537266693445725974e+00
5.470000000000000000e+02 2.537304492258699806e+00
5.480000000000000000e+02 2.537342283362667761e+00
5.490000000000000000e+02 2.537380066749432839e+00
5.500000000000000000e+02 2.537417842410797597e+00
5.510000000000000000e+02 2.537455610338565037e+00
5.520000000000000000e+02 2.537493370524536829e+00
5.530000000000000000e+02 2.537531122960515972e+00
5.540000000000000000e+02 2.537568867638305470e+00
5.550000000000000000e+02 2.537606604549707434e+00
5.560000000000000000e+02 2.537644333686524867e+00
5.570000000000000000e+02 2.537682055040559881e+00
5.580000000000000000e+02 2.537719768603615034e+00
5.590000000000000000e+02 2.537757474367493327e+00
5.600000000000000000e+02 2.537795172323996873e+00
5.610000000000000000e+02 2.537832862464929118e+00
5.620000000000000000e+02 2.537870544782091731e+00
5.630000000000000000e+02 2.537908219267287269e+00
5.640000000000000000e+02 2.537945885912319177e+00
5.650000000000000000e+02 2.537983544708989569e+00
5.660000000000000000e+02 2.538021195649100559e+00
5.670000000000000000e+02 2.538058838724455590e+00
5.680000000000000000e+02 2.538096473926856778e+00
5.690000000000000000e+02 2.538134101248106678e+00
5.700000000000000000e+02 2.538171720680007848e+00
5.710000000000000000e+02 2.538209332214363290e+00
5.720000000000000000e+02 2.538246935842975116e+00
5.730000000000000000e+02 2.538284531557645884e+00
5.740000000000000000e+02 2.538322119350178596e+00
5.750000000000000000e+02 2.538359699212375364e+00
5.760000000000000000e+02 2.538397271136039635e+00
5.770000000000000000e+02 2.538434835112972632e+00
5.780000000000000000e+02 2.538472391134978245e+00
5.790000000000000000e+02 2.538509939193858589e+00
5.800000000000000000e+02 2.538547479281415775e+00
5.810000000000000000e+02 2.538585011389452806e+00
5.820000000000000000e+02 2.538622535509772238e+00
5.830000000000000000e+02 2.538660051634177073e+00
5.840000000000000000e+02 2.538697559754468980e+00
5.850000000000000000e+02 2.538735059862451404e+00
5.860000000000000000e+02 2.538772551949926459e+00
5.870000000000000000e+02 2.538810036008696702e+00
5.880000000000000000e+02 2.538847512030565134e+00
5.890000000000000000e+02 2.538884980007333869e+00
5.900000000000000000e+02 2.538922439930805908e+00
5.910000000000000000e+02 2.538959891792783807e+00
5.920000000000000000e+02 2.538997335585069237e+00
5.930000000000000000e+02 2.539034771299466087e+00
5.940000000000000000e+02 2.539072198927776469e+00
5.950000000000000000e+02 2.539109618461802498e+00
5.960000000000000000e+02 2.539147029893347174e+00
5.970000000000000000e+02 2.539184433214213055e+00
5.980000000000000000e+02 2.539221828416203142e+00
5.990000000000000000e+02 2.539259215491119104e+00
6.000000000000000000e+02 2.539296594430764387e+00
6.010000000000000000e+02 2.539333965226940659e+00
6.020000000000000000e+02 2.539371327871451367e+00
6.030000000000000000e+02 2.539408682356099067e+00
6.040000000000000000e+02 2.539446028672685429e+00
6.050000000000000000e+02 2.539483366813014342e+00
6.060000000000000000e+02 2.539520696768887031e+00
6.070000000000000000e+02 2.539558018532107386e+00
6.080000000000000000e+02 2.539595332094477076e+00
6.090000000000000000e+02 2.539632637447799102e+00
6.100000000000000000e+02 2.539669934583875577e+00
6.110000000000000000e+02 2.539707223494509947e+00
6.120000000000000000e+02 2.539744504171503880e+00
6.130000000000000000e+02 2.539781776606660824e+00
6.140000000000000000e+02 2.539819040791782445e+00
6.150000000000000000e+02 2.539856296718672191e+00
6.160000000000000000e+02 2.539893544379131729e+00
6.170000000000000000e+02 2.539930783764964506e+00
6.180000000000000000e+02 2.539968014867972634e+00
6.190000000000000000e+02 2.540005237679959116e+00
6.200000000000000000e+02 2.540042452192726063e+00
6.210000000000000000e+02 2.540079658398076479e+00
6.220000000000000000e+02 2.540116856287812475e+00
6.230000000000000000e+02 2.540154045853737053e+00
6.240000000000000000e+02 2.540191227087652326e+00
6.250000000000000000e+02 2.540228399981361296e+00
6.260000000000000000e+02 2.540265564526666520e+00
6.270000000000000000e+02 2.540302720715370555e+00
6.280000000000000000e+02 2.540339868539275958e+00
6.290000000000000000e+02 2.540377007990185287e+00
6.300000000000000000e+02 2.540414139059900656e+00
6.310000000000000000e+02 2.540451261740225508e+00
6.320000000000000000e+02 2.540488376022962402e+00
6.330000000000000000e+02 2.540525481899913007e+00
6.340000000000000000e+02 2.540562579362880768e+00
6.350000000000000000e+02 2.540599668403667799e+00
6.360000000000000000e+02 2.540636749014077100e+00
6.370000000000000000e+02 2.540673821185910786e+00
6.380000000000000000e+02 2.540710884910971412e+00
6.390000000000000000e+02 2.540747940181062425e+00
6.400000000000000000e+02 2.540784986987985494e+00
6.410000000000000000e+02 2.540822025323543176e+00
6.420000000000000000e+02 2.540859055179538917e+00
6.430000000000000000e+02 2.540896076547774829e+00
6.440000000000000000e+02 2.540933089420053026e+00
6.450000000000000000e+02 2.540970093788176509e+00
6.460000000000000000e+02 2.541007089643948280e+00
6.470000000000000000e+02 2.541044076979170452e+00
6.480000000000000000e+02 2.541081055785645582e+00
6.490000000000000000e+02 2.541118026055176227e+00
6.500000000000000000e+02 2.541154987779564944e+00
6.510000000000000000e+02 2.541191940950614736e+00
6.520000000000000000e+02 2.541228885560128159e+00
6.530000000000000000e+02 2.541265821599906882e+00
6.540000000000000000e+02 2.541302749061754795e+00
6.550000000000000000e+02 2.541339667937473568e+00
6.560000000000000000e+02 2.541376578218866200e+00
6.570000000000000000e+02 2.541413479897735250e+00
6.580000000000000000e+02 2.541450372965882831e+00
6.590000000000000000e+02 2.541487257415111944e+00
6.600000000000000000e+02 2.541524133237225591e+00
6.610000000000000000e+02 2.541561000424025440e+00
6.620000000000000000e+02 2.541597858967314938e+00
6.630000000000000000e+02 2.541634708858895753e+00
6.640000000000000000e+02 2.541671550090571330e+00
6.650000000000000000e+02 2.541708382654143783e+00
6.660000000000000000e+02 2.541745206541416113e+00
6.670000000000000000e+02 2.541782021744190434e+00
6.680000000000000000e+02 2.541818828254269302e+00
6.690000000000000000e+02 2.541855626063455720e+00
6.700000000000000000e+02 2.541892415163552243e+00
6.710000000000000000e+02 2.541929195546360987e+00
6.720000000000000000e+02 2.541965967203684951e+00
6.730000000000000000e+02 2.542002730127326249e+00
6.740000000000000000e+02 2.542039484309088326e+00
6.750000000000000000e+02 2.542076229740773297e+00
6.760000000000000000e+02 2.542112966414183273e+00
6.770000000000000000e+02 2.542149694321121700e+00
6.780000000000000000e+02 2.542186413453390248e+00
6.790000000000000000e+02 2.542223123802792362e+00
6.800000000000000000e+02 2.542259825361130154e+00
6.810000000000000000e+02 2.542296518120206628e+00
6.820000000000000000e+02 2.542333202071823450e+00
6.830000000000000000e+02 2.542369877207784512e+00
6.840000000000000000e+02 2.542406543519891038e+00
6.850000000000000000e+02 2.542443200999946473e+00
6.860000000000000000e+02 2.542479849639753375e+00
6.870000000000000000e+02 2.542516489431114302e+00
6.880000000000000000e+02 2.542553120365831365e+00
6.890000000000000000e+02 2.542589742435707567e+00
6.900000000000000000e+02 2.542626355632545465e+00
6.910000000000000000e+02 2.542662959948147616e+00
6.920000000000000000e+02 2.542699555374316578e+00
6.930000000000000000e+02 2.542736141902854907e+00
6.940000000000000000e+02 2.542772719525565162e+00
6.950000000000000000e+02 2.542809288234249898e+00
6.960000000000000000e+02 2.542845848020712118e+00
6.970000000000000000e+02 2.542882398876753935e+00
6.980000000000000000e+02 2.542918940794177907e+00
6.990000000000000000e+02 2.542955473764787033e+00
7.000000000000000000e+02 2.542991997780383429e+00
7.010000000000000000e+02 2.543028512832770094e+00
7.020000000000000000e+02 2.543065018913749142e+00
7.030000000000000000e+02 2.543101516015123575e+00
7.040000000000000000e+02 2.543138004128695950e+00
7.050000000000000000e+02 2.543174483246268824e+00
7.060000000000000000e+02 2.543210953359644311e+00
7.070000000000000000e+02 2.543247414460625855e+00
7.080000000000000000e+02 2.543283866541015126e+00
7.090000000000000000e+02 2.543320309592615569e+00
7.100000000000000000e+02 2.543356743607229298e+00
7.110000000000000000e+02 2.543393168576658869e+00
7.120000000000000000e+02 2.543429584492706841e+00
7.130000000000000000e+02 2.543465991347176214e+00
7.140000000000000000e+02 2.543502389131869101e+00
7.150000000000000000e+02 2.543538777838588061e+00
7.160000000000000000e+02 2.543575157459136094e+00
7.170000000000000000e+02 2.543611527985315757e+00
7.180000000000000000e+02 2.543647889408929164e+00
7.190000000000000000e+02 2.543684241721779316e+00
7.200000000000000000e+02 2.543720584915668770e+00
7.210000000000000000e+02 2.543756918982399640e+00
7.220000000000000000e+02 2.543793243913775370e+00
7.230000000000000000e+02 2.543829559701597631e+00
7.240000000000000000e+02 2.543865866337669868e+00
7.250000000000000000e+02 2.543902163813793749e+00
7.260000000000000000e+02 2.543938452121772720e+00
7.270000000000000000e+02 2.543974731253408894e+00
7.280000000000000000e+02 2.544011001200504829e+00
7.290000000000000000e+02 2.544047261954863526e+00
7.300000000000000000e+02 2.544083513508287098e+00
7.310000000000000000e+02 2.544119755852578102e+00
7.320000000000000000e+02 2.544155988979539540e+00
7.330000000000000000e+02 2.544192212880973969e+00
7.340000000000000000e+02 2.544228427548683502e+00
7.350000000000000000e+02 2.544264632974471141e+00
7.360000000000000000e+02 2.544300829150139442e+00
7.370000000000000000e+02 2.544337016067490520e+00
7.380000000000000000e+02 2.544373193718327819e+00
7.390000000000000000e+02 2.544409362094453009e+00
7.400000000000000000e+02 2.544445521187669534e+00
7.410000000000000000e+02 2.544481670989779509e+00
7.420000000000000000e+02 2.544517811492585491e+00
7.430000000000000000e+02 2.544553942687890036e+00
7.440000000000000000e+02 2.544590064567495702e+00
7.450000000000000000e+02 2.544626177123205490e+00
7.460000000000000000e+02 2.544662280346821515e+00
7.470000000000000000e+02 2.544698374230146776e+00
7.480000000000000000e+02 2.544734458764983387e+00
7.490000000000000000e+02 2.544770533943134350e+00
7.500000000000000000e+02 2.544806599756402221e+00
7.510000000000000000e+02 2.544842656196589115e+00
7.520000000000000000e+02 2.544878703255498031e+00
7.530000000000000000e+02 2.544914740924931529e+00
7.540000000000000000e+02 2.544950769196692164e+00
7.550000000000000000e+02 2.544986788062582495e+00
7.560000000000000000e+02 2.545022797514405077e+00
7.570000000000000000e+02 2.545058797543962470e+00
7.580000000000000000e+02 2.545094788143057674e+00
7.590000000000000000e+02 2.545130769303492357e+00
7.600000000000000000e+02 2.545166741017069967e+00
7.610000000000000000e+02 2.545202703275593059e+00
7.620000000000000000e+02 2.545238656070863303e+00
7.630000000000000000e+02 2.545274599394684145e+00
7.640000000000000000e+02 2.545310533238858142e+00
7.650000000000000000e+02 2.545346457595187850e+00
7.660000000000000000e+02 2.545382372455475384e+00
7.670000000000000000e+02 2.545418277811523744e+00
7.680000000000000000e+02 2.545454173655135488e+00
7.690000000000000000e+02 2.545490059978112729e+00
7.700000000000000000e+02 2.545525936772258913e+00
7.710000000000000000e+02 2.545561804029375708e+00
7.720000000000000000e+02 2.545597661741266560e+00
7.730000000000000000e+02 2.545633509899733582e+00
7.740000000000000000e+02 2.545669348496579332e+00
7.750000000000000000e+02 2.545705177523606366e+00
7.760000000000000000e+02 2.545740996972617687e+00
7.770000000000000000e+02 2.545776806835415407e+00
7.780000000000000000e+02 2.545812607103802083e+00
7.790000000000000000e+02 2.545848397769580718e+00
7.800000000000000000e+02 2.545884178824553867e+00
7.810000000000000000e+02 2.545919950260523645e+00
7.820000000000000000e+02 2.545955712069293053e+00
7.830000000000000000e+02 2.545991464242664648e+00
7.840000000000000000e+02 2.546027206772440543e+00
7.850000000000000000e+02 2.546062939650424184e+00
7.860000000000000000e+02 2.546098662868417239e+00
7.870000000000000000e+02 2.546134376418223155e+00
7.880000000000000000e+02 2.546170080291643600e+00
7.890000000000000000e+02 2.546205774480482020e+00
7.900000000000000000e+02 2.546241458976540528e+00
7.910000000000000000e+02 2.546277133771621681e+00
7.920000000000000000e+02 2.546312798857528481e+00
7.930000000000000000e+02 2.546348454226063041e+00
7.940000000000000000e+02 2.546384099869027917e+00
7.950000000000000000e+02 2.546419735778226112e+00
7.960000000000000000e+02 2.546455361945460183e+00
7.970000000000000000e+02 2.546490978362532243e+00
7.980000000000000000e+02 2.546526585021245292e+00
7.990000000000000000e+02 2.546562181913401890e+00
8.000000000000000000e+02 2.546597769030804148e+00
8.010000000000000000e+02 2.546633346365255512e+00
8.020000000000000000e+02 2.546668913908558096e+00
8.030000000000000000e+02 2.546704471652514012e+00
8.040000000000000000e+02 2.546740019588926707e+00
8.050000000000000000e+02 2.546775557709598292e+00
8.060000000000000000e+02 2.546811086006331326e+00
8.070000000000000000e+02 2.546846604470928366e+00
8.080000000000000000e+02 2.546882113095192413e+00
8.090000000000000000e+02 2.546917611870925580e+00
8.100000000000000000e+02 2.546953100789930868e+00
8.110000000000000000e+02 2.546988579844010392e+00
8.120000000000000000e+02 2.547024049024967152e+00
8.130000000000000000e+02 2.547059508324603705e+00
8.140000000000000000e+02 2.547094957734722165e+00
8.150000000000000000e+02 2.547130397247125533e+00
8.160000000000000000e+02 2.547165826853616366e+00
8.170000000000000000e+02 2.547201246545997222e+00
8.180000000000000000e+02 2.547236656316070658e+00
8.190000000000000000e+02 2.547272056155639230e+00
8.200000000000000000e+02 2.547307446056505498e+00
8.210000000000000000e+02 2.547342826010472461e+00
8.220000000000000000e+02 2.547378196009341789e+00
8.230000000000000000e+02 2.547413556044916927e+00
8.240000000000000000e+02 2.547448906108999989e+00
8.250000000000000000e+02 2.547484246193393975e+00
8.260000000000000000e+02 2.547519576289901000e+00
8.270000000000000000e+02 2.547554896390324064e+00
8.280000000000000000e+02 2.547590206486465281e+00
8.290000000000000000e+02 2.547625506570127651e+00
8.300000000000000000e+02 2.547660796633113733e+00
8.310000000000000000e+02 2.547696076667226084e+00
8.320000000000000000e+02 2.547731346664267260e+00
8.330000000000000000e+02 2.547766606616039375e+00
8.340000000000000000e+02 2.547801856514345875e+00
8.350000000000000000e+02 2.547837096350988428e+00
8.360000000000000000e+02 2.547872326117770481e+00
8.370000000000000000e+02 2.547907545806494145e+00
8.380000000000000000e+02 2.547942755408961979e+00
8.390000000000000000e+02 2.547977954916976984e+00
8.400000000000000000e+02 2.548013144322341272e+00
8.410000000000000000e+02 2.548048323616857402e+00
8.420000000000000000e+02 2.548083492792328375e+00
8.430000000000000000e+02 2.548118651840556748e+00
8.440000000000000000e+02 2.548153800753344633e+00
8.450000000000000000e+02 2.548188939522495033e+00
8.460000000000000000e+02 2.548224068139810061e+00
8.470000000000000000e+02 2.548259186597093162e+00
8.480000000000000000e+02 2.548294294886146005e+00
8.490000000000000000e+02 2.548329392998772036e+00
8.500000000000000000e+02 2.548364480926772924e+00
8.510000000000000000e+02 2.548399558661952113e+00
8.520000000000000000e+02 2.548434626196111275e+00
8.530000000000000000e+02 2.548469683521053852e+00
8.540000000000000000e+02 2.548504730628581960e+00
8.550000000000000000e+02 2.548539767510498599e+00
8.560000000000000000e+02 2.548574794158605883e+00
8.570000000000000000e+02 2.548609810564706368e+00
8.580000000000000000e+02 2.548644816720603057e+00
8.590000000000000000e+02 2.548679812618098506e+00
8.600000000000000000e+02 2.548714798248994828e+00
8.610000000000000000e+02 2.548749773605095026e+00
8.620000000000000000e+02 2.548784738678201656e+00
8.630000000000000000e+02 2.548819693460116831e+00
8.640000000000000000e+02 2.548854637942643997e+00
8.650000000000000000e+02 2.548889572117584823e+00
8.660000000000000000e+02 2.548924495976742755e+00
8.670000000000000000e+02 2.548959409511919461e+00
8.680000000000000000e+02 2.548994312714918387e+00
8.690000000000000000e+02 2.549029205577541646e+00
8.700000000000000000e+02 2.549064088091592239e+00
8.710000000000000000e+02 2.549098960248871837e+00
8.720000000000000000e+02 2.549133822041183883e+00
8.730000000000000000e+02 2.549168673460330936e+00
8.740000000000000000e+02 2.549203514498115108e+00
8.750000000000000000e+02 2.549238345146339402e+00
8.760000000000000000e+02 2.549273165396806373e+00
8.770000000000000000e+02 2.549307975241318136e+00
8.780000000000000000e+02 2.549342774671677692e+00
8.790000000000000000e+02 2.549377563679687597e+00
8.800000000000000000e+02 2.549412342257150410e+00
8.810000000000000000e+02 2.549447110395868243e+00
8.820000000000000000e+02 2.549481868087644543e+00
8.830000000000000000e+02 2.549516615324281421e+00
8.840000000000000000e+02 2.549551352097581880e+00
8.850000000000000000e+02 2.549586078399347588e+00
8.860000000000000000e+02 2.549620794221381992e+00
8.870000000000000000e+02 2.549655499555487204e+00
8.880000000000000000e+02 2.549690194393466225e+00
8.890000000000000000e+02 2.549724878727121169e+00
8.900000000000000000e+02 2.549759552548254593e+00
8.910000000000000000e+02 2.549794215848669943e+00
8.920000000000000000e+02 2.549828868620168887e+00
8.930000000000000000e+02 2.549863510854553983e+00
8.940000000000000000e+02 2.549898142543628676e+00
8.950000000000000000e+02 2.549932763679195080e+00
8.960000000000000000e+02 2.549967374253055308e+00
8.970000000000000000e+02 2.550001974257012360e+00
8.980000000000000000e+02 2.550036563682869239e+00
8.990000000000000000e+02 2.550071142522428058e+00
9.000000000000000000e+02 2.550105710767490930e+00
9.010000000000000000e+02 2.550140268409861743e+00
9.020000000000000000e+02 2.550174815441341725e+00
9.030000000000000000e+02 2.550209351853734319e+00
9.040000000000000000e+02 2.550243877638841639e+00
9.050000000000000000e+02 2.550278392788466686e+00
9.060000000000000000e+02 2.550312897294411574e+00
9.070000000000000000e+02 2.550347391148479304e+00
9.080000000000000000e+02 2.550381874342472432e+00
9.090000000000000000e+02 2.550416346868193518e+00
9.100000000000000000e+02 2.550450808717444673e+00
9.110000000000000000e+02 2.550485259882028899e+00
9.120000000000000000e+02 2.550519700353749197e+00
9.130000000000000000e+02 2.550554130124407237e+00
9.140000000000000000e+02 2.550588549185806020e+00
9.150000000000000000e+02 2.550622957529748547e+00
9.160000000000000000e+02 2.550657355148036931e+00
9.170000000000000000e+02 2.550691742032473730e+00
9.180000000000000000e+02 2.550726118174861501e+00
9.190000000000000000e+02 2.550760483567003245e+00
9.200000000000000000e+02 2.550794838200701076e+00
9.210000000000000000e+02 2.550829182067757994e+00
9.220000000000000000e+02 2.550863515159976114e+00
9.230000000000000000e+02 2.550897837469158880e+00
9.240000000000000000e+02 2.550932148987107517e+00
9.250000000000000000e+02 2.550966449705625916e+00
9.260000000000000000e+02 2.551000739616515745e+00
9.270000000000000000e+02 2.551035018711580449e+00
9.280000000000000000e+02 2.551069286982621698e+00
9.290000000000000000e+02 2.551103544421442493e+00
9.300000000000000000e+02 2.551137791019845835e+00
9.310000000000000000e+02 2.551172026769633838e+00
9.320000000000000000e+02 2.551206251662609059e+00
9.330000000000000000e+02 2.551240465690574055e+00
9.340000000000000000e+02 2.551274668845331384e+00
9.350000000000000000e+02 2.551308861118684046e+00
9.360000000000000000e+02 2.551343042502434599e+00
9.370000000000000000e+02 2.551377212988385157e+00
9.380000000000000000e+02 2.551411372568338276e+00
9.390000000000000000e+02 2.551445521234097402e+00
9.400000000000000000e+02 2.551479658977464204e+00
9.410000000000000000e+02 2.551513785790241684e+00
9.420000000000000000e+02 2.551547901664232398e+00
9.430000000000000000e+02 2.551582006591238461e+00
9.440000000000000000e+02 2.551616100563063316e+00
9.450000000000000000e+02 2.551650183571509078e+00
9.460000000000000000e+02 2.551684255608377860e+00
9.470000000000000000e+02 2.551718316665473552e+00
9.480000000000000000e+02 2.551752366734597377e+00
9.490000000000000000e+02 2.551786405807552338e+00
9.500000000000000000e+02 2.551820433876141436e+00
9.510000000000000000e+02 2.551854450932167229e+00
9.520000000000000000e+02 2.551888456967431829e+00
9.530000000000000000e+02 2.551922451973737793e+00
9.540000000000000000e+02 2.551956435942888568e+00
9.550000000000000000e+02 2.551990408866685378e+00
9.560000000000000000e+02 2.552024370736932113e+00
9.570000000000000000e+02 2.552058321545430442e+00
9.580000000000000000e+02 2.552092261283983810e+00
9.590000000000000000e+02 2.552126189944393886e+00
9.600000000000000000e+02 2.552160107518463672e+00
9.610000000000000000e+02 2.552194013997995725e+00
9.620000000000000000e+02 2.552227909374793047e+00
9.630000000000000000e+02 2.552261793640657750e+00
9.640000000000000000e+02 2.552295666787392392e+00
9.650000000000000000e+02 2.552329528806799530e+00
9.660000000000000000e+02 2.552363379690682166e+00
9.670000000000000000e+02 2.552397219430842412e+00
9.680000000000000000e+02 2.552431048019082827e+00
9.690000000000000000e+02 2.552464865447206854e+00
9.700000000000000000e+02 2.552498671707015721e+00
9.710000000000000000e+02 2.552532466790313315e+00
9.720000000000000000e+02 2.552566250688901306e+00
9.730000000000000000e+02 2.552600023394583140e+00
9.740000000000000000e+02 2.552633784899160485e+00
9.750000000000000000e+02 2.552667535194436343e+00
9.760000000000000000e+02 2.552701274272213272e+00
9.770000000000000000e+02 2.552735002124293828e+00
9.780000000000000000e+02 2.552768718742480569e+00
9.790000000000000000e+02 2.552802424118576496e+00
9.800000000000000000e+02 2.552836118244383723e+00
9.810000000000000000e+02 2.552869801111704806e+00
9.820000000000000000e+02 2.552903472712342747e+00
9.830000000000000000e+02 2.552937133038099660e+00
9.840000000000000000e+02 2.552970782080778100e+00
9.850000000000000000e+02 2.553004419832181515e+00
9.860000000000000000e+02 2.553038046284111129e+00
9.870000000000000000e+02 2.553071661428370831e+00
9.880000000000000000e+02 2.553105265256762291e+00
9.890000000000000000e+02 2.553138857761088953e+00
9.900000000000000000e+02 2.553172438933152488e+00
9.910000000000000000e+02 2.553206008764755897e+00
9.920000000000000000e+02 2.553239567247701736e+00
9.930000000000000000e+02 2.553273114373792563e+00
9.940000000000000000e+02 2.553306650134831379e+00
9.950000000000000000e+02 2.553340174522620298e+00
9.960000000000000000e+02 2.553373687528961877e+00
9.970000000000000000e+02 2.553407189145658673e+00
9.980000000000000000e+02 2.553440679364513688e+00
9.990000000000000000e+02 2.553474158177329034e+00
1.000000000000000000e+03 2.553507625575907714e+00
1.001000000000000000e+03 2.553541081552051839e+00
1.002000000000000000e+03 2.553574526097564412e+00
1.003000000000000000e+03 2.553607959204247990e+00
1.004000000000000000e+03 2.553641380863905130e+00
1.005000000000000000e+03 2.553674791068337946e+00
1.006000000000000000e+03 2.553708189809349882e+00
1.007000000000000000e+03 2.553741577078742608e+00
1.008000000000000000e+03 2.553774952868319570e+00
1.009000000000000000e+03 2.553808317169882436e+00
1.010000000000000000e+03 2.553841669975234652e+00
1.011000000000000000e+03 2.553875011276178331e+00
1.012000000000000000e+03 2.553908341064516474e+00
1.013000000000000000e+03 2.553941659332050751e+00
1.014000000000000000e+03 2.553974966070585051e+00
1.015000000000000000e+03 2.554008261271920599e+00
1.016000000000000000e+03 2.554041544927861285e+00
1.017000000000000000e+03 2.554074817030208777e+00
1.018000000000000000e+03 2.554108077570765634e+00
1.019000000000000000e+03 2.554141326541335300e+00
1.020000000000000000e+03 2.554174563933719444e+00
1.021000000000000000e+03 2.554207789739721068e+00
1.022000000000000000e+03 2.554241003951142730e+00
