# order=23: x_data [pixel], y_data [pixel], x_model [pixel], y_model [pixel]
7.927272727272726627e+01 2.550196558468688757e+00 2.289905686868686896e+00 4.423492487449179333e-01
8.721212121212121815e+01 3.712846701740310618e+00 2.290225060606060570e+00 6.647723366580919890e-01
1.497878787878787818e+02 2.910969172407575911e+00 2.292488565656565669e+00 6.593970590599280701e-01
1.770303030303030312e+02 3.880558689768242697e+00 2.293484686868686673e+00 8.920053533397216405e-01
2.163333333333333428e+02 2.819626961147331912e+00 2.294891939393939317e+00 6.055750275173967800e-01
3.423333333333333144e+02 3.418690294220744885e+00 2.299411939393939175e+00 5.471902193647597556e-01
3.793939393939393767e+02 2.994531370467614639e+00 2.300743686868687021e+00 6.230384605649619267e-01
4.854545454545454390e+02 2.642496835928041854e+00 2.304421060606060667e+00 4.914693632000778911e-01
4.985454545454545610e+02 3.297764687180437804e+00 2.304939060606060686e+00 7.379056762682325576e-01
5.153939393939393767e+02 3.219375874723470421e+00 2.305480000000000196e+00 6.951247330811772818e-01
5.303333333333333712e+02 3.466154365830203421e+00 2.306037434343434445e+00 8.275898901885767600e-01
5.457272727272727479e+02 3.017328282040240950e+00 2.306579313131313036e+00 6.649632057586561951e-01
5.753333333333333712e+02 2.962064031483734983e+00 2.307514313131313166e+00 4.052967116578340412e-01
6.279090909090908781e+02 3.179467933103403698e+00 2.309410939393939266e+00 7.528368995747856118e-01
7.087878787878787534e+02 3.094295805706799740e+00 2.312174313131313053e+00 7.028159849247213042e-01
7.920909090909091219e+02 3.545930312639187232e+00 2.314985545454545601e+00 9.318222401334560479e-01
8.907272727272727479e+02 2.770983160934462841e+00 2.318246313131313130e+00 5.822827371721908118e-01
8.979090909090908781e+02 2.823395145690521968e+00 2.318475939393939367e+00 5.537718241390026108e-01
9.312121212121212466e+02 2.778632625155875946e+00 2.319576434343434190e+00 6.451375515737722832e-01
9.413333333333333712e+02 3.011420562252737021e+00 2.319906090909090945e+00 7.431020083613929517e-01
1.004393939393939377e+03 1.708085526104833107e+00 2.321950454545454789e+00 3.463947358212006722e-01
