# order=8: x_data [pixel], y_data [pixel], x_model [pixel], y_model [pixel]
1.339393939393939448e+01 3.917318851436112137e+00 1.572017868686868658e+00 5.982961703161322475e-01
2.263636363636363669e+01 4.579670549826934334e+00 1.572335131313131296e+00 5.853985153739844627e-01
3.927272727272727337e+01 4.276824581842698869e+00 1.572659393939394024e+00 5.825924330999164846e-01
5.145454545454545325e+01 4.283554550318097398e+00 1.572991969696969639e+00 5.879692813301383714e-01
6.203030303030303116e+01 4.989200819125194641e+00 1.573331181818181879e+00 6.035787186128972470e-01
7.778787878787878185e+01 3.899418353232144252e+00 1.573678868686868793e+00 6.310520242101994581e-01
9.151515151515151558e+01 3.925107870591182824e+00 1.574033606060605939e+00 6.731257464661134504e-01
1.057272727272727337e+02 4.216225186384670920e+00 1.574396606060606052e+00 7.342914719895323739e-01
1.200909090909090935e+02 4.542417928184942610e+00 1.574766868686868770e+00 8.222347000518682725e-01
1.571515151515151558e+02 4.955139443823462386e+00 1.575724868686868785e+00 8.752904603214262114e-01
1.733333333333333428e+02 4.472709593850021648e+00 1.576121868686868766e+00 7.770629025315225480e-01
1.790000000000000000e+02 4.972568287173992907e+00 1.576527606060606157e+00 7.051939099362117824e-01
2.055454545454545325e+02 3.822116578743971704e+00 1.576939545454545399e+00 6.623005054459999430e-01
2.242727272727272805e+02 4.513953044069618947e+00 1.577359272727272721e+00 6.355683154059551532e-01
2.389090909090909065e+02 4.017000617140380925e+00 1.577786818181818207e+00 6.196471687075525425e-01
2.553939393939394051e+02 5.113105098448953001e+00 1.578222131313131271e+00 6.114935722917567151e-01
2.738484848484848726e+02 3.896696017749973873e+00 1.578665393939393979e+00 6.126587246399199937e-01
2.917878787878788103e+02 4.088154337312884579e+00 1.579115606060605970e+00 6.246075022091093221e-01
3.087272727272727479e+02 4.743100203159025696e+00 1.579573868686868776e+00 6.442586506236989141e-01
3.286666666666666856e+02 4.229431252824895182e+00 1.580039393939393966e+00 6.677747111313165895e-01
3.477878787878788103e+02 4.353900832906260732e+00 1.580512393939393911e+00 6.953965992557875619e-01
