# order=24: data_wav [pixel], data_wavsolution [micron]
3.000000000000000000e+00 2.358613729549657645e+00
4.000000000000000000e+00 2.358651596176774223e+00
5.000000000000000000e+00 2.358689460180604769e+00
6.000000000000000000e+00 2.358727321556841616e+00
7.000000000000000000e+00 2.358765180301177544e+00
8.000000000000000000e+00 2.358803036409304887e+00
9.000000000000000000e+00 2.358840889876915980e+00
1.000000000000000000e+01 2.358878740699703158e+00
1.100000000000000000e+01 2.358916588873358755e+00
1.200000000000000000e+01 2.358954434393575550e+00
1.300000000000000000e+01 2.358992277256045433e+00
1.400000000000000000e+01 2.359030117456460740e+00
1.500000000000000000e+01 2.359067954990514693e+00
1.600000000000000000e+01 2.359105789853898738e+00
1.700000000000000000e+01 2.359143622042306099e+00
1.800000000000000000e+01 2.359181451551428665e+00
1.900000000000000000e+01 2.359219278376958773e+00
2.000000000000000000e+01 2.359257102514588755e+00
2.100000000000000000e+01 2.359294923960011392e+00
2.200000000000000000e+01 2.359332742708919017e+00
2.300000000000000000e+01 2.359370558757003966e+00
2.400000000000000000e+01 2.359408372099958573e+00
2.500000000000000000e+01 2.359446182733475172e+00
2.600000000000000000e+01 2.359483990653246543e+00
2.700000000000000000e+01 2.359521795854964132e+00
2.800000000000000000e+01 2.359559598334321606e+00
2.900000000000000000e+01 2.359597398087010411e+00
3.000000000000000000e+01 2.359635195108723327e+00
3.100000000000000000e+01 2.359672989395152687e+00
3.200000000000000000e+01 2.359710780941991271e+00
3.300000000000000000e+01 2.359748569744930524e+00
3.400000000000000000e+01 2.359786355799663671e+00
3.500000000000000000e+01 2.359824139101883045e+00
3.600000000000000000e+01 2.359861919647280537e+00
3.700000000000000000e+01 2.359899697431548926e+00
3.800000000000000000e+01 2.359937472450380547e+00
3.900000000000000000e+01 2.359975244699468178e+00
4.000000000000000000e+01 2.360013014174503265e+00
4.100000000000000000e+01 2.360050780871179033e+00
4.200000000000000000e+01 2.360088544785187814e+00
4.300000000000000000e+01 2.360126305912221500e+00
4.400000000000000000e+01 2.360164064247972870e+00
4.500000000000000000e+01 2.360201819788134259e+00
4.600000000000000000e+01 2.360239572528398000e+00
4.700000000000000000e+01 2.360277322464456429e+00
4.800000000000000000e+01 2.360315069592002324e+00
4.900000000000000000e+01 2.360352813906727576e+00
5.000000000000000000e+01 2.360390555404324964e+00
5.100000000000000000e+01 2.360428294080486822e+00
5.200000000000000000e+01 2.360466029930905485e+00
5.300000000000000000e+01 2.360503762951272844e+00
5.400000000000000000e+01 2.360541493137282121e+00
5.500000000000000000e+01 2.360579220484625651e+00
5.600000000000000000e+01 2.360616944988994881e+00
5.700000000000000000e+01 2.360654666646083477e+00
5.800000000000000000e+01 2.360692385451582886e+00
5.900000000000000000e+01 2.360730101401185888e+00
6.000000000000000000e+01 2.360767814490585259e+00
6.100000000000000000e+01 2.360805524715472448e+00
6.200000000000000000e+01 2.360843232071540676e+00
6.300000000000000000e+01 2.360880936554481835e+00
6.400000000000000000e+01 2.360918638159988703e+00
6.500000000000000000e+01 2.360956336883753170e+00
6.600000000000000000e+01 2.360994032721468461e+00
6.700000000000000000e+01 2.361031725668826020e+00
6.800000000000000000e+01 2.361069415721519071e+00
6.900000000000000000e+01 2.361107102875239505e+00
7.000000000000000000e+01 2.361144787125679656e+00
7.100000000000000000e+01 2.361182468468532303e+00
7.200000000000000000e+01 2.361220146899489780e+00
7.300000000000000000e+01 2.361257822414244423e+00
7.400000000000000000e+01 2.361295495008488121e+00
7.500000000000000000e+01 2.361333164677914098e+00
7.600000000000000000e+01 2.361370831418214244e+00
7.700000000000000000e+01 2.361408495225080895e+00
7.800000000000000000e+01 2.361446156094206827e+00
7.900000000000000000e+01 2.361483814021284378e+00
8.000000000000000000e+01 2.361521469002005880e+00
8.100000000000000000e+01 2.361559121032063224e+00
8.200000000000000000e+01 2.361596770107149634e+00
8.300000000000000000e+01 2.361634416222957000e+00
8.400000000000000000e+01 2.361672059375177657e+00
8.500000000000000000e+01 2.361709699559504383e+00
8.600000000000000000e+01 2.361747336771629069e+00
8.700000000000000000e+01 2.361784971007244938e+00
8.800000000000000000e+01 2.361822602262043436e+00
8.900000000000000000e+01 2.361860230531717342e+00
9.000000000000000000e+01 2.361897855811959435e+00
9.100000000000000000e+01 2.361935478098461605e+00
9.200000000000000000e+01 2.361973097386916187e+00
9.300000000000000000e+01 2.362010713673015960e+00
9.400000000000000000e+01 2.362048326952453259e+00
9.500000000000000000e+01 2.362085937220920417e+00
9.600000000000000000e+01 2.362123544474109771e+00
9.700000000000000000e+01 2.362161148707713654e+00
9.800000000000000000e+01 2.362198749917424401e+00
9.900000000000000000e+01 2.362236348098934791e+00
1.000000000000000000e+02 2.362273943247937158e+00
1.010000000000000000e+02 2.362311535360123393e+00
1.020000000000000000e+02 2.362349124431186276e+00
1.030000000000000000e+02 2.362386710456818584e+00
1.040000000000000000e+02 2.362424293432711764e+00
1.050000000000000000e+02 2.362461873354559039e+00
1.060000000000000000e+02 2.362499450218052299e+00
1.070000000000000000e+02 2.362537024018884324e+00
1.080000000000000000e+02 2.362574594752747004e+00
1.090000000000000000e+02 2.362612162415333561e+00
1.100000000000000000e+02 2.362649727002335442e+00
1.110000000000000000e+02 2.362687288509445871e+00
1.120000000000000000e+02 2.362724846932356737e+00
1.130000000000000000e+02 2.362762402266760375e+00
1.140000000000000000e+02 2.362799954508349565e+00
1.150000000000000000e+02 2.362837503652816196e+00
1.160000000000000000e+02 2.362875049695853491e+00
1.170000000000000000e+02 2.362912592633152897e+00
1.180000000000000000e+02 2.362950132460407637e+00
1.190000000000000000e+02 2.362987669173309602e+00
1.200000000000000000e+02 2.363025202767551125e+00
1.210000000000000000e+02 2.363062733238824986e+00
1.220000000000000000e+02 2.363100260582823076e+00
1.230000000000000000e+02 2.363137784795238172e+00
1.240000000000000000e+02 2.363175305871763054e+00
1.250000000000000000e+02 2.363212823808089169e+00
1.260000000000000000e+02 2.363250338599909295e+00
1.270000000000000000e+02 2.363287850242916210e+00
1.280000000000000000e+02 2.363325358732802250e+00
1.290000000000000000e+02 2.363362864065259306e+00
1.300000000000000000e+02 2.363400366235980155e+00
1.310000000000000000e+02 2.363437865240657132e+00
1.320000000000000000e+02 2.363475361074982573e+00
1.330000000000000000e+02 2.363512853734648811e+00
1.340000000000000000e+02 2.363550343215348182e+00
1.350000000000000000e+02 2.363587829512773464e+00
1.360000000000000000e+02 2.363625312622616992e+00
1.370000000000000000e+02 2.363662792540571100e+00
1.380000000000000000e+02 2.363700269262327680e+00
1.390000000000000000e+02 2.363737742783579510e+00
1.400000000000000000e+02 2.363775213100019368e+00
1.410000000000000000e+02 2.363812680207339145e+00
1.420000000000000000e+02 2.363850144101231177e+00
1.430000000000000000e+02 2.363887604777388241e+00
1.440000000000000000e+02 2.363925062231502672e+00
1.450000000000000000e+02 2.363962516459266361e+00
1.460000000000000000e+02 2.363999967456372531e+00
1.470000000000000000e+02 2.364037415218513072e+00
1.480000000000000000e+02 2.364074859741380319e+00
1.490000000000000000e+02 2.364112301020666607e+00
1.500000000000000000e+02 2.364149739052065158e+00
1.510000000000000000e+02 2.364187173831266975e+00
1.520000000000000000e+02 2.364224605353965725e+00
1.530000000000000000e+02 2.364262033615853298e+00
1.540000000000000000e+02 2.364299458612622029e+00
1.550000000000000000e+02 2.364336880339964253e+00
1.560000000000000000e+02 2.364374298793572304e+00
1.570000000000000000e+02 2.364411713969138962e+00
1.580000000000000000e+02 2.364449125862356560e+00
1.590000000000000000e+02 2.364486534468917434e+00
1.600000000000000000e+02 2.364523939784513473e+00
1.610000000000000000e+02 2.364561341804837902e+00
1.620000000000000000e+02 2.364598740525582610e+00
1.630000000000000000e+02 2.364636135942439932e+00
1.640000000000000000e+02 2.364673528051102647e+00
1.650000000000000000e+02 2.364710916847263089e+00
1.660000000000000000e+02 2.364748302326613150e+00
1.670000000000000000e+02 2.364785684484845607e+00
1.680000000000000000e+02 2.364823063317653240e+00
1.690000000000000000e+02 2.364860438820727495e+00
1.700000000000000000e+02 2.364897810989761595e+00
1.710000000000000000e+02 2.364935179820447875e+00
1.720000000000000000e+02 2.364972545308478225e+00
1.730000000000000000e+02 2.365009907449545423e+00
1.740000000000000000e+02 2.365047266239341806e+00
1.750000000000000000e+02 2.365084621673559706e+00
1.760000000000000000e+02 2.365121973747891460e+00
1.770000000000000000e+02 2.365159322458029401e+00
1.780000000000000000e+02 2.365196667799666308e+00
1.790000000000000000e+02 2.365234009768494516e+00
1.800000000000000000e+02 2.365271348360205916e+00
1.810000000000000000e+02 2.365308683570493287e+00
1.820000000000000000e+02 2.365346015395048962e+00
1.830000000000000000e+02 2.365383343829565721e+00
1.840000000000000000e+02 2.365420668869735010e+00
1.850000000000000000e+02 2.365457990511250497e+00
1.860000000000000000e+02 2.365495308749803183e+00
1.870000000000000000e+02 2.365532623581086735e+00
1.880000000000000000e+02 2.365569935000792601e+00
1.890000000000000000e+02 2.365607243004614002e+00
1.900000000000000000e+02 2.365644547588242386e+00
1.910000000000000000e+02 2.365681848747370974e+00
1.920000000000000000e+02 2.365719146477691659e+00
1.930000000000000000e+02 2.365756440774897218e+00
1.940000000000000000e+02 2.365793731634679542e+00
1.950000000000000000e+02 2.365831019052731854e+00
1.960000000000000000e+02 2.365868303024745600e+00
1.970000000000000000e+02 2.365905583546413560e+00
1.980000000000000000e+02 2.365942860613428511e+00
1.990000000000000000e+02 2.365980134221482345e+00
2.000000000000000000e+02 2.366017404366267840e+00
2.010000000000000000e+02 2.366054671043476887e+00
2.020000000000000000e+02 2.366091934248802264e+00
2.030000000000000000e+02 2.366129193977936751e+00
2.040000000000000000e+02 2.366166450226571794e+00
2.050000000000000000e+02 2.366203702990400171e+00
2.060000000000000000e+02 2.366240952265114661e+00
2.070000000000000000e+02 2.366278198046407155e+00
2.080000000000000000e+02 2.366315440329970432e+00
2.090000000000000000e+02 2.366352679111496826e+00
2.100000000000000000e+02 2.366389914386678672e+00
2.110000000000000000e+02 2.366427146151208305e+00
2.120000000000000000e+02 2.366464374400778059e+00
2.130000000000000000e+02 2.366501599131080269e+00
2.140000000000000000e+02 2.366538820337807714e+00
2.150000000000000000e+02 2.366576038016652284e+00
2.160000000000000000e+02 2.366613252163306758e+00
2.170000000000000000e+02 2.366650462773463914e+00
2.180000000000000000e+02 2.366687669842815200e+00
2.190000000000000000e+02 2.366724873367053394e+00
2.200000000000000000e+02 2.366762073341871275e+00
2.210000000000000000e+02 2.366799269762960733e+00
2.220000000000000000e+02 2.366836462626014548e+00
2.230000000000000000e+02 2.366873651926724609e+00
2.240000000000000000e+02 2.366910837660784139e+00
2.250000000000000000e+02 2.366948019823884586e+00
2.260000000000000000e+02 2.366985198411719171e+00
2.270000000000000000e+02 2.367022373419979342e+00
2.280000000000000000e+02 2.367059544844358765e+00
2.290000000000000000e+02 2.367096712680548887e+00
2.300000000000000000e+02 2.367133876924242042e+00
2.310000000000000000e+02 2.367171037571131453e+00
2.320000000000000000e+02 2.367208194616908568e+00
2.330000000000000000e+02 2.367245348057266607e+00
2.340000000000000000e+02 2.367282497887897019e+00
2.350000000000000000e+02 2.367319644104493470e+00
2.360000000000000000e+02 2.367356786702747407e+00
2.370000000000000000e+02 2.367393925678351163e+00
2.380000000000000000e+02 2.367431061026997519e+00
2.390000000000000000e+02 2.367468192744379252e+00
2.400000000000000000e+02 2.367505320826187809e+00
2.410000000000000000e+02 2.367542445268116413e+00
2.420000000000000000e+02 2.367579566065856955e+00
2.430000000000000000e+02 2.367616683215101769e+00
2.440000000000000000e+02 2.367653796711543635e+00
2.450000000000000000e+02 2.367690906550875329e+00
2.460000000000000000e+02 2.367728012728788300e+00
2.470000000000000000e+02 2.367765115240975327e+00
2.480000000000000000e+02 2.367802214083128742e+00
2.490000000000000000e+02 2.367839309250940882e+00
2.500000000000000000e+02 2.367876400740104970e+00
2.510000000000000000e+02 2.367913488546312006e+00
2.520000000000000000e+02 2.367950572665255660e+00
2.530000000000000000e+02 2.367987653092627376e+00
2.540000000000000000e+02 2.368024729824120378e+00
2.550000000000000000e+02 2.368061802855426556e+00
2.560000000000000000e+02 2.368098872182238246e+00
2.570000000000000000e+02 2.368135937800247781e+00
2.580000000000000000e+02 2.368172999705147941e+00
2.590000000000000000e+02 2.368210057892631060e+00
2.600000000000000000e+02 2.368247112358389472e+00
2.610000000000000000e+02 2.368284163098115513e+00
2.620000000000000000e+02 2.368321210107501518e+00
2.630000000000000000e+02 2.368358253382239820e+00
2.640000000000000000e+02 2.368395292918023198e+00
2.650000000000000000e+02 2.368432328710543544e+00
2.660000000000000000e+02 2.368469360755493636e+00
2.670000000000000000e+02 2.368506389048565808e+00
2.680000000000000000e+02 2.368543413585452395e+00
2.690000000000000000e+02 2.368580434361845732e+00
2.700000000000000000e+02 2.368617451373438598e+00
2.710000000000000000e+02 2.368654464615922439e+00
2.720000000000000000e+02 2.368691474084990922e+00
2.730000000000000000e+02 2.368728479776335494e+00
2.740000000000000000e+02 2.368765481685648933e+00
2.750000000000000000e+02 2.368802479808623129e+00
2.760000000000000000e+02 2.368839474140951307e+00
2.770000000000000000e+02 2.368876464678325799e+00
2.780000000000000000e+02 2.368913451416438054e+00
2.790000000000000000e+02 2.368950434350981293e+00
2.800000000000000000e+02 2.368987413477647852e+00
2.810000000000000000e+02 2.369024388792130065e+00
2.820000000000000000e+02 2.369061360290119822e+00
2.830000000000000000e+02 2.369098327967310347e+00
2.840000000000000000e+02 2.369135291819393530e+00
2.850000000000000000e+02 2.369172251842061705e+00
2.860000000000000000e+02 2.369209208031007652e+00
2.870000000000000000e+02 2.369246160381923705e+00
2.880000000000000000e+02 2.369283108890501754e+00
2.890000000000000000e+02 2.369320053552434580e+00
2.900000000000000000e+02 2.369356994363414515e+00
2.910000000000000000e+02 2.369393931319134339e+00
2.920000000000000000e+02 2.369430864415285942e+00
2.930000000000000000e+02 2.369467793647561660e+00
2.940000000000000000e+02 2.369504719011654270e+00
2.950000000000000000e+02 2.369541640503255664e+00
2.960000000000000000e+02 2.369578558118059064e+00
2.970000000000000000e+02 2.369615471851756361e+00
2.980000000000000000e+02 2.369652381700039445e+00
2.990000000000000000e+02 2.369689287658601984e+00
3.000000000000000000e+02 2.369726189723134979e+00
3.010000000000000000e+02 2.369763087889331654e+00
3.020000000000000000e+02 2.369799982152884343e+00
3.030000000000000000e+02 2.369836872509485381e+00
3.040000000000000000e+02 2.369873758954827103e+00
3.050000000000000000e+02 2.369910641484601843e+00
3.060000000000000000e+02 2.369947520094501936e+00
3.070000000000000000e+02 2.369984394780220160e+00
3.080000000000000000e+02 2.370021265537448407e+00
3.090000000000000000e+02 2.370058132361879455e+00
3.100000000000000000e+02 2.370094995249205638e+00
3.110000000000000000e+02 2.370131854195118848e+00
3.120000000000000000e+02 2.370168709195312307e+00
3.130000000000000000e+02 2.370205560245478349e+00
3.140000000000000000e+02 2.370242407341308422e+00
3.150000000000000000e+02 2.370279250478495747e+00
3.160000000000000000e+02 2.370316089652732661e+00
3.170000000000000000e+02 2.370352924859711496e+00
3.180000000000000000e+02 2.370389756095124145e+00
3.190000000000000000e+02 2.370426583354663830e+00
3.200000000000000000e+02 2.370463406634022441e+00
3.210000000000000000e+02 2.370500225928892313e+00
3.220000000000000000e+02 2.370537041234966225e+00
3.230000000000000000e+02 2.370573852547936511e+00
3.240000000000000000e+02 2.370610659863495062e+00
3.250000000000000000e+02 2.370647463177334657e+00
3.260000000000000000e+02 2.370684262485148075e+00
3.270000000000000000e+02 2.370721057782626762e+00
3.280000000000000000e+02 2.370757849065463940e+00
3.290000000000000000e+02 2.370794636329351945e+00
3.300000000000000000e+02 2.370831419569982668e+00
3.310000000000000000e+02 2.370868198783048886e+00
3.320000000000000000e+02 2.370904973964242490e+00
3.330000000000000000e+02 2.370941745109256704e+00
3.340000000000000000e+02 2.370978512213783418e+00
3.350000000000000000e+02 2.371015275273514966e+00
3.360000000000000000e+02 2.371052034284144128e+00
3.370000000000000000e+02 2.371088789241363237e+00
3.380000000000000000e+02 2.371125540140864185e+00
3.390000000000000000e+02 2.371162286978339750e+00
3.400000000000000000e+02 2.371199029749482268e+00
3.410000000000000000e+02 2.371235768449984072e+00
3.420000000000000000e+02 2.371272503075537497e+00
3.430000000000000000e+02 2.371309233621835322e+00
3.440000000000000000e+02 2.371345960084569882e+00
3.450000000000000000e+02 2.371382682459433067e+00
3.460000000000000000e+02 2.371419400742117656e+00
3.470000000000000000e+02 2.371456114928315984e+00
3.480000000000000000e+02 2.371492825013720829e+00
3.490000000000000000e+02 2.371529530994023638e+00
3.500000000000000000e+02 2.371566232864917634e+00
3.510000000000000000e+02 2.371602930622095151e+00
3.520000000000000000e+02 2.371639624261248080e+00
3.530000000000000000e+02 2.371676313778069201e+00
3.540000000000000000e+02 2.371712999168250846e+00
3.550000000000000000e+02 2.371749680427485352e+00
3.560000000000000000e+02 2.371786357551465052e+00
3.570000000000000000e+02 2.371823030535882726e+00
3.580000000000000000e+02 2.371859699376430708e+00
3.590000000000000000e+02 2.371896364068800889e+00
3.600000000000000000e+02 2.371933024608685603e+00
3.610000000000000000e+02 2.371969680991778073e+00
3.620000000000000000e+02 2.372006333213770191e+00
3.630000000000000000e+02 2.372042981270354289e+00
3.640000000000000000e+02 2.372079625157222704e+00
3.650000000000000000e+02 2.372116264870068214e+00
3.660000000000000000e+02 2.372152900404583153e+00
3.670000000000000000e+02 2.372189531756459413e+00
3.680000000000000000e+02 2.372226158921389771e+00
3.690000000000000000e+02 2.372262781895067008e+00
3.700000000000000000e+02 2.372299400673182568e+00
3.710000000000000000e+02 2.372336015251429675e+00
3.720000000000000000e+02 2.372372625625500664e+00
3.730000000000000000e+02 2.372409231791087425e+00
3.740000000000000000e+02 2.372445833743882293e+00
3.750000000000000000e+02 2.372482431479578491e+00
3.760000000000000000e+02 2.372519024993867909e+00
3.770000000000000000e+02 2.372555614282442438e+00
3.780000000000000000e+02 2.372592199340995744e+00
3.790000000000000000e+02 2.372628780165218831e+00
3.800000000000000000e+02 2.372665356750804921e+00
3.810000000000000000e+02 2.372701929093446349e+00
3.820000000000000000e+02 2.372738497188835449e+00
3.830000000000000000e+02 2.372775061032664556e+00
3.840000000000000000e+02 2.372811620620626005e+00
3.850000000000000000e+02 2.372848175948412131e+00
3.860000000000000000e+02 2.372884727011715711e+00
3.870000000000000000e+02 2.372921273806228637e+00
3.880000000000000000e+02 2.372957816327643688e+00
3.890000000000000000e+02 2.372994354571653197e+00
3.900000000000000000e+02 2.373030888533949501e+00
3.910000000000000000e+02 2.373067418210224933e+00
3.920000000000000000e+02 2.373103943596171828e+00
3.930000000000000000e+02 2.373140464687482520e+00
3.940000000000000000e+02 2.373176981479849790e+00
3.950000000000000000e+02 2.373213493968965970e+00
3.960000000000000000e+02 2.373250002150523397e+00
3.970000000000000000e+02 2.373286506020213960e+00
3.980000000000000000e+02 2.373323005573730882e+00
3.990000000000000000e+02 2.373359500806766054e+00
4.000000000000000000e+02 2.373395991715011810e+00
4.010000000000000000e+02 2.373432478294160930e+00
4.020000000000000000e+02 2.373468960539905748e+00
4.030000000000000000e+02 2.373505438447938154e+00
4.040000000000000000e+02 2.373541912013950927e+00
4.050000000000000000e+02 2.373578381233636403e+00
4.060000000000000000e+02 2.373614846102687359e+00
4.070000000000000000e+02 2.373651306616795686e+00
4.080000000000000000e+02 2.373687762771653720e+00
4.090000000000000000e+02 2.373724214562954238e+00
4.100000000000000000e+02 2.373760661986389575e+00
4.110000000000000000e+02 2.373797105037651622e+00
4.120000000000000000e+02 2.373833543712433602e+00
4.130000000000000000e+02 2.373869978006427406e+00
4.140000000000000000e+02 2.373906407915325367e+00
4.150000000000000000e+02 2.373942833434820265e+00
4.160000000000000000e+02 2.373979254560603991e+00
4.170000000000000000e+02 2.374015671288369322e+00
4.180000000000000000e+02 2.374052083613808595e+00
4.190000000000000000e+02 2.374088491532614142e+00
4.200000000000000000e+02 2.374124895040478300e+00
4.210000000000000000e+02 2.374161294133093403e+00
4.220000000000000000e+02 2.374197688806152229e+00
4.230000000000000000e+02 2.374234079055346669e+00
4.240000000000000000e+02 2.374270464876369502e+00
4.250000000000000000e+02 2.374306846264913062e+00
4.260000000000000000e+02 2.374343223216669685e+00
4.270000000000000000e+02 2.374379595727331704e+00
4.280000000000000000e+02 2.374415963792591899e+00
4.290000000000000000e+02 2.374452327408141716e+00
4.300000000000000000e+02 2.374488686569674822e+00
4.310000000000000000e+02 2.374525041272882664e+00
4.320000000000000000e+02 2.374561391513457576e+00
4.330000000000000000e+02 2.374597737287092780e+00
4.340000000000000000e+02 2.374634078589480168e+00
4.350000000000000000e+02 2.374670415416312075e+00
4.360000000000000000e+02 2.374706747763281278e+00
4.370000000000000000e+02 2.374743075626079669e+00
4.380000000000000000e+02 2.374779399000400026e+00
4.390000000000000000e+02 2.374815717881934241e+00
4.400000000000000000e+02 2.374852032266375534e+00
4.410000000000000000e+02 2.374888342149415354e+00
4.420000000000000000e+02 2.374924647526746924e+00
4.430000000000000000e+02 2.374960948394062132e+00
4.440000000000000000e+02 2.374997244747053760e+00
4.450000000000000000e+02 2.375033536581413696e+00
4.460000000000000000e+02 2.375069823892834719e+00
4.470000000000000000e+02 2.375106106677009166e+00
4.480000000000000000e+02 2.375142384929629369e+00
4.490000000000000000e+02 2.375178658646388108e+00
4.500000000000000000e+02 2.375214927822976829e+00
4.510000000000000000e+02 2.375251192455088756e+00
4.520000000000000000e+02 2.375287452538416222e+00
4.530000000000000000e+02 2.375323708068651118e+00
4.540000000000000000e+02 2.375359959041486668e+00
4.550000000000000000e+02 2.375396205452614318e+00
4.560000000000000000e+02 2.375432447297727290e+00
4.570000000000000000e+02 2.375468684572517031e+00
4.580000000000000000e+02 2.375504917272677208e+00
4.590000000000000000e+02 2.375541145393899267e+00
4.600000000000000000e+02 2.375577368931875544e+00
4.610000000000000000e+02 2.375613587882299260e+00
4.620000000000000000e+02 2.375649802240861863e+00
4.630000000000000000e+02 2.375686012003256575e+00
4.640000000000000000e+02 2.375722217165175287e+00
4.650000000000000000e+02 2.375758417722310334e+00
4.660000000000000000e+02 2.375794613670354494e+00
4.670000000000000000e+02 2.375830805004999657e+00
4.680000000000000000e+02 2.375866991721939048e+00
4.690000000000000000e+02 2.375903173816864111e+00
4.700000000000000000e+02 2.375939351285468071e+00
4.710000000000000000e+02 2.375975524123442817e+00
4.720000000000000000e+02 2.376011692326480684e+00
4.730000000000000000e+02 2.376047855890274008e+00
4.740000000000000000e+02 2.376084014810516010e+00
4.750000000000000000e+02 2.376120169082898137e+00
4.760000000000000000e+02 2.376156318703113168e+00
4.770000000000000000e+02 2.376192463666853438e+00
4.780000000000000000e+02 2.376228603969811726e+00
4.790000000000000000e+02 2.376264739607679921e+00
4.800000000000000000e+02 2.376300870576150359e+00
4.810000000000000000e+02 2.376336996870915819e+00
4.820000000000000000e+02 2.376373118487668634e+00
4.830000000000000000e+02 2.376409235422101141e+00
4.840000000000000000e+02 2.376445347669905672e+00
4.850000000000000000e+02 2.376481455226774564e+00
4.860000000000000000e+02 2.376517558088400150e+00
4.870000000000000000e+02 2.376553656250475210e+00
4.880000000000000000e+02 2.376589749708691635e+00
4.890000000000000000e+02 2.376625838458742646e+00
4.900000000000000000e+02 2.376661922496319690e+00
4.910000000000000000e+02 2.376698001817115546e+00
4.920000000000000000e+02 2.376734076416822550e+00
4.930000000000000000e+02 2.376770146291133479e+00
4.940000000000000000e+02 2.376806211435740224e+00
4.950000000000000000e+02 2.376842271846335564e+00
4.960000000000000000e+02 2.376878327518611389e+00
4.970000000000000000e+02 2.376914378448260923e+00
4.980000000000000000e+02 2.376950424630975611e+00
4.990000000000000000e+02 2.376986466062448677e+00
5.000000000000000000e+02 2.377022502738371568e+00
5.010000000000000000e+02 2.377058534654437949e+00
5.020000000000000000e+02 2.377094561806339268e+00
5.030000000000000000e+02 2.377130584189767859e+00
5.040000000000000000e+02 2.377166601800416501e+00
5.050000000000000000e+02 2.377202614633977973e+00
5.060000000000000000e+02 2.377238622686143721e+00
5.070000000000000000e+02 2.377274625952606968e+00
5.080000000000000000e+02 2.377310624429059605e+00
5.090000000000000000e+02 2.377346618111194410e+00
5.100000000000000000e+02 2.377382606994703718e+00
5.110000000000000000e+02 2.377418591075279419e+00
5.120000000000000000e+02 2.377454570348614293e+00
5.130000000000000000e+02 2.377490544810400674e+00
5.140000000000000000e+02 2.377526514456331341e+00
5.150000000000000000e+02 2.377562479282098185e+00
5.160000000000000000e+02 2.377598439283393539e+00
5.170000000000000000e+02 2.377634394455910183e+00
5.180000000000000000e+02 2.377670344795340451e+00
5.190000000000000000e+02 2.377706290297376679e+00
5.200000000000000000e+02 2.377742230957711200e+00
5.210000000000000000e+02 2.377778166772036350e+00
5.220000000000000000e+02 2.377814097736044907e+00
5.230000000000000000e+02 2.377850023845428762e+00
5.240000000000000000e+02 2.377885945095880693e+00
5.250000000000000000e+02 2.377921861483092592e+00
5.260000000000000000e+02 2.377957773002757236e+00
5.270000000000000000e+02 2.377993679650567405e+00
5.280000000000000000e+02 2.378029581422214545e+00
5.290000000000000000e+02 2.378065478313391878e+00
5.300000000000000000e+02 2.378101370319791741e+00
5.310000000000000000e+02 2.378137257437106022e+00
5.320000000000000000e+02 2.378173139661027058e+00
5.330000000000000000e+02 2.378209016987248070e+00
5.340000000000000000e+02 2.378244889411460949e+00
5.350000000000000000e+02 2.378280756929358031e+00
5.360000000000000000e+02 2.378316619536631649e+00
5.370000000000000000e+02 2.378352477228974138e+00
5.380000000000000000e+02 2.378388330002078277e+00
5.390000000000000000e+02 2.378424177851636401e+00
5.400000000000000000e+02 2.378460020773340844e+00
5.410000000000000000e+02 2.378495858762883941e+00
5.420000000000000000e+02 2.378531691815958027e+00
5.430000000000000000e+02 2.378567519928255436e+00
5.440000000000000000e+02 2.378603343095468503e+00
5.450000000000000000e+02 2.378639161313290451e+00
5.460000000000000000e+02 2.378674974577412282e+00
5.470000000000000000e+02 2.378710782883527664e+00
5.480000000000000000e+02 2.378746586227328486e+00
5.490000000000000000e+02 2.378782384604507083e+00
5.500000000000000000e+02 2.378818178010755791e+00
5.510000000000000000e+02 2.378853966441766943e+00
5.520000000000000000e+02 2.378889749893233319e+00
5.530000000000000000e+02 2.378925528360847252e+00
5.540000000000000000e+02 2.378961301840300635e+00
5.550000000000000000e+02 2.378997070327286245e+00
5.560000000000000000e+02 2.379032833817496861e+00
5.570000000000000000e+02 2.379068592306624375e+00
5.580000000000000000e+02 2.379104345790361119e+00
5.590000000000000000e+02 2.379140094264399430e+00
5.600000000000000000e+02 2.379175837724432085e+00
5.610000000000000000e+02 2.379211576166151421e+00
5.620000000000000000e+02 2.379247309585249770e+00
5.630000000000000000e+02 2.379283037977419468e+00
5.640000000000000000e+02 2.379318761338353294e+00
5.650000000000000000e+02 2.379354479663742694e+00
5.660000000000000000e+02 2.379390192949280891e+00
5.670000000000000000e+02 2.379425901190660220e+00
5.680000000000000000e+02 2.379461604383572570e+00
5.690000000000000000e+02 2.379497302523710722e+00
5.700000000000000000e+02 2.379532995606767454e+00
5.710000000000000000e+02 2.379568683628434211e+00
5.720000000000000000e+02 2.379604366584404218e+00
5.730000000000000000e+02 2.379640044470369364e+00
5.740000000000000000e+02 2.379675717282022429e+00
5.750000000000000000e+02 2.379711385015055747e+00
5.760000000000000000e+02 2.379747047665161208e+00
5.770000000000000000e+02 2.379782705228032036e+00
5.780000000000000000e+02 2.379818357699359677e+00
5.790000000000000000e+02 2.379854005074837353e+00
5.800000000000000000e+02 2.379889647350157400e+00
5.810000000000000000e+02 2.379925284521011708e+00
5.820000000000000000e+02 2.379960916583092612e+00
5.830000000000000000e+02 2.379996543532093334e+00
5.840000000000000000e+02 2.380032165363705321e+00
5.850000000000000000e+02 2.380067782073621796e+00
5.860000000000000000e+02 2.380103393657534649e+00
5.870000000000000000e+02 2.380139000111136216e+00
5.880000000000000000e+02 2.380174601430119274e+00
5.890000000000000000e+02 2.380210197610175715e+00
5.900000000000000000e+02 2.380245788646998317e+00
5.910000000000000000e+02 2.380281374536279859e+00
5.920000000000000000e+02 2.380316955273711788e+00
5.930000000000000000e+02 2.380352530854987325e+00
5.940000000000000000e+02 2.380388101275798363e+00
5.950000000000000000e+02 2.380423666531837235e+00
5.960000000000000000e+02 2.380459226618796720e+00
5.970000000000000000e+02 2.380494781532369153e+00
5.980000000000000000e+02 2.380530331268246869e+00
5.990000000000000000e+02 2.380565875822122202e+00
6.000000000000000000e+02 2.380601415189687486e+00
6.010000000000000000e+02 2.380636949366635502e+00
6.020000000000000000e+02 2.380672478348658139e+00
6.030000000000000000e+02 2.380708002131447731e+00
6.040000000000000000e+02 2.380743520710697503e+00
6.050000000000000000e+02 2.380779034082098899e+00
6.060000000000000000e+02 2.380814542241345144e+00
6.070000000000000000e+02 2.380850045184127683e+00
6.080000000000000000e+02 2.380885542906139740e+00
6.090000000000000000e+02 2.380921035403073205e+00
6.100000000000000000e+02 2.380956522670620856e+00
6.110000000000000000e+02 2.380992004704475029e+00
6.120000000000000000e+02 2.381027481500328058e+00
6.130000000000000000e+02 2.381062953053871833e+00
6.140000000000000000e+02 2.381098419360799578e+00
6.150000000000000000e+02 2.381133880416803184e+00
6.160000000000000000e+02 2.381169336217575427e+00
6.170000000000000000e+02 2.381204786758808201e+00
6.180000000000000000e+02 2.381240232036193838e+00
6.190000000000000000e+02 2.381275672045425562e+00
6.200000000000000000e+02 2.381311106782195264e+00
6.210000000000000000e+02 2.381346536242195278e+00
6.220000000000000000e+02 2.381381960421117938e+00
6.230000000000000000e+02 2.381417379314655580e+00
6.240000000000000000e+02 2.381452792918500982e+00
6.250000000000000000e+02 2.381488201228346480e+00
6.260000000000000000e+02 2.381523604239883962e+00
6.270000000000000000e+02 2.381559001948806653e+00
6.280000000000000000e+02 2.381594394350806443e+00
6.290000000000000000e+02 2.381629781441575666e+00
6.300000000000000000e+02 2.381665163216806658e+00
6.310000000000000000e+02 2.381700539672192196e+00
6.320000000000000000e+02 2.381735910803424172e+00
6.330000000000000000e+02 2.381771276606195364e+00
6.340000000000000000e+02 2.381806637076198552e+00
6.350000000000000000e+02 2.381841992209125181e+00
6.360000000000000000e+02 2.381877342000668030e+00
6.370000000000000000e+02 2.381912686446519878e+00
6.380000000000000000e+02 2.381948025542373060e+00
6.390000000000000000e+02 2.381983359283919466e+00
6.400000000000000000e+02 2.382018687666851875e+00
6.410000000000000000e+02 2.382054010686862178e+00
6.420000000000000000e+02 2.382089328339643597e+00
6.430000000000000000e+02 2.382124640620888023e+00
6.440000000000000000e+02 2.382159947526287791e+00
6.450000000000000000e+02 2.382195249051535679e+00
6.460000000000000000e+02 2.382230545192324023e+00
6.470000000000000000e+02 2.382265835944344712e+00
6.480000000000000000e+02 2.382301121303290525e+00
6.490000000000000000e+02 2.382336401264853798e+00
6.500000000000000000e+02 2.382371675824726864e+00
6.510000000000000000e+02 2.382406944978602503e+00
6.520000000000000000e+02 2.382442208722172605e+00
6.530000000000000000e+02 2.382477467051129505e+00
6.540000000000000000e+02 2.382512719961166425e+00
6.550000000000000000e+02 2.382547967447974813e+00
6.560000000000000000e+02 2.382583209507247446e+00
6.570000000000000000e+02 2.382618446134677104e+00
6.580000000000000000e+02 2.382653677325955233e+00
6.590000000000000000e+02 2.382688903076775055e+00
6.600000000000000000e+02 2.382724123382828907e+00
6.610000000000000000e+02 2.382759338239808677e+00
6.620000000000000000e+02 2.382794547643407590e+00
6.630000000000000000e+02 2.382829751589317091e+00
6.640000000000000000e+02 2.382864950073229959e+00
6.650000000000000000e+02 2.382900143090838974e+00
6.660000000000000000e+02 2.382935330637836024e+00
6.670000000000000000e+02 2.382970512709913447e+00
6.680000000000000000e+02 2.383005689302764019e+00
6.690000000000000000e+02 2.383040860412080075e+00
6.700000000000000000e+02 2.383076026033553951e+00
6.710000000000000000e+02 2.383111186162877981e+00
6.720000000000000000e+02 2.383146340795744500e+00
6.730000000000000000e+02 2.383181489927846286e+00
6.740000000000000000e+02 2.383216633554875230e+00
6.750000000000000000e+02 2.383251771672524111e+00
6.760000000000000000e+02 2.383286904276485263e+00
6.770000000000000000e+02 2.383322031362450577e+00
6.780000000000000000e+02 2.383357152926113276e+00
6.790000000000000000e+02 2.383392268963164806e+00
6.800000000000000000e+02 2.383427379469298835e+00
6.810000000000000000e+02 2.383462484440206364e+00
6.820000000000000000e+02 2.383497583871581060e+00
6.830000000000000000e+02 2.383532677759114371e+00
6.840000000000000000e+02 2.383567766098498630e+00
6.850000000000000000e+02 2.383602848885427061e+00
6.860000000000000000e+02 2.383637926115591998e+00
6.870000000000000000e+02 2.383672997784684888e+00
6.880000000000000000e+02 2.383708063888398954e+00
6.890000000000000000e+02 2.383743124422426529e+00
6.900000000000000000e+02 2.383778179382459506e+00
6.910000000000000000e+02 2.383813228764190661e+00
6.920000000000000000e+02 2.383848272563312332e+00
6.930000000000000000e+02 2.383883310775516851e+00
6.940000000000000000e+02 2.383918343396496997e+00
6.950000000000000000e+02 2.383953370421944662e+00
6.960000000000000000e+02 2.383988391847552624e+00
6.970000000000000000e+02 2.384023407669012773e+00
6.980000000000000000e+02 2.384058417882017888e+00
6.990000000000000000e+02 2.384093422482260749e+00
7.000000000000000000e+02 2.384128421465432801e+00
7.010000000000000000e+02 2.384163414827226823e+00
7.020000000000000000e+02 2.384198402563335595e+00
7.030000000000000000e+02 2.384233384669451450e+00
7.040000000000000000e+02 2.384268361141266279e+00
7.050000000000000000e+02 2.384303331974472862e+00
7.060000000000000000e+02 2.384338297164763532e+00
7.070000000000000000e+02 2.384373256707831068e+00
7.080000000000000000e+02 2.384408210599366917e+00
7.090000000000000000e+02 2.384443158835064303e+00
7.100000000000000000e+02 2.384478101410615114e+00
7.110000000000000000e+02 2.384513038321712131e+00
7.120000000000000000e+02 2.384547969564047687e+00
7.130000000000000000e+02 2.384582895133313674e+00
7.140000000000000000e+02 2.384617815025203313e+00
7.150000000000000000e+02 2.384652729235408497e+00
7.160000000000000000e+02 2.384687637759621559e+00
7.170000000000000000e+02 2.384722540593535278e+00
7.180000000000000000e+02 2.384757437732841989e+00
7.190000000000000000e+02 2.384792329173233583e+00
7.200000000000000000e+02 2.384827214910402837e+00
7.210000000000000000e+02 2.384862094940042088e+00
7.220000000000000000e+02 2.384896969257844113e+00
7.230000000000000000e+02 2.384931837859500803e+00
7.240000000000000000e+02 2.384966700740704493e+00
7.250000000000000000e+02 2.385001557897147961e+00
7.260000000000000000e+02 2.385036409324523099e+00
7.270000000000000000e+02 2.385071255018523129e+00
7.280000000000000000e+02 2.385106094974839497e+00
7.290000000000000000e+02 2.385140929189165426e+00
7.300000000000000000e+02 2.385175757657192808e+00
7.310000000000000000e+02 2.385210580374613976e+00
7.320000000000000000e+02 2.385245397337121709e+00
7.330000000000000000e+02 2.385280208540408342e+00
7.340000000000000000e+02 2.385315013980166210e+00
7.350000000000000000e+02 2.385349813652087203e+00
7.360000000000000000e+02 2.385384607551864544e+00
7.370000000000000000e+02 2.385419395675190124e+00
7.380000000000000000e+02 2.385454178017756277e+00
7.390000000000000000e+02 2.385488954575255782e+00
7.400000000000000000e+02 2.385523725343380974e+00
7.410000000000000000e+02 2.385558490317824187e+00
7.420000000000000000e+02 2.385593249494277313e+00
7.430000000000000000e+02 2.385628002868433573e+00
7.440000000000000000e+02 2.385662750435984858e+00
7.450000000000000000e+02 2.385697492192623503e+00
7.460000000000000000e+02 2.385732228134042288e+00
7.470000000000000000e+02 2.385766958255933101e+00
7.480000000000000000e+02 2.385801682553988723e+00
7.490000000000000000e+02 2.385836401023901931e+00
7.500000000000000000e+02 2.385871113661364173e+00
7.510000000000000000e+02 2.385905820462068672e+00
7.520000000000000000e+02 2.385940521421706872e+00
7.530000000000000000e+02 2.385975216535972443e+00
7.540000000000000000e+02 2.386009905800556830e+00
7.550000000000000000e+02 2.386044589211152811e+00
7.560000000000000000e+02 2.386079266763452722e+00
7.570000000000000000e+02 2.386113938453148453e+00
7.580000000000000000e+02 2.386148604275933671e+00
7.590000000000000000e+02 2.386183264227499379e+00
7.600000000000000000e+02 2.386217918303538799e+00
7.610000000000000000e+02 2.386252566499743821e+00
7.620000000000000000e+02 2.386287208811807670e+00
7.630000000000000000e+02 2.386321845235421790e+00
7.640000000000000000e+02 2.386356475766278962e+00
7.650000000000000000e+02 2.386391100400071519e+00
7.660000000000000000e+02 2.386425719132492240e+00
7.670000000000000000e+02 2.386460331959233017e+00
7.680000000000000000e+02 2.386494938875986627e+00
7.690000000000000000e+02 2.386529539878444961e+00
7.700000000000000000e+02 2.386564134962301242e+00
7.710000000000000000e+02 2.386598724123246917e+00
7.720000000000000000e+02 2.386633307356975209e+00
7.730000000000000000e+02 2.386667884659177563e+00
7.740000000000000000e+02 2.386702456025547647e+00
7.750000000000000000e+02 2.386737021451776908e+00
7.760000000000000000e+02 2.386771580933557679e+00
7.770000000000000000e+02 2.386806134466582741e+00
7.780000000000000000e+02 2.386840682046544870e+00
7.790000000000000000e+02 2.386875223669135515e+00
7.800000000000000000e+02 2.386909759330047898e+00
7.810000000000000000e+02 2.386944289024973909e+00
7.820000000000000000e+02 2.386978812749606327e+00
7.830000000000000000e+02 2.387013330499637043e+00
7.840000000000000000e+02 2.387047842270758835e+00
7.850000000000000000e+02 2.387082348058664483e+00
7.860000000000000000e+02 2.387116847859045432e+00
7.870000000000000000e+02 2.387151341667594462e+00
7.880000000000000000e+02 2.387185829480004351e+00
7.890000000000000000e+02 2.387220311291967434e+00
7.900000000000000000e+02 2.387254787099175601e+00
7.910000000000000000e+02 2.387289256897321632e+00
7.920000000000000000e+02 2.387323720682097417e+00
7.930000000000000000e+02 2.387358178449196178e+00
7.940000000000000000e+02 2.387392630194309806e+00
7.950000000000000000e+02 2.387427075913131080e+00
7.960000000000000000e+02 2.387461515601351891e+00
7.970000000000000000e+02 2.387495949254664573e+00
7.980000000000000000e+02 2.387530376868762350e+00
7.990000000000000000e+02 2.387564798439336666e+00
8.000000000000000000e+02 2.387599213962080302e+00
8.010000000000000000e+02 2.387633623432686036e+00
8.020000000000000000e+02 2.387668026846845315e+00
8.030000000000000000e+02 2.387702424200251805e+00
8.040000000000000000e+02 2.387736815488596509e+00
8.050000000000000000e+02 2.387771200707573094e+00
8.060000000000000000e+02 2.387805579852873450e+00
8.070000000000000000e+02 2.387839952920189468e+00
8.080000000000000000e+02 2.387874319905214371e+00
8.090000000000000000e+02 2.387908680803640049e+00
8.100000000000000000e+02 2.387943035611158837e+00
8.110000000000000000e+02 2.387977384323463514e+00
8.120000000000000000e+02 2.388011726936246415e+00
8.130000000000000000e+02 2.388046063445199874e+00
8.140000000000000000e+02 2.388080393846015781e+00
8.150000000000000000e+02 2.388114718134387360e+00
8.160000000000000000e+02 2.388149036306006501e+00
8.170000000000000000e+02 2.388183348356565538e+00
8.180000000000000000e+02 2.388217654281757252e+00
8.190000000000000000e+02 2.388251954077273975e+00
8.200000000000000000e+02 2.388286247738807599e+00
8.210000000000000000e+02 2.388320535262051347e+00
8.220000000000000000e+02 2.388354816642696665e+00
8.230000000000000000e+02 2.388389091876436776e+00
8.240000000000000000e+02 2.388423360958963571e+00
8.250000000000000000e+02 2.388457623885969827e+00
8.260000000000000000e+02 2.388491880653147881e+00
8.270000000000000000e+02 2.388526131256189622e+00
8.280000000000000000e+02 2.388560375690787829e+00
8.290000000000000000e+02 2.388594613952634838e+00
8.300000000000000000e+02 2.388628846037423425e+00
8.310000000000000000e+02 2.388663071940845484e+00
8.320000000000000000e+02 2.388697291658593347e+00
8.330000000000000000e+02 2.388731505186359794e+00
8.340000000000000000e+02 2.388765712519837159e+00
8.350000000000000000e+02 2.388799913654717333e+00
8.360000000000000000e+02 2.388834108586693539e+00
8.370000000000000000e+02 2.388868297311457667e+00
8.380000000000000000e+02 2.388902479824702052e+00
8.390000000000000000e+02 2.388936656122119473e+00
8.400000000000000000e+02 2.388970826199401820e+00
8.410000000000000000e+02 2.389004990052242317e+00
8.420000000000000000e+02 2.389039147676332409e+00
8.430000000000000000e+02 2.389073299067364875e+00
8.440000000000000000e+02 2.389107444221032051e+00
8.450000000000000000e+02 2.389141583133026270e+00
8.460000000000000000e+02 2.389175715799040312e+00
8.470000000000000000e+02 2.389209842214766510e+00
8.480000000000000000e+02 2.389243962375896757e+00
8.490000000000000000e+02 2.389278076278124274e+00
8.500000000000000000e+02 2.389312183917140509e+00
8.510000000000000000e+02 2.389346285288638239e+00
8.520000000000000000e+02 2.389380380388310243e+00
8.530000000000000000e+02 2.389414469211848413e+00
8.540000000000000000e+02 2.389448551754945083e+00
8.550000000000000000e+02 2.389482628013293475e+00
8.560000000000000000e+02 2.389516697982585036e+00
8.570000000000000000e+02 2.389550761658512545e+00
8.580000000000000000e+02 2.389584819036768337e+00
8.590000000000000000e+02 2.389618870113045190e+00
8.600000000000000000e+02 2.389652914883034995e+00
8.610000000000000000e+02 2.389686953342430087e+00
8.620000000000000000e+02 2.389720985486923244e+00
8.630000000000000000e+02 2.389755011312206801e+00
8.640000000000000000e+02 2.389789030813973092e+00
8.650000000000000000e+02 2.389823043987914453e+00
8.660000000000000000e+02 2.389857050829723661e+00
8.670000000000000000e+02 2.389891051335092165e+00
8.680000000000000000e+02 2.389925045499713185e+00
8.690000000000000000e+02 2.389959033319279058e+00
8.700000000000000000e+02 2.389993014789482118e+00
8.710000000000000000e+02 2.390026989906014254e+00
8.720000000000000000e+02 2.390060958664568691e+00
8.730000000000000000e+02 2.390094921060837319e+00
8.740000000000000000e+02 2.390128877090512471e+00
8.750000000000000000e+02 2.390162826749286484e+00
8.760000000000000000e+02 2.390196770032852580e+00
8.770000000000000000e+02 2.390230706936902205e+00
8.780000000000000000e+02 2.390264637457128138e+00
8.790000000000000000e+02 2.390298561589222714e+00
8.800000000000000000e+02 2.390332479328878268e+00
8.810000000000000000e+02 2.390366390671787133e+00
8.820000000000000000e+02 2.390400295613642090e+00
8.830000000000000000e+02 2.390434194150135472e+00
8.840000000000000000e+02 2.390468086276959170e+00
8.850000000000000000e+02 2.390501971989805963e+00
8.860000000000000000e+02 2.390535851284368185e+00
8.870000000000000000e+02 2.390569724156338616e+00
8.880000000000000000e+02 2.390603590601408701e+00
8.890000000000000000e+02 2.390637450615271664e+00
8.900000000000000000e+02 2.390671304193619839e+00
8.910000000000000000e+02 2.390705151332145117e+00
8.920000000000000000e+02 2.390738992026540721e+00
8.930000000000000000e+02 2.390772826272498097e+00
8.940000000000000000e+02 2.390806654065710024e+00
8.950000000000000000e+02 2.390840475401869281e+00
8.960000000000000000e+02 2.390874290276667757e+00
8.970000000000000000e+02 2.390908098685797789e+00
8.980000000000000000e+02 2.390941900624952599e+00
8.990000000000000000e+02 2.390975696089823632e+00
9.000000000000000000e+02 2.391009485076103669e+00
9.010000000000000000e+02 2.391043267579485043e+00
9.020000000000000000e+02 2.391077043595660090e+00
9.030000000000000000e+02 2.391110813120321588e+00
9.040000000000000000e+02 2.391144576149161427e+00
9.050000000000000000e+02 2.391178332677872387e+00
9.060000000000000000e+02 2.391212082702146802e+00
9.070000000000000000e+02 2.391245826217677006e+00
9.080000000000000000e+02 2.391279563220155335e+00
9.090000000000000000e+02 2.391313293705274123e+00
9.100000000000000000e+02 2.391347017668725705e+00
9.110000000000000000e+02 2.391380735106202859e+00
9.120000000000000000e+02 2.391414446013397477e+00
9.130000000000000000e+02 2.391448150386002780e+00
9.140000000000000000e+02 2.391481848219710216e+00
9.150000000000000000e+02 2.391515539510212562e+00
9.160000000000000000e+02 2.391549224253202599e+00
9.170000000000000000e+02 2.391582902444371772e+00
9.180000000000000000e+02 2.391616574079413748e+00
9.190000000000000000e+02 2.391650239154019975e+00
9.200000000000000000e+02 2.391683897663882785e+00
9.210000000000000000e+02 2.391717549604695403e+00
9.220000000000000000e+02 2.391751194972149275e+00
9.230000000000000000e+02 2.391784833761937623e+00
9.240000000000000000e+02 2.391818465969752339e+00
9.250000000000000000e+02 2.391852091591285756e+00
9.260000000000000000e+02 2.391885710622231098e+00
9.270000000000000000e+02 2.391919323058279367e+00
9.280000000000000000e+02 2.391952928895124231e+00
9.290000000000000000e+02 2.391986528128457579e+00
9.300000000000000000e+02 2.392020120753971302e+00
9.310000000000000000e+02 2.392053706767358623e+00
9.320000000000000000e+02 2.392087286164311877e+00
9.330000000000000000e+02 2.392120858940522954e+00
9.340000000000000000e+02 2.392154425091684633e+00
9.350000000000000000e+02 2.392187984613488805e+00
9.360000000000000000e+02 2.392221537501628692e+00
9.370000000000000000e+02 2.392255083751796185e+00
9.380000000000000000e+02 2.392288623359683619e+00
9.390000000000000000e+02 2.392322156320983328e+00
9.400000000000000000e+02 2.392355682631388092e+00
9.410000000000000000e+02 2.392389202286589800e+00
9.420000000000000000e+02 2.392422715282281676e+00
9.430000000000000000e+02 2.392456221614155165e+00
9.440000000000000000e+02 2.392489721277903048e+00
9.450000000000000000e+02 2.392523214269218101e+00
9.460000000000000000e+02 2.392556700583792217e+00
9.470000000000000000e+02 2.392590180217317730e+00
9.480000000000000000e+02 2.392623653165487863e+00
9.490000000000000000e+02 2.392657119423994061e+00
9.500000000000000000e+02 2.392690578988528660e+00
9.510000000000000000e+02 2.392724031854784883e+00
9.520000000000000000e+02 2.392757478018455064e+00
9.530000000000000000e+02 2.392790917475230650e+00
9.540000000000000000e+02 2.392824350220804863e+00
9.550000000000000000e+02 2.392857776250870039e+00
9.560000000000000000e+02 2.392891195561118067e+00
9.570000000000000000e+02 2.392924608147241727e+00
9.580000000000000000e+02 2.392958014004933354e+00
9.590000000000000000e+02 2.392991413129885725e+00
9.600000000000000000e+02 2.393024805517790732e+00
9.610000000000000000e+02 2.393058191164340709e+00
9.620000000000000000e+02 2.393091570065228435e+00
9.630000000000000000e+02 2.393124942216145801e+00
9.640000000000000000e+02 2.393158307612786029e+00
9.650000000000000000e+02 2.393191666250840566e+00
9.660000000000000000e+02 2.393225018126002634e+00
9.670000000000000000e+02 2.393258363233964126e+00
9.680000000000000000e+02 2.393291701570417374e+00
9.690000000000000000e+02 2.393325033131055157e+00
9.700000000000000000e+02 2.393358357911569811e+00
9.710000000000000000e+02 2.393391675907653227e+00
9.720000000000000000e+02 2.393424987114998626e+00
9.730000000000000000e+02 2.393458291529297455e+00
9.740000000000000000e+02 2.393491589146242937e+00
9.750000000000000000e+02 2.393524879961526963e+00
9.760000000000000000e+02 2.393558163970842312e+00
9.770000000000000000e+02 2.393591441169881318e+00
9.780000000000000000e+02 2.393624711554335871e+00
9.790000000000000000e+02 2.393657975119898751e+00
9.800000000000000000e+02 2.393691231862262736e+00
9.810000000000000000e+02 2.393724481777119273e+00
9.820000000000000000e+02 2.393757724860161584e+00
9.830000000000000000e+02 2.393790961107082005e+00
9.840000000000000000e+02 2.393824190513572425e+00
9.850000000000000000e+02 2.393857413075325624e+00
9.860000000000000000e+02 2.393890628788033936e+00
9.870000000000000000e+02 2.393923837647389696e+00
9.880000000000000000e+02 2.393957039649085239e+00
9.890000000000000000e+02 2.393990234788812899e+00
9.900000000000000000e+02 2.394023423062265454e+00
9.910000000000000000e+02 2.394056604465135241e+00
9.920000000000000000e+02 2.394089778993114592e+00
9.930000000000000000e+02 2.394122946641895400e+00
9.940000000000000000e+02 2.394156107407170442e+00
9.950000000000000000e+02 2.394189261284632497e+00
9.960000000000000000e+02 2.394222408269973457e+00
9.970000000000000000e+02 2.394255548358885655e+00
9.980000000000000000e+02 2.394288681547061870e+00
9.990000000000000000e+02 2.394321807830194437e+00
1.000000000000000000e+03 2.394354927203975691e+00
1.001000000000000000e+03 2.394388039664097523e+00
1.002000000000000000e+03 2.394421145206253154e+00
1.003000000000000000e+03 2.394454243826134476e+00
1.004000000000000000e+03 2.394487335519434268e+00
1.005000000000000000e+03 2.394520420281844419e+00
1.006000000000000000e+03 2.394553498109057710e+00
1.007000000000000000e+03 2.394586568996766474e+00
1.008000000000000000e+03 2.394619632940662601e+00
1.009000000000000000e+03 2.394652689936439316e+00
1.010000000000000000e+03 2.394685739979788508e+00
1.011000000000000000e+03 2.394718783066402956e+00
1.012000000000000000e+03 2.394751819191974551e+00
1.013000000000000000e+03 2.394784848352196072e+00
1.014000000000000000e+03 2.394817870542759408e+00
1.015000000000000000e+03 2.394850885759357784e+00
1.016000000000000000e+03 2.394883893997683089e+00
1.017000000000000000e+03 2.394916895253427658e+00
1.018000000000000000e+03 2.394949889522283826e+00
1.019000000000000000e+03 2.394982876799944371e+00
1.020000000000000000e+03 2.395015857082101629e+00
1.021000000000000000e+03 2.395048830364447490e+00
1.022000000000000000e+03 2.395081796642674732e+00
