# order=5: x_data [pixel], y_data [pixel], x_model [pixel], y_model [pixel]
4.721212121212121104e+01 1.638178243566610570e+00 1.480134606060605984e+00 1.293447877521742839e-01
5.760606060606060908e+01 6.156932855997067078e-01 1.480380131313131287e+00 1.455149255960463961e-03
7.033333333333332860e+01 7.332898757357880770e-01 1.480696343434343420e+00 1.520026065273327731e-02
1.128484848484848442e+02 4.664916844294272336e-01 1.481721393939394060e+00 1.290921416019941148e-03
1.482727272727272805e+02 3.485387458361661750e+00 1.482582454545454675e+00 5.181617836940658472e-01
1.696666666666666572e+02 1.856593417012911473e+00 1.483095393939394047e+00 2.266927121109745258e-01
4.483333333333333144e+02 4.316518879715005585e-01 1.489683131313131348e+00 2.697705655742765884e-02
5.243333333333333712e+02 5.376055766617036102e-01 1.491428181818181820e+00 2.699532921245522549e-02
5.533333333333333712e+02 2.760849399125709702e+00 1.492100868686868642e+00 4.383958670880870323e-01
5.716060606060606233e+02 2.896152444477920085e+00 1.492517818181818168e+00 5.085311979224813594e-01
6.051515151515151274e+02 3.209786815933415305e+00 1.493278868686868766e+00 5.713161333595451197e-01
6.547272727272727479e+02 3.216461653547032284e+00 1.494399606060605956e+00 5.466235077537433540e-01
8.214545454545454959e+02 2.692945612083017970e+00 1.498103636363636193e+00 2.329018683287094882e-01
8.692121212121212466e+02 4.089368652663854853e+00 1.499145868686868610e+00 4.984639670337287498e-01
8.954848484848484986e+02 4.115167795199601741e+00 1.499712454545454543e+00 4.897911007459934130e-01
9.428484848484848726e+02 4.642926717630822431e+00 1.500736080808080741e+00 7.370660001000842732e-01
9.956666666666666288e+02 3.284785971368231916e+00 1.501862606060605954e+00 3.901238644430714553e-01
