# order=15: x_data [pixel], y_data [pixel], x_model [pixel], y_model [pixel]
1.002727272727272663e+02 5.506585080583761282e-01 1.843547909090909043e+00 1.187027759621140516e-07
1.160303030303030312e+02 7.178555923411172879e-01 1.844045292929292978e+00 9.427931579137835416e-08
1.347272727272727195e+02 1.330205144252755600e+00 1.844552131313131227e+00 8.900159025622400577e-02
1.502727272727272805e+02 1.558891538565071011e+00 1.844986393939394009e+00 3.526130612574362999e-02
1.787878787878787818e+02 9.134067746611111982e-01 1.845809656565656542e+00 8.077854038213150289e-05
6.252121212121212466e+02 1.504845570463670401e-01 1.858634393939393892e+00 1.345192912244996819e-03
7.496666666666666288e+02 8.493145867908518110e-01 1.862050363636363670e+00 5.358389085623478654e-02
7.742727272727272521e+02 1.015611757781483132e-01 1.862750919191919152e+00 7.745133109252760883e-08
7.901515151515151274e+02 8.938778225628202234e-02 1.863169545454545384e+00 1.550282144321263322e-06
8.064545454545454959e+02 3.406759533521050987e-01 1.863607868686868674e+00 3.468868381952461277e-02
8.739696969696969973e+02 1.234925201941089457e-01 1.865401919191919111e+00 3.748020462124301844e-03
8.913939393939393767e+02 5.054767345501839371e-01 1.865896393939393993e+00 5.959322118539489566e-02
9.199090909090908781e+02 1.468997498235672383e-01 1.866654393939394030e+00 2.042373534896668730e-03
