# order=15: data_wav [pixel], data_wavsolution [micron]
6.000000000000000000e+00 1.840714441212316421e+00
7.000000000000000000e+00 1.840744499939670487e+00
8.000000000000000000e+00 1.840774555005019408e+00
9.000000000000000000e+00 1.840804606408363409e+00
1.000000000000000000e+01 1.840834654149702265e+00
1.100000000000000000e+01 1.840864698229035978e+00
1.200000000000000000e+01 1.840894738646364770e+00
1.300000000000000000e+01 1.840924775401688418e+00
1.400000000000000000e+01 1.840954808495007144e+00
1.500000000000000000e+01 1.840984837926320727e+00
1.600000000000000000e+01 1.841014863695629389e+00
1.700000000000000000e+01 1.841044885802932685e+00
1.800000000000000000e+01 1.841074904248231281e+00
1.900000000000000000e+01 1.841104919031524734e+00
2.000000000000000000e+01 1.841134930152813043e+00
2.100000000000000000e+01 1.841164937612096208e+00
2.200000000000000000e+01 1.841194941409374453e+00
2.300000000000000000e+01 1.841224941544647775e+00
2.400000000000000000e+01 1.841254938017915954e+00
2.500000000000000000e+01 1.841284930829178990e+00
2.600000000000000000e+01 1.841314919978437104e+00
2.700000000000000000e+01 1.841344905465690074e+00
2.800000000000000000e+01 1.841374887290937901e+00
2.900000000000000000e+01 1.841404865454180806e+00
3.000000000000000000e+01 1.841434839955418568e+00
3.100000000000000000e+01 1.841464810794651408e+00
3.200000000000000000e+01 1.841494777971879104e+00
3.300000000000000000e+01 1.841524741487101879e+00
3.400000000000000000e+01 1.841554701340319511e+00
3.500000000000000000e+01 1.841584657531531999e+00
3.600000000000000000e+01 1.841614610060739565e+00
3.700000000000000000e+01 1.841644558927941988e+00
3.800000000000000000e+01 1.841674504133139489e+00
3.900000000000000000e+01 1.841704445676331847e+00
4.000000000000000000e+01 1.841734383557519283e+00
4.100000000000000000e+01 1.841764317776701576e+00
4.200000000000000000e+01 1.841794248333878725e+00
4.300000000000000000e+01 1.841824175229050953e+00
4.400000000000000000e+01 1.841854098462218037e+00
4.500000000000000000e+01 1.841884018033379977e+00
4.600000000000000000e+01 1.841913933942536996e+00
4.700000000000000000e+01 1.841943846189689094e+00
4.800000000000000000e+01 1.841973754774836047e+00
4.900000000000000000e+01 1.842003659697977858e+00
5.000000000000000000e+01 1.842033560959114524e+00
5.100000000000000000e+01 1.842063458558246269e+00
5.200000000000000000e+01 1.842093352495373093e+00
5.300000000000000000e+01 1.842123242770494773e+00
5.400000000000000000e+01 1.842153129383611310e+00
5.500000000000000000e+01 1.842183012334722925e+00
5.600000000000000000e+01 1.842212891623829396e+00
5.700000000000000000e+01 1.842242767250930946e+00
5.800000000000000000e+01 1.842272639216027130e+00
5.900000000000000000e+01 1.842302507519118615e+00
6.000000000000000000e+01 1.842332372160204956e+00
6.100000000000000000e+01 1.842362233139286154e+00
6.200000000000000000e+01 1.842392090456362208e+00
6.300000000000000000e+01 1.842421944111433563e+00
6.400000000000000000e+01 1.842451794104499552e+00
6.500000000000000000e+01 1.842481640435560619e+00
6.600000000000000000e+01 1.842511483104616543e+00
6.700000000000000000e+01 1.842541322111667546e+00
6.800000000000000000e+01 1.842571157456713404e+00
6.900000000000000000e+01 1.842600989139754120e+00
7.000000000000000000e+01 1.842630817160789913e+00
7.100000000000000000e+01 1.842660641519820786e+00
7.200000000000000000e+01 1.842690462216846514e+00
7.300000000000000000e+01 1.842720279251867099e+00
7.400000000000000000e+01 1.842750092624882541e+00
7.500000000000000000e+01 1.842779902335893061e+00
7.600000000000000000e+01 1.842809708384898659e+00
7.700000000000000000e+01 1.842839510771899114e+00
7.800000000000000000e+01 1.842869309496894425e+00
7.900000000000000000e+01 1.842899104559884815e+00
8.000000000000000000e+01 1.842928895960870062e+00
8.100000000000000000e+01 1.842958683699850164e+00
8.200000000000000000e+01 1.842988467776825345e+00
8.300000000000000000e+01 1.843018248191795605e+00
8.400000000000000000e+01 1.843048024944760499e+00
8.500000000000000000e+01 1.843077798035720472e+00
8.600000000000000000e+01 1.843107567464675522e+00
8.700000000000000000e+01 1.843137333231625430e+00
8.800000000000000000e+01 1.843167095336570194e+00
8.900000000000000000e+01 1.843196853779510036e+00
9.000000000000000000e+01 1.843226608560444957e+00
9.100000000000000000e+01 1.843256359679374512e+00
9.200000000000000000e+01 1.843286107136299146e+00
9.300000000000000000e+01 1.843315850931218858e+00
9.400000000000000000e+01 1.843345591064133426e+00
9.500000000000000000e+01 1.843375327535042851e+00
9.600000000000000000e+01 1.843405060343947355e+00
9.700000000000000000e+01 1.843434789490846715e+00
9.800000000000000000e+01 1.843464514975741153e+00
9.900000000000000000e+01 1.843494236798630448e+00
1.000000000000000000e+02 1.843523954959514599e+00
1.010000000000000000e+02 1.843553669458393829e+00
1.020000000000000000e+02 1.843583380295267915e+00
1.030000000000000000e+02 1.843613087470137080e+00
1.040000000000000000e+02 1.843642790983001101e+00
1.050000000000000000e+02 1.843672490833859978e+00
1.060000000000000000e+02 1.843702187022713934e+00
1.070000000000000000e+02 1.843731879549562747e+00
1.080000000000000000e+02 1.843761568414406637e+00
1.090000000000000000e+02 1.843791253617245385e+00
1.100000000000000000e+02 1.843820935158079211e+00
1.110000000000000000e+02 1.843850613036907893e+00
1.120000000000000000e+02 1.843880287253731431e+00
1.130000000000000000e+02 1.843909957808550049e+00
1.140000000000000000e+02 1.843939624701363522e+00
1.150000000000000000e+02 1.843969287932172074e+00
1.160000000000000000e+02 1.843998947500975483e+00
1.170000000000000000e+02 1.844028603407773748e+00
1.180000000000000000e+02 1.844058255652567091e+00
1.190000000000000000e+02 1.844087904235355513e+00
1.200000000000000000e+02 1.844117549156138569e+00
1.210000000000000000e+02 1.844147190414916704e+00
1.220000000000000000e+02 1.844176828011689917e+00
1.230000000000000000e+02 1.844206461946457987e+00
1.240000000000000000e+02 1.844236092219220913e+00
1.250000000000000000e+02 1.844265718829978917e+00
1.260000000000000000e+02 1.844295341778731778e+00
1.270000000000000000e+02 1.844324961065479718e+00
1.280000000000000000e+02 1.844354576690222514e+00
1.290000000000000000e+02 1.844384188652960166e+00
1.300000000000000000e+02 1.844413796953692897e+00
1.310000000000000000e+02 1.844443401592420484e+00
1.320000000000000000e+02 1.844473002569143150e+00
1.330000000000000000e+02 1.844502599883860672e+00
1.340000000000000000e+02 1.844532193536573272e+00
1.350000000000000000e+02 1.844561783527280729e+00
1.360000000000000000e+02 1.844591369855983043e+00
1.370000000000000000e+02 1.844620952522680435e+00
1.380000000000000000e+02 1.844650531527372683e+00
1.390000000000000000e+02 1.844680106870060010e+00
1.400000000000000000e+02 1.844709678550742193e+00
1.410000000000000000e+02 1.844739246569419233e+00
1.420000000000000000e+02 1.844768810926091351e+00
1.430000000000000000e+02 1.844798371620758326e+00
1.440000000000000000e+02 1.844827928653420379e+00
1.450000000000000000e+02 1.844857482024077289e+00
1.460000000000000000e+02 1.844887031732729055e+00
1.470000000000000000e+02 1.844916577779375899e+00
1.480000000000000000e+02 1.844946120164017822e+00
1.490000000000000000e+02 1.844975658886654379e+00
1.500000000000000000e+02 1.845005193947286237e+00
1.510000000000000000e+02 1.845034725345912729e+00
1.520000000000000000e+02 1.845064253082534300e+00
1.530000000000000000e+02 1.845093777157150949e+00
1.540000000000000000e+02 1.845123297569762233e+00
1.550000000000000000e+02 1.845152814320368817e+00
1.560000000000000000e+02 1.845182327408970036e+00
1.570000000000000000e+02 1.845211836835566332e+00
1.580000000000000000e+02 1.845241342600157708e+00
1.590000000000000000e+02 1.845270844702743940e+00
1.600000000000000000e+02 1.845300343143325028e+00
1.610000000000000000e+02 1.845329837921901195e+00
1.620000000000000000e+02 1.845359329038472218e+00
1.630000000000000000e+02 1.845388816493038320e+00
1.640000000000000000e+02 1.845418300285599278e+00
1.650000000000000000e+02 1.845447780416155092e+00
1.660000000000000000e+02 1.845477256884705985e+00
1.670000000000000000e+02 1.845506729691251735e+00
1.680000000000000000e+02 1.845536198835792563e+00
1.690000000000000000e+02 1.845565664318328247e+00
1.700000000000000000e+02 1.845595126138858788e+00
1.710000000000000000e+02 1.845624584297384407e+00
1.720000000000000000e+02 1.845654038793904883e+00
1.730000000000000000e+02 1.845683489628420437e+00
1.740000000000000000e+02 1.845712936800930848e+00
1.750000000000000000e+02 1.845742380311436337e+00
1.760000000000000000e+02 1.845771820159936683e+00
1.770000000000000000e+02 1.845801256346431884e+00
1.780000000000000000e+02 1.845830688870922165e+00
1.790000000000000000e+02 1.845860117733407302e+00
1.800000000000000000e+02 1.845889542933887517e+00
1.810000000000000000e+02 1.845918964472362589e+00
1.820000000000000000e+02 1.845948382348832517e+00
1.830000000000000000e+02 1.845977796563297524e+00
1.840000000000000000e+02 1.846007207115757387e+00
1.850000000000000000e+02 1.846036614006212329e+00
1.860000000000000000e+02 1.846066017234662127e+00
1.870000000000000000e+02 1.846095416801107003e+00
1.880000000000000000e+02 1.846124812705546736e+00
1.890000000000000000e+02 1.846154204947981325e+00
1.900000000000000000e+02 1.846183593528410993e+00
1.910000000000000000e+02 1.846212978446835518e+00
1.920000000000000000e+02 1.846242359703255120e+00
1.930000000000000000e+02 1.846271737297669580e+00
1.940000000000000000e+02 1.846301111230078895e+00
1.950000000000000000e+02 1.846330481500483289e+00
1.960000000000000000e+02 1.846359848108882540e+00
1.970000000000000000e+02 1.846389211055276869e+00
1.980000000000000000e+02 1.846418570339666054e+00
1.990000000000000000e+02 1.846447925962050096e+00
2.000000000000000000e+02 1.846477277922429217e+00
2.010000000000000000e+02 1.846506626220803415e+00
2.020000000000000000e+02 1.846535970857172471e+00
2.030000000000000000e+02 1.846565311831536382e+00
2.040000000000000000e+02 1.846594649143895150e+00
2.050000000000000000e+02 1.846623982794248997e+00
2.060000000000000000e+02 1.846653312782597922e+00
2.070000000000000000e+02 1.846682639108941704e+00
2.080000000000000000e+02 1.846711961773280342e+00
2.090000000000000000e+02 1.846741280775613836e+00
2.100000000000000000e+02 1.846770596115942631e+00
2.110000000000000000e+02 1.846799907794266060e+00
2.120000000000000000e+02 1.846829215810584568e+00
2.130000000000000000e+02 1.846858520164897932e+00
2.140000000000000000e+02 1.846887820857206375e+00
2.150000000000000000e+02 1.846917117887509674e+00
2.160000000000000000e+02 1.846946411255808052e+00
2.170000000000000000e+02 1.846975700962101286e+00
2.180000000000000000e+02 1.847004987006389376e+00
2.190000000000000000e+02 1.847034269388672545e+00
2.200000000000000000e+02 1.847063548108950570e+00
2.210000000000000000e+02 1.847092823167223674e+00
2.220000000000000000e+02 1.847122094563491634e+00
2.230000000000000000e+02 1.847151362297754451e+00
2.240000000000000000e+02 1.847180626370012346e+00
2.250000000000000000e+02 1.847209886780265320e+00
2.260000000000000000e+02 1.847239143528512928e+00
2.270000000000000000e+02 1.847268396614755614e+00
2.280000000000000000e+02 1.847297646038993379e+00
2.290000000000000000e+02 1.847326891801226001e+00
2.300000000000000000e+02 1.847356133901453479e+00
2.310000000000000000e+02 1.847385372339676035e+00
2.320000000000000000e+02 1.847414607115893448e+00
2.330000000000000000e+02 1.847443838230105939e+00
2.340000000000000000e+02 1.847473065682313287e+00
2.350000000000000000e+02 1.847502289472515713e+00
2.360000000000000000e+02 1.847531509600712774e+00
2.370000000000000000e+02 1.847560726066905135e+00
2.380000000000000000e+02 1.847589938871092130e+00
2.390000000000000000e+02 1.847619148013274426e+00
2.400000000000000000e+02 1.847648353493451356e+00
2.410000000000000000e+02 1.847677555311623365e+00
2.420000000000000000e+02 1.847706753467790231e+00
2.430000000000000000e+02 1.847735947961952174e+00
2.440000000000000000e+02 1.847765138794108974e+00
2.450000000000000000e+02 1.847794325964260853e+00
2.460000000000000000e+02 1.847823509472407588e+00
2.470000000000000000e+02 1.847852689318549402e+00
2.480000000000000000e+02 1.847881865502685850e+00
2.490000000000000000e+02 1.847911038024817598e+00
2.500000000000000000e+02 1.847940206884943981e+00
2.510000000000000000e+02 1.847969372083065442e+00
2.520000000000000000e+02 1.847998533619181982e+00
2.530000000000000000e+02 1.848027691493293378e+00
2.540000000000000000e+02 1.848056845705399631e+00
2.550000000000000000e+02 1.848085996255500962e+00
2.560000000000000000e+02 1.848115143143597150e+00
2.570000000000000000e+02 1.848144286369688416e+00
2.580000000000000000e+02 1.848173425933774539e+00
2.590000000000000000e+02 1.848202561835855517e+00
2.600000000000000000e+02 1.848231694075931575e+00
2.610000000000000000e+02 1.848260822654002489e+00
2.620000000000000000e+02 1.848289947570068481e+00
2.630000000000000000e+02 1.848319068824129330e+00
2.640000000000000000e+02 1.848348186416185257e+00
2.650000000000000000e+02 1.848377300346236041e+00
2.660000000000000000e+02 1.848406410614281681e+00
2.670000000000000000e+02 1.848435517220322399e+00
2.680000000000000000e+02 1.848464620164357974e+00
2.690000000000000000e+02 1.848493719446388406e+00
2.700000000000000000e+02 1.848522815066413916e+00
2.710000000000000000e+02 1.848551907024434504e+00
2.720000000000000000e+02 1.848580995320449949e+00
2.730000000000000000e+02 1.848610079954460250e+00
2.740000000000000000e+02 1.848639160926465630e+00
2.750000000000000000e+02 1.848668238236465866e+00
2.760000000000000000e+02 1.848697311884460959e+00
2.770000000000000000e+02 1.848726381870451130e+00
2.780000000000000000e+02 1.848755448194436157e+00
2.790000000000000000e+02 1.848784510856416263e+00
2.800000000000000000e+02 1.848813569856391226e+00
2.810000000000000000e+02 1.848842625194361267e+00
2.820000000000000000e+02 1.848871676870326164e+00
2.830000000000000000e+02 1.848900724884285918e+00
2.840000000000000000e+02 1.848929769236240750e+00
2.850000000000000000e+02 1.848958809926190439e+00
2.860000000000000000e+02 1.848987846954135206e+00
2.870000000000000000e+02 1.849016880320074829e+00
2.880000000000000000e+02 1.849045910024009309e+00
2.890000000000000000e+02 1.849074936065938868e+00
2.900000000000000000e+02 1.849103958445863505e+00
2.910000000000000000e+02 1.849132977163782776e+00
2.920000000000000000e+02 1.849161992219697126e+00
2.930000000000000000e+02 1.849191003613606554e+00
2.940000000000000000e+02 1.849220011345510839e+00
2.950000000000000000e+02 1.849249015415409980e+00
2.960000000000000000e+02 1.849278015823304200e+00
2.970000000000000000e+02 1.849307012569193276e+00
2.980000000000000000e+02 1.849336005653077430e+00
2.990000000000000000e+02 1.849364995074956441e+00
3.000000000000000000e+02 1.849393980834830309e+00
3.010000000000000000e+02 1.849422962932699255e+00
3.020000000000000000e+02 1.849451941368563279e+00
3.030000000000000000e+02 1.849480916142421938e+00
3.040000000000000000e+02 1.849509887254275675e+00
3.050000000000000000e+02 1.849538854704124491e+00
3.060000000000000000e+02 1.849567818491968163e+00
3.070000000000000000e+02 1.849596778617806692e+00
3.080000000000000000e+02 1.849625735081640299e+00
3.090000000000000000e+02 1.849654687883468762e+00
3.100000000000000000e+02 1.849683637023292304e+00
3.110000000000000000e+02 1.849712582501110703e+00
3.120000000000000000e+02 1.849741524316923957e+00
3.130000000000000000e+02 1.849770462470732291e+00
3.140000000000000000e+02 1.849799396962535480e+00
3.150000000000000000e+02 1.849828327792333749e+00
3.160000000000000000e+02 1.849857254960126873e+00
3.170000000000000000e+02 1.849886178465915076e+00
3.180000000000000000e+02 1.849915098309698136e+00
3.190000000000000000e+02 1.849944014491476052e+00
3.200000000000000000e+02 1.849972927011249046e+00
3.210000000000000000e+02 1.850001835869016897e+00
3.220000000000000000e+02 1.850030741064779827e+00
3.230000000000000000e+02 1.850059642598537613e+00
3.240000000000000000e+02 1.850088540470290255e+00
3.250000000000000000e+02 1.850117434680037976e+00
3.260000000000000000e+02 1.850146325227780553e+00
3.270000000000000000e+02 1.850175212113518208e+00
3.280000000000000000e+02 1.850204095337250720e+00
3.290000000000000000e+02 1.850232974898978089e+00
3.300000000000000000e+02 1.850261850798700536e+00
3.310000000000000000e+02 1.850290723036418061e+00
3.320000000000000000e+02 1.850319591612130221e+00
3.330000000000000000e+02 1.850348456525837459e+00
3.340000000000000000e+02 1.850377317777539776e+00
3.350000000000000000e+02 1.850406175367236949e+00
3.360000000000000000e+02 1.850435029294928979e+00
3.370000000000000000e+02 1.850463879560616087e+00
3.380000000000000000e+02 1.850492726164298052e+00
3.390000000000000000e+02 1.850521569105975095e+00
3.400000000000000000e+02 1.850550408385646994e+00
3.410000000000000000e+02 1.850579244003313972e+00
3.420000000000000000e+02 1.850608075958975807e+00
3.430000000000000000e+02 1.850636904252632498e+00
3.440000000000000000e+02 1.850665728884284267e+00
3.450000000000000000e+02 1.850694549853930893e+00
3.460000000000000000e+02 1.850723367161572375e+00
3.470000000000000000e+02 1.850752180807208935e+00
3.480000000000000000e+02 1.850780990790840574e+00
3.490000000000000000e+02 1.850809797112466848e+00
3.500000000000000000e+02 1.850838599772088422e+00
3.510000000000000000e+02 1.850867398769704630e+00
3.520000000000000000e+02 1.850896194105315917e+00
3.530000000000000000e+02 1.850924985778922283e+00
3.540000000000000000e+02 1.850953773790523504e+00
3.550000000000000000e+02 1.850982558140119583e+00
3.560000000000000000e+02 1.851011338827710739e+00
3.570000000000000000e+02 1.851040115853296752e+00
3.580000000000000000e+02 1.851068889216877622e+00
3.590000000000000000e+02 1.851097658918453570e+00
3.600000000000000000e+02 1.851126424958024597e+00
3.610000000000000000e+02 1.851155187335590258e+00
3.620000000000000000e+02 1.851183946051151219e+00
3.630000000000000000e+02 1.851212701104706815e+00
3.640000000000000000e+02 1.851241452496257489e+00
3.650000000000000000e+02 1.851270200225803242e+00
3.660000000000000000e+02 1.851298944293343851e+00
3.670000000000000000e+02 1.851327684698879317e+00
3.680000000000000000e+02 1.851356421442409861e+00
3.690000000000000000e+02 1.851385154523935261e+00
3.700000000000000000e+02 1.851413883943455518e+00
3.710000000000000000e+02 1.851442609700970854e+00
3.720000000000000000e+02 1.851471331796481268e+00
3.730000000000000000e+02 1.851500050229986316e+00
3.740000000000000000e+02 1.851528765001486443e+00
3.750000000000000000e+02 1.851557476110981648e+00
3.760000000000000000e+02 1.851586183558471710e+00
3.770000000000000000e+02 1.851614887343956850e+00
3.780000000000000000e+02 1.851643587467436625e+00
3.790000000000000000e+02 1.851672283928911700e+00
3.800000000000000000e+02 1.851700976728381409e+00
3.810000000000000000e+02 1.851729665865846197e+00
3.820000000000000000e+02 1.851758351341306064e+00
3.830000000000000000e+02 1.851787033154760787e+00
3.840000000000000000e+02 1.851815711306210366e+00
3.850000000000000000e+02 1.851844385795655024e+00
3.860000000000000000e+02 1.851873056623094538e+00
3.870000000000000000e+02 1.851901723788529130e+00
3.880000000000000000e+02 1.851930387291958580e+00
3.890000000000000000e+02 1.851959047133382885e+00
3.900000000000000000e+02 1.851987703312802269e+00
3.910000000000000000e+02 1.852016355830216510e+00
3.920000000000000000e+02 1.852045004685625829e+00
3.930000000000000000e+02 1.852073649879030004e+00
3.940000000000000000e+02 1.852102291410429036e+00
3.950000000000000000e+02 1.852130929279823146e+00
3.960000000000000000e+02 1.852159563487212335e+00
3.970000000000000000e+02 1.852188194032596158e+00
3.980000000000000000e+02 1.852216820915975060e+00
3.990000000000000000e+02 1.852245444137349040e+00
4.000000000000000000e+02 1.852274063696717876e+00
4.010000000000000000e+02 1.852302679594081569e+00
4.020000000000000000e+02 1.852331291829440341e+00
4.030000000000000000e+02 1.852359900402793969e+00
4.040000000000000000e+02 1.852388505314142675e+00
4.050000000000000000e+02 1.852417106563486238e+00
4.060000000000000000e+02 1.852445704150824879e+00
4.070000000000000000e+02 1.852474298076158377e+00
4.080000000000000000e+02 1.852502888339486731e+00
4.090000000000000000e+02 1.852531474940810163e+00
4.100000000000000000e+02 1.852560057880128452e+00
4.110000000000000000e+02 1.852588637157441598e+00
4.120000000000000000e+02 1.852617212772749822e+00
4.130000000000000000e+02 1.852645784726053124e+00
4.140000000000000000e+02 1.852674353017351061e+00
4.150000000000000000e+02 1.852702917646644298e+00
4.160000000000000000e+02 1.852731478613932170e+00
4.170000000000000000e+02 1.852760035919215120e+00
4.180000000000000000e+02 1.852788589562493149e+00
4.190000000000000000e+02 1.852817139543766034e+00
4.200000000000000000e+02 1.852845685863033776e+00
4.210000000000000000e+02 1.852874228520296596e+00
4.220000000000000000e+02 1.852902767515554272e+00
4.230000000000000000e+02 1.852931302848806805e+00
4.240000000000000000e+02 1.852959834520054416e+00
4.250000000000000000e+02 1.852988362529297106e+00
4.260000000000000000e+02 1.853016886876534430e+00
4.270000000000000000e+02 1.853045407561766833e+00
4.280000000000000000e+02 1.853073924584994314e+00
4.290000000000000000e+02 1.853102437946216652e+00
4.300000000000000000e+02 1.853130947645434068e+00
4.310000000000000000e+02 1.853159453682646118e+00
4.320000000000000000e+02 1.853187956057853469e+00
4.330000000000000000e+02 1.853216454771055455e+00
4.340000000000000000e+02 1.853244949822252519e+00
4.350000000000000000e+02 1.853273441211444661e+00
4.360000000000000000e+02 1.853301928938631660e+00
4.370000000000000000e+02 1.853330413003813515e+00
4.380000000000000000e+02 1.853358893406990449e+00
4.390000000000000000e+02 1.853387370148162239e+00
4.400000000000000000e+02 1.853415843227329107e+00
4.410000000000000000e+02 1.853444312644490832e+00
4.420000000000000000e+02 1.853472778399647414e+00
4.430000000000000000e+02 1.853501240492799074e+00
4.440000000000000000e+02 1.853529698923945590e+00
4.450000000000000000e+02 1.853558153693087185e+00
4.460000000000000000e+02 1.853586604800223636e+00
4.470000000000000000e+02 1.853615052245355166e+00
4.480000000000000000e+02 1.853643496028481330e+00
4.490000000000000000e+02 1.853671936149602795e+00
4.500000000000000000e+02 1.853700372608719116e+00
4.510000000000000000e+02 1.853728805405830293e+00
4.520000000000000000e+02 1.853757234540936327e+00
4.530000000000000000e+02 1.853785660014037440e+00
4.540000000000000000e+02 1.853814081825133631e+00
4.550000000000000000e+02 1.853842499974224456e+00
4.560000000000000000e+02 1.853870914461310582e+00
4.570000000000000000e+02 1.853899325286391342e+00
4.580000000000000000e+02 1.853927732449467181e+00
4.590000000000000000e+02 1.853956135950538098e+00
4.600000000000000000e+02 1.853984535789603871e+00
4.610000000000000000e+02 1.854012931966664501e+00
4.620000000000000000e+02 1.854041324481720210e+00
4.630000000000000000e+02 1.854069713334770775e+00
4.640000000000000000e+02 1.854098098525816418e+00
4.650000000000000000e+02 1.854126480054856918e+00
4.660000000000000000e+02 1.854154857921892274e+00
4.670000000000000000e+02 1.854183232126922709e+00
4.680000000000000000e+02 1.854211602669948000e+00
4.690000000000000000e+02 1.854239969550968370e+00
4.700000000000000000e+02 1.854268332769983596e+00
4.710000000000000000e+02 1.854296692326993679e+00
4.720000000000000000e+02 1.854325048221998840e+00
4.730000000000000000e+02 1.854353400454998857e+00
4.740000000000000000e+02 1.854381749025993953e+00
4.750000000000000000e+02 1.854410093934983905e+00
4.760000000000000000e+02 1.854438435181968936e+00
4.770000000000000000e+02 1.854466772766948823e+00
4.780000000000000000e+02 1.854495106689923567e+00
4.790000000000000000e+02 1.854523436950893389e+00
4.800000000000000000e+02 1.854551763549858068e+00
4.810000000000000000e+02 1.854580086486817825e+00
4.820000000000000000e+02 1.854608405761772438e+00
4.830000000000000000e+02 1.854636721374721908e+00
4.840000000000000000e+02 1.854665033325666457e+00
4.850000000000000000e+02 1.854693341614605862e+00
4.860000000000000000e+02 1.854721646241540345e+00
4.870000000000000000e+02 1.854749947206469685e+00
4.880000000000000000e+02 1.854778244509393881e+00
4.890000000000000000e+02 1.854806538150313155e+00
4.900000000000000000e+02 1.854834828129227509e+00
4.910000000000000000e+02 1.854863114446136718e+00
4.920000000000000000e+02 1.854891397101040784e+00
4.930000000000000000e+02 1.854919676093939707e+00
4.940000000000000000e+02 1.854947951424833708e+00
4.950000000000000000e+02 1.854976223093722787e+00
4.960000000000000000e+02 1.855004491100606723e+00
4.970000000000000000e+02 1.855032755445485515e+00
4.980000000000000000e+02 1.855061016128359386e+00
4.990000000000000000e+02 1.855089273149228113e+00
5.000000000000000000e+02 1.855117526508091697e+00
5.010000000000000000e+02 1.855145776204950359e+00
5.020000000000000000e+02 1.855174022239803877e+00
5.030000000000000000e+02 1.855202264612652474e+00
5.040000000000000000e+02 1.855230503323495928e+00
5.050000000000000000e+02 1.855258738372334459e+00
5.060000000000000000e+02 1.855286969759167848e+00
5.070000000000000000e+02 1.855315197483996092e+00
5.080000000000000000e+02 1.855343421546819416e+00
5.090000000000000000e+02 1.855371641947637595e+00
5.100000000000000000e+02 1.855399858686450854e+00
5.110000000000000000e+02 1.855428071763258968e+00
5.120000000000000000e+02 1.855456281178062161e+00
5.130000000000000000e+02 1.855484486930860211e+00
5.140000000000000000e+02 1.855512689021653117e+00
5.150000000000000000e+02 1.855540887450441101e+00
5.160000000000000000e+02 1.855569082217223942e+00
5.170000000000000000e+02 1.855597273322001639e+00
5.180000000000000000e+02 1.855625460764774415e+00
5.190000000000000000e+02 1.855653644545542269e+00
5.200000000000000000e+02 1.855681824664304758e+00
5.210000000000000000e+02 1.855710001121062547e+00
5.220000000000000000e+02 1.855738173915814970e+00
5.230000000000000000e+02 1.855766343048562472e+00
5.240000000000000000e+02 1.855794508519305053e+00
5.250000000000000000e+02 1.855822670328042490e+00
5.260000000000000000e+02 1.855850828474774783e+00
5.270000000000000000e+02 1.855878982959502155e+00
5.280000000000000000e+02 1.855907133782224383e+00
5.290000000000000000e+02 1.855935280942941468e+00
5.300000000000000000e+02 1.855963424441653631e+00
5.310000000000000000e+02 1.855991564278360872e+00
5.320000000000000000e+02 1.856019700453062971e+00
5.330000000000000000e+02 1.856047832965759925e+00
5.340000000000000000e+02 1.856075961816451736e+00
5.350000000000000000e+02 1.856104087005138625e+00
5.360000000000000000e+02 1.856132208531820593e+00
5.370000000000000000e+02 1.856160326396497418e+00
5.380000000000000000e+02 1.856188440599169098e+00
5.390000000000000000e+02 1.856216551139835857e+00
5.400000000000000000e+02 1.856244658018497473e+00
5.410000000000000000e+02 1.856272761235153945e+00
5.420000000000000000e+02 1.856300860789805496e+00
5.430000000000000000e+02 1.856328956682452125e+00
5.440000000000000000e+02 1.856357048913093610e+00
5.450000000000000000e+02 1.856385137481729952e+00
5.460000000000000000e+02 1.856413222388361151e+00
5.470000000000000000e+02 1.856441303632987427e+00
5.480000000000000000e+02 1.856469381215608783e+00
5.490000000000000000e+02 1.856497455136224994e+00
5.500000000000000000e+02 1.856525525394836063e+00
5.510000000000000000e+02 1.856553591991442209e+00
5.520000000000000000e+02 1.856581654926043212e+00
5.530000000000000000e+02 1.856609714198639072e+00
5.540000000000000000e+02 1.856637769809230010e+00
5.550000000000000000e+02 1.856665821757816026e+00
5.560000000000000000e+02 1.856693870044396677e+00
5.570000000000000000e+02 1.856721914668972406e+00
5.580000000000000000e+02 1.856749955631543214e+00
5.590000000000000000e+02 1.856777992932108878e+00
5.600000000000000000e+02 1.856806026570669399e+00
5.610000000000000000e+02 1.856834056547224998e+00
5.620000000000000000e+02 1.856862082861775676e+00
5.630000000000000000e+02 1.856890105514320988e+00
5.640000000000000000e+02 1.856918124504861378e+00
5.650000000000000000e+02 1.856946139833396847e+00
5.660000000000000000e+02 1.856974151499927173e+00
5.670000000000000000e+02 1.857002159504452354e+00
5.680000000000000000e+02 1.857030163846972615e+00
5.690000000000000000e+02 1.857058164527487731e+00
5.700000000000000000e+02 1.857086161545997927e+00
5.710000000000000000e+02 1.857114154902502978e+00
5.720000000000000000e+02 1.857142144597002886e+00
5.730000000000000000e+02 1.857170130629497873e+00
5.740000000000000000e+02 1.857198112999987716e+00
5.750000000000000000e+02 1.857226091708472637e+00
5.760000000000000000e+02 1.857254066754952415e+00
5.770000000000000000e+02 1.857282038139427049e+00
5.780000000000000000e+02 1.857310005861896762e+00
5.790000000000000000e+02 1.857337969922361331e+00
5.800000000000000000e+02 1.857365930320820979e+00
5.810000000000000000e+02 1.857393887057275483e+00
5.820000000000000000e+02 1.857421840131725066e+00
5.830000000000000000e+02 1.857449789544169505e+00
5.840000000000000000e+02 1.857477735294608800e+00
5.850000000000000000e+02 1.857505677383043174e+00
5.860000000000000000e+02 1.857533615809472405e+00
5.870000000000000000e+02 1.857561550573896714e+00
5.880000000000000000e+02 1.857589481676315879e+00
5.890000000000000000e+02 1.857617409116729901e+00
5.900000000000000000e+02 1.857645332895139001e+00
5.910000000000000000e+02 1.857673253011543180e+00
5.920000000000000000e+02 1.857701169465941993e+00
5.930000000000000000e+02 1.857729082258335884e+00
5.940000000000000000e+02 1.857756991388724854e+00
5.950000000000000000e+02 1.857784896857108681e+00
5.960000000000000000e+02 1.857812798663487364e+00
5.970000000000000000e+02 1.857840696807861125e+00
5.980000000000000000e+02 1.857868591290229743e+00
5.990000000000000000e+02 1.857896482110593439e+00
6.000000000000000000e+02 1.857924369268951992e+00
6.010000000000000000e+02 1.857952252765305401e+00
6.020000000000000000e+02 1.857980132599653889e+00
6.030000000000000000e+02 1.858008008771997233e+00
6.040000000000000000e+02 1.858035881282335655e+00
6.050000000000000000e+02 1.858063750130668934e+00
6.060000000000000000e+02 1.858091615316997292e+00
6.070000000000000000e+02 1.858119476841320505e+00
6.080000000000000000e+02 1.858147334703638576e+00
6.090000000000000000e+02 1.858175188903951724e+00
6.100000000000000000e+02 1.858203039442259730e+00
6.110000000000000000e+02 1.858230886318562813e+00
6.120000000000000000e+02 1.858258729532860754e+00
6.130000000000000000e+02 1.858286569085153550e+00
6.140000000000000000e+02 1.858314404975441425e+00
6.150000000000000000e+02 1.858342237203724157e+00
6.160000000000000000e+02 1.858370065770001966e+00
6.170000000000000000e+02 1.858397890674274633e+00
6.180000000000000000e+02 1.858425711916542156e+00
6.190000000000000000e+02 1.858453529496804757e+00
6.200000000000000000e+02 1.858481343415062437e+00
6.210000000000000000e+02 1.858509153671314751e+00
6.220000000000000000e+02 1.858536960265562366e+00
6.230000000000000000e+02 1.858564763197804615e+00
6.240000000000000000e+02 1.858592562468041942e+00
6.250000000000000000e+02 1.858620358076274348e+00
6.260000000000000000e+02 1.858648150022501389e+00
6.270000000000000000e+02 1.858675938306723729e+00
6.280000000000000000e+02 1.858703722928940705e+00
6.290000000000000000e+02 1.858731503889152759e+00
6.300000000000000000e+02 1.858759281187359891e+00
6.310000000000000000e+02 1.858787054823561880e+00
6.320000000000000000e+02 1.858814824797758725e+00
6.330000000000000000e+02 1.858842591109950648e+00
6.340000000000000000e+02 1.858870353760137428e+00
6.350000000000000000e+02 1.858898112748319287e+00
6.360000000000000000e+02 1.858925868074496002e+00
6.370000000000000000e+02 1.858953619738667573e+00
6.380000000000000000e+02 1.858981367740834223e+00
6.390000000000000000e+02 1.859009112080995729e+00
6.400000000000000000e+02 1.859036852759152314e+00
6.410000000000000000e+02 1.859064589775303755e+00
6.420000000000000000e+02 1.859092323129450053e+00
6.430000000000000000e+02 1.859120052821591429e+00
6.440000000000000000e+02 1.859147778851727661e+00
6.450000000000000000e+02 1.859175501219858972e+00
6.460000000000000000e+02 1.859203219925985140e+00
6.470000000000000000e+02 1.859230934970106386e+00
6.480000000000000000e+02 1.859258646352222488e+00
6.490000000000000000e+02 1.859286354072333447e+00
6.500000000000000000e+02 1.859314058130439484e+00
6.510000000000000000e+02 1.859341758526540378e+00
6.520000000000000000e+02 1.859369455260636350e+00
6.530000000000000000e+02 1.859397148332727179e+00
6.540000000000000000e+02 1.859424837742812864e+00
6.550000000000000000e+02 1.859452523490893627e+00
6.560000000000000000e+02 1.859480205576969247e+00
6.570000000000000000e+02 1.859507884001039946e+00
6.580000000000000000e+02 1.859535558763105501e+00
6.590000000000000000e+02 1.859563229863166134e+00
6.600000000000000000e+02 1.859590897301221624e+00
6.610000000000000000e+02 1.859618561077271970e+00
6.620000000000000000e+02 1.859646221191317395e+00
6.630000000000000000e+02 1.859673877643357676e+00
6.640000000000000000e+02 1.859701530433393035e+00
6.650000000000000000e+02 1.859729179561423251e+00
6.660000000000000000e+02 1.859756825027448324e+00
6.670000000000000000e+02 1.859784466831468475e+00
6.680000000000000000e+02 1.859812104973483482e+00
6.690000000000000000e+02 1.859839739453493568e+00
6.700000000000000000e+02 1.859867370271498510e+00
6.710000000000000000e+02 1.859894997427498531e+00
6.720000000000000000e+02 1.859922620921493186e+00
6.730000000000000000e+02 1.859950240753483142e+00
6.740000000000000000e+02 1.859977856923467954e+00
6.750000000000000000e+02 1.860005469431447622e+00
6.760000000000000000e+02 1.860033078277422147e+00
6.770000000000000000e+02 1.860060683461391751e+00
6.780000000000000000e+02 1.860088284983356433e+00
6.790000000000000000e+02 1.860115882843315971e+00
6.800000000000000000e+02 1.860143477041270366e+00
6.810000000000000000e+02 1.860171067577219839e+00
6.820000000000000000e+02 1.860198654451164169e+00
6.830000000000000000e+02 1.860226237663103355e+00
6.840000000000000000e+02 1.860253817213037619e+00
6.850000000000000000e+02 1.860281393100966740e+00
6.860000000000000000e+02 1.860308965326890940e+00
6.870000000000000000e+02 1.860336533890809996e+00
6.880000000000000000e+02 1.860364098792724130e+00
6.890000000000000000e+02 1.860391660032633121e+00
6.900000000000000000e+02 1.860419217610536968e+00
6.910000000000000000e+02 1.860446771526435894e+00
6.920000000000000000e+02 1.860474321780329676e+00
6.930000000000000000e+02 1.860501868372218537e+00
6.940000000000000000e+02 1.860529411302102254e+00
6.950000000000000000e+02 1.860556950569980827e+00
6.960000000000000000e+02 1.860584486175854479e+00
6.970000000000000000e+02 1.860612018119723210e+00
6.980000000000000000e+02 1.860639546401586575e+00
6.990000000000000000e+02 1.860667071021445240e+00
7.000000000000000000e+02 1.860694591979298540e+00
7.010000000000000000e+02 1.860722109275146918e+00
7.020000000000000000e+02 1.860749622908990153e+00
7.030000000000000000e+02 1.860777132880828466e+00
7.040000000000000000e+02 1.860804639190661636e+00
7.050000000000000000e+02 1.860832141838489884e+00
7.060000000000000000e+02 1.860859640824312988e+00
7.070000000000000000e+02 1.860887136148131171e+00
7.080000000000000000e+02 1.860914627809944211e+00
7.090000000000000000e+02 1.860942115809752107e+00
7.100000000000000000e+02 1.860969600147555081e+00
7.110000000000000000e+02 1.860997080823352912e+00
7.120000000000000000e+02 1.861024557837145599e+00
7.130000000000000000e+02 1.861052031188933364e+00
7.140000000000000000e+02 1.861079500878715987e+00
7.150000000000000000e+02 1.861106966906493687e+00
7.160000000000000000e+02 1.861134429272266466e+00
7.170000000000000000e+02 1.861161887976033880e+00
7.180000000000000000e+02 1.861189343017796372e+00
7.190000000000000000e+02 1.861216794397553942e+00
7.200000000000000000e+02 1.861244242115306147e+00
7.210000000000000000e+02 1.861271686171053652e+00
7.220000000000000000e+02 1.861299126564795792e+00
7.230000000000000000e+02 1.861326563296533232e+00
7.240000000000000000e+02 1.861353996366265307e+00
7.250000000000000000e+02 1.861381425773992460e+00
7.260000000000000000e+02 1.861408851519714469e+00
7.270000000000000000e+02 1.861436273603431557e+00
7.280000000000000000e+02 1.861463692025143501e+00
7.290000000000000000e+02 1.861491106784850524e+00
7.300000000000000000e+02 1.861518517882552404e+00
7.310000000000000000e+02 1.861545925318249139e+00
7.320000000000000000e+02 1.861573329091940954e+00
7.330000000000000000e+02 1.861600729203627624e+00
7.340000000000000000e+02 1.861628125653309374e+00
7.350000000000000000e+02 1.861655518440985979e+00
7.360000000000000000e+02 1.861682907566657663e+00
7.370000000000000000e+02 1.861710293030324204e+00
7.380000000000000000e+02 1.861737674831985601e+00
7.390000000000000000e+02 1.861765052971642076e+00
7.400000000000000000e+02 1.861792427449293408e+00
7.410000000000000000e+02 1.861819798264939596e+00
7.420000000000000000e+02 1.861847165418580863e+00
7.430000000000000000e+02 1.861874528910217208e+00
7.440000000000000000e+02 1.861901888739848410e+00
7.450000000000000000e+02 1.861929244907474468e+00
7.460000000000000000e+02 1.861956597413095604e+00
7.470000000000000000e+02 1.861983946256711597e+00
7.480000000000000000e+02 1.862011291438322447e+00
7.490000000000000000e+02 1.862038632957928375e+00
7.500000000000000000e+02 1.862065970815529159e+00
7.510000000000000000e+02 1.862093305011125022e+00
7.520000000000000000e+02 1.862120635544715741e+00
7.530000000000000000e+02 1.862147962416301539e+00
7.540000000000000000e+02 1.862175285625882193e+00
7.550000000000000000e+02 1.862202605173457703e+00
7.560000000000000000e+02 1.862229921059028293e+00
7.570000000000000000e+02 1.862257233282593738e+00
7.580000000000000000e+02 1.862284541844154262e+00
7.590000000000000000e+02 1.862311846743709642e+00
7.600000000000000000e+02 1.862339147981259879e+00
7.610000000000000000e+02 1.862366445556805195e+00
7.620000000000000000e+02 1.862393739470345588e+00
7.630000000000000000e+02 1.862421029721880616e+00
7.640000000000000000e+02 1.862448316311410945e+00
7.650000000000000000e+02 1.862475599238935908e+00
7.660000000000000000e+02 1.862502878504455950e+00
7.670000000000000000e+02 1.862530154107970848e+00
7.680000000000000000e+02 1.862557426049480824e+00
7.690000000000000000e+02 1.862584694328985657e+00
7.700000000000000000e+02 1.862611958946485569e+00
7.710000000000000000e+02 1.862639219901980336e+00
7.720000000000000000e+02 1.862666477195470183e+00
7.730000000000000000e+02 1.862693730826954663e+00
7.740000000000000000e+02 1.862720980796434445e+00
7.750000000000000000e+02 1.862748227103908860e+00
7.760000000000000000e+02 1.862775469749378576e+00
7.770000000000000000e+02 1.862802708732842927e+00
7.780000000000000000e+02 1.862829944054302356e+00
7.790000000000000000e+02 1.862857175713756641e+00
7.800000000000000000e+02 1.862884403711206005e+00
7.810000000000000000e+02 1.862911628046650225e+00
7.820000000000000000e+02 1.862938848720089524e+00
7.830000000000000000e+02 1.862966065731523679e+00
7.840000000000000000e+02 1.862993279080952691e+00
7.850000000000000000e+02 1.863020488768376781e+00
7.860000000000000000e+02 1.863047694793795950e+00
7.870000000000000000e+02 1.863074897157209753e+00
7.880000000000000000e+02 1.863102095858618634e+00
7.890000000000000000e+02 1.863129290898022594e+00
7.900000000000000000e+02 1.863156482275421411e+00
7.910000000000000000e+02 1.863183669990815083e+00
7.920000000000000000e+02 1.863210854044203835e+00
7.930000000000000000e+02 1.863238034435587442e+00
7.940000000000000000e+02 1.863265211164966129e+00
7.950000000000000000e+02 1.863292384232339671e+00
7.960000000000000000e+02 1.863319553637708070e+00
7.970000000000000000e+02 1.863346719381071548e+00
7.980000000000000000e+02 1.863373881462429882e+00
7.990000000000000000e+02 1.863401039881783294e+00
8.000000000000000000e+02 1.863428194639131563e+00
8.010000000000000000e+02 1.863455345734474689e+00
8.020000000000000000e+02 1.863482493167812892e+00
8.030000000000000000e+02 1.863509636939146175e+00
8.040000000000000000e+02 1.863536777048474091e+00
8.050000000000000000e+02 1.863563913495797308e+00
8.060000000000000000e+02 1.863591046281115160e+00
8.070000000000000000e+02 1.863618175404428090e+00
8.080000000000000000e+02 1.863645300865736099e+00
8.090000000000000000e+02 1.863672422665038741e+00
8.100000000000000000e+02 1.863699540802336685e+00
8.110000000000000000e+02 1.863726655277629263e+00
8.120000000000000000e+02 1.863753766090916919e+00
8.130000000000000000e+02 1.863780873242199654e+00
8.140000000000000000e+02 1.863807976731477245e+00
8.150000000000000000e+02 1.863835076558749693e+00
8.160000000000000000e+02 1.863862172724017219e+00
8.170000000000000000e+02 1.863889265227279601e+00
8.180000000000000000e+02 1.863916354068536840e+00
8.190000000000000000e+02 1.863943439247789158e+00
8.200000000000000000e+02 1.863970520765036554e+00
8.210000000000000000e+02 1.863997598620278806e+00
8.220000000000000000e+02 1.864024672813515915e+00
8.230000000000000000e+02 1.864051743344747880e+00
8.240000000000000000e+02 1.864078810213974924e+00
8.250000000000000000e+02 1.864105873421197046e+00
8.260000000000000000e+02 1.864132932966414025e+00
8.270000000000000000e+02 1.864159988849625860e+00
8.280000000000000000e+02 1.864187041070832773e+00
8.290000000000000000e+02 1.864214089630034543e+00
8.300000000000000000e+02 1.864241134527231170e+00
8.310000000000000000e+02 1.864268175762422874e+00
8.320000000000000000e+02 1.864295213335609658e+00
8.330000000000000000e+02 1.864322247246791298e+00
8.340000000000000000e+02 1.864349277495967794e+00
8.350000000000000000e+02 1.864376304083139146e+00
8.360000000000000000e+02 1.864403327008305578e+00
8.370000000000000000e+02 1.864430346271467087e+00
8.380000000000000000e+02 1.864457361872623453e+00
8.390000000000000000e+02 1.864484373811774676e+00
8.400000000000000000e+02 1.864511382088920977e+00
8.410000000000000000e+02 1.864538386704062134e+00
8.420000000000000000e+02 1.864565387657198148e+00
8.430000000000000000e+02 1.864592384948329240e+00
8.440000000000000000e+02 1.864619378577455411e+00
8.450000000000000000e+02 1.864646368544576216e+00
8.460000000000000000e+02 1.864673354849692322e+00
8.470000000000000000e+02 1.864700337492803062e+00
8.480000000000000000e+02 1.864727316473908880e+00
8.490000000000000000e+02 1.864754291793009777e+00
8.500000000000000000e+02 1.864781263450105531e+00
8.510000000000000000e+02 1.864808231445196141e+00
8.520000000000000000e+02 1.864835195778281607e+00
8.530000000000000000e+02 1.864862156449362374e+00
8.540000000000000000e+02 1.864889113458437775e+00
8.550000000000000000e+02 1.864916066805508255e+00
8.560000000000000000e+02 1.864943016490573591e+00
8.570000000000000000e+02 1.864969962513634005e+00
8.580000000000000000e+02 1.864996904874689276e+00
8.590000000000000000e+02 1.865023843573739626e+00
8.600000000000000000e+02 1.865050778610784832e+00
8.610000000000000000e+02 1.865077709985824894e+00
8.620000000000000000e+02 1.865104637698860035e+00
8.630000000000000000e+02 1.865131561749890032e+00
8.640000000000000000e+02 1.865158482138915108e+00
8.650000000000000000e+02 1.865185398865935040e+00
8.660000000000000000e+02 1.865212311930950051e+00
8.670000000000000000e+02 1.865239221333959696e+00
8.680000000000000000e+02 1.865266127074964642e+00
8.690000000000000000e+02 1.865293029153964222e+00
8.700000000000000000e+02 1.865319927570959102e+00
8.710000000000000000e+02 1.865346822325948617e+00
8.720000000000000000e+02 1.865373713418933210e+00
8.730000000000000000e+02 1.865400600849912882e+00
8.740000000000000000e+02 1.865427484618887188e+00
8.750000000000000000e+02 1.865454364725856795e+00
8.760000000000000000e+02 1.865481241170821036e+00
8.770000000000000000e+02 1.865508113953780356e+00
8.780000000000000000e+02 1.865534983074734754e+00
8.790000000000000000e+02 1.865561848533684008e+00
8.800000000000000000e+02 1.865588710330628119e+00
8.810000000000000000e+02 1.865615568465567309e+00
8.820000000000000000e+02 1.865642422938501355e+00
8.830000000000000000e+02 1.865669273749430257e+00
8.840000000000000000e+02 1.865696120898354238e+00
8.850000000000000000e+02 1.865722964385273297e+00
8.860000000000000000e+02 1.865749804210187213e+00
8.870000000000000000e+02 1.865776640373095985e+00
8.880000000000000000e+02 1.865803472873999613e+00
8.890000000000000000e+02 1.865830301712898320e+00
8.900000000000000000e+02 1.865857126889792106e+00
8.910000000000000000e+02 1.865883948404680748e+00
8.920000000000000000e+02 1.865910766257564246e+00
8.930000000000000000e+02 1.865937580448442823e+00
8.940000000000000000e+02 1.865964390977316256e+00
8.950000000000000000e+02 1.865991197844184546e+00
8.960000000000000000e+02 1.866018001049047914e+00
8.970000000000000000e+02 1.866044800591906361e+00
8.980000000000000000e+02 1.866071596472759442e+00
8.990000000000000000e+02 1.866098388691607823e+00
9.000000000000000000e+02 1.866125177248450839e+00
9.010000000000000000e+02 1.866151962143288934e+00
9.020000000000000000e+02 1.866178743376122107e+00
9.030000000000000000e+02 1.866205520946950136e+00
9.040000000000000000e+02 1.866232294855773022e+00
9.050000000000000000e+02 1.866259065102590986e+00
9.060000000000000000e+02 1.866285831687403807e+00
9.070000000000000000e+02 1.866312594610211484e+00
9.080000000000000000e+02 1.866339353871014239e+00
9.090000000000000000e+02 1.866366109469811851e+00
9.100000000000000000e+02 1.866392861406604542e+00
9.110000000000000000e+02 1.866419609681392089e+00
9.120000000000000000e+02 1.866446354294174714e+00
9.130000000000000000e+02 1.866473095244952196e+00
9.140000000000000000e+02 1.866499832533724534e+00
9.150000000000000000e+02 1.866526566160491951e+00
9.160000000000000000e+02 1.866553296125254224e+00
9.170000000000000000e+02 1.866580022428011576e+00
9.180000000000000000e+02 1.866606745068763784e+00
9.190000000000000000e+02 1.866633464047511071e+00
9.200000000000000000e+02 1.866660179364253214e+00
9.210000000000000000e+02 1.866686891018990213e+00
9.220000000000000000e+02 1.866713599011722291e+00
9.230000000000000000e+02 1.866740303342449225e+00
9.240000000000000000e+02 1.866767004011171016e+00
9.250000000000000000e+02 1.866793701017887885e+00
9.260000000000000000e+02 1.866820394362599833e+00
9.270000000000000000e+02 1.866847084045306637e+00
9.280000000000000000e+02 1.866873770066008298e+00
9.290000000000000000e+02 1.866900452424705037e+00
9.300000000000000000e+02 1.866927131121396632e+00
9.310000000000000000e+02 1.866953806156083084e+00
9.320000000000000000e+02 1.866980477528764615e+00
9.330000000000000000e+02 1.867007145239441002e+00
9.340000000000000000e+02 1.867033809288112467e+00
9.350000000000000000e+02 1.867060469674778789e+00
9.360000000000000000e+02 1.867087126399440189e+00
9.370000000000000000e+02 1.867113779462096446e+00
9.380000000000000000e+02 1.867140428862747559e+00
9.390000000000000000e+02 1.867167074601393750e+00
9.400000000000000000e+02 1.867193716678034798e+00
9.410000000000000000e+02 1.867220355092670925e+00
9.420000000000000000e+02 1.867246989845301908e+00
9.430000000000000000e+02 1.867273620935927747e+00
9.440000000000000000e+02 1.867300248364548665e+00
9.450000000000000000e+02 1.867326872131164439e+00
9.460000000000000000e+02 1.867353492235775292e+00
9.470000000000000000e+02 1.867380108678381001e+00
9.480000000000000000e+02 1.867406721458981789e+00
9.490000000000000000e+02 1.867433330577577433e+00
9.500000000000000000e+02 1.867459936034167933e+00
9.510000000000000000e+02 1.867486537828753512e+00
9.520000000000000000e+02 1.867513135961333948e+00
9.530000000000000000e+02 1.867539730431909462e+00
9.540000000000000000e+02 1.867566321240479832e+00
9.550000000000000000e+02 1.867592908387045059e+00
9.560000000000000000e+02 1.867619491871605364e+00
9.570000000000000000e+02 1.867646071694160526e+00
9.580000000000000000e+02 1.867672647854710766e+00
9.590000000000000000e+02 1.867699220353255862e+00
9.600000000000000000e+02 1.867725789189796037e+00
9.610000000000000000e+02 1.867752354364331069e+00
9.620000000000000000e+02 1.867778915876860957e+00
9.630000000000000000e+02 1.867805473727385923e+00
9.640000000000000000e+02 1.867832027915905746e+00
9.650000000000000000e+02 1.867858578442420647e+00
9.660000000000000000e+02 1.867885125306930405e+00
9.670000000000000000e+02 1.867911668509435019e+00
9.680000000000000000e+02 1.867938208049934712e+00
9.690000000000000000e+02 1.867964743928429261e+00
9.700000000000000000e+02 1.867991276144918888e+00
9.710000000000000000e+02 1.868017804699403372e+00
9.720000000000000000e+02 1.868044329591882713e+00
9.730000000000000000e+02 1.868070850822357132e+00
9.740000000000000000e+02 1.868097368390826629e+00
9.750000000000000000e+02 1.868123882297290761e+00
9.760000000000000000e+02 1.868150392541750193e+00
9.770000000000000000e+02 1.868176899124204260e+00
9.780000000000000000e+02 1.868203402044653405e+00
9.790000000000000000e+02 1.868229901303097629e+00
9.800000000000000000e+02 1.868256396899536487e+00
9.810000000000000000e+02 1.868282888833970645e+00
9.820000000000000000e+02 1.868309377106399438e+00
9.830000000000000000e+02 1.868335861716823310e+00
9.840000000000000000e+02 1.868362342665242259e+00
9.850000000000000000e+02 1.868388819951656066e+00
9.860000000000000000e+02 1.868415293576064728e+00
9.870000000000000000e+02 1.868441763538468470e+00
9.880000000000000000e+02 1.868468229838867067e+00
9.890000000000000000e+02 1.868494692477260744e+00
9.900000000000000000e+02 1.868521151453649054e+00
9.910000000000000000e+02 1.868547606768032665e+00
9.920000000000000000e+02 1.868574058420411133e+00
9.930000000000000000e+02 1.868600506410784456e+00
9.940000000000000000e+02 1.868626950739152859e+00
9.950000000000000000e+02 1.868653391405516118e+00
9.960000000000000000e+02 1.868679828409874233e+00
9.970000000000000000e+02 1.868706261752227427e+00
9.980000000000000000e+02 1.868732691432575477e+00
9.990000000000000000e+02 1.868759117450918605e+00
1.000000000000000000e+03 1.868785539807256590e+00
1.001000000000000000e+03 1.868811958501589654e+00
1.002000000000000000e+03 1.868838373533917574e+00
1.003000000000000000e+03 1.868864784904240350e+00
1.004000000000000000e+03 1.868891192612558205e+00
1.005000000000000000e+03 1.868917596658870917e+00
1.006000000000000000e+03 1.868943997043178706e+00
1.007000000000000000e+03 1.868970393765481353e+00
1.008000000000000000e+03 1.868996786825778855e+00
1.009000000000000000e+03 1.869023176224071436e+00
1.010000000000000000e+03 1.869049561960358874e+00
1.011000000000000000e+03 1.869075944034641390e+00
1.012000000000000000e+03 1.869102322446918762e+00
1.013000000000000000e+03 1.869128697197191213e+00
1.014000000000000000e+03 1.869155068285458521e+00
1.015000000000000000e+03 1.869181435711720685e+00
1.016000000000000000e+03 1.869207799475977927e+00
1.017000000000000000e+03 1.869234159578230026e+00
1.018000000000000000e+03 1.869260516018477203e+00
1.019000000000000000e+03 1.869286868796719236e+00
1.020000000000000000e+03 1.869313217912956127e+00
