# order=14: x_data [pixel], y_data [pixel], x_model [pixel], y_model [pixel]
1.092424242424242493e+02 1.766693562151151475e-01 1.799806606060605940e+00 2.801400857958213919e-03
1.733333333333333428e+02 3.788184509391201438e-01 1.801656606060606070e+00 4.062303404314349109e-03
1.936666666666666572e+02 2.737925126984919189e-01 1.802237606060606012e+00 4.418922591442608905e-05
2.113333333333333428e+02 3.416662901618110482e-01 1.802750292929292897e+00 2.220383956963445371e-04
3.752121212121211897e+02 1.888800152601106674e-01 1.807401090909090957e+00 8.030161767133905948e-05
3.863939393939393767e+02 2.175562928767909021e-01 1.807724868686868769e+00 1.697435934326918527e-03
4.327878787878788103e+02 1.268601493807182123e-01 1.809022393939393902e+00 4.023958592833665193e-04
4.513939393939393767e+02 1.396259655464558103e+00 1.809541393939394061e+00 8.745833824704618564e-02
4.703333333333333144e+02 1.437587247052434458e+00 1.810071131313131243e+00 1.977365267765378576e-01
5.459090909090908781e+02 8.478089707282572551e-02 1.812154999999999960e+00 7.976591412509059786e-06
6.004545454545454959e+02 1.592234281402319651e-01 1.813652868686868702e+00 1.180022044279027682e-03
6.503333333333333712e+02 9.588252703181722458e-02 1.815004555555555621e+00 1.164899783260286981e-04
7.346060606060606233e+02 2.030294604842987627e-01 1.817279363636363776e+00 9.635484394411239495e-03
7.487272727272727479e+02 1.659372896698591004e+00 1.817654090909091025e+00 4.245359415426562255e-01
8.256666666666666288e+02 2.901966184985587671e-01 1.819690272727272573e+00 1.578752240568827986e-02
9.684545454545454959e+02 1.507179368593715152e+00 1.823415393939394002e+00 3.200310238754399683e-01
