# order=17: data_wav [pixel], data_wavsolution [micron]
1.200000000000000000e+01 1.935327659923360200e+00
1.300000000000000000e+01 1.935359335839909045e+00
1.400000000000000000e+01 1.935391007485648185e+00
1.500000000000000000e+01 1.935422674860921344e+00
1.600000000000000000e+01 1.935454337966071803e+00
1.700000000000000000e+01 1.935485996801442843e+00
1.800000000000000000e+01 1.935517651367377967e+00
1.900000000000000000e+01 1.935549301664220678e+00
2.000000000000000000e+01 1.935580947692314036e+00
2.100000000000000000e+01 1.935612589452001764e+00
2.200000000000000000e+01 1.935644226943626922e+00
2.300000000000000000e+01 1.935675860167533013e+00
2.400000000000000000e+01 1.935707489124063541e+00
2.500000000000000000e+01 1.935739113813562007e+00
2.600000000000000000e+01 1.935770734236371249e+00
2.700000000000000000e+01 1.935802350392835214e+00
2.800000000000000000e+01 1.935833962283297183e+00
2.900000000000000000e+01 1.935865569908100214e+00
3.000000000000000000e+01 1.935897173267588256e+00
3.100000000000000000e+01 1.935928772362104144e+00
3.200000000000000000e+01 1.935960367191991383e+00
3.300000000000000000e+01 1.935991957757593696e+00
3.400000000000000000e+01 1.936023544059253920e+00
3.500000000000000000e+01 1.936055126097316004e+00
3.600000000000000000e+01 1.936086703872123005e+00
3.700000000000000000e+01 1.936118277384018427e+00
3.800000000000000000e+01 1.936149846633345550e+00
3.900000000000000000e+01 1.936181411620447879e+00
4.000000000000000000e+01 1.936212972345668692e+00
4.100000000000000000e+01 1.936244528809351495e+00
4.200000000000000000e+01 1.936276081011839567e+00
4.300000000000000000e+01 1.936307628953476412e+00
4.400000000000000000e+01 1.936339172634605088e+00
4.500000000000000000e+01 1.936370712055569543e+00
4.600000000000000000e+01 1.936402247216712613e+00
4.700000000000000000e+01 1.936433778118378024e+00
4.800000000000000000e+01 1.936465304760909056e+00
4.900000000000000000e+01 1.936496827144648991e+00
5.000000000000000000e+01 1.936528345269941553e+00
5.100000000000000000e+01 1.936559859137129580e+00
5.200000000000000000e+01 1.936591368746557018e+00
5.300000000000000000e+01 1.936622874098566927e+00
5.400000000000000000e+01 1.936654375193502808e+00
5.500000000000000000e+01 1.936685872031707945e+00
5.600000000000000000e+01 1.936717364613525838e+00
5.700000000000000000e+01 1.936748852939299770e+00
5.800000000000000000e+01 1.936780337009373243e+00
5.900000000000000000e+01 1.936811816824089538e+00
6.000000000000000000e+01 1.936843292383791937e+00
6.100000000000000000e+01 1.936874763688824164e+00
6.200000000000000000e+01 1.936906230739529500e+00
6.300000000000000000e+01 1.936937693536251004e+00
6.400000000000000000e+01 1.936969152079332401e+00
6.500000000000000000e+01 1.937000606369116973e+00
6.600000000000000000e+01 1.937032056405948222e+00
6.700000000000000000e+01 1.937063502190169206e+00
6.800000000000000000e+01 1.937094943722123652e+00
6.900000000000000000e+01 1.937126381002154840e+00
7.000000000000000000e+01 1.937157814030606051e+00
7.100000000000000000e+01 1.937189242807820788e+00
7.200000000000000000e+01 1.937220667334142332e+00
7.300000000000000000e+01 1.937252087609914408e+00
7.400000000000000000e+01 1.937283503635479853e+00
7.500000000000000000e+01 1.937314915411182392e+00
7.600000000000000000e+01 1.937346322937365306e+00
7.700000000000000000e+01 1.937377726214372098e+00
7.800000000000000000e+01 1.937409125242546271e+00
7.900000000000000000e+01 1.937440520022230661e+00
8.000000000000000000e+01 1.937471910553769217e+00
8.100000000000000000e+01 1.937503296837505218e+00
8.200000000000000000e+01 1.937534678873781724e+00
8.300000000000000000e+01 1.937566056662942460e+00
8.400000000000000000e+01 1.937597430205330706e+00
8.500000000000000000e+01 1.937628799501289745e+00
8.600000000000000000e+01 1.937660164551163300e+00
8.700000000000000000e+01 1.937691525355294209e+00
8.800000000000000000e+01 1.937722881914026418e+00
8.900000000000000000e+01 1.937754234227702987e+00
9.000000000000000000e+01 1.937785582296667419e+00
9.100000000000000000e+01 1.937816926121262773e+00
9.200000000000000000e+01 1.937848265701832995e+00
9.300000000000000000e+01 1.937879601038721145e+00
9.400000000000000000e+01 1.937910932132270725e+00
9.500000000000000000e+01 1.937942258982825017e+00
9.600000000000000000e+01 1.937973581590727301e+00
9.700000000000000000e+01 1.938004899956321303e+00
9.800000000000000000e+01 1.938036214079950081e+00
9.900000000000000000e+01 1.938067523961957139e+00
1.000000000000000000e+02 1.938098829602685980e+00
1.010000000000000000e+02 1.938130131002479661e+00
1.020000000000000000e+02 1.938161428161681910e+00
1.030000000000000000e+02 1.938192721080636005e+00
1.040000000000000000e+02 1.938224009759685451e+00
1.050000000000000000e+02 1.938255294199173306e+00
1.060000000000000000e+02 1.938286574399443296e+00
1.070000000000000000e+02 1.938317850360838701e+00
1.080000000000000000e+02 1.938349122083702580e+00
1.090000000000000000e+02 1.938380389568378881e+00
1.100000000000000000e+02 1.938411652815210662e+00
1.110000000000000000e+02 1.938442911824541204e+00
1.120000000000000000e+02 1.938474166596714232e+00
1.130000000000000000e+02 1.938505417132073028e+00
1.140000000000000000e+02 1.938536663430960649e+00
1.150000000000000000e+02 1.938567905493720822e+00
1.160000000000000000e+02 1.938599143320696827e+00
1.170000000000000000e+02 1.938630376912232167e+00
1.180000000000000000e+02 1.938661606268670123e+00
1.190000000000000000e+02 1.938692831390353977e+00
1.200000000000000000e+02 1.938724052277627230e+00
1.210000000000000000e+02 1.938755268930833386e+00
1.220000000000000000e+02 1.938786481350315505e+00
1.230000000000000000e+02 1.938817689536417310e+00
1.240000000000000000e+02 1.938848893489482084e+00
1.250000000000000000e+02 1.938880093209853106e+00
1.260000000000000000e+02 1.938911288697873658e+00
1.270000000000000000e+02 1.938942479953887688e+00
1.280000000000000000e+02 1.938973666978237809e+00
1.290000000000000000e+02 1.939004849771267969e+00
1.300000000000000000e+02 1.939036028333321449e+00
1.310000000000000000e+02 1.939067202664741529e+00
1.320000000000000000e+02 1.939098372765871492e+00
1.330000000000000000e+02 1.939129538637055061e+00
1.340000000000000000e+02 1.939160700278635296e+00
1.350000000000000000e+02 1.939191857690955700e+00
1.360000000000000000e+02 1.939223010874359554e+00
1.370000000000000000e+02 1.939254159829190582e+00
1.380000000000000000e+02 1.939285304555791845e+00
1.390000000000000000e+02 1.939316445054506621e+00
1.400000000000000000e+02 1.939347581325678860e+00
1.410000000000000000e+02 1.939378713369651397e+00
1.420000000000000000e+02 1.939409841186767736e+00
1.430000000000000000e+02 1.939440964777371601e+00
1.440000000000000000e+02 1.939472084141805830e+00
1.450000000000000000e+02 1.939503199280414147e+00
1.460000000000000000e+02 1.939534310193540056e+00
1.470000000000000000e+02 1.939565416881526616e+00
1.480000000000000000e+02 1.939596519344717329e+00
1.490000000000000000e+02 1.939627617583455699e+00
1.500000000000000000e+02 1.939658711598085006e+00
1.510000000000000000e+02 1.939689801388948753e+00
1.520000000000000000e+02 1.939720886956390222e+00
1.530000000000000000e+02 1.939751968300752694e+00
1.540000000000000000e+02 1.939783045422379670e+00
1.550000000000000000e+02 1.939814118321614655e+00
1.560000000000000000e+02 1.939845186998800708e+00
1.570000000000000000e+02 1.939876251454281553e+00
1.580000000000000000e+02 1.939907311688400471e+00
1.590000000000000000e+02 1.939938367701500743e+00
1.600000000000000000e+02 1.939969419493925873e+00
1.610000000000000000e+02 1.940000467066019141e+00
1.620000000000000000e+02 1.940031510418124272e+00
1.630000000000000000e+02 1.940062549550584103e+00
1.640000000000000000e+02 1.940093584463742360e+00
1.650000000000000000e+02 1.940124615157942323e+00
1.660000000000000000e+02 1.940155641633527495e+00
1.670000000000000000e+02 1.940186663890841157e+00
1.680000000000000000e+02 1.940217681930226590e+00
1.690000000000000000e+02 1.940248695752027519e+00
1.700000000000000000e+02 1.940279705356587003e+00
1.710000000000000000e+02 1.940310710744248546e+00
1.720000000000000000e+02 1.940341711915355649e+00
1.730000000000000000e+02 1.940372708870251373e+00
1.740000000000000000e+02 1.940403701609279441e+00
1.750000000000000000e+02 1.940434690132783135e+00
1.760000000000000000e+02 1.940465674441105737e+00
1.770000000000000000e+02 1.940496654534590748e+00
1.780000000000000000e+02 1.940527630413581672e+00
1.790000000000000000e+02 1.940558602078421568e+00
1.800000000000000000e+02 1.940589569529453939e+00
1.810000000000000000e+02 1.940620532767022288e+00
1.820000000000000000e+02 1.940651491791470118e+00
1.830000000000000000e+02 1.940682446603140487e+00
1.840000000000000000e+02 1.940713397202376900e+00
1.850000000000000000e+02 1.940744343589522636e+00
1.860000000000000000e+02 1.940775285764921421e+00
1.870000000000000000e+02 1.940806223728916535e+00
1.880000000000000000e+02 1.940837157481851039e+00
1.890000000000000000e+02 1.940868087024068656e+00
1.900000000000000000e+02 1.940899012355912667e+00
1.910000000000000000e+02 1.940929933477726355e+00
1.920000000000000000e+02 1.940960850389853221e+00
1.930000000000000000e+02 1.940991763092636768e+00
1.940000000000000000e+02 1.941022671586420056e+00
1.950000000000000000e+02 1.941053575871546810e+00
1.960000000000000000e+02 1.941084475948360089e+00
1.970000000000000000e+02 1.941115371817203616e+00
1.980000000000000000e+02 1.941146263478420675e+00
1.990000000000000000e+02 1.941177150932354323e+00
2.000000000000000000e+02 1.941208034179348507e+00
2.010000000000000000e+02 1.941238913219746065e+00
2.020000000000000000e+02 1.941269788053890721e+00
2.030000000000000000e+02 1.941300658682125979e+00
2.040000000000000000e+02 1.941331525104794897e+00
2.050000000000000000e+02 1.941362387322240757e+00
2.060000000000000000e+02 1.941393245334807505e+00
2.070000000000000000e+02 1.941424099142837978e+00
2.080000000000000000e+02 1.941454948746675901e+00
2.090000000000000000e+02 1.941485794146664556e+00
2.100000000000000000e+02 1.941516635343147223e+00
2.110000000000000000e+02 1.941547472336467406e+00
2.120000000000000000e+02 1.941578305126968385e+00
2.130000000000000000e+02 1.941609133714993884e+00
2.140000000000000000e+02 1.941639958100886743e+00
2.150000000000000000e+02 1.941670778284990684e+00
2.160000000000000000e+02 1.941701594267649211e+00
2.170000000000000000e+02 1.941732406049205384e+00
2.180000000000000000e+02 1.941763213630002705e+00
2.190000000000000000e+02 1.941794017010384676e+00
2.200000000000000000e+02 1.941824816190694580e+00
2.210000000000000000e+02 1.941855611171275919e+00
2.220000000000000000e+02 1.941886401952471974e+00
2.230000000000000000e+02 1.941917188534626026e+00
2.240000000000000000e+02 1.941947970918081579e+00
2.250000000000000000e+02 1.941978749103182134e+00
2.260000000000000000e+02 1.942009523090270973e+00
2.270000000000000000e+02 1.942040292879691377e+00
2.280000000000000000e+02 1.942071058471786849e+00
2.290000000000000000e+02 1.942101819866900669e+00
2.300000000000000000e+02 1.942132577065376342e+00
2.310000000000000000e+02 1.942163330067557148e+00
2.320000000000000000e+02 1.942194078873786811e+00
2.330000000000000000e+02 1.942224823484408169e+00
2.340000000000000000e+02 1.942255563899764947e+00
2.350000000000000000e+02 1.942286300120200648e+00
2.360000000000000000e+02 1.942317032146058331e+00
2.370000000000000000e+02 1.942347759977681498e+00
2.380000000000000000e+02 1.942378483615413653e+00
2.390000000000000000e+02 1.942409203059597855e+00
2.400000000000000000e+02 1.942439918310578051e+00
2.410000000000000000e+02 1.942470629368697077e+00
2.420000000000000000e+02 1.942501336234298659e+00
2.430000000000000000e+02 1.942532038907726077e+00
2.440000000000000000e+02 1.942562737389322614e+00
2.450000000000000000e+02 1.942593431679431770e+00
2.460000000000000000e+02 1.942624121778397051e+00
2.470000000000000000e+02 1.942654807686561513e+00
2.480000000000000000e+02 1.942685489404268884e+00
2.490000000000000000e+02 1.942716166931862443e+00
2.500000000000000000e+02 1.942746840269685249e+00
2.510000000000000000e+02 1.942777509418081250e+00
2.520000000000000000e+02 1.942808174377393282e+00
2.530000000000000000e+02 1.942838835147965293e+00
2.540000000000000000e+02 1.942869491730140119e+00
2.550000000000000000e+02 1.942900144124261708e+00
2.560000000000000000e+02 1.942930792330672896e+00
2.570000000000000000e+02 1.942961436349717408e+00
2.580000000000000000e+02 1.942992076181738303e+00
2.590000000000000000e+02 1.943022711827079529e+00
2.600000000000000000e+02 1.943053343286083923e+00
2.610000000000000000e+02 1.943083970559095208e+00
2.620000000000000000e+02 1.943114593646456445e+00
2.630000000000000000e+02 1.943145212548511580e+00
2.640000000000000000e+02 1.943175827265603228e+00
2.650000000000000000e+02 1.943206437798075559e+00
2.660000000000000000e+02 1.943237044146271408e+00
2.670000000000000000e+02 1.943267646310534280e+00
2.680000000000000000e+02 1.943298244291207677e+00
2.690000000000000000e+02 1.943328838088635102e+00
2.700000000000000000e+02 1.943359427703159614e+00
2.710000000000000000e+02 1.943390013135124716e+00
2.720000000000000000e+02 1.943420594384873912e+00
2.730000000000000000e+02 1.943451171452750481e+00
2.740000000000000000e+02 1.943481744339097705e+00
2.750000000000000000e+02 1.943512313044259310e+00
2.760000000000000000e+02 1.943542877568578353e+00
2.770000000000000000e+02 1.943573437912398338e+00
2.780000000000000000e+02 1.943603994076062547e+00
2.790000000000000000e+02 1.943634546059914703e+00
2.800000000000000000e+02 1.943665093864297866e+00
2.810000000000000000e+02 1.943695637489555539e+00
2.820000000000000000e+02 1.943726176936031003e+00
2.830000000000000000e+02 1.943756712204067760e+00
2.840000000000000000e+02 1.943787243294009093e+00
2.850000000000000000e+02 1.943817770206198503e+00
2.860000000000000000e+02 1.943848292940979272e+00
2.870000000000000000e+02 1.943878811498694903e+00
2.880000000000000000e+02 1.943909325879688677e+00
2.890000000000000000e+02 1.943939836084304096e+00
2.900000000000000000e+02 1.943970342112884442e+00
2.910000000000000000e+02 1.944000843965772996e+00
2.920000000000000000e+02 1.944031341643313482e+00
2.930000000000000000e+02 1.944061835145848960e+00
2.940000000000000000e+02 1.944092324473722933e+00
2.950000000000000000e+02 1.944122809627278903e+00
2.960000000000000000e+02 1.944153290606859930e+00
2.970000000000000000e+02 1.944183767412809738e+00
2.980000000000000000e+02 1.944214240045471609e+00
2.990000000000000000e+02 1.944244708505189045e+00
3.000000000000000000e+02 1.944275172792305106e+00
3.010000000000000000e+02 1.944305632907163295e+00
3.020000000000000000e+02 1.944336088850107114e+00
3.030000000000000000e+02 1.944366540621480066e+00
3.040000000000000000e+02 1.944396988221625211e+00
3.050000000000000000e+02 1.944427431650886051e+00
3.060000000000000000e+02 1.944457870909606090e+00
3.070000000000000000e+02 1.944488305998128830e+00
3.080000000000000000e+02 1.944518736916797108e+00
3.090000000000000000e+02 1.944549163665954872e+00
3.100000000000000000e+02 1.944579586245945402e+00
3.110000000000000000e+02 1.944610004657111757e+00
3.120000000000000000e+02 1.944640418899797663e+00
3.130000000000000000e+02 1.944670828974346399e+00
3.140000000000000000e+02 1.944701234881101470e+00
3.150000000000000000e+02 1.944731636620405935e+00
3.160000000000000000e+02 1.944762034192603517e+00
3.170000000000000000e+02 1.944792427598037277e+00
3.180000000000000000e+02 1.944822816837050938e+00
3.190000000000000000e+02 1.944853201909987783e+00
3.200000000000000000e+02 1.944883582817191092e+00
3.210000000000000000e+02 1.944913959559004368e+00
3.220000000000000000e+02 1.944944332135770670e+00
3.230000000000000000e+02 1.944974700547833946e+00
3.240000000000000000e+02 1.945005064795537253e+00
3.250000000000000000e+02 1.945035424879223873e+00
3.260000000000000000e+02 1.945065780799237531e+00
3.270000000000000000e+02 1.945096132555921287e+00
3.280000000000000000e+02 1.945126480149618642e+00
3.290000000000000000e+02 1.945156823580673100e+00
3.300000000000000000e+02 1.945187162849427720e+00
3.310000000000000000e+02 1.945217497956226227e+00
3.320000000000000000e+02 1.945247828901411902e+00
3.330000000000000000e+02 1.945278155685328247e+00
3.340000000000000000e+02 1.945308478308318323e+00
3.350000000000000000e+02 1.945338796770725853e+00
3.360000000000000000e+02 1.945369111072893897e+00
3.370000000000000000e+02 1.945399421215166180e+00
3.380000000000000000e+02 1.945429727197885761e+00
3.390000000000000000e+02 1.945460029021396364e+00
3.400000000000000000e+02 1.945490326686041271e+00
3.410000000000000000e+02 1.945520620192163541e+00
3.420000000000000000e+02 1.945550909540107121e+00
3.430000000000000000e+02 1.945581194730214847e+00
3.440000000000000000e+02 1.945611475762830445e+00
3.450000000000000000e+02 1.945641752638297195e+00
3.460000000000000000e+02 1.945672025356958601e+00
3.470000000000000000e+02 1.945702293919157722e+00
3.480000000000000000e+02 1.945732558325238282e+00
3.490000000000000000e+02 1.945762818575543562e+00
3.500000000000000000e+02 1.945793074670417067e+00
3.510000000000000000e+02 1.945823326610201853e+00
3.520000000000000000e+02 1.945853574395241647e+00
3.530000000000000000e+02 1.945883818025879508e+00
3.540000000000000000e+02 1.945914057502459160e+00
3.550000000000000000e+02 1.945944292825323885e+00
3.560000000000000000e+02 1.945974523994816963e+00
3.570000000000000000e+02 1.946004751011281675e+00
3.580000000000000000e+02 1.946034973875061747e+00
3.590000000000000000e+02 1.946065192586500459e+00
3.600000000000000000e+02 1.946095407145940870e+00
3.610000000000000000e+02 1.946125617553726705e+00
3.620000000000000000e+02 1.946155823810201468e+00
3.630000000000000000e+02 1.946186025915707996e+00
3.640000000000000000e+02 1.946216223870590234e+00
3.650000000000000000e+02 1.946246417675191465e+00
3.660000000000000000e+02 1.946276607329854746e+00
3.670000000000000000e+02 1.946306792834923804e+00
3.680000000000000000e+02 1.946336974190741698e+00
3.690000000000000000e+02 1.946367151397652151e+00
3.700000000000000000e+02 1.946397324455998445e+00
3.710000000000000000e+02 1.946427493366124084e+00
3.720000000000000000e+02 1.946457658128372126e+00
3.730000000000000000e+02 1.946487818743086073e+00
3.740000000000000000e+02 1.946517975210609430e+00
3.750000000000000000e+02 1.946548127531285477e+00
3.760000000000000000e+02 1.946578275705457717e+00
3.770000000000000000e+02 1.946608419733469431e+00
3.780000000000000000e+02 1.946638559615664121e+00
3.790000000000000000e+02 1.946668695352385070e+00
3.800000000000000000e+02 1.946698826943975558e+00
3.810000000000000000e+02 1.946728954390779087e+00
3.820000000000000000e+02 1.946759077693139162e+00
3.830000000000000000e+02 1.946789196851399062e+00
3.840000000000000000e+02 1.946819311865902291e+00
3.850000000000000000e+02 1.946849422736991908e+00
3.860000000000000000e+02 1.946879529465011638e+00
3.870000000000000000e+02 1.946909632050304539e+00
3.880000000000000000e+02 1.946939730493214338e+00
3.890000000000000000e+02 1.946969824794084314e+00
3.900000000000000000e+02 1.946999914953257749e+00
3.910000000000000000e+02 1.947030000971077923e+00
3.920000000000000000e+02 1.947060082847888562e+00
3.930000000000000000e+02 1.947090160584032947e+00
3.940000000000000000e+02 1.947120234179854359e+00
3.950000000000000000e+02 1.947150303635696078e+00
3.960000000000000000e+02 1.947180368951901830e+00
3.970000000000000000e+02 1.947210430128814673e+00
3.980000000000000000e+02 1.947240487166778111e+00
3.990000000000000000e+02 1.947270540066135647e+00
4.000000000000000000e+02 1.947300588827230561e+00
4.010000000000000000e+02 1.947330633450406134e+00
4.020000000000000000e+02 1.947360673936005870e+00
4.030000000000000000e+02 1.947390710284373272e+00
4.040000000000000000e+02 1.947420742495851620e+00
4.050000000000000000e+02 1.947450770570783973e+00
4.060000000000000000e+02 1.947480794509514279e+00
4.070000000000000000e+02 1.947510814312385596e+00
4.080000000000000000e+02 1.947540829979741428e+00
4.090000000000000000e+02 1.947570841511925055e+00
4.100000000000000000e+02 1.947600848909279980e+00
4.110000000000000000e+02 1.947630852172149263e+00
4.120000000000000000e+02 1.947660851300876850e+00
4.130000000000000000e+02 1.947690846295805800e+00
4.140000000000000000e+02 1.947720837157279394e+00
4.150000000000000000e+02 1.947750823885641136e+00
4.160000000000000000e+02 1.947780806481234528e+00
4.170000000000000000e+02 1.947810784944402851e+00
4.180000000000000000e+02 1.947840759275489608e+00
4.190000000000000000e+02 1.947870729474837859e+00
4.200000000000000000e+02 1.947900695542791327e+00
4.210000000000000000e+02 1.947930657479693295e+00
4.220000000000000000e+02 1.947960615285887043e+00
4.230000000000000000e+02 1.947990568961716074e+00
4.240000000000000000e+02 1.948020518507523668e+00
4.250000000000000000e+02 1.948050463923653330e+00
4.260000000000000000e+02 1.948080405210448340e+00
4.270000000000000000e+02 1.948110342368252423e+00
4.280000000000000000e+02 1.948140275397408416e+00
4.290000000000000000e+02 1.948170204298260044e+00
4.300000000000000000e+02 1.948200129071150588e+00
4.310000000000000000e+02 1.948230049716423551e+00
4.320000000000000000e+02 1.948259966234421992e+00
4.330000000000000000e+02 1.948289878625489857e+00
4.340000000000000000e+02 1.948319786889969985e+00
4.350000000000000000e+02 1.948349691028206099e+00
4.360000000000000000e+02 1.948379591040541481e+00
4.370000000000000000e+02 1.948409486927319412e+00
4.380000000000000000e+02 1.948439378688883394e+00
4.390000000000000000e+02 1.948469266325576932e+00
4.400000000000000000e+02 1.948499149837743305e+00
4.410000000000000000e+02 1.948529029225725795e+00
4.420000000000000000e+02 1.948558904489867682e+00
4.430000000000000000e+02 1.948588775630512693e+00
4.440000000000000000e+02 1.948618642648004107e+00
4.450000000000000000e+02 1.948648505542685205e+00
4.460000000000000000e+02 1.948678364314899270e+00
4.470000000000000000e+02 1.948708218964990024e+00
4.480000000000000000e+02 1.948738069493300751e+00
4.490000000000000000e+02 1.948767915900174508e+00
4.500000000000000000e+02 1.948797758185955020e+00
4.510000000000000000e+02 1.948827596350985569e+00
4.520000000000000000e+02 1.948857430395609658e+00
4.530000000000000000e+02 1.948887260320170567e+00
4.540000000000000000e+02 1.948917086125011577e+00
4.550000000000000000e+02 1.948946907810476192e+00
4.560000000000000000e+02 1.948976725376907693e+00
4.570000000000000000e+02 1.949006538824649803e+00
4.580000000000000000e+02 1.949036348154045362e+00
4.590000000000000000e+02 1.949066153365438314e+00
4.600000000000000000e+02 1.949095954459171720e+00
4.610000000000000000e+02 1.949125751435588860e+00
4.620000000000000000e+02 1.949155544295033460e+00
4.630000000000000000e+02 1.949185333037848800e+00
4.640000000000000000e+02 1.949215117664378161e+00
4.650000000000000000e+02 1.949244898174964824e+00
4.660000000000000000e+02 1.949274674569952515e+00
4.670000000000000000e+02 1.949304446849684291e+00
4.680000000000000000e+02 1.949334215014503657e+00
4.690000000000000000e+02 1.949363979064754115e+00
4.700000000000000000e+02 1.949393739000778725e+00
4.710000000000000000e+02 1.949423494822921432e+00
4.720000000000000000e+02 1.949453246531525075e+00
4.730000000000000000e+02 1.949482994126933155e+00
4.740000000000000000e+02 1.949512737609489399e+00
4.750000000000000000e+02 1.949542476979536865e+00
4.760000000000000000e+02 1.949572212237419055e+00
4.770000000000000000e+02 1.949601943383479252e+00
4.780000000000000000e+02 1.949631670418060736e+00
4.790000000000000000e+02 1.949661393341507232e+00
4.800000000000000000e+02 1.949691112154162020e+00
4.810000000000000000e+02 1.949720826856368383e+00
4.820000000000000000e+02 1.949750537448469823e+00
4.830000000000000000e+02 1.949780243930809620e+00
4.840000000000000000e+02 1.949809946303731056e+00
4.850000000000000000e+02 1.949839644567577857e+00
4.860000000000000000e+02 1.949869338722693080e+00
4.870000000000000000e+02 1.949899028769420228e+00
4.880000000000000000e+02 1.949928714708102806e+00
4.890000000000000000e+02 1.949958396539083871e+00
4.900000000000000000e+02 1.949988074262707149e+00
4.910000000000000000e+02 1.950017747879315921e+00
4.920000000000000000e+02 1.950047417389253690e+00
4.930000000000000000e+02 1.950077082792863514e+00
4.940000000000000000e+02 1.950106744090488897e+00
4.950000000000000000e+02 1.950136401282473564e+00
4.960000000000000000e+02 1.950166054369160351e+00
4.970000000000000000e+02 1.950195703350893206e+00
4.980000000000000000e+02 1.950225348228014965e+00
4.990000000000000000e+02 1.950254989000869354e+00
5.000000000000000000e+02 1.950284625669799876e+00
5.010000000000000000e+02 1.950314258235149589e+00
5.020000000000000000e+02 1.950343886697261997e+00
5.030000000000000000e+02 1.950373511056480602e+00
5.040000000000000000e+02 1.950403131313148686e+00
5.050000000000000000e+02 1.950432747467609529e+00
5.060000000000000000e+02 1.950462359520206634e+00
5.070000000000000000e+02 1.950491967471283505e+00
5.080000000000000000e+02 1.950521571321183423e+00
5.090000000000000000e+02 1.950551171070249667e+00
5.100000000000000000e+02 1.950580766718825743e+00
5.110000000000000000e+02 1.950610358267254929e+00
5.120000000000000000e+02 1.950639945715880730e+00
5.130000000000000000e+02 1.950669529065046426e+00
5.140000000000000000e+02 1.950699108315095742e+00
5.150000000000000000e+02 1.950728683466371516e+00
5.160000000000000000e+02 1.950758254519217472e+00
5.170000000000000000e+02 1.950787821473976891e+00
5.180000000000000000e+02 1.950817384330993276e+00
5.190000000000000000e+02 1.950846943090609908e+00
5.200000000000000000e+02 1.950876497753170291e+00
5.210000000000000000e+02 1.950906048319017705e+00
5.220000000000000000e+02 1.950935594788495431e+00
5.230000000000000000e+02 1.950965137161946972e+00
5.240000000000000000e+02 1.950994675439715831e+00
5.250000000000000000e+02 1.951024209622145289e+00
5.260000000000000000e+02 1.951053739709578627e+00
5.270000000000000000e+02 1.951083265702359348e+00
5.280000000000000000e+02 1.951112787600830734e+00
5.290000000000000000e+02 1.951142305405336508e+00
5.300000000000000000e+02 1.951171819116219508e+00
5.310000000000000000e+02 1.951201328733823459e+00
5.320000000000000000e+02 1.951230834258491864e+00
5.330000000000000000e+02 1.951260335690567782e+00
5.340000000000000000e+02 1.951289833030394938e+00
5.350000000000000000e+02 1.951319326278316391e+00
5.360000000000000000e+02 1.951348815434675643e+00
5.370000000000000000e+02 1.951378300499816199e+00
5.380000000000000000e+02 1.951407781474081338e+00
5.390000000000000000e+02 1.951437258357814564e+00
5.400000000000000000e+02 1.951466731151358935e+00
5.410000000000000000e+02 1.951496199855058178e+00
5.420000000000000000e+02 1.951525664469255572e+00
5.430000000000000000e+02 1.951555124994294621e+00
5.440000000000000000e+02 1.951584581430518384e+00
5.450000000000000000e+02 1.951614033778270585e+00
5.460000000000000000e+02 1.951643482037894284e+00
5.470000000000000000e+02 1.951672926209733205e+00
5.480000000000000000e+02 1.951702366294130631e+00
5.490000000000000000e+02 1.951731802291429840e+00
5.500000000000000000e+02 1.951761234201974338e+00
5.510000000000000000e+02 1.951790662026107404e+00
5.520000000000000000e+02 1.951820085764172319e+00
5.530000000000000000e+02 1.951849505416512809e+00
5.540000000000000000e+02 1.951878920983471932e+00
5.550000000000000000e+02 1.951908332465393414e+00
5.560000000000000000e+02 1.951937739862620314e+00
5.570000000000000000e+02 1.951967143175496133e+00
5.580000000000000000e+02 1.951996542404364376e+00
5.590000000000000000e+02 1.952025937549568102e+00
5.600000000000000000e+02 1.952055328611451035e+00
5.610000000000000000e+02 1.952084715590356456e+00
5.620000000000000000e+02 1.952114098486627869e+00
5.630000000000000000e+02 1.952143477300608332e+00
5.640000000000000000e+02 1.952172852032641570e+00
5.650000000000000000e+02 1.952202222683070643e+00
5.660000000000000000e+02 1.952231589252239274e+00
5.670000000000000000e+02 1.952260951740490524e+00
5.680000000000000000e+02 1.952290310148168118e+00
5.690000000000000000e+02 1.952319664475615113e+00
5.700000000000000000e+02 1.952349014723175236e+00
5.710000000000000000e+02 1.952378360891191544e+00
5.720000000000000000e+02 1.952407702980007764e+00
5.730000000000000000e+02 1.952437040989966732e+00
5.740000000000000000e+02 1.952466374921412395e+00
5.750000000000000000e+02 1.952495704774688035e+00
5.760000000000000000e+02 1.952525030550136709e+00
5.770000000000000000e+02 1.952554352248102143e+00
5.780000000000000000e+02 1.952583669868927618e+00
5.790000000000000000e+02 1.952612983412956638e+00
5.800000000000000000e+02 1.952642292880532260e+00
5.810000000000000000e+02 1.952671598271998210e+00
5.820000000000000000e+02 1.952700899587697547e+00
5.830000000000000000e+02 1.952730196827973996e+00
5.840000000000000000e+02 1.952759489993170616e+00
5.850000000000000000e+02 1.952788779083631132e+00
5.860000000000000000e+02 1.952818064099698603e+00
5.870000000000000000e+02 1.952847345041716753e+00
5.880000000000000000e+02 1.952876621910028643e+00
5.890000000000000000e+02 1.952905894704977996e+00
5.900000000000000000e+02 1.952935163426907872e+00
5.910000000000000000e+02 1.952964428076161774e+00
5.920000000000000000e+02 1.952993688653083204e+00
5.930000000000000000e+02 1.953022945158015222e+00
5.940000000000000000e+02 1.953052197591301775e+00
5.950000000000000000e+02 1.953081445953285700e+00
5.960000000000000000e+02 1.953110690244310499e+00
5.970000000000000000e+02 1.953139930464719898e+00
5.980000000000000000e+02 1.953169166614856955e+00
5.990000000000000000e+02 1.953198398695064952e+00
6.000000000000000000e+02 1.953227626705687614e+00
6.010000000000000000e+02 1.953256850647068221e+00
6.020000000000000000e+02 1.953286070519550055e+00
6.030000000000000000e+02 1.953315286323476618e+00
6.040000000000000000e+02 1.953344498059191192e+00
6.050000000000000000e+02 1.953373705727037279e+00
6.060000000000000000e+02 1.953402909327358161e+00
6.070000000000000000e+02 1.953432108860497118e+00
6.080000000000000000e+02 1.953461304326797876e+00
6.090000000000000000e+02 1.953490495726603493e+00
6.100000000000000000e+02 1.953519683060257472e+00
6.110000000000000000e+02 1.953548866328103317e+00
6.120000000000000000e+02 1.953578045530484086e+00
6.130000000000000000e+02 1.953607220667743727e+00
6.140000000000000000e+02 1.953636391740225076e+00
6.150000000000000000e+02 1.953665558748271636e+00
6.160000000000000000e+02 1.953694721692226910e+00
6.170000000000000000e+02 1.953723880572434402e+00
6.180000000000000000e+02 1.953753035389237169e+00
6.190000000000000000e+02 1.953782186142978938e+00
6.200000000000000000e+02 1.953811332834002990e+00
6.210000000000000000e+02 1.953840475462652382e+00
6.220000000000000000e+02 1.953869614029271062e+00
6.230000000000000000e+02 1.953898748534201868e+00
6.240000000000000000e+02 1.953927878977788524e+00
6.250000000000000000e+02 1.953957005360374533e+00
6.260000000000000000e+02 1.953986127682302953e+00
6.270000000000000000e+02 1.954015245943917289e+00
6.280000000000000000e+02 1.954044360145560821e+00
6.290000000000000000e+02 1.954073470287577052e+00
6.300000000000000000e+02 1.954102576370309485e+00
6.310000000000000000e+02 1.954131678394101401e+00
6.320000000000000000e+02 1.954160776359296303e+00
6.330000000000000000e+02 1.954189870266237250e+00
6.340000000000000000e+02 1.954218960115267745e+00
6.350000000000000000e+02 1.954248045906731512e+00
6.360000000000000000e+02 1.954277127640971390e+00
6.370000000000000000e+02 1.954306205318331324e+00
6.380000000000000000e+02 1.954335278939154152e+00
6.390000000000000000e+02 1.954364348503783821e+00
6.400000000000000000e+02 1.954393414012563168e+00
6.410000000000000000e+02 1.954422475465835918e+00
6.420000000000000000e+02 1.954451532863945573e+00
6.430000000000000000e+02 1.954480586207235193e+00
6.440000000000000000e+02 1.954509635496048281e+00
6.450000000000000000e+02 1.954538680730728117e+00
6.460000000000000000e+02 1.954567721911618428e+00
6.470000000000000000e+02 1.954596759039062270e+00
6.480000000000000000e+02 1.954625792113403149e+00
6.490000000000000000e+02 1.954654821134984344e+00
6.500000000000000000e+02 1.954683846104149580e+00
6.510000000000000000e+02 1.954712867021241696e+00
6.520000000000000000e+02 1.954741883886604636e+00
6.530000000000000000e+02 1.954770896700581462e+00
6.540000000000000000e+02 1.954799905463515453e+00
6.550000000000000000e+02 1.954828910175750334e+00
6.560000000000000000e+02 1.954857910837629387e+00
6.570000000000000000e+02 1.954886907449495892e+00
6.580000000000000000e+02 1.954915900011693131e+00
6.590000000000000000e+02 1.954944888524564828e+00
6.600000000000000000e+02 1.954973872988454042e+00
6.610000000000000000e+02 1.955002853403704499e+00
6.620000000000000000e+02 1.955031829770659257e+00
6.630000000000000000e+02 1.955060802089661598e+00
6.640000000000000000e+02 1.955089770361055468e+00
6.650000000000000000e+02 1.955118734585183704e+00
6.660000000000000000e+02 1.955147694762390032e+00
6.670000000000000000e+02 1.955176650893017731e+00
6.680000000000000000e+02 1.955205602977410084e+00
6.690000000000000000e+02 1.955234551015910593e+00
6.700000000000000000e+02 1.955263495008862762e+00
6.710000000000000000e+02 1.955292434956609648e+00
6.720000000000000000e+02 1.955321370859494756e+00
6.730000000000000000e+02 1.955350302717861588e+00
6.740000000000000000e+02 1.955379230532053647e+00
6.750000000000000000e+02 1.955408154302413992e+00
6.760000000000000000e+02 1.955437074029286126e+00
6.770000000000000000e+02 1.955465989713013553e+00
6.780000000000000000e+02 1.955494901353939552e+00
6.790000000000000000e+02 1.955523808952407627e+00
6.800000000000000000e+02 1.955552712508760838e+00
6.810000000000000000e+02 1.955581612023342908e+00
6.820000000000000000e+02 1.955610507496497341e+00
6.830000000000000000e+02 1.955639398928566974e+00
6.840000000000000000e+02 1.955668286319895754e+00
6.850000000000000000e+02 1.955697169670826741e+00
6.860000000000000000e+02 1.955726048981703213e+00
6.870000000000000000e+02 1.955754924252869120e+00
6.880000000000000000e+02 1.955783795484667298e+00
6.890000000000000000e+02 1.955812662677441249e+00
6.900000000000000000e+02 1.955841525831534478e+00
6.910000000000000000e+02 1.955870384947290264e+00
6.920000000000000000e+02 1.955899240025052110e+00
6.930000000000000000e+02 1.955928091065163299e+00
6.940000000000000000e+02 1.955956938067967332e+00
6.950000000000000000e+02 1.955985781033807491e+00
6.960000000000000000e+02 1.956014619963027279e+00
6.970000000000000000e+02 1.956043454855969754e+00
6.980000000000000000e+02 1.956072285712978642e+00
6.990000000000000000e+02 1.956101112534397224e+00
7.000000000000000000e+02 1.956129935320569002e+00
7.010000000000000000e+02 1.956158754071837258e+00
7.020000000000000000e+02 1.956187568788545272e+00
7.030000000000000000e+02 1.956216379471036548e+00
7.040000000000000000e+02 1.956245186119654367e+00
7.050000000000000000e+02 1.956273988734742231e+00
7.060000000000000000e+02 1.956302787316643421e+00
7.070000000000000000e+02 1.956331581865701441e+00
7.080000000000000000e+02 1.956360372382259794e+00
7.090000000000000000e+02 1.956389158866661537e+00
7.100000000000000000e+02 1.956417941319250176e+00
7.110000000000000000e+02 1.956446719740369211e+00
7.120000000000000000e+02 1.956475494130362147e+00
7.130000000000000000e+02 1.956504264489571820e+00
7.140000000000000000e+02 1.956533030818342178e+00
7.150000000000000000e+02 1.956561793117016501e+00
7.160000000000000000e+02 1.956590551385937848e+00
7.170000000000000000e+02 1.956619305625449945e+00
7.180000000000000000e+02 1.956648055835896072e+00
7.190000000000000000e+02 1.956676802017619510e+00
7.200000000000000000e+02 1.956705544170963984e+00
7.210000000000000000e+02 1.956734282296272331e+00
7.220000000000000000e+02 1.956763016393888499e+00
7.230000000000000000e+02 1.956791746464155546e+00
7.240000000000000000e+02 1.956820472507416753e+00
7.250000000000000000e+02 1.956849194524015845e+00
7.260000000000000000e+02 1.956877912514296103e+00
7.270000000000000000e+02 1.956906626478600586e+00
7.280000000000000000e+02 1.956935336417273241e+00
7.290000000000000000e+02 1.956964042330657128e+00
7.300000000000000000e+02 1.956992744219095526e+00
7.310000000000000000e+02 1.957021442082931939e+00
7.320000000000000000e+02 1.957050135922509870e+00
7.330000000000000000e+02 1.957078825738172601e+00
7.340000000000000000e+02 1.957107511530263633e+00
7.350000000000000000e+02 1.957136193299126248e+00
7.360000000000000000e+02 1.957164871045103727e+00
7.370000000000000000e+02 1.957193544768539351e+00
7.380000000000000000e+02 1.957222214469777066e+00
7.390000000000000000e+02 1.957250880149159711e+00
7.400000000000000000e+02 1.957279541807030787e+00
7.410000000000000000e+02 1.957308199443734020e+00
7.420000000000000000e+02 1.957336853059612247e+00
7.430000000000000000e+02 1.957365502655009415e+00
7.440000000000000000e+02 1.957394148230268360e+00
7.450000000000000000e+02 1.957422789785733030e+00
7.460000000000000000e+02 1.957451427321746262e+00
7.470000000000000000e+02 1.957480060838651781e+00
7.480000000000000000e+02 1.957508690336793089e+00
7.490000000000000000e+02 1.957537315816513024e+00
7.500000000000000000e+02 1.957565937278155532e+00
7.510000000000000000e+02 1.957594554722063895e+00
7.520000000000000000e+02 1.957623168148581172e+00
7.530000000000000000e+02 1.957651777558051087e+00
7.540000000000000000e+02 1.957680382950816922e+00
7.550000000000000000e+02 1.957708984327221957e+00
7.560000000000000000e+02 1.957737581687609696e+00
7.570000000000000000e+02 1.957766175032323641e+00
7.580000000000000000e+02 1.957794764361706852e+00
7.590000000000000000e+02 1.957823349676103053e+00
7.600000000000000000e+02 1.957851930975855304e+00
7.610000000000000000e+02 1.957880508261307329e+00
7.620000000000000000e+02 1.957909081532802409e+00
7.630000000000000000e+02 1.957937650790683604e+00
7.640000000000000000e+02 1.957966216035294638e+00
7.650000000000000000e+02 1.957994777266979014e+00
7.660000000000000000e+02 1.958023334486079792e+00
7.670000000000000000e+02 1.958051887692940474e+00
7.680000000000000000e+02 1.958080436887904563e+00
7.690000000000000000e+02 1.958108982071315118e+00
7.700000000000000000e+02 1.958137523243515865e+00
7.710000000000000000e+02 1.958166060404850084e+00
7.720000000000000000e+02 1.958194593555661278e+00
7.730000000000000000e+02 1.958223122696292506e+00
7.740000000000000000e+02 1.958251647827087494e+00
7.750000000000000000e+02 1.958280168948389521e+00
7.760000000000000000e+02 1.958308686060541870e+00
7.770000000000000000e+02 1.958337199163888043e+00
7.780000000000000000e+02 1.958365708258771321e+00
7.790000000000000000e+02 1.958394213345534984e+00
7.800000000000000000e+02 1.958422714424522759e+00
7.810000000000000000e+02 1.958451211496077926e+00
7.820000000000000000e+02 1.958479704560543766e+00
7.830000000000000000e+02 1.958508193618263560e+00
7.840000000000000000e+02 1.958536678669581033e+00
7.850000000000000000e+02 1.958565159714839243e+00
7.860000000000000000e+02 1.958593636754381695e+00
7.870000000000000000e+02 1.958622109788551890e+00
7.880000000000000000e+02 1.958650578817692889e+00
7.890000000000000000e+02 1.958679043842148637e+00
7.900000000000000000e+02 1.958707504862261972e+00
7.910000000000000000e+02 1.958735961878376397e+00
7.920000000000000000e+02 1.958764414890835415e+00
7.930000000000000000e+02 1.958792863899982528e+00
7.940000000000000000e+02 1.958821308906160796e+00
7.950000000000000000e+02 1.958849749909713944e+00
7.960000000000000000e+02 1.958878186910985031e+00
7.970000000000000000e+02 1.958906619910317781e+00
7.980000000000000000e+02 1.958935048908055254e+00
7.990000000000000000e+02 1.958963473904541175e+00
8.000000000000000000e+02 1.958991894900118602e+00
8.010000000000000000e+02 1.959020311895131261e+00
8.020000000000000000e+02 1.959048724889921989e+00
8.030000000000000000e+02 1.959077133884834732e+00
8.040000000000000000e+02 1.959105538880212771e+00
8.050000000000000000e+02 1.959133939876399166e+00
8.060000000000000000e+02 1.959162336873737642e+00
8.070000000000000000e+02 1.959190729872571479e+00
8.080000000000000000e+02 1.959219118873243959e+00
8.090000000000000000e+02 1.959247503876098584e+00
8.100000000000000000e+02 1.959275884881478857e+00
8.110000000000000000e+02 1.959304261889727838e+00
8.120000000000000000e+02 1.959332634901189252e+00
8.130000000000000000e+02 1.959361003916206156e+00
8.140000000000000000e+02 1.959389368935122278e+00
8.150000000000000000e+02 1.959417729958280674e+00
8.160000000000000000e+02 1.959446086986025071e+00
8.170000000000000000e+02 1.959474440018698527e+00
8.180000000000000000e+02 1.959502789056644545e+00
8.190000000000000000e+02 1.959531134100206629e+00
8.200000000000000000e+02 1.959559475149728058e+00
8.210000000000000000e+02 1.959587812205552337e+00
8.220000000000000000e+02 1.959616145268022747e+00
8.230000000000000000e+02 1.959644474337482567e+00
8.240000000000000000e+02 1.959672799414275302e+00
8.250000000000000000e+02 1.959701120498744231e+00
8.260000000000000000e+02 1.959729437591232859e+00
8.270000000000000000e+02 1.959757750692084688e+00
8.280000000000000000e+02 1.959786059801642999e+00
8.290000000000000000e+02 1.959814364920251073e+00
8.300000000000000000e+02 1.959842666048252191e+00
8.310000000000000000e+02 1.959870963185990078e+00
8.320000000000000000e+02 1.959899256333808015e+00
8.330000000000000000e+02 1.959927545492049283e+00
8.340000000000000000e+02 1.959955830661057163e+00
8.350000000000000000e+02 1.959984111841175380e+00
8.360000000000000000e+02 1.960012389032746993e+00
8.370000000000000000e+02 1.960040662236115727e+00
8.380000000000000000e+02 1.960068931451624419e+00
8.390000000000000000e+02 1.960097196679617015e+00
8.400000000000000000e+02 1.960125457920436798e+00
8.410000000000000000e+02 1.960153715174426825e+00
8.420000000000000000e+02 1.960181968441930822e+00
8.430000000000000000e+02 1.960210217723292070e+00
8.440000000000000000e+02 1.960238463018853849e+00
8.450000000000000000e+02 1.960266704328959664e+00
8.460000000000000000e+02 1.960294941653953016e+00
8.470000000000000000e+02 1.960323174994176965e+00
8.480000000000000000e+02 1.960351404349975013e+00
8.490000000000000000e+02 1.960379629721690886e+00
8.500000000000000000e+02 1.960407851109667421e+00
8.510000000000000000e+02 1.960436068514248342e+00
8.520000000000000000e+02 1.960464281935777153e+00
8.530000000000000000e+02 1.960492491374596913e+00
8.540000000000000000e+02 1.960520696831051124e+00
8.550000000000000000e+02 1.960548898305483068e+00
8.560000000000000000e+02 1.960577095798236469e+00
8.570000000000000000e+02 1.960605289309654387e+00
8.580000000000000000e+02 1.960633478840080324e+00
8.590000000000000000e+02 1.960661664389857783e+00
8.600000000000000000e+02 1.960689845959330047e+00
8.610000000000000000e+02 1.960718023548840394e+00
8.620000000000000000e+02 1.960746197158732107e+00
8.630000000000000000e+02 1.960774366789349132e+00
8.640000000000000000e+02 1.960802532441034307e+00
8.650000000000000000e+02 1.960830694114131134e+00
8.660000000000000000e+02 1.960858851808983117e+00
8.670000000000000000e+02 1.960887005525933535e+00
8.680000000000000000e+02 1.960915155265325893e+00
8.690000000000000000e+02 1.960943301027503693e+00
8.700000000000000000e+02 1.960971442812809995e+00
8.710000000000000000e+02 1.960999580621588301e+00
8.720000000000000000e+02 1.961027714454181892e+00
8.730000000000000000e+02 1.961055844310934493e+00
8.740000000000000000e+02 1.961083970192189163e+00
8.750000000000000000e+02 1.961112092098289406e+00
8.760000000000000000e+02 1.961140210029578723e+00
8.770000000000000000e+02 1.961168323986400397e+00
8.780000000000000000e+02 1.961196433969097708e+00
8.790000000000000000e+02 1.961224539978014159e+00
8.800000000000000000e+02 1.961252642013493031e+00
8.810000000000000000e+02 1.961280740075877826e+00
8.820000000000000000e+02 1.961308834165512049e+00
8.830000000000000000e+02 1.961336924282738758e+00
8.840000000000000000e+02 1.961365010427901456e+00
8.850000000000000000e+02 1.961393092601343868e+00
8.860000000000000000e+02 1.961421170803408831e+00
8.870000000000000000e+02 1.961449245034440070e+00
8.880000000000000000e+02 1.961477315294780865e+00
8.890000000000000000e+02 1.961505381584774721e+00
8.900000000000000000e+02 1.961533443904764917e+00
8.910000000000000000e+02 1.961561502255094958e+00
8.920000000000000000e+02 1.961589556636107901e+00
8.930000000000000000e+02 1.961617607048147471e+00
8.940000000000000000e+02 1.961645653491556951e+00
8.950000000000000000e+02 1.961673695966679842e+00
8.960000000000000000e+02 1.961701734473859204e+00
8.970000000000000000e+02 1.961729769013438762e+00
8.980000000000000000e+02 1.961757799585761575e+00
8.990000000000000000e+02 1.961785826191171367e+00
9.000000000000000000e+02 1.961813848830011420e+00
9.010000000000000000e+02 1.961841867502625014e+00
9.020000000000000000e+02 1.961869882209355653e+00
9.030000000000000000e+02 1.961897892950546618e+00
9.040000000000000000e+02 1.961925899726541189e+00
9.050000000000000000e+02 1.961953902537683092e+00
9.060000000000000000e+02 1.961981901384315385e+00
9.070000000000000000e+02 1.962009896266781794e+00
9.080000000000000000e+02 1.962037887185425378e+00
9.090000000000000000e+02 1.962065874140589639e+00
9.100000000000000000e+02 1.962093857132618080e+00
9.110000000000000000e+02 1.962121836161853983e+00
9.120000000000000000e+02 1.962149811228640628e+00
9.130000000000000000e+02 1.962177782333321518e+00
9.140000000000000000e+02 1.962205749476239935e+00
9.150000000000000000e+02 1.962233712657739382e+00
9.160000000000000000e+02 1.962261671878163360e+00
9.170000000000000000e+02 1.962289627137854930e+00
9.180000000000000000e+02 1.962317578437157817e+00
9.190000000000000000e+02 1.962345525776415300e+00
9.200000000000000000e+02 1.962373469155970440e+00
9.210000000000000000e+02 1.962401408576167183e+00
9.220000000000000000e+02 1.962429344037348589e+00
9.230000000000000000e+02 1.962457275539857937e+00
9.240000000000000000e+02 1.962485203084038732e+00
9.250000000000000000e+02 1.962513126670234476e+00
9.260000000000000000e+02 1.962541046298788450e+00
9.270000000000000000e+02 1.962568961970044157e+00
9.280000000000000000e+02 1.962596873684344656e+00
9.290000000000000000e+02 1.962624781442033672e+00
9.300000000000000000e+02 1.962652685243454487e+00
9.310000000000000000e+02 1.962680585088950602e+00
9.320000000000000000e+02 1.962708480978865078e+00
9.330000000000000000e+02 1.962736372913541638e+00
9.340000000000000000e+02 1.962764260893323343e+00
9.350000000000000000e+02 1.962792144918553916e+00
9.360000000000000000e+02 1.962820024989576639e+00
9.370000000000000000e+02 1.962847901106734572e+00
9.380000000000000000e+02 1.962875773270371660e+00
9.390000000000000000e+02 1.962903641480830963e+00
9.400000000000000000e+02 1.962931505738455762e+00
9.410000000000000000e+02 1.962959366043589782e+00
9.420000000000000000e+02 1.962987222396576081e+00
9.430000000000000000e+02 1.963015074797758164e+00
9.440000000000000000e+02 1.963042923247479532e+00
9.450000000000000000e+02 1.963070767746083467e+00
9.460000000000000000e+02 1.963098608293913250e+00
9.470000000000000000e+02 1.963126444891312383e+00
9.480000000000000000e+02 1.963154277538624370e+00
9.490000000000000000e+02 1.963182106236192270e+00
9.500000000000000000e+02 1.963209930984359808e+00
9.510000000000000000e+02 1.963237751783470264e+00
9.520000000000000000e+02 1.963265568633866920e+00
9.530000000000000000e+02 1.963293381535893278e+00
9.540000000000000000e+02 1.963321190489892620e+00
9.550000000000000000e+02 1.963348995496208449e+00
9.560000000000000000e+02 1.963376796555184267e+00
9.570000000000000000e+02 1.963404593667162912e+00
9.580000000000000000e+02 1.963432386832488330e+00
9.590000000000000000e+02 1.963460176051503803e+00
9.600000000000000000e+02 1.963487961324552611e+00
9.610000000000000000e+02 1.963515742651978035e+00
9.620000000000000000e+02 1.963543520034123580e+00
9.630000000000000000e+02 1.963571293471332746e+00
9.640000000000000000e+02 1.963599062963948816e+00
9.650000000000000000e+02 1.963626828512315070e+00
9.660000000000000000e+02 1.963654590116775012e+00
9.670000000000000000e+02 1.963682347777672144e+00
9.680000000000000000e+02 1.963710101495349525e+00
9.690000000000000000e+02 1.963737851270150880e+00
9.700000000000000000e+02 1.963765597102419491e+00
9.710000000000000000e+02 1.963793338992498638e+00
9.720000000000000000e+02 1.963821076940731603e+00
9.730000000000000000e+02 1.963848810947462109e+00
9.740000000000000000e+02 1.963876541013033439e+00
9.750000000000000000e+02 1.963904267137788651e+00
9.760000000000000000e+02 1.963931989322071692e+00
9.770000000000000000e+02 1.963959707566225399e+00
9.780000000000000000e+02 1.963987421870593497e+00
9.790000000000000000e+02 1.964015132235519268e+00
9.800000000000000000e+02 1.964042838661346213e+00
9.810000000000000000e+02 1.964070541148417615e+00
9.820000000000000000e+02 1.964098239697076753e+00
9.830000000000000000e+02 1.964125934307667132e+00
9.840000000000000000e+02 1.964153624980532031e+00
9.850000000000000000e+02 1.964181311716015177e+00
9.860000000000000000e+02 1.964208994514459405e+00
9.870000000000000000e+02 1.964236673376208664e+00
9.880000000000000000e+02 1.964264348301606011e+00
9.890000000000000000e+02 1.964292019290994729e+00
9.900000000000000000e+02 1.964319686344718541e+00
9.910000000000000000e+02 1.964347349463120729e+00
9.920000000000000000e+02 1.964375008646544352e+00
9.930000000000000000e+02 1.964402663895333356e+00
9.940000000000000000e+02 1.964430315209830580e+00
9.950000000000000000e+02 1.964457962590379969e+00
9.960000000000000000e+02 1.964485606037324361e+00
9.970000000000000000e+02 1.964513245551007481e+00
9.980000000000000000e+02 1.964540881131772387e+00
9.990000000000000000e+02 1.964568512779963028e+00
1.000000000000000000e+03 1.964596140495922239e+00
1.001000000000000000e+03 1.964623764279993523e+00
1.002000000000000000e+03 1.964651384132520606e+00
1.003000000000000000e+03 1.964679000053846547e+00
1.004000000000000000e+03 1.964706612044314848e+00
1.005000000000000000e+03 1.964734220104268791e+00
1.006000000000000000e+03 1.964761824234051879e+00
1.007000000000000000e+03 1.964789424434007392e+00
1.008000000000000000e+03 1.964817020704478834e+00
1.009000000000000000e+03 1.964844613045809485e+00
1.010000000000000000e+03 1.964872201458342849e+00
1.011000000000000000e+03 1.964899785942421984e+00
1.012000000000000000e+03 1.964927366498390837e+00
