# order=3: x_data [pixel], y_data [pixel], x_model [pixel], y_model [pixel]
1.924242424242424221e+01 1.276275789146438910e+00 1.423428131313131395e+00 2.336111493315140564e-04
6.833333333333332860e+01 3.618265545412698181e+00 1.424584606060605996e+00 3.342944307157154071e-01
8.260606060606060908e+01 1.274087348484396420e+00 1.424920363636363652e+00 5.307769174672681556e-02
1.000909090909090935e+02 7.365171554943733545e-01 1.425329818181818142e+00 6.952030431719324888e-03
1.468484848484848442e+02 1.332525540464656988e+00 1.426422131313131336e+00 1.250742945430829423e-01
1.657878787878787818e+02 1.233651141929503536e+00 1.426861131313131192e+00 1.027785897592854575e-01
1.857878787878787818e+02 4.377649846564330427e-01 1.427321606060605985e+00 1.210391421383652478e-03
2.338484848484848442e+02 4.537454928709500623e-01 1.428429909090908945e+00 1.658885173525918161e-02
2.429090909090909065e+02 6.449555756506939463e-01 1.428649636363636288e+00 4.294630419290372536e-02
2.852727272727272521e+02 9.918164488563223635e-01 1.429612868686868765e+00 8.992508090115147734e-02
3.002121212121211897e+02 3.201875907873608651e-01 1.429945919191919268e+00 8.884936843886852287e-04
3.737878787878788103e+02 2.190044057742630279e-01 1.431646393939393969e+00 1.058153025914221904e-04
5.184848484848484986e+02 1.776180849359463521e+00 1.434863636363636230e+00 1.989668124493555179e-01
5.359090909090908781e+02 2.888846349946342373e-01 1.435244606060606110e+00 5.160175908560885732e-03
5.513939393939393767e+02 1.828742826471937866e+00 1.435588131313131344e+00 2.198662900373229978e-01
6.263333333333333712e+02 2.988755895752853164e-01 1.437228545454545481e+00 1.270209924390044466e-02
7.568484848484848726e+02 1.860208336105612759e+00 1.440043393939393956e+00 1.870565392705731689e-01
7.778484848484848726e+02 5.483087698552260303e-01 1.440500868686868774e+00 4.910207166282350155e-02
8.596666666666666288e+02 1.021335980660168730e+00 1.442229868686868643e+00 5.327279437853633948e-02
9.322727272727272521e+02 4.084480298845931223e+00 1.443740363636363710e+00 3.689104474459586336e-01
9.488484848484848726e+02 2.397209235238524361e+00 1.444084454545454532e+00 6.756414169605438891e-02
9.622727272727272521e+02 2.005681986817887008e+00 1.444362131313131403e+00 3.158894008288385541e-02
