# order=1: x_data [pixel], y_data [pixel], x_model [pixel], y_model [pixel]
1.321515151515151558e+02 9.260261221953749455e-01 1.374009656565656545e+00 7.284739456931532686e-03
1.408484848484848442e+02 1.390893950257503064e+00 1.374217656565656531e+00 7.170355399381378447e-02
1.594545454545454675e+02 8.548912382649809238e-01 1.374622343434343419e+00 9.688684897046329070e-03
1.968484848484848442e+02 2.158393331131086779e+00 1.375501343434343493e+00 3.294070029021415325e-01
2.442727272727272805e+02 5.205510552437579985e-01 1.376555909090908969e+00 1.742670896845297879e-03
2.887272727272727479e+02 1.539810269116466346e+00 1.377515393939394039e+00 2.065610824125799216e-01
3.174545454545454390e+02 5.559637586493437755e-01 1.378145606060606099e+00 1.433376836311626296e-02
3.709090909090909349e+02 4.133872912820530932e-01 1.379312131313131351e+00 1.361779600145716787e-03
3.866666666666666856e+02 1.048789311685378589e+00 1.379661131313131284e+00 8.634189316768818567e-02
