# order=6: # line, wavelength [pixel], wavelength [micron]
1.000000000000000000e+00 1.772727272727272663e+01 1.509084934443832848e+00
2.000000000000000000e+00 6.360606060606060908e+01 1.510229292434928317e+00
3.000000000000000000e+00 1.514545454545454675e+02 1.512401107941890421e+00
4.000000000000000000e+00 2.514545454545454675e+02 1.514842322570324473e+00
5.000000000000000000e+00 2.807272727272727479e+02 1.515550684944067195e+00
6.000000000000000000e+00 3.337272727272727479e+02 1.516826017628753132e+00
7.000000000000000000e+00 3.663939393939393767e+02 1.517607451452982259e+00
8.000000000000000000e+00 3.988484848484848726e+02 1.518380321638290065e+00
9.000000000000000000e+00 4.857878787878788103e+02 1.520433552411391442e+00
1.000000000000000000e+01 5.469090909090908781e+02 1.521862099072913921e+00
1.100000000000000000e+01 7.880303030303030027e+02 1.527377348248537103e+00
1.200000000000000000e+01 8.490303030303030027e+02 1.528742195152246408e+00
1.300000000000000000e+01 9.685454545454545041e+02 1.531380672059845294e+00
