# order=24: # line, wavelength [pixel], wavelength [micron]
1.000000000000000000e+00 8.296969696969696884e+01 2.361633275475089278e+00
2.000000000000000000e+00 1.290303030303030312e+02 2.363364000541150478e+00
3.000000000000000000e+00 1.456060606060605949e+02 2.363985214419207281e+00
4.000000000000000000e+00 1.768484848484848442e+02 2.365153663778972071e+00
5.000000000000000000e+00 2.322121212121212182e+02 2.367216075951136478e+00
6.000000000000000000e+00 3.466060606060606233e+02 2.371441652253351684e+00
7.000000000000000000e+00 4.056666666666666856e+02 2.373602691630006589e+00
8.000000000000000000e+00 4.420909090909090651e+02 2.374927947792022653e+00
9.000000000000000000e+00 4.531515151515151274e+02 2.375329200933344875e+00
1.000000000000000000e+01 4.822727272727272521e+02 2.376382969025239156e+00
1.100000000000000000e+01 4.893333333333333144e+02 2.376637866995089166e+00
1.200000000000000000e+01 5.330303030303030027e+02 2.378210104102449929e+00
1.300000000000000000e+01 5.966666666666666288e+02 2.380482930469598468e+00
1.400000000000000000e+01 6.063333333333333712e+02 2.380826377135425442e+00
1.500000000000000000e+01 6.560909090909091219e+02 2.382586413061535069e+00
1.600000000000000000e+01 6.774242424242423795e+02 2.383336932094452632e+00
1.700000000000000000e+01 6.975454545454545041e+02 2.384042504844372079e+00
1.800000000000000000e+01 7.533333333333333712e+02 2.385986780274344632e+00
1.900000000000000000e+01 7.743333333333333712e+02 2.386713978494519051e+00
2.000000000000000000e+01 8.162121212121212466e+02 2.388156315131400476e+00
2.100000000000000000e+01 8.750303030303030027e+02 2.390163855427325679e+00
2.200000000000000000e+01 9.147878787878787534e+02 2.391508393419817136e+00
2.300000000000000000e+01 9.431515151515151274e+02 2.392461297749511218e+00
2.400000000000000000e+01 1.001606060606060623e+03 2.394408104455151953e+00
