# order=2: x_data [pixel], y_data [pixel], x_model [pixel], y_model [pixel]
5.272727272727272663e+01 3.180597156358380584e+00 1.397745606060605938e+00 2.932985716174130175e-01
7.233333333333332860e+01 1.223356590228092733e+00 1.398210343434343361e+00 5.760778935972155068e-03
9.633333333333332860e+01 2.940047038283702285e+00 1.398763363636363666e+00 3.444538076205181376e-01
1.096060606060606091e+02 1.137231499781067301e+00 1.399047444444444510e+00 1.452237294014224744e-02
2.794545454545454390e+02 5.354526435617833480e-01 1.402918393939393882e+00 1.008161411733965451e-02
2.966060606060606233e+02 5.832029140816031854e-01 1.403303606060606112e+00 2.306794627713770751e-02
3.160909090909090651e+02 4.881191343713419117e-01 1.403739868686868730e+00 1.049287893292927265e-02
4.073333333333333144e+02 1.264562517545308129e+00 1.405794121212121217e+00 3.137621262860079696e-02
4.266060606060606233e+02 4.643688305927856641e-01 1.406196131313131259e+00 1.767348250140798882e-02
5.066666666666666856e+02 1.574750006621683074e+00 1.407951868686868613e+00 1.882954805992795855e-01
5.232121212121212466e+02 2.700352499064856415e-01 1.408314606060605989e+00 1.294418249456086301e-03
5.321515151515151274e+02 6.436292807306807084e-01 1.408507636363636184e+00 4.694077420212779128e-02
6.317272727272727479e+02 2.942551415704295348e-01 1.410644909090909005e+00 1.636338017447074369e-03
6.506666666666666288e+02 3.294252210980666562e-01 1.411054606060605954e+00 3.890911449079936801e-03
6.936060606060606233e+02 7.569431350614785892e-01 1.411971818181818161e+00 5.762340749102978776e-02
7.230909090909091219e+02 5.239266207136031861e-01 1.412592868686868730e+00 2.827091593106621434e-02
7.466666666666666288e+02 2.603966191256966045e+00 1.413093868686868593e+00 3.568828443595778999e-01
7.680909090909091219e+02 2.992439613356021599e-01 1.413535909090908982e+00 3.161328452291982220e-03
7.749090909090908781e+02 2.945133312504030765e-01 1.413681818181818262e+00 6.796022991490610621e-04
8.442727272727272521e+02 6.950286205272929729e-01 1.415124131313131306e+00 3.815766794792860295e-02
8.662121212121212466e+02 8.412444626969061146e-01 1.415581636363636209e+00 7.094420109739613123e-02
