# order=6: data_wav [pixel], data_wavsolution [micron]
3.000000000000000000e+00 1.508716117357314923e+00
4.000000000000000000e+00 1.508741183156799170e+00
5.000000000000000000e+00 1.508766245654246774e+00
6.000000000000000000e+00 1.508791304849657511e+00
7.000000000000000000e+00 1.508816360743031382e+00
8.000000000000000000e+00 1.508841413334368387e+00
9.000000000000000000e+00 1.508866462623668525e+00
1.000000000000000000e+01 1.508891508610932020e+00
1.100000000000000000e+01 1.508916551296158648e+00
1.200000000000000000e+01 1.508941590679348188e+00
1.300000000000000000e+01 1.508966626760501084e+00
1.400000000000000000e+01 1.508991659539617114e+00
1.500000000000000000e+01 1.509016689016696500e+00
1.600000000000000000e+01 1.509041715191738797e+00
1.700000000000000000e+01 1.509066738064744451e+00
1.800000000000000000e+01 1.509091757635713238e+00
1.900000000000000000e+01 1.509116773904644937e+00
2.000000000000000000e+01 1.509141786871540214e+00
2.100000000000000000e+01 1.509166796536398403e+00
2.200000000000000000e+01 1.509191802899219725e+00
2.300000000000000000e+01 1.509216805960004404e+00
2.400000000000000000e+01 1.509241805718751994e+00
2.500000000000000000e+01 1.509266802175462940e+00
2.600000000000000000e+01 1.509291795330137020e+00
2.700000000000000000e+01 1.509316785182774234e+00
2.800000000000000000e+01 1.509341771733374804e+00
2.900000000000000000e+01 1.509366754981938286e+00
3.000000000000000000e+01 1.509391734928465123e+00
3.100000000000000000e+01 1.509416711572955094e+00
3.200000000000000000e+01 1.509441684915407977e+00
3.300000000000000000e+01 1.509466654955824438e+00
3.400000000000000000e+01 1.509491621694203811e+00
3.500000000000000000e+01 1.509516585130546318e+00
3.600000000000000000e+01 1.509541545264852180e+00
3.700000000000000000e+01 1.509566502097121177e+00
3.800000000000000000e+01 1.509591455627353085e+00
3.900000000000000000e+01 1.509616405855548349e+00
4.000000000000000000e+01 1.509641352781706969e+00
4.100000000000000000e+01 1.509666296405828501e+00
4.200000000000000000e+01 1.509691236727913388e+00
4.300000000000000000e+01 1.509716173747961188e+00
4.400000000000000000e+01 1.509741107465972343e+00
4.500000000000000000e+01 1.509766037881946632e+00
4.600000000000000000e+01 1.509790964995884055e+00
4.700000000000000000e+01 1.509815888807784612e+00
4.800000000000000000e+01 1.509840809317648525e+00
4.900000000000000000e+01 1.509865726525475349e+00
5.000000000000000000e+01 1.509890640431265529e+00
5.100000000000000000e+01 1.509915551035018844e+00
5.200000000000000000e+01 1.509940458336735292e+00
5.300000000000000000e+01 1.509965362336414874e+00
5.400000000000000000e+01 1.509990263034057811e+00
5.500000000000000000e+01 1.510015160429663661e+00
5.600000000000000000e+01 1.510040054523232866e+00
5.700000000000000000e+01 1.510064945314765206e+00
5.800000000000000000e+01 1.510089832804260679e+00
5.900000000000000000e+01 1.510114716991719286e+00
6.000000000000000000e+01 1.510139597877141027e+00
6.100000000000000000e+01 1.510164475460526123e+00
6.200000000000000000e+01 1.510189349741874354e+00
6.300000000000000000e+01 1.510214220721185496e+00
6.400000000000000000e+01 1.510239088398459995e+00
6.500000000000000000e+01 1.510263952773697627e+00
6.600000000000000000e+01 1.510288813846898615e+00
6.700000000000000000e+01 1.510313671618062514e+00
6.800000000000000000e+01 1.510338526087189770e+00
6.900000000000000000e+01 1.510363377254279937e+00
7.000000000000000000e+01 1.510388225119333461e+00
7.100000000000000000e+01 1.510413069682350118e+00
7.200000000000000000e+01 1.510437910943330131e+00
7.300000000000000000e+01 1.510462748902273056e+00
7.400000000000000000e+01 1.510487583559179114e+00
7.500000000000000000e+01 1.510512414914048529e+00
7.600000000000000000e+01 1.510537242966881077e+00
7.700000000000000000e+01 1.510562067717676760e+00
7.800000000000000000e+01 1.510586889166435576e+00
7.900000000000000000e+01 1.510611707313157526e+00
8.000000000000000000e+01 1.510636522157842832e+00
8.100000000000000000e+01 1.510661333700491271e+00
8.200000000000000000e+01 1.510686141941102623e+00
8.300000000000000000e+01 1.510710946879677330e+00
8.400000000000000000e+01 1.510735748516215171e+00
8.500000000000000000e+01 1.510760546850716368e+00
8.600000000000000000e+01 1.510785341883180477e+00
8.700000000000000000e+01 1.510810133613607942e+00
8.800000000000000000e+01 1.510834922041998318e+00
8.900000000000000000e+01 1.510859707168352051e+00
9.000000000000000000e+01 1.510884488992668917e+00
9.100000000000000000e+01 1.510909267514948917e+00
9.200000000000000000e+01 1.510934042735192273e+00
9.300000000000000000e+01 1.510958814653398541e+00
9.400000000000000000e+01 1.510983583269568165e+00
9.500000000000000000e+01 1.511008348583700922e+00
9.600000000000000000e+01 1.511033110595796813e+00
9.700000000000000000e+01 1.511057869305855839e+00
9.800000000000000000e+01 1.511082624713877998e+00
9.900000000000000000e+01 1.511107376819863291e+00
1.000000000000000000e+02 1.511132125623811939e+00
1.010000000000000000e+02 1.511156871125723722e+00
1.020000000000000000e+02 1.511181613325598638e+00
1.030000000000000000e+02 1.511206352223436689e+00
1.040000000000000000e+02 1.511231087819237873e+00
1.050000000000000000e+02 1.511255820113002191e+00
1.060000000000000000e+02 1.511280549104729864e+00
1.070000000000000000e+02 1.511305274794420672e+00
1.080000000000000000e+02 1.511329997182074392e+00
1.090000000000000000e+02 1.511354716267691467e+00
1.100000000000000000e+02 1.511379432051271898e+00
1.110000000000000000e+02 1.511404144532815241e+00
1.120000000000000000e+02 1.511428853712321718e+00
1.130000000000000000e+02 1.511453559589791551e+00
1.140000000000000000e+02 1.511478262165224518e+00
1.150000000000000000e+02 1.511502961438620618e+00
1.160000000000000000e+02 1.511527657409979852e+00
1.170000000000000000e+02 1.511552350079302220e+00
1.180000000000000000e+02 1.511577039446587722e+00
1.190000000000000000e+02 1.511601725511836580e+00
1.200000000000000000e+02 1.511626408275048572e+00
1.210000000000000000e+02 1.511651087736223698e+00
1.220000000000000000e+02 1.511675763895361957e+00
1.230000000000000000e+02 1.511700436752463350e+00
1.240000000000000000e+02 1.511725106307527877e+00
1.250000000000000000e+02 1.511749772560555760e+00
1.260000000000000000e+02 1.511774435511546555e+00
1.270000000000000000e+02 1.511799095160500706e+00
1.280000000000000000e+02 1.511823751507417990e+00
1.290000000000000000e+02 1.511848404552298408e+00
1.300000000000000000e+02 1.511873054295142182e+00
1.310000000000000000e+02 1.511897700735948868e+00
1.320000000000000000e+02 1.511922343874718910e+00
1.330000000000000000e+02 1.511946983711451864e+00
1.340000000000000000e+02 1.511971620246148174e+00
1.350000000000000000e+02 1.511996253478807617e+00
1.360000000000000000e+02 1.512020883409430416e+00
1.370000000000000000e+02 1.512045510038016127e+00
1.380000000000000000e+02 1.512070133364565194e+00
1.390000000000000000e+02 1.512094753389077173e+00
1.400000000000000000e+02 1.512119370111552508e+00
1.410000000000000000e+02 1.512143983531990976e+00
1.420000000000000000e+02 1.512168593650392578e+00
1.430000000000000000e+02 1.512193200466757537e+00
1.440000000000000000e+02 1.512217803981085407e+00
1.450000000000000000e+02 1.512242404193376633e+00
1.460000000000000000e+02 1.512267001103630992e+00
1.470000000000000000e+02 1.512291594711848486e+00
1.480000000000000000e+02 1.512316185018029113e+00
1.490000000000000000e+02 1.512340772022172875e+00
1.500000000000000000e+02 1.512365355724279770e+00
1.510000000000000000e+02 1.512389936124350021e+00
1.520000000000000000e+02 1.512414513222383405e+00
1.530000000000000000e+02 1.512439087018379924e+00
1.540000000000000000e+02 1.512463657512339577e+00
1.550000000000000000e+02 1.512488224704262363e+00
1.560000000000000000e+02 1.512512788594148283e+00
1.570000000000000000e+02 1.512537349181997559e+00
1.580000000000000000e+02 1.512561906467809747e+00
1.590000000000000000e+02 1.512586460451585291e+00
1.600000000000000000e+02 1.512611011133323968e+00
1.610000000000000000e+02 1.512635558513025780e+00
1.620000000000000000e+02 1.512660102590690947e+00
1.630000000000000000e+02 1.512684643366319026e+00
1.640000000000000000e+02 1.512709180839910461e+00
1.650000000000000000e+02 1.512733715011464808e+00
1.660000000000000000e+02 1.512758245880982511e+00
1.670000000000000000e+02 1.512782773448463347e+00
1.680000000000000000e+02 1.512807297713907539e+00
1.690000000000000000e+02 1.512831818677314644e+00
1.700000000000000000e+02 1.512856336338685104e+00
1.710000000000000000e+02 1.512880850698018476e+00
1.720000000000000000e+02 1.512905361755315203e+00
1.730000000000000000e+02 1.512929869510575065e+00
1.740000000000000000e+02 1.512954373963798060e+00
1.750000000000000000e+02 1.512978875114984412e+00
1.760000000000000000e+02 1.513003372964133675e+00
1.770000000000000000e+02 1.513027867511246294e+00
1.780000000000000000e+02 1.513052358756322047e+00
1.790000000000000000e+02 1.513076846699360933e+00
1.800000000000000000e+02 1.513101331340362954e+00
1.810000000000000000e+02 1.513125812679328108e+00
1.820000000000000000e+02 1.513150290716256618e+00
1.830000000000000000e+02 1.513174765451148041e+00
1.840000000000000000e+02 1.513199236884002818e+00
1.850000000000000000e+02 1.513223705014820730e+00
1.860000000000000000e+02 1.513248169843601776e+00
1.870000000000000000e+02 1.513272631370345955e+00
1.880000000000000000e+02 1.513297089595053269e+00
1.890000000000000000e+02 1.513321544517723938e+00
1.900000000000000000e+02 1.513345996138357741e+00
1.910000000000000000e+02 1.513370444456954678e+00
1.920000000000000000e+02 1.513394889473514748e+00
1.930000000000000000e+02 1.513419331188037953e+00
1.940000000000000000e+02 1.513443769600524291e+00
1.950000000000000000e+02 1.513468204710973763e+00
1.960000000000000000e+02 1.513492636519386592e+00
1.970000000000000000e+02 1.513517065025762554e+00
1.980000000000000000e+02 1.513541490230101649e+00
1.990000000000000000e+02 1.513565912132403879e+00
2.000000000000000000e+02 1.513590330732669242e+00
2.010000000000000000e+02 1.513614746030897962e+00
2.020000000000000000e+02 1.513639158027089593e+00
2.030000000000000000e+02 1.513663566721244580e+00
2.040000000000000000e+02 1.513687972113362701e+00
2.050000000000000000e+02 1.513712374203443956e+00
2.060000000000000000e+02 1.513736772991488344e+00
2.070000000000000000e+02 1.513761168477495866e+00
2.080000000000000000e+02 1.513785560661466745e+00
2.090000000000000000e+02 1.513809949543400757e+00
2.100000000000000000e+02 1.513834335123297681e+00
2.110000000000000000e+02 1.513858717401157961e+00
2.120000000000000000e+02 1.513883096376981374e+00
2.130000000000000000e+02 1.513907472050768144e+00
2.140000000000000000e+02 1.513931844422517825e+00
2.150000000000000000e+02 1.513956213492230862e+00
2.160000000000000000e+02 1.513980579259907033e+00
2.170000000000000000e+02 1.514004941725546116e+00
2.180000000000000000e+02 1.514029300889148777e+00
2.190000000000000000e+02 1.514053656750714349e+00
2.200000000000000000e+02 1.514078009310243056e+00
2.210000000000000000e+02 1.514102358567735118e+00
2.220000000000000000e+02 1.514126704523190092e+00
2.230000000000000000e+02 1.514151047176608422e+00
2.240000000000000000e+02 1.514175386527989886e+00
2.250000000000000000e+02 1.514199722577334484e+00
2.260000000000000000e+02 1.514224055324642437e+00
2.270000000000000000e+02 1.514248384769913303e+00
2.280000000000000000e+02 1.514272710913147524e+00
2.290000000000000000e+02 1.514297033754344879e+00
2.300000000000000000e+02 1.514321353293505368e+00
2.310000000000000000e+02 1.514345669530628991e+00
2.320000000000000000e+02 1.514369982465715747e+00
2.330000000000000000e+02 1.514394292098765638e+00
2.340000000000000000e+02 1.514418598429778884e+00
2.350000000000000000e+02 1.514442901458755264e+00
2.360000000000000000e+02 1.514467201185694778e+00
2.370000000000000000e+02 1.514491497610597426e+00
2.380000000000000000e+02 1.514515790733463207e+00
2.390000000000000000e+02 1.514540080554292123e+00
2.400000000000000000e+02 1.514564367073084394e+00
2.410000000000000000e+02 1.514588650289839578e+00
2.420000000000000000e+02 1.514612930204558117e+00
2.430000000000000000e+02 1.514637206817239790e+00
2.440000000000000000e+02 1.514661480127884596e+00
2.450000000000000000e+02 1.514685750136492759e+00
2.460000000000000000e+02 1.514710016843063833e+00
2.470000000000000000e+02 1.514734280247598264e+00
2.480000000000000000e+02 1.514758540350095828e+00
2.490000000000000000e+02 1.514782797150556526e+00
2.500000000000000000e+02 1.514807050648980358e+00
2.510000000000000000e+02 1.514831300845367323e+00
2.520000000000000000e+02 1.514855547739717423e+00
2.530000000000000000e+02 1.514879791332030878e+00
2.540000000000000000e+02 1.514904031622307468e+00
2.550000000000000000e+02 1.514928268610546969e+00
2.560000000000000000e+02 1.514952502296749826e+00
2.570000000000000000e+02 1.514976732680916038e+00
2.580000000000000000e+02 1.515000959763045163e+00
2.590000000000000000e+02 1.515025183543137421e+00
2.600000000000000000e+02 1.515049404021193036e+00
2.610000000000000000e+02 1.515073621197211784e+00
2.620000000000000000e+02 1.515097835071193666e+00
2.630000000000000000e+02 1.515122045643138682e+00
2.640000000000000000e+02 1.515146252913046832e+00
2.650000000000000000e+02 1.515170456880918337e+00
2.660000000000000000e+02 1.515194657546752754e+00
2.670000000000000000e+02 1.515218854910550528e+00
2.680000000000000000e+02 1.515243048972311435e+00
2.690000000000000000e+02 1.515267239732035476e+00
2.700000000000000000e+02 1.515291427189722651e+00
2.710000000000000000e+02 1.515315611345373181e+00
2.720000000000000000e+02 1.515339792198986624e+00
2.730000000000000000e+02 1.515363969750563422e+00
2.740000000000000000e+02 1.515388144000103354e+00
2.750000000000000000e+02 1.515412314947606420e+00
2.760000000000000000e+02 1.515436482593072620e+00
2.770000000000000000e+02 1.515460646936501954e+00
2.780000000000000000e+02 1.515484807977894643e+00
2.790000000000000000e+02 1.515508965717250245e+00
2.800000000000000000e+02 1.515533120154569202e+00
2.810000000000000000e+02 1.515557271289851293e+00
2.820000000000000000e+02 1.515581419123096518e+00
2.830000000000000000e+02 1.515605563654304877e+00
2.840000000000000000e+02 1.515629704883476592e+00
2.850000000000000000e+02 1.515653842810611218e+00
2.860000000000000000e+02 1.515677977435709201e+00
2.870000000000000000e+02 1.515702108758770317e+00
2.880000000000000000e+02 1.515726236779794567e+00
2.890000000000000000e+02 1.515750361498781951e+00
2.900000000000000000e+02 1.515774482915732468e+00
2.910000000000000000e+02 1.515798601030646342e+00
2.920000000000000000e+02 1.515822715843523349e+00
2.930000000000000000e+02 1.515846827354363269e+00
2.940000000000000000e+02 1.515870935563166544e+00
2.950000000000000000e+02 1.515895040469933175e+00
2.960000000000000000e+02 1.515919142074662718e+00
2.970000000000000000e+02 1.515943240377355394e+00
2.980000000000000000e+02 1.515967335378011427e+00
2.990000000000000000e+02 1.515991427076630593e+00
3.000000000000000000e+02 1.516015515473212893e+00
3.010000000000000000e+02 1.516039600567758328e+00
3.020000000000000000e+02 1.516063682360266895e+00
3.030000000000000000e+02 1.516087760850738597e+00
3.040000000000000000e+02 1.516111836039173655e+00
3.050000000000000000e+02 1.516135907925571624e+00
3.060000000000000000e+02 1.516159976509932950e+00
3.070000000000000000e+02 1.516184041792257409e+00
3.080000000000000000e+02 1.516208103772545224e+00
3.090000000000000000e+02 1.516232162450795951e+00
3.100000000000000000e+02 1.516256217827009811e+00
3.110000000000000000e+02 1.516280269901187028e+00
3.120000000000000000e+02 1.516304318673327378e+00
3.130000000000000000e+02 1.516328364143430862e+00
3.140000000000000000e+02 1.516352406311497480e+00
3.150000000000000000e+02 1.516376445177527232e+00
3.160000000000000000e+02 1.516400480741520340e+00
3.170000000000000000e+02 1.516424513003476360e+00
3.180000000000000000e+02 1.516448541963395735e+00
3.190000000000000000e+02 1.516472567621278245e+00
3.200000000000000000e+02 1.516496589977123888e+00
3.210000000000000000e+02 1.516520609030932665e+00
3.220000000000000000e+02 1.516544624782704576e+00
3.230000000000000000e+02 1.516568637232439842e+00
3.240000000000000000e+02 1.516592646380138243e+00
3.250000000000000000e+02 1.516616652225799555e+00
3.260000000000000000e+02 1.516640654769424224e+00
3.270000000000000000e+02 1.516664654011012026e+00
3.280000000000000000e+02 1.516688649950563184e+00
3.290000000000000000e+02 1.516712642588077253e+00
3.300000000000000000e+02 1.516736631923554679e+00
3.310000000000000000e+02 1.516760617956995238e+00
3.320000000000000000e+02 1.516784600688398932e+00
3.330000000000000000e+02 1.516808580117765759e+00
3.340000000000000000e+02 1.516832556245095720e+00
3.350000000000000000e+02 1.516856529070388815e+00
3.360000000000000000e+02 1.516880498593645266e+00
3.370000000000000000e+02 1.516904464814864850e+00
3.380000000000000000e+02 1.516928427734047347e+00
3.390000000000000000e+02 1.516952387351193199e+00
3.400000000000000000e+02 1.516976343666302407e+00
3.410000000000000000e+02 1.517000296679374527e+00
3.420000000000000000e+02 1.517024246390409781e+00
3.430000000000000000e+02 1.517048192799408390e+00
3.440000000000000000e+02 1.517072135906370134e+00
3.450000000000000000e+02 1.517096075711295011e+00
3.460000000000000000e+02 1.517120012214183022e+00
3.470000000000000000e+02 1.517143945415034167e+00
3.480000000000000000e+02 1.517167875313848668e+00
3.490000000000000000e+02 1.517191801910626081e+00
3.500000000000000000e+02 1.517215725205366850e+00
3.510000000000000000e+02 1.517239645198070752e+00
3.520000000000000000e+02 1.517263561888737788e+00
3.530000000000000000e+02 1.517287475277367959e+00
3.540000000000000000e+02 1.517311385363961485e+00
3.550000000000000000e+02 1.517335292148517922e+00
3.560000000000000000e+02 1.517359195631037716e+00
3.570000000000000000e+02 1.517383095811520644e+00
3.580000000000000000e+02 1.517406992689966705e+00
3.590000000000000000e+02 1.517430886266375900e+00
3.600000000000000000e+02 1.517454776540748229e+00
3.610000000000000000e+02 1.517478663513083914e+00
3.620000000000000000e+02 1.517502547183382511e+00
3.630000000000000000e+02 1.517526427551644463e+00
3.640000000000000000e+02 1.517550304617869550e+00
3.650000000000000000e+02 1.517574178382057770e+00
3.660000000000000000e+02 1.517598048844209124e+00
3.670000000000000000e+02 1.517621916004323834e+00
3.680000000000000000e+02 1.517645779862401456e+00
3.690000000000000000e+02 1.517669640418442434e+00
3.700000000000000000e+02 1.517693497672446545e+00
3.710000000000000000e+02 1.517717351624413791e+00
3.720000000000000000e+02 1.517741202274344170e+00
3.730000000000000000e+02 1.517765049622237683e+00
3.740000000000000000e+02 1.517788893668094552e+00
3.750000000000000000e+02 1.517812734411914555e+00
3.760000000000000000e+02 1.517836571853697469e+00
3.770000000000000000e+02 1.517860405993443740e+00
3.780000000000000000e+02 1.517884236831153366e+00
3.790000000000000000e+02 1.517908064366825904e+00
3.800000000000000000e+02 1.517931888600461576e+00
3.810000000000000000e+02 1.517955709532060604e+00
3.820000000000000000e+02 1.517979527161622766e+00
3.830000000000000000e+02 1.518003341489148061e+00
3.840000000000000000e+02 1.518027152514636491e+00
3.850000000000000000e+02 1.518050960238088054e+00
3.860000000000000000e+02 1.518074764659502751e+00
3.870000000000000000e+02 1.518098565778880804e+00
3.880000000000000000e+02 1.518122363596221991e+00
3.890000000000000000e+02 1.518146158111526089e+00
3.900000000000000000e+02 1.518169949324793544e+00
3.910000000000000000e+02 1.518193737236024354e+00
3.920000000000000000e+02 1.518217521845218076e+00
3.930000000000000000e+02 1.518241303152374932e+00
3.940000000000000000e+02 1.518265081157495144e+00
3.950000000000000000e+02 1.518288855860578490e+00
3.960000000000000000e+02 1.518312627261624970e+00
3.970000000000000000e+02 1.518336395360634583e+00
3.980000000000000000e+02 1.518360160157607330e+00
3.990000000000000000e+02 1.518383921652543433e+00
4.000000000000000000e+02 1.518407679845442448e+00
4.010000000000000000e+02 1.518431434736304819e+00
4.020000000000000000e+02 1.518455186325130324e+00
4.030000000000000000e+02 1.518478934611918962e+00
4.040000000000000000e+02 1.518502679596670735e+00
4.050000000000000000e+02 1.518526421279385641e+00
4.060000000000000000e+02 1.518550159660063903e+00
4.070000000000000000e+02 1.518573894738705299e+00
4.080000000000000000e+02 1.518597626515309607e+00
4.090000000000000000e+02 1.518621354989877270e+00
4.100000000000000000e+02 1.518645080162408068e+00
4.110000000000000000e+02 1.518668802032902221e+00
4.120000000000000000e+02 1.518692520601359286e+00
4.130000000000000000e+02 1.518716235867779707e+00
4.140000000000000000e+02 1.518739947832163262e+00
4.150000000000000000e+02 1.518763656494509950e+00
4.160000000000000000e+02 1.518787361854819773e+00
4.170000000000000000e+02 1.518811063913092729e+00
4.180000000000000000e+02 1.518834762669328819e+00
4.190000000000000000e+02 1.518858458123528266e+00
4.200000000000000000e+02 1.518882150275690845e+00
4.210000000000000000e+02 1.518905839125816337e+00
4.220000000000000000e+02 1.518929524673905185e+00
4.230000000000000000e+02 1.518953206919957388e+00
4.240000000000000000e+02 1.518976885863972504e+00
4.250000000000000000e+02 1.519000561505950753e+00
4.260000000000000000e+02 1.519024233845892358e+00
4.270000000000000000e+02 1.519047902883797097e+00
4.280000000000000000e+02 1.519071568619664969e+00
4.290000000000000000e+02 1.519095231053495976e+00
4.300000000000000000e+02 1.519118890185290116e+00
4.310000000000000000e+02 1.519142546015047612e+00
4.320000000000000000e+02 1.519166198542768020e+00
4.330000000000000000e+02 1.519189847768451784e+00
4.340000000000000000e+02 1.519213493692098682e+00
4.350000000000000000e+02 1.519237136313708714e+00
4.360000000000000000e+02 1.519260775633281879e+00
4.370000000000000000e+02 1.519284411650818400e+00
4.380000000000000000e+02 1.519308044366317834e+00
4.390000000000000000e+02 1.519331673779780623e+00
4.400000000000000000e+02 1.519355299891206545e+00
4.410000000000000000e+02 1.519378922700595602e+00
4.420000000000000000e+02 1.519402542207947793e+00
4.430000000000000000e+02 1.519426158413263117e+00
4.440000000000000000e+02 1.519449771316541797e+00
4.450000000000000000e+02 1.519473380917783389e+00
4.460000000000000000e+02 1.519496987216988337e+00
4.470000000000000000e+02 1.519520590214156419e+00
4.480000000000000000e+02 1.519544189909287635e+00
4.490000000000000000e+02 1.519567786302381984e+00
4.500000000000000000e+02 1.519591379393439690e+00
4.510000000000000000e+02 1.519614969182460307e+00
4.520000000000000000e+02 1.519638555669444280e+00
4.530000000000000000e+02 1.519662138854391387e+00
4.540000000000000000e+02 1.519685718737301627e+00
4.550000000000000000e+02 1.519709295318175002e+00
4.560000000000000000e+02 1.519732868597011510e+00
4.570000000000000000e+02 1.519756438573811375e+00
4.580000000000000000e+02 1.519780005248574373e+00
4.590000000000000000e+02 1.519803568621300283e+00
4.600000000000000000e+02 1.519827128691989548e+00
4.610000000000000000e+02 1.519850685460642170e+00
4.620000000000000000e+02 1.519874238927257704e+00
4.630000000000000000e+02 1.519897789091836371e+00
4.640000000000000000e+02 1.519921335954378394e+00
4.650000000000000000e+02 1.519944879514883551e+00
4.660000000000000000e+02 1.519968419773351842e+00
4.670000000000000000e+02 1.519991956729783267e+00
4.680000000000000000e+02 1.520015490384177825e+00
4.690000000000000000e+02 1.520039020736535518e+00
4.700000000000000000e+02 1.520062547786856566e+00
4.710000000000000000e+02 1.520086071535140526e+00
4.720000000000000000e+02 1.520109591981387842e+00
4.730000000000000000e+02 1.520133109125598292e+00
4.740000000000000000e+02 1.520156622967771876e+00
4.750000000000000000e+02 1.520180133507908815e+00
4.760000000000000000e+02 1.520203640746008666e+00
4.770000000000000000e+02 1.520227144682071874e+00
4.780000000000000000e+02 1.520250645316098215e+00
4.790000000000000000e+02 1.520274142648087690e+00
4.800000000000000000e+02 1.520297636678040298e+00
4.810000000000000000e+02 1.520321127405956041e+00
4.820000000000000000e+02 1.520344614831834917e+00
4.830000000000000000e+02 1.520368098955677150e+00
4.840000000000000000e+02 1.520391579777482516e+00
4.850000000000000000e+02 1.520415057297251016e+00
4.860000000000000000e+02 1.520438531514982650e+00
4.870000000000000000e+02 1.520462002430677417e+00
4.880000000000000000e+02 1.520485470044335319e+00
4.890000000000000000e+02 1.520508934355956576e+00
4.900000000000000000e+02 1.520532395365540745e+00
4.910000000000000000e+02 1.520555853073088270e+00
4.920000000000000000e+02 1.520579307478598929e+00
4.930000000000000000e+02 1.520602758582072722e+00
4.940000000000000000e+02 1.520626206383509871e+00
4.950000000000000000e+02 1.520649650882909931e+00
4.960000000000000000e+02 1.520673092080273348e+00
4.970000000000000000e+02 1.520696529975599898e+00
4.980000000000000000e+02 1.520719964568889360e+00
4.990000000000000000e+02 1.520743395860142400e+00
5.000000000000000000e+02 1.520766823849358351e+00
5.010000000000000000e+02 1.520790248536537437e+00
5.020000000000000000e+02 1.520813669921679878e+00
5.030000000000000000e+02 1.520837088004785231e+00
5.040000000000000000e+02 1.520860502785853940e+00
5.050000000000000000e+02 1.520883914264885783e+00
5.060000000000000000e+02 1.520907322441880982e+00
5.070000000000000000e+02 1.520930727316839093e+00
5.080000000000000000e+02 1.520954128889760337e+00
5.090000000000000000e+02 1.520977527160644938e+00
5.100000000000000000e+02 1.521000922129492672e+00
5.110000000000000000e+02 1.521024313796303540e+00
5.120000000000000000e+02 1.521047702161077542e+00
5.130000000000000000e+02 1.521071087223814677e+00
5.140000000000000000e+02 1.521094468984515169e+00
5.150000000000000000e+02 1.521117847443178572e+00
5.160000000000000000e+02 1.521141222599805332e+00
5.170000000000000000e+02 1.521164594454395225e+00
5.180000000000000000e+02 1.521187963006948252e+00
5.190000000000000000e+02 1.521211328257464412e+00
5.200000000000000000e+02 1.521234690205943707e+00
5.210000000000000000e+02 1.521258048852386358e+00
5.220000000000000000e+02 1.521281404196792142e+00
5.230000000000000000e+02 1.521304756239161060e+00
5.240000000000000000e+02 1.521328104979493112e+00
5.250000000000000000e+02 1.521351450417788298e+00
5.260000000000000000e+02 1.521374792554046618e+00
5.270000000000000000e+02 1.521398131388268293e+00
5.280000000000000000e+02 1.521421466920452881e+00
5.290000000000000000e+02 1.521444799150600824e+00
5.300000000000000000e+02 1.521468128078711901e+00
5.310000000000000000e+02 1.521491453704786112e+00
5.320000000000000000e+02 1.521514776028823457e+00
5.330000000000000000e+02 1.521538095050824158e+00
5.340000000000000000e+02 1.521561410770787770e+00
5.350000000000000000e+02 1.521584723188714738e+00
5.360000000000000000e+02 1.521608032304604841e+00
5.370000000000000000e+02 1.521631338118458077e+00
5.380000000000000000e+02 1.521654640630274447e+00
5.390000000000000000e+02 1.521677939840053950e+00
5.400000000000000000e+02 1.521701235747796810e+00
5.410000000000000000e+02 1.521724528353502581e+00
5.420000000000000000e+02 1.521747817657171709e+00
5.430000000000000000e+02 1.521771103658803970e+00
5.440000000000000000e+02 1.521794386358399365e+00
5.450000000000000000e+02 1.521817665755958116e+00
5.460000000000000000e+02 1.521840941851479778e+00
5.470000000000000000e+02 1.521864214644964797e+00
5.480000000000000000e+02 1.521887484136412949e+00
5.490000000000000000e+02 1.521910750325824013e+00
5.500000000000000000e+02 1.521934013213198433e+00
5.510000000000000000e+02 1.521957272798536209e+00
5.520000000000000000e+02 1.521980529081836897e+00
5.530000000000000000e+02 1.522003782063100941e+00
5.540000000000000000e+02 1.522027031742327896e+00
5.550000000000000000e+02 1.522050278119518207e+00
5.560000000000000000e+02 1.522073521194671653e+00
5.570000000000000000e+02 1.522096760967788232e+00
5.580000000000000000e+02 1.522119997438868166e+00
5.590000000000000000e+02 1.522143230607911013e+00
5.600000000000000000e+02 1.522166460474917216e+00
5.610000000000000000e+02 1.522189687039886552e+00
5.620000000000000000e+02 1.522212910302819022e+00
5.630000000000000000e+02 1.522236130263714626e+00
5.640000000000000000e+02 1.522259346922573364e+00
5.650000000000000000e+02 1.522282560279395236e+00
5.660000000000000000e+02 1.522305770334180464e+00
5.670000000000000000e+02 1.522328977086928825e+00
5.680000000000000000e+02 1.522352180537640320e+00
5.690000000000000000e+02 1.522375380686314950e+00
5.700000000000000000e+02 1.522398577532952713e+00
5.710000000000000000e+02 1.522421771077553609e+00
5.720000000000000000e+02 1.522444961320117862e+00
5.730000000000000000e+02 1.522468148260645027e+00
5.740000000000000000e+02 1.522491331899135547e+00
5.750000000000000000e+02 1.522514512235589201e+00
5.760000000000000000e+02 1.522537689270005989e+00
5.770000000000000000e+02 1.522560863002386133e+00
5.780000000000000000e+02 1.522584033432729189e+00
5.790000000000000000e+02 1.522607200561035601e+00
5.800000000000000000e+02 1.522630364387304924e+00
5.810000000000000000e+02 1.522653524911537604e+00
5.820000000000000000e+02 1.522676682133733417e+00
5.830000000000000000e+02 1.522699836053892586e+00
5.840000000000000000e+02 1.522722986672014667e+00
5.850000000000000000e+02 1.522746133988100103e+00
5.860000000000000000e+02 1.522769278002148452e+00
5.870000000000000000e+02 1.522792418714160156e+00
5.880000000000000000e+02 1.522815556124134995e+00
5.890000000000000000e+02 1.522838690232072967e+00
5.900000000000000000e+02 1.522861821037974295e+00
5.910000000000000000e+02 1.522884948541838535e+00
5.920000000000000000e+02 1.522908072743666130e+00
5.930000000000000000e+02 1.522931193643456860e+00
5.940000000000000000e+02 1.522954311241210723e+00
5.950000000000000000e+02 1.522977425536927720e+00
5.960000000000000000e+02 1.523000536530607851e+00
5.970000000000000000e+02 1.523023644222251116e+00
5.980000000000000000e+02 1.523046748611857737e+00
5.990000000000000000e+02 1.523069849699427492e+00
6.000000000000000000e+02 1.523092947484960380e+00
6.010000000000000000e+02 1.523116041968456402e+00
6.020000000000000000e+02 1.523139133149915558e+00
6.030000000000000000e+02 1.523162221029337848e+00
6.040000000000000000e+02 1.523185305606723494e+00
6.050000000000000000e+02 1.523208386882072274e+00
6.060000000000000000e+02 1.523231464855383965e+00
6.070000000000000000e+02 1.523254539526659013e+00
6.080000000000000000e+02 1.523277610895897416e+00
6.090000000000000000e+02 1.523300678963098731e+00
6.100000000000000000e+02 1.523323743728263180e+00
6.110000000000000000e+02 1.523346805191390985e+00
6.120000000000000000e+02 1.523369863352481923e+00
6.130000000000000000e+02 1.523392918211535996e+00
6.140000000000000000e+02 1.523415969768553202e+00
6.150000000000000000e+02 1.523439018023533542e+00
6.160000000000000000e+02 1.523462062976477016e+00
6.170000000000000000e+02 1.523485104627383846e+00
6.180000000000000000e+02 1.523508142976253810e+00
6.190000000000000000e+02 1.523531178023086907e+00
6.200000000000000000e+02 1.523554209767883139e+00
6.210000000000000000e+02 1.523577238210642504e+00
6.220000000000000000e+02 1.523600263351365003e+00
6.230000000000000000e+02 1.523623285190050858e+00
6.240000000000000000e+02 1.523646303726699625e+00
6.250000000000000000e+02 1.523669318961311747e+00
6.260000000000000000e+02 1.523692330893887004e+00
6.270000000000000000e+02 1.523715339524425394e+00
6.280000000000000000e+02 1.523738344852927140e+00
6.290000000000000000e+02 1.523761346879391798e+00
6.300000000000000000e+02 1.523784345603819812e+00
6.310000000000000000e+02 1.523807341026210738e+00
6.320000000000000000e+02 1.523830333146565019e+00
6.330000000000000000e+02 1.523853321964882435e+00
6.340000000000000000e+02 1.523876307481163206e+00
6.350000000000000000e+02 1.523899289695406889e+00
6.360000000000000000e+02 1.523922268607613706e+00
6.370000000000000000e+02 1.523945244217783879e+00
6.380000000000000000e+02 1.523968216525917185e+00
6.390000000000000000e+02 1.523991185532013626e+00
6.400000000000000000e+02 1.524014151236073200e+00
6.410000000000000000e+02 1.524037113638096130e+00
6.420000000000000000e+02 1.524060072738081972e+00
6.430000000000000000e+02 1.524083028536031170e+00
6.440000000000000000e+02 1.524105981031943280e+00
6.450000000000000000e+02 1.524128930225818745e+00
6.460000000000000000e+02 1.524151876117657345e+00
6.470000000000000000e+02 1.524174818707459300e+00
6.480000000000000000e+02 1.524197757995224167e+00
6.490000000000000000e+02 1.524220693980952390e+00
6.500000000000000000e+02 1.524243626664643525e+00
6.510000000000000000e+02 1.524266556046298016e+00
6.520000000000000000e+02 1.524289482125915640e+00
6.530000000000000000e+02 1.524312404903496621e+00
6.540000000000000000e+02 1.524335324379040513e+00
6.550000000000000000e+02 1.524358240552547539e+00
6.560000000000000000e+02 1.524381153424017921e+00
6.570000000000000000e+02 1.524404062993451436e+00
6.580000000000000000e+02 1.524426969260848086e+00
6.590000000000000000e+02 1.524449872226207869e+00
6.600000000000000000e+02 1.524472771889530787e+00
6.610000000000000000e+02 1.524495668250817060e+00
6.620000000000000000e+02 1.524518561310066245e+00
6.630000000000000000e+02 1.524541451067278786e+00
6.640000000000000000e+02 1.524564337522454460e+00
6.650000000000000000e+02 1.524587220675593269e+00
6.660000000000000000e+02 1.524610100526695433e+00
6.670000000000000000e+02 1.524632977075760509e+00
6.680000000000000000e+02 1.524655850322788719e+00
6.690000000000000000e+02 1.524678720267780285e+00
6.700000000000000000e+02 1.524701586910734985e+00
6.710000000000000000e+02 1.524724450251652819e+00
6.720000000000000000e+02 1.524747310290533786e+00
6.730000000000000000e+02 1.524770167027378109e+00
6.740000000000000000e+02 1.524793020462185344e+00
6.750000000000000000e+02 1.524815870594955936e+00
6.760000000000000000e+02 1.524838717425689438e+00
6.770000000000000000e+02 1.524861560954386297e+00
6.780000000000000000e+02 1.524884401181046512e+00
6.790000000000000000e+02 1.524907238105669638e+00
6.800000000000000000e+02 1.524930071728255898e+00
6.810000000000000000e+02 1.524952902048805514e+00
6.820000000000000000e+02 1.524975729067318264e+00
6.830000000000000000e+02 1.524998552783794148e+00
6.840000000000000000e+02 1.525021373198233166e+00
6.850000000000000000e+02 1.525044190310635317e+00
6.860000000000000000e+02 1.525067004121000602e+00
6.870000000000000000e+02 1.525089814629329243e+00
6.880000000000000000e+02 1.525112621835620796e+00
6.890000000000000000e+02 1.525135425739875705e+00
6.900000000000000000e+02 1.525158226342093748e+00
6.910000000000000000e+02 1.525181023642274925e+00
6.920000000000000000e+02 1.525203817640419457e+00
6.930000000000000000e+02 1.525226608336526901e+00
6.940000000000000000e+02 1.525249395730597701e+00
6.950000000000000000e+02 1.525272179822631635e+00
6.960000000000000000e+02 1.525294960612628481e+00
6.970000000000000000e+02 1.525317738100588905e+00
6.980000000000000000e+02 1.525340512286512240e+00
6.990000000000000000e+02 1.525363283170398709e+00
7.000000000000000000e+02 1.525386050752248535e+00
7.010000000000000000e+02 1.525408815032061494e+00
7.020000000000000000e+02 1.525431576009837364e+00
7.030000000000000000e+02 1.525454333685576591e+00
7.040000000000000000e+02 1.525477088059279174e+00
7.050000000000000000e+02 1.525499839130944668e+00
7.060000000000000000e+02 1.525522586900573296e+00
7.070000000000000000e+02 1.525545331368165280e+00
7.080000000000000000e+02 1.525568072533720398e+00
7.090000000000000000e+02 1.525590810397238650e+00
7.100000000000000000e+02 1.525613544958720036e+00
7.110000000000000000e+02 1.525636276218164555e+00
7.120000000000000000e+02 1.525659004175572431e+00
7.130000000000000000e+02 1.525681728830943218e+00
7.140000000000000000e+02 1.525704450184277361e+00
7.150000000000000000e+02 1.525727168235574638e+00
7.160000000000000000e+02 1.525749882984835049e+00
7.170000000000000000e+02 1.525772594432058593e+00
7.180000000000000000e+02 1.525795302577245494e+00
7.190000000000000000e+02 1.525818007420395306e+00
7.200000000000000000e+02 1.525840708961508474e+00
7.210000000000000000e+02 1.525863407200584776e+00
7.220000000000000000e+02 1.525886102137624212e+00
7.230000000000000000e+02 1.525908793772626781e+00
7.240000000000000000e+02 1.525931482105592485e+00
7.250000000000000000e+02 1.525954167136521544e+00
7.260000000000000000e+02 1.525976848865413515e+00
7.270000000000000000e+02 1.525999527292268843e+00
7.280000000000000000e+02 1.526022202417087303e+00
7.290000000000000000e+02 1.526044874239868898e+00
7.300000000000000000e+02 1.526067542760613849e+00
7.310000000000000000e+02 1.526090207979321711e+00
7.320000000000000000e+02 1.526112869895992930e+00
7.330000000000000000e+02 1.526135528510627060e+00
7.340000000000000000e+02 1.526158183823224546e+00
7.350000000000000000e+02 1.526180835833785165e+00
7.360000000000000000e+02 1.526203484542308919e+00
7.370000000000000000e+02 1.526226129948796029e+00
7.380000000000000000e+02 1.526248772053246050e+00
7.390000000000000000e+02 1.526271410855659427e+00
7.400000000000000000e+02 1.526294046356035938e+00
7.410000000000000000e+02 1.526316678554375583e+00
7.420000000000000000e+02 1.526339307450678362e+00
7.430000000000000000e+02 1.526361933044944275e+00
7.440000000000000000e+02 1.526384555337173543e+00
7.450000000000000000e+02 1.526407174327365723e+00
7.460000000000000000e+02 1.526429790015521260e+00
7.470000000000000000e+02 1.526452402401639930e+00
7.480000000000000000e+02 1.526475011485721733e+00
7.490000000000000000e+02 1.526497617267766671e+00
7.500000000000000000e+02 1.526520219747774965e+00
7.510000000000000000e+02 1.526542818925746170e+00
7.520000000000000000e+02 1.526565414801680731e+00
7.530000000000000000e+02 1.526588007375578426e+00
7.540000000000000000e+02 1.526610596647439255e+00
7.550000000000000000e+02 1.526633182617263218e+00
7.560000000000000000e+02 1.526655765285050315e+00
7.570000000000000000e+02 1.526678344650800767e+00
7.580000000000000000e+02 1.526700920714514131e+00
7.590000000000000000e+02 1.526723493476190852e+00
7.600000000000000000e+02 1.526746062935830706e+00
7.610000000000000000e+02 1.526768629093433693e+00
7.620000000000000000e+02 1.526791191949000037e+00
7.630000000000000000e+02 1.526813751502529293e+00
7.640000000000000000e+02 1.526836307754021904e+00
7.650000000000000000e+02 1.526858860703477427e+00
7.660000000000000000e+02 1.526881410350896306e+00
7.670000000000000000e+02 1.526903956696278319e+00
7.680000000000000000e+02 1.526926499739623688e+00
7.690000000000000000e+02 1.526949039480931969e+00
7.700000000000000000e+02 1.526971575920203383e+00
7.710000000000000000e+02 1.526994109057438154e+00
7.720000000000000000e+02 1.527016638892636058e+00
7.730000000000000000e+02 1.527039165425797096e+00
7.740000000000000000e+02 1.527061688656921268e+00
7.750000000000000000e+02 1.527084208586008574e+00
7.760000000000000000e+02 1.527106725213059235e+00
7.770000000000000000e+02 1.527129238538072808e+00
7.780000000000000000e+02 1.527151748561049738e+00
7.790000000000000000e+02 1.527174255281989801e+00
7.800000000000000000e+02 1.527196758700892998e+00
7.810000000000000000e+02 1.527219258817759551e+00
7.820000000000000000e+02 1.527241755632589015e+00
7.830000000000000000e+02 1.527264249145381836e+00
7.840000000000000000e+02 1.527286739356137568e+00
7.850000000000000000e+02 1.527309226264856656e+00
7.860000000000000000e+02 1.527331709871538878e+00
7.870000000000000000e+02 1.527354190176184234e+00
7.880000000000000000e+02 1.527376667178792946e+00
7.890000000000000000e+02 1.527399140879364570e+00
7.900000000000000000e+02 1.527421611277899549e+00
7.910000000000000000e+02 1.527444078374397662e+00
7.920000000000000000e+02 1.527466542168858910e+00
7.930000000000000000e+02 1.527489002661283291e+00
7.940000000000000000e+02 1.527511459851670805e+00
7.950000000000000000e+02 1.527533913740021454e+00
7.960000000000000000e+02 1.527556364326335459e+00
7.970000000000000000e+02 1.527578811610612597e+00
7.980000000000000000e+02 1.527601255592852869e+00
7.990000000000000000e+02 1.527623696273056275e+00
8.000000000000000000e+02 1.527646133651222815e+00
8.010000000000000000e+02 1.527668567727352489e+00
8.020000000000000000e+02 1.527690998501445518e+00
8.030000000000000000e+02 1.527713425973501682e+00
8.040000000000000000e+02 1.527735850143520979e+00
8.050000000000000000e+02 1.527758271011503410e+00
8.060000000000000000e+02 1.527780688577448975e+00
8.070000000000000000e+02 1.527803102841357674e+00
8.080000000000000000e+02 1.527825513803229729e+00
8.090000000000000000e+02 1.527847921463064695e+00
8.100000000000000000e+02 1.527870325820863018e+00
8.110000000000000000e+02 1.527892726876624474e+00
8.120000000000000000e+02 1.527915124630349064e+00
8.130000000000000000e+02 1.527937519082036788e+00
8.140000000000000000e+02 1.527959910231687868e+00
8.150000000000000000e+02 1.527982298079301859e+00
8.160000000000000000e+02 1.528004682624879207e+00
8.170000000000000000e+02 1.528027063868419688e+00
8.180000000000000000e+02 1.528049441809923303e+00
8.190000000000000000e+02 1.528071816449390052e+00
8.200000000000000000e+02 1.528094187786819935e+00
8.210000000000000000e+02 1.528116555822213174e+00
8.220000000000000000e+02 1.528138920555569547e+00
8.230000000000000000e+02 1.528161281986888831e+00
8.240000000000000000e+02 1.528183640116171471e+00
8.250000000000000000e+02 1.528205994943417467e+00
8.260000000000000000e+02 1.528228346468626375e+00
8.270000000000000000e+02 1.528250694691798417e+00
8.280000000000000000e+02 1.528273039612933815e+00
8.290000000000000000e+02 1.528295381232032346e+00
8.300000000000000000e+02 1.528317719549094011e+00
8.310000000000000000e+02 1.528340054564118811e+00
8.320000000000000000e+02 1.528362386277106744e+00
8.330000000000000000e+02 1.528384714688057811e+00
8.340000000000000000e+02 1.528407039796972233e+00
8.350000000000000000e+02 1.528429361603849790e+00
8.360000000000000000e+02 1.528451680108690258e+00
8.370000000000000000e+02 1.528473995311494082e+00
8.380000000000000000e+02 1.528496307212261263e+00
8.390000000000000000e+02 1.528518615810991355e+00
8.400000000000000000e+02 1.528540921107684580e+00
8.410000000000000000e+02 1.528563223102341162e+00
8.420000000000000000e+02 1.528585521794960878e+00
8.430000000000000000e+02 1.528607817185543727e+00
8.440000000000000000e+02 1.528630109274089710e+00
8.450000000000000000e+02 1.528652398060598827e+00
8.460000000000000000e+02 1.528674683545071300e+00
8.470000000000000000e+02 1.528696965727506685e+00
8.480000000000000000e+02 1.528719244607905425e+00
8.490000000000000000e+02 1.528741520186267300e+00
8.500000000000000000e+02 1.528763792462592308e+00
8.510000000000000000e+02 1.528786061436880450e+00
8.520000000000000000e+02 1.528808327109131948e+00
8.530000000000000000e+02 1.528830589479346358e+00
8.540000000000000000e+02 1.528852848547524124e+00
8.550000000000000000e+02 1.528875104313665023e+00
8.560000000000000000e+02 1.528897356777769057e+00
8.570000000000000000e+02 1.528919605939836224e+00
8.580000000000000000e+02 1.528941851799866525e+00
8.590000000000000000e+02 1.528964094357860182e+00
8.600000000000000000e+02 1.528986333613816750e+00
8.610000000000000000e+02 1.529008569567736675e+00
8.620000000000000000e+02 1.529030802219619734e+00
8.630000000000000000e+02 1.529053031569465926e+00
8.640000000000000000e+02 1.529075257617275252e+00
8.650000000000000000e+02 1.529097480363047934e+00
8.660000000000000000e+02 1.529119699806783528e+00
8.670000000000000000e+02 1.529141915948482477e+00
8.680000000000000000e+02 1.529164128788144561e+00
8.690000000000000000e+02 1.529186338325769778e+00
8.700000000000000000e+02 1.529208544561358130e+00
8.710000000000000000e+02 1.529230747494909615e+00
8.720000000000000000e+02 1.529252947126424456e+00
8.730000000000000000e+02 1.529275143455902430e+00
8.740000000000000000e+02 1.529297336483343317e+00
8.750000000000000000e+02 1.529319526208747559e+00
8.760000000000000000e+02 1.529341712632114936e+00
8.770000000000000000e+02 1.529363895753445668e+00
8.780000000000000000e+02 1.529386075572739312e+00
8.790000000000000000e+02 1.529408252089996312e+00
8.800000000000000000e+02 1.529430425305216446e+00
8.810000000000000000e+02 1.529452595218399491e+00
8.820000000000000000e+02 1.529474761829545892e+00
8.830000000000000000e+02 1.529496925138655650e+00
8.840000000000000000e+02 1.529519085145728319e+00
8.850000000000000000e+02 1.529541241850764344e+00
8.860000000000000000e+02 1.529563395253763280e+00
8.870000000000000000e+02 1.529585545354725573e+00
8.880000000000000000e+02 1.529607692153651000e+00
8.890000000000000000e+02 1.529629835650539560e+00
8.900000000000000000e+02 1.529651975845391476e+00
8.910000000000000000e+02 1.529674112738206304e+00
8.920000000000000000e+02 1.529696246328984488e+00
8.930000000000000000e+02 1.529718376617725806e+00
8.940000000000000000e+02 1.529740503604430257e+00
8.950000000000000000e+02 1.529762627289097843e+00
8.960000000000000000e+02 1.529784747671728562e+00
8.970000000000000000e+02 1.529806864752322415e+00
8.980000000000000000e+02 1.529828978530879624e+00
8.990000000000000000e+02 1.529851089007399967e+00
9.000000000000000000e+02 1.529873196181883221e+00
9.010000000000000000e+02 1.529895300054330054e+00
9.020000000000000000e+02 1.529917400624739798e+00
9.030000000000000000e+02 1.529939497893112677e+00
9.040000000000000000e+02 1.529961591859448911e+00
9.050000000000000000e+02 1.529983682523748056e+00
9.060000000000000000e+02 1.530005769886010558e+00
9.070000000000000000e+02 1.530027853946236194e+00
9.080000000000000000e+02 1.530049934704424963e+00
9.090000000000000000e+02 1.530072012160577088e+00
9.100000000000000000e+02 1.530094086314692126e+00
9.110000000000000000e+02 1.530116157166770519e+00
9.120000000000000000e+02 1.530138224716811823e+00
9.130000000000000000e+02 1.530160288964816484e+00
9.140000000000000000e+02 1.530182349910784279e+00
9.150000000000000000e+02 1.530204407554715429e+00
9.160000000000000000e+02 1.530226461896609491e+00
9.170000000000000000e+02 1.530248512936466909e+00
9.180000000000000000e+02 1.530270560674287239e+00
9.190000000000000000e+02 1.530292605110070925e+00
9.200000000000000000e+02 1.530314646243817744e+00
9.210000000000000000e+02 1.530336684075527698e+00
9.220000000000000000e+02 1.530358718605201007e+00
9.230000000000000000e+02 1.530380749832837228e+00
9.240000000000000000e+02 1.530402777758436805e+00
9.250000000000000000e+02 1.530424802381999516e+00
9.260000000000000000e+02 1.530446823703525361e+00
9.270000000000000000e+02 1.530468841723014339e+00
9.280000000000000000e+02 1.530490856440466452e+00
9.290000000000000000e+02 1.530512867855881698e+00
9.300000000000000000e+02 1.530534875969260300e+00
9.310000000000000000e+02 1.530556880780602036e+00
9.320000000000000000e+02 1.530578882289906906e+00
9.330000000000000000e+02 1.530600880497174909e+00
9.340000000000000000e+02 1.530622875402406047e+00
9.350000000000000000e+02 1.530644867005600318e+00
9.360000000000000000e+02 1.530666855306757945e+00
9.370000000000000000e+02 1.530688840305878484e+00
9.380000000000000000e+02 1.530710822002962379e+00
9.390000000000000000e+02 1.530732800398009408e+00
9.400000000000000000e+02 1.530754775491019570e+00
9.410000000000000000e+02 1.530776747281993089e+00
9.420000000000000000e+02 1.530798715770929519e+00
9.430000000000000000e+02 1.530820680957829305e+00
9.440000000000000000e+02 1.530842642842692225e+00
9.450000000000000000e+02 1.530864601425518057e+00
9.460000000000000000e+02 1.530886556706307466e+00
9.470000000000000000e+02 1.530908508685059788e+00
9.480000000000000000e+02 1.530930457361775243e+00
9.490000000000000000e+02 1.530952402736454054e+00
9.500000000000000000e+02 1.530974344809095999e+00
9.510000000000000000e+02 1.530996283579700856e+00
9.520000000000000000e+02 1.531018219048269069e+00
9.530000000000000000e+02 1.531040151214800638e+00
9.540000000000000000e+02 1.531062080079295118e+00
9.550000000000000000e+02 1.531084005641752732e+00
9.560000000000000000e+02 1.531105927902173702e+00
9.570000000000000000e+02 1.531127846860557806e+00
9.580000000000000000e+02 1.531149762516905044e+00
9.590000000000000000e+02 1.531171674871215416e+00
9.600000000000000000e+02 1.531193583923488921e+00
9.610000000000000000e+02 1.531215489673725783e+00
9.620000000000000000e+02 1.531237392121925556e+00
9.630000000000000000e+02 1.531259291268088685e+00
9.640000000000000000e+02 1.531281187112214948e+00
9.650000000000000000e+02 1.531303079654304344e+00
9.660000000000000000e+02 1.531324968894356875e+00
9.670000000000000000e+02 1.531346854832372761e+00
9.680000000000000000e+02 1.531368737468351560e+00
9.690000000000000000e+02 1.531390616802293714e+00
9.700000000000000000e+02 1.531412492834199002e+00
9.710000000000000000e+02 1.531434365564067424e+00
9.720000000000000000e+02 1.531456234991898979e+00
9.730000000000000000e+02 1.531478101117693669e+00
9.740000000000000000e+02 1.531499963941451714e+00
9.750000000000000000e+02 1.531521823463172671e+00
9.760000000000000000e+02 1.531543679682856984e+00
9.770000000000000000e+02 1.531565532600504431e+00
9.780000000000000000e+02 1.531587382216115012e+00
9.790000000000000000e+02 1.531609228529688727e+00
9.800000000000000000e+02 1.531631071541225797e+00
9.810000000000000000e+02 1.531652911250725779e+00
9.820000000000000000e+02 1.531674747658189117e+00
9.830000000000000000e+02 1.531696580763615589e+00
9.840000000000000000e+02 1.531718410567005195e+00
9.850000000000000000e+02 1.531740237068357935e+00
9.860000000000000000e+02 1.531762060267674030e+00
9.870000000000000000e+02 1.531783880164953038e+00
9.880000000000000000e+02 1.531805696760195401e+00
9.890000000000000000e+02 1.531827510053400898e+00
9.900000000000000000e+02 1.531849320044569529e+00
9.910000000000000000e+02 1.531871126733701294e+00
9.920000000000000000e+02 1.531892930120796192e+00
9.930000000000000000e+02 1.531914730205854447e+00
9.940000000000000000e+02 1.531936526988875613e+00
9.950000000000000000e+02 1.531958320469860135e+00
9.960000000000000000e+02 1.531980110648807791e+00
9.970000000000000000e+02 1.532001897525718581e+00
9.980000000000000000e+02 1.532023681100592505e+00
9.990000000000000000e+02 1.532045461373429784e+00
1.000000000000000000e+03 1.532067238344229976e+00
1.001000000000000000e+03 1.532089012012993523e+00
1.002000000000000000e+03 1.532110782379720204e+00
1.003000000000000000e+03 1.532132549444410019e+00
1.004000000000000000e+03 1.532154313207062968e+00
1.005000000000000000e+03 1.532176073667679050e+00
1.006000000000000000e+03 1.532197830826258489e+00
1.007000000000000000e+03 1.532219584682800839e+00
1.008000000000000000e+03 1.532241335237306545e+00
1.009000000000000000e+03 1.532263082489775385e+00
1.010000000000000000e+03 1.532284826440207359e+00
1.011000000000000000e+03 1.532306567088602467e+00
1.012000000000000000e+03 1.532328304434960931e+00
1.013000000000000000e+03 1.532350038479282306e+00
1.014000000000000000e+03 1.532371769221567037e+00
1.015000000000000000e+03 1.532393496661814902e+00
1.016000000000000000e+03 1.532415220800025901e+00
1.017000000000000000e+03 1.532436941636200034e+00
1.018000000000000000e+03 1.532458659170337523e+00
1.019000000000000000e+03 1.532480373402437923e+00
1.020000000000000000e+03 1.532502084332501679e+00
1.021000000000000000e+03 1.532523791960528570e+00
1.022000000000000000e+03 1.532545496286518594e+00
