# order=22: data_wav [pixel], data_wavsolution [micron]
3.000000000000000000e+00 2.219786616558558912e+00
4.000000000000000000e+00 2.219822510121884473e+00
5.000000000000000000e+00 2.219858400555140054e+00
6.000000000000000000e+00 2.219894287855279646e+00
7.000000000000000000e+00 2.219930172019256798e+00
8.000000000000000000e+00 2.219966053044025500e+00
9.000000000000000000e+00 2.220001930926539302e+00
1.000000000000000000e+01 2.220037805663752639e+00
1.100000000000000000e+01 2.220073677252618616e+00
1.200000000000000000e+01 2.220109545690091668e+00
1.300000000000000000e+01 2.220145410973125344e+00
1.400000000000000000e+01 2.220181273098673636e+00
1.500000000000000000e+01 2.220217132063690535e+00
1.600000000000000000e+01 2.220252987865129146e+00
1.700000000000000000e+01 2.220288840499944349e+00
1.800000000000000000e+01 2.220324689965089249e+00
1.900000000000000000e+01 2.220360536257517836e+00
2.000000000000000000e+01 2.220396379374183660e+00
2.100000000000000000e+01 2.220432219312041600e+00
2.200000000000000000e+01 2.220468056068044316e+00
2.300000000000000000e+01 2.220503889639146244e+00
2.400000000000000000e+01 2.220539720022300934e+00
2.500000000000000000e+01 2.220575547214462819e+00
2.600000000000000000e+01 2.220611371212585006e+00
2.700000000000000000e+01 2.220647192013621929e+00
2.800000000000000000e+01 2.220683009614526693e+00
2.900000000000000000e+01 2.220718824012254178e+00
3.000000000000000000e+01 2.220754635203757044e+00
3.100000000000000000e+01 2.220790443185990171e+00
3.200000000000000000e+01 2.220826247955906663e+00
3.300000000000000000e+01 2.220862049510460956e+00
3.400000000000000000e+01 2.220897847846606599e+00
3.500000000000000000e+01 2.220933642961297139e+00
3.600000000000000000e+01 2.220969434851487012e+00
3.700000000000000000e+01 2.221005223514129323e+00
3.800000000000000000e+01 2.221041008946178952e+00
3.900000000000000000e+01 2.221076791144588558e+00
4.000000000000000000e+01 2.221112570106312578e+00
4.100000000000000000e+01 2.221148345828305004e+00
4.200000000000000000e+01 2.221184118307519828e+00
4.300000000000000000e+01 2.221219887540910154e+00
4.400000000000000000e+01 2.221255653525429974e+00
4.500000000000000000e+01 2.221291416258033724e+00
4.600000000000000000e+01 2.221327175735674953e+00
4.700000000000000000e+01 2.221362931955307651e+00
4.800000000000000000e+01 2.221398684913884924e+00
4.900000000000000000e+01 2.221434434608361208e+00
5.000000000000000000e+01 2.221470181035690494e+00
5.100000000000000000e+01 2.221505924192826331e+00
5.200000000000000000e+01 2.221541664076722711e+00
5.300000000000000000e+01 2.221577400684333625e+00
5.400000000000000000e+01 2.221613134012612178e+00
5.500000000000000000e+01 2.221648864058512807e+00
5.600000000000000000e+01 2.221684590818989502e+00
5.700000000000000000e+01 2.221720314290995812e+00
5.800000000000000000e+01 2.221756034471485730e+00
5.900000000000000000e+01 2.221791751357412803e+00
6.000000000000000000e+01 2.221827464945731023e+00
6.100000000000000000e+01 2.221863175233394383e+00
6.200000000000000000e+01 2.221898882217356430e+00
6.300000000000000000e+01 2.221934585894571601e+00
6.400000000000000000e+01 2.221970286261992999e+00
6.500000000000000000e+01 2.222005983316574618e+00
6.600000000000000000e+01 2.222041677055270892e+00
6.700000000000000000e+01 2.222077367475034926e+00
6.800000000000000000e+01 2.222113054572820712e+00
6.900000000000000000e+01 2.222148738345582686e+00
7.000000000000000000e+01 2.222184418790273952e+00
7.100000000000000000e+01 2.222220095903848502e+00
7.200000000000000000e+01 2.222255769683260773e+00
7.300000000000000000e+01 2.222291440125463868e+00
7.400000000000000000e+01 2.222327107227412224e+00
7.500000000000000000e+01 2.222362770986058944e+00
7.600000000000000000e+01 2.222398431398358465e+00
7.700000000000000000e+01 2.222434088461264334e+00
7.800000000000000000e+01 2.222469742171730545e+00
7.900000000000000000e+01 2.222505392526711088e+00
8.000000000000000000e+01 2.222541039523159512e+00
8.100000000000000000e+01 2.222576683158029809e+00
8.200000000000000000e+01 2.222612323428275527e+00
8.300000000000000000e+01 2.222647960330851102e+00
8.400000000000000000e+01 2.222683593862710083e+00
8.500000000000000000e+01 2.222719224020806017e+00
8.600000000000000000e+01 2.222754850802092896e+00
8.700000000000000000e+01 2.222790474203524713e+00
8.800000000000000000e+01 2.222826094222055460e+00
8.900000000000000000e+01 2.222861710854638684e+00
9.000000000000000000e+01 2.222897324098227934e+00
9.100000000000000000e+01 2.222932933949777645e+00
9.200000000000000000e+01 2.222968540406241811e+00
9.300000000000000000e+01 2.223004143464573534e+00
9.400000000000000000e+01 2.223039743121726808e+00
9.500000000000000000e+01 2.223075339374656068e+00
9.600000000000000000e+01 2.223110932220314417e+00
9.700000000000000000e+01 2.223146521655656294e+00
9.800000000000000000e+01 2.223182107677634800e+00
9.900000000000000000e+01 2.223217690283204817e+00
1.000000000000000000e+02 2.223253269469319449e+00
1.010000000000000000e+02 2.223288845232932687e+00
1.020000000000000000e+02 2.223324417570998524e+00
1.030000000000000000e+02 2.223359986480470507e+00
1.040000000000000000e+02 2.223395551958302629e+00
1.050000000000000000e+02 2.223431114001448883e+00
1.060000000000000000e+02 2.223466672606862815e+00
1.070000000000000000e+02 2.223502227771498418e+00
1.080000000000000000e+02 2.223537779492309685e+00
1.090000000000000000e+02 2.223573327766250163e+00
1.100000000000000000e+02 2.223608872590273844e+00
1.110000000000000000e+02 2.223644413961334720e+00
1.120000000000000000e+02 2.223679951876386340e+00
1.130000000000000000e+02 2.223715486332382696e+00
1.140000000000000000e+02 2.223751017326277779e+00
1.150000000000000000e+02 2.223786544855024694e+00
1.160000000000000000e+02 2.223822068915578321e+00
1.170000000000000000e+02 2.223857589504891763e+00
1.180000000000000000e+02 2.223893106619919458e+00
1.190000000000000000e+02 2.223928620257614952e+00
1.200000000000000000e+02 2.223964130414931795e+00
1.210000000000000000e+02 2.223999637088823977e+00
1.220000000000000000e+02 2.224035140276245492e+00
1.230000000000000000e+02 2.224070639974150332e+00
1.240000000000000000e+02 2.224106136179491600e+00
1.250000000000000000e+02 2.224141628889224176e+00
1.260000000000000000e+02 2.224177118100301165e+00
1.270000000000000000e+02 2.224212603809676558e+00
1.280000000000000000e+02 2.224248086014304793e+00
1.290000000000000000e+02 2.224283564711138528e+00
1.300000000000000000e+02 2.224319039897132644e+00
1.310000000000000000e+02 2.224354511569240245e+00
1.320000000000000000e+02 2.224389979724415767e+00
1.330000000000000000e+02 2.224425444359612758e+00
1.340000000000000000e+02 2.224460905471785210e+00
1.350000000000000000e+02 2.224496363057887116e+00
1.360000000000000000e+02 2.224531817114871579e+00
1.370000000000000000e+02 2.224567267639693036e+00
1.380000000000000000e+02 2.224602714629305034e+00
1.390000000000000000e+02 2.224638158080662009e+00
1.400000000000000000e+02 2.224673597990717067e+00
1.410000000000000000e+02 2.224709034356424642e+00
1.420000000000000000e+02 2.224744467174737839e+00
1.430000000000000000e+02 2.224779896442611093e+00
1.440000000000000000e+02 2.224815322156998398e+00
1.450000000000000000e+02 2.224850744314853301e+00
1.460000000000000000e+02 2.224886162913129350e+00
1.470000000000000000e+02 2.224921577948780538e+00
1.480000000000000000e+02 2.224956989418761300e+00
1.490000000000000000e+02 2.224992397320024740e+00
1.500000000000000000e+02 2.225027801649524850e+00
1.510000000000000000e+02 2.225063202404216067e+00
1.520000000000000000e+02 2.225098599581051495e+00
1.530000000000000000e+02 2.225133993176985125e+00
1.540000000000000000e+02 2.225169383188970951e+00
1.550000000000000000e+02 2.225204769613962963e+00
1.560000000000000000e+02 2.225240152448914710e+00
1.570000000000000000e+02 2.225275531690780184e+00
1.580000000000000000e+02 2.225310907336512933e+00
1.590000000000000000e+02 2.225346279383067394e+00
1.600000000000000000e+02 2.225381647827396669e+00
1.610000000000000000e+02 2.225417012666455197e+00
1.620000000000000000e+02 2.225452373897196523e+00
1.630000000000000000e+02 2.225487731516574641e+00
1.640000000000000000e+02 2.225523085521543543e+00
1.650000000000000000e+02 2.225558435909056332e+00
1.660000000000000000e+02 2.225593782676067889e+00
1.670000000000000000e+02 2.225629125819531318e+00
1.680000000000000000e+02 2.225664465336400610e+00
1.690000000000000000e+02 2.225699801223629759e+00
1.700000000000000000e+02 2.225735133478172312e+00
1.710000000000000000e+02 2.225770462096982261e+00
1.720000000000000000e+02 2.225805787077013598e+00
1.730000000000000000e+02 2.225841108415220315e+00
1.740000000000000000e+02 2.225876426108555961e+00
1.750000000000000000e+02 2.225911740153974083e+00
1.760000000000000000e+02 2.225947050548429118e+00
1.770000000000000000e+02 2.225982357288874169e+00
1.780000000000000000e+02 2.226017660372264118e+00
1.790000000000000000e+02 2.226052959795552066e+00
1.800000000000000000e+02 2.226088255555691564e+00
1.810000000000000000e+02 2.226123547649637491e+00
1.820000000000000000e+02 2.226158836074342950e+00
1.830000000000000000e+02 2.226194120826761935e+00
1.840000000000000000e+02 2.226229401903847993e+00
1.850000000000000000e+02 2.226264679302555560e+00
1.860000000000000000e+02 2.226299953019838185e+00
1.870000000000000000e+02 2.226335223052649415e+00
1.880000000000000000e+02 2.226370489397943686e+00
1.890000000000000000e+02 2.226405752052674103e+00
1.900000000000000000e+02 2.226441011013795102e+00
1.910000000000000000e+02 2.226476266278260674e+00
1.920000000000000000e+02 2.226511517843023924e+00
1.930000000000000000e+02 2.226546765705039288e+00
1.940000000000000000e+02 2.226582009861260314e+00
1.950000000000000000e+02 2.226617250308640994e+00
1.960000000000000000e+02 2.226652487044135320e+00
1.970000000000000000e+02 2.226687720064696396e+00
1.980000000000000000e+02 2.226722949367279103e+00
1.990000000000000000e+02 2.226758174948836544e+00
2.000000000000000000e+02 2.226793396806323155e+00
2.010000000000000000e+02 2.226828614936692041e+00
2.020000000000000000e+02 2.226863829336897194e+00
2.030000000000000000e+02 2.226899040003893049e+00
2.040000000000000000e+02 2.226934246934633155e+00
2.050000000000000000e+02 2.226969450126071060e+00
2.060000000000000000e+02 2.227004649575160755e+00
2.070000000000000000e+02 2.227039845278856234e+00
2.080000000000000000e+02 2.227075037234111043e+00
2.090000000000000000e+02 2.227110225437879620e+00
2.100000000000000000e+02 2.227145409887115068e+00
2.110000000000000000e+02 2.227180590578771380e+00
2.120000000000000000e+02 2.227215767509802991e+00
2.130000000000000000e+02 2.227250940677163005e+00
2.140000000000000000e+02 2.227286110077805859e+00
2.150000000000000000e+02 2.227321275708685100e+00
2.160000000000000000e+02 2.227356437566754721e+00
2.170000000000000000e+02 2.227391595648967826e+00
2.180000000000000000e+02 2.227426749952279295e+00
2.190000000000000000e+02 2.227461900473642675e+00
2.200000000000000000e+02 2.227497047210011516e+00
2.210000000000000000e+02 2.227532190158339809e+00
2.220000000000000000e+02 2.227567329315581102e+00
2.230000000000000000e+02 2.227602464678689831e+00
2.240000000000000000e+02 2.227637596244619544e+00
2.250000000000000000e+02 2.227672724010323790e+00
2.260000000000000000e+02 2.227707847972757005e+00
2.270000000000000000e+02 2.227742968128872292e+00
2.280000000000000000e+02 2.227778084475624087e+00
2.290000000000000000e+02 2.227813197009966384e+00
2.300000000000000000e+02 2.227848305728852285e+00
2.310000000000000000e+02 2.227883410629236227e+00
2.320000000000000000e+02 2.227918511708071758e+00
2.330000000000000000e+02 2.227953608962312870e+00
2.340000000000000000e+02 2.227988702388913556e+00
2.350000000000000000e+02 2.228023791984826918e+00
2.360000000000000000e+02 2.228058877747007838e+00
2.370000000000000000e+02 2.228093959672409419e+00
2.380000000000000000e+02 2.228129037757985653e+00
2.390000000000000000e+02 2.228164112000690533e+00
2.400000000000000000e+02 2.228199182397478051e+00
2.410000000000000000e+02 2.228234248945301754e+00
2.420000000000000000e+02 2.228269311641115191e+00
2.430000000000000000e+02 2.228304370481872798e+00
2.440000000000000000e+02 2.228339425464528123e+00
2.450000000000000000e+02 2.228374476586035158e+00
2.460000000000000000e+02 2.228409523843347451e+00
2.470000000000000000e+02 2.228444567233419438e+00
2.480000000000000000e+02 2.228479606753204223e+00
2.490000000000000000e+02 2.228514642399655798e+00
2.500000000000000000e+02 2.228549674169728601e+00
2.510000000000000000e+02 2.228584702060375733e+00
2.520000000000000000e+02 2.228619726068551632e+00
2.530000000000000000e+02 2.228654746191209401e+00
2.540000000000000000e+02 2.228689762425303922e+00
2.550000000000000000e+02 2.228724774767787853e+00
2.560000000000000000e+02 2.228759783215616075e+00
2.570000000000000000e+02 2.228794787765742136e+00
2.580000000000000000e+02 2.228829788415119140e+00
2.590000000000000000e+02 2.228864785160701967e+00
2.600000000000000000e+02 2.228899777999443721e+00
2.610000000000000000e+02 2.228934766928298838e+00
2.620000000000000000e+02 2.228969751944220867e+00
2.630000000000000000e+02 2.229004733044163356e+00
2.640000000000000000e+02 2.229039710225080295e+00
2.650000000000000000e+02 2.229074683483926123e+00
2.660000000000000000e+02 2.229109652817653942e+00
2.670000000000000000e+02 2.229144618223217744e+00
2.680000000000000000e+02 2.229179579697571523e+00
2.690000000000000000e+02 2.229214537237669269e+00
2.700000000000000000e+02 2.229249490840464087e+00
2.710000000000000000e+02 2.229284440502910858e+00
2.720000000000000000e+02 2.229319386221963128e+00
2.730000000000000000e+02 2.229354327994574003e+00
2.740000000000000000e+02 2.229389265817697918e+00
2.750000000000000000e+02 2.229424199688288866e+00
2.760000000000000000e+02 2.229459129603300394e+00
2.770000000000000000e+02 2.229494055559686494e+00
2.780000000000000000e+02 2.229528977554400715e+00
2.790000000000000000e+02 2.229563895584397493e+00
2.800000000000000000e+02 2.229598809646629931e+00
2.810000000000000000e+02 2.229633719738052466e+00
2.820000000000000000e+02 2.229668625855618203e+00
2.830000000000000000e+02 2.229703527996282020e+00
2.840000000000000000e+02 2.229738426156997022e+00
2.850000000000000000e+02 2.229773320334717202e+00
2.860000000000000000e+02 2.229808210526396550e+00
2.870000000000000000e+02 2.229843096728988616e+00
2.880000000000000000e+02 2.229877978939447392e+00
2.890000000000000000e+02 2.229912857154726868e+00
2.900000000000000000e+02 2.229947731371780595e+00
2.910000000000000000e+02 2.229982601587563007e+00
2.920000000000000000e+02 2.230017467799027209e+00
2.930000000000000000e+02 2.230052330003127192e+00
2.940000000000000000e+02 2.230087188196817394e+00
2.950000000000000000e+02 2.230122042377050917e+00
2.960000000000000000e+02 2.230156892540781755e+00
2.970000000000000000e+02 2.230191738684963898e+00
2.980000000000000000e+02 2.230226580806551340e+00
2.990000000000000000e+02 2.230261418902498072e+00
3.000000000000000000e+02 2.230296252969757198e+00
3.010000000000000000e+02 2.230331083005283155e+00
3.020000000000000000e+02 2.230365909006029490e+00
3.030000000000000000e+02 2.230400730968950196e+00
3.040000000000000000e+02 2.230435548890998820e+00
3.050000000000000000e+02 2.230470362769129800e+00
3.060000000000000000e+02 2.230505172600296682e+00
3.070000000000000000e+02 2.230539978381453015e+00
3.080000000000000000e+02 2.230574780109552790e+00
3.090000000000000000e+02 2.230609577781550446e+00
3.100000000000000000e+02 2.230644371394399084e+00
3.110000000000000000e+02 2.230679160945052697e+00
3.120000000000000000e+02 2.230713946430465278e+00
3.130000000000000000e+02 2.230748727847590374e+00
3.140000000000000000e+02 2.230783505193381977e+00
3.150000000000000000e+02 2.230818278464794524e+00
3.160000000000000000e+02 2.230853047658781119e+00
3.170000000000000000e+02 2.230887812772295753e+00
3.180000000000000000e+02 2.230922573802291975e+00
3.190000000000000000e+02 2.230957330745724665e+00
3.200000000000000000e+02 2.230992083599546483e+00
3.210000000000000000e+02 2.231026832360711865e+00
3.220000000000000000e+02 2.231061577026174358e+00
3.230000000000000000e+02 2.231096317592888401e+00
3.240000000000000000e+02 2.231131054057807095e+00
3.250000000000000000e+02 2.231165786417884878e+00
3.260000000000000000e+02 2.231200514670075297e+00
3.270000000000000000e+02 2.231235238811331900e+00
3.280000000000000000e+02 2.231269958838609124e+00
3.290000000000000000e+02 2.231304674748860517e+00
3.300000000000000000e+02 2.231339386539039626e+00
3.310000000000000000e+02 2.231374094206100889e+00
3.320000000000000000e+02 2.231408797746997852e+00
3.330000000000000000e+02 2.231443497158684064e+00
3.340000000000000000e+02 2.231478192438113961e+00
3.350000000000000000e+02 2.231512883582241091e+00
3.360000000000000000e+02 2.231547570588019003e+00
3.370000000000000000e+02 2.231582253452402131e+00
3.380000000000000000e+02 2.231616932172344026e+00
3.390000000000000000e+02 2.231651606744798233e+00
3.400000000000000000e+02 2.231686277166718746e+00
3.410000000000000000e+02 2.231720943435060001e+00
3.420000000000000000e+02 2.231755605546775101e+00
3.430000000000000000e+02 2.231790263498818039e+00
3.440000000000000000e+02 2.231824917288142807e+00
3.450000000000000000e+02 2.231859566911703396e+00
3.460000000000000000e+02 2.231894212366453356e+00
3.470000000000000000e+02 2.231928853649346234e+00
3.480000000000000000e+02 2.231963490757336466e+00
3.490000000000000000e+02 2.231998123687378044e+00
3.500000000000000000e+02 2.232032752436424072e+00
3.510000000000000000e+02 2.232067377001428987e+00
3.520000000000000000e+02 2.232101997379346336e+00
3.530000000000000000e+02 2.232136613567129668e+00
3.540000000000000000e+02 2.232171225561733863e+00
3.550000000000000000e+02 2.232205833360111580e+00
3.560000000000000000e+02 2.232240436959217256e+00
3.570000000000000000e+02 2.232275036356004438e+00
3.580000000000000000e+02 2.232309631547427564e+00
3.590000000000000000e+02 2.232344222530439737e+00
3.600000000000000000e+02 2.232378809301995393e+00
3.610000000000000000e+02 2.232413391859048080e+00
3.620000000000000000e+02 2.232447970198551790e+00
3.630000000000000000e+02 2.232482544317460071e+00
3.640000000000000000e+02 2.232517114212726916e+00
3.650000000000000000e+02 2.232551679881305873e+00
3.660000000000000000e+02 2.232586241320151377e+00
3.670000000000000000e+02 2.232620798526217420e+00
3.680000000000000000e+02 2.232655351496456664e+00
3.690000000000000000e+02 2.232689900227823987e+00
3.700000000000000000e+02 2.232724444717273382e+00
3.710000000000000000e+02 2.232758984961757509e+00
3.720000000000000000e+02 2.232793520958231248e+00
3.730000000000000000e+02 2.232828052703648147e+00
3.740000000000000000e+02 2.232862580194962199e+00
3.750000000000000000e+02 2.232897103429126950e+00
3.760000000000000000e+02 2.232931622403096394e+00
3.770000000000000000e+02 2.232966137113824079e+00
3.780000000000000000e+02 2.233000647558264440e+00
3.790000000000000000e+02 2.233035153733370581e+00
3.800000000000000000e+02 2.233069655636097384e+00
3.810000000000000000e+02 2.233104153263397507e+00
3.820000000000000000e+02 2.233138646612225386e+00
3.830000000000000000e+02 2.233173135679535015e+00
3.840000000000000000e+02 2.233207620462279941e+00
3.850000000000000000e+02 2.233242100957414156e+00
3.860000000000000000e+02 2.233276577161891208e+00
3.870000000000000000e+02 2.233311049072665533e+00
3.880000000000000000e+02 2.233345516686690235e+00
3.890000000000000000e+02 2.233379980000919751e+00
3.900000000000000000e+02 2.233414439012307628e+00
3.910000000000000000e+02 2.233448893717807859e+00
3.920000000000000000e+02 2.233483344114374436e+00
3.930000000000000000e+02 2.233517790198960462e+00
3.940000000000000000e+02 2.233552231968520374e+00
3.950000000000000000e+02 2.233586669420008164e+00
3.960000000000000000e+02 2.233621102550377380e+00
3.970000000000000000e+02 2.233655531356581569e+00
3.980000000000000000e+02 2.233689955835575169e+00
3.990000000000000000e+02 2.233724375984311727e+00
4.000000000000000000e+02 2.233758791799745236e+00
4.010000000000000000e+02 2.233793203278829242e+00
4.020000000000000000e+02 2.233827610418517740e+00
4.030000000000000000e+02 2.233862013215764719e+00
4.040000000000000000e+02 2.233896411667523729e+00
4.050000000000000000e+02 2.233930805770748762e+00
4.060000000000000000e+02 2.233965195522393810e+00
4.070000000000000000e+02 2.233999580919412420e+00
4.080000000000000000e+02 2.234033961958758585e+00
4.090000000000000000e+02 2.234068338637386297e+00
4.100000000000000000e+02 2.234102710952249105e+00
4.110000000000000000e+02 2.234137078900300999e+00
4.120000000000000000e+02 2.234171442478495972e+00
4.130000000000000000e+02 2.234205801683787573e+00
4.140000000000000000e+02 2.234240156513129349e+00
4.150000000000000000e+02 2.234274506963476181e+00
4.160000000000000000e+02 2.234308853031781172e+00
4.170000000000000000e+02 2.234343194714997871e+00
4.180000000000000000e+02 2.234377532010080714e+00
4.190000000000000000e+02 2.234411864913983692e+00
4.200000000000000000e+02 2.234446193423659910e+00
4.210000000000000000e+02 2.234480517536063804e+00
4.220000000000000000e+02 2.234514837248148922e+00
4.230000000000000000e+02 2.234549152556869256e+00
4.240000000000000000e+02 2.234583463459178354e+00
4.250000000000000000e+02 2.234617769952030653e+00
4.260000000000000000e+02 2.234652072032379255e+00
4.270000000000000000e+02 2.234686369697178598e+00
4.280000000000000000e+02 2.234720662943382230e+00
4.290000000000000000e+02 2.234754951767944142e+00
4.300000000000000000e+02 2.234789236167817883e+00
4.310000000000000000e+02 2.234823516139957444e+00
4.320000000000000000e+02 2.234857791681316819e+00
4.330000000000000000e+02 2.234892062788849998e+00
4.340000000000000000e+02 2.234926329459510530e+00
4.350000000000000000e+02 2.234960591690251963e+00
4.360000000000000000e+02 2.234994849478028733e+00
4.370000000000000000e+02 2.235029102819794389e+00
4.380000000000000000e+02 2.235063351712502477e+00
4.390000000000000000e+02 2.235097596153107435e+00
4.400000000000000000e+02 2.235131836138562811e+00
4.410000000000000000e+02 2.235166071665822596e+00
4.420000000000000000e+02 2.235200302731840338e+00
4.430000000000000000e+02 2.235234529333570030e+00
4.440000000000000000e+02 2.235268751467965664e+00
4.450000000000000000e+02 2.235302969131980788e+00
4.460000000000000000e+02 2.235337182322569394e+00
4.470000000000000000e+02 2.235371391036685029e+00
4.480000000000000000e+02 2.235405595271282131e+00
4.490000000000000000e+02 2.235439795023314247e+00
4.500000000000000000e+02 2.235473990289735369e+00
4.510000000000000000e+02 2.235508181067498601e+00
4.520000000000000000e+02 2.235542367353558824e+00
4.530000000000000000e+02 2.235576549144869141e+00
4.540000000000000000e+02 2.235610726438383988e+00
4.550000000000000000e+02 2.235644899231056471e+00
4.560000000000000000e+02 2.235679067519841023e+00
4.570000000000000000e+02 2.235713231301691639e+00
4.580000000000000000e+02 2.235747390573561422e+00
4.590000000000000000e+02 2.235781545332404363e+00
4.600000000000000000e+02 2.235815695575174900e+00
4.610000000000000000e+02 2.235849841298826579e+00
4.620000000000000000e+02 2.235883982500312950e+00
4.630000000000000000e+02 2.235918119176588004e+00
4.640000000000000000e+02 2.235952251324605733e+00
4.650000000000000000e+02 2.235986378941320130e+00
4.660000000000000000e+02 2.236020502023684742e+00
4.670000000000000000e+02 2.236054620568653117e+00
4.680000000000000000e+02 2.236088734573179693e+00
4.690000000000000000e+02 2.236122844034218016e+00
4.700000000000000000e+02 2.236156948948722079e+00
4.710000000000000000e+02 2.236191049313645429e+00
4.720000000000000000e+02 2.236225145125942504e+00
4.730000000000000000e+02 2.236259236382566407e+00
4.740000000000000000e+02 2.236293323080471129e+00
4.750000000000000000e+02 2.236327405216611108e+00
4.760000000000000000e+02 2.236361482787939448e+00
4.770000000000000000e+02 2.236395555791410583e+00
4.780000000000000000e+02 2.236429624223978063e+00
4.790000000000000000e+02 2.236463688082595436e+00
4.800000000000000000e+02 2.236497747364217137e+00
4.810000000000000000e+02 2.236531802065796271e+00
4.820000000000000000e+02 2.236565852184287717e+00
4.830000000000000000e+02 2.236599897716644136e+00
4.840000000000000000e+02 2.236633938659820409e+00
4.850000000000000000e+02 2.236667975010769638e+00
4.860000000000000000e+02 2.236702006766446260e+00
4.870000000000000000e+02 2.236736033923803824e+00
4.880000000000000000e+02 2.236770056479795876e+00
4.890000000000000000e+02 2.236804074431376410e+00
4.900000000000000000e+02 2.236838087775499417e+00
4.910000000000000000e+02 2.236872096509118890e+00
4.920000000000000000e+02 2.236906100629188821e+00
4.930000000000000000e+02 2.236940100132662312e+00
4.940000000000000000e+02 2.236974095016493358e+00
4.950000000000000000e+02 2.237008085277636393e+00
4.960000000000000000e+02 2.237042070913044967e+00
4.970000000000000000e+02 2.237076051919672626e+00
4.980000000000000000e+02 2.237110028294473363e+00
4.990000000000000000e+02 2.237144000034401170e+00
5.000000000000000000e+02 2.237177967136410039e+00
5.010000000000000000e+02 2.237211929597453519e+00
5.020000000000000000e+02 2.237245887414485601e+00
5.030000000000000000e+02 2.237279840584459834e+00
5.040000000000000000e+02 2.237313789104330208e+00
5.050000000000000000e+02 2.237347732971050718e+00
5.060000000000000000e+02 2.237381672181575354e+00
5.070000000000000000e+02 2.237415606732857221e+00
5.080000000000000000e+02 2.237449536621851198e+00
5.090000000000000000e+02 2.237483461845510391e+00
5.100000000000000000e+02 2.237517382400788790e+00
5.110000000000000000e+02 2.237551298284639945e+00
5.120000000000000000e+02 2.237585209494018290e+00
5.130000000000000000e+02 2.237619116025877375e+00
5.140000000000000000e+02 2.237653017877171191e+00
5.150000000000000000e+02 2.237686915044853286e+00
5.160000000000000000e+02 2.237720807525877653e+00
5.170000000000000000e+02 2.237754695317198284e+00
5.180000000000000000e+02 2.237788578415768725e+00
5.190000000000000000e+02 2.237822456818543415e+00
5.200000000000000000e+02 2.237856330522475012e+00
5.210000000000000000e+02 2.237890199524518842e+00
5.220000000000000000e+02 2.237924063821627563e+00
5.230000000000000000e+02 2.237957923410755168e+00
5.240000000000000000e+02 2.237991778288856537e+00
5.250000000000000000e+02 2.238025628452883886e+00
5.260000000000000000e+02 2.238059473899792540e+00
5.270000000000000000e+02 2.238093314626535602e+00
5.280000000000000000e+02 2.238127150630067064e+00
5.290000000000000000e+02 2.238160981907340474e+00
5.300000000000000000e+02 2.238194808455310270e+00
5.310000000000000000e+02 2.238228630270929553e+00
5.320000000000000000e+02 2.238262447351152762e+00
5.330000000000000000e+02 2.238296259692933443e+00
5.340000000000000000e+02 2.238330067293225589e+00
5.350000000000000000e+02 2.238363870148983192e+00
5.360000000000000000e+02 2.238397668257159800e+00
5.370000000000000000e+02 2.238431461614708962e+00
5.380000000000000000e+02 2.238465250218585112e+00
5.390000000000000000e+02 2.238499034065742244e+00
5.400000000000000000e+02 2.238532813153133461e+00
5.410000000000000000e+02 2.238566587477712755e+00
5.420000000000000000e+02 2.238600357036434563e+00
5.430000000000000000e+02 2.238634121826251988e+00
5.440000000000000000e+02 2.238667881844119467e+00
5.450000000000000000e+02 2.238701637086990548e+00
5.460000000000000000e+02 2.238735387551819223e+00
5.470000000000000000e+02 2.238769133235559039e+00
5.480000000000000000e+02 2.238802874135163989e+00
5.490000000000000000e+02 2.238836610247588066e+00
5.500000000000000000e+02 2.238870341569785261e+00
5.510000000000000000e+02 2.238904068098708677e+00
5.520000000000000000e+02 2.238937789831312752e+00
5.530000000000000000e+02 2.238971506764551034e+00
5.540000000000000000e+02 2.239005218895377958e+00
5.550000000000000000e+02 2.239038926220746628e+00
5.560000000000000000e+02 2.239072628737611481e+00
5.570000000000000000e+02 2.239106326442925621e+00
5.580000000000000000e+02 2.239140019333643483e+00
5.590000000000000000e+02 2.239173707406719060e+00
5.600000000000000000e+02 2.239207390659105457e+00
5.610000000000000000e+02 2.239241069087757108e+00
5.620000000000000000e+02 2.239274742689627562e+00
5.630000000000000000e+02 2.239308411461670811e+00
5.640000000000000000e+02 2.239342075400840848e+00
5.650000000000000000e+02 2.239375734504091220e+00
5.660000000000000000e+02 2.239409388768375919e+00
5.670000000000000000e+02 2.239443038190648938e+00
5.680000000000000000e+02 2.239476682767863824e+00
5.690000000000000000e+02 2.239510322496974126e+00
5.700000000000000000e+02 2.239543957374934724e+00
5.710000000000000000e+02 2.239577587398698277e+00
5.720000000000000000e+02 2.239611212565219223e+00
5.730000000000000000e+02 2.239644832871451552e+00
5.740000000000000000e+02 2.239678448314348813e+00
5.750000000000000000e+02 2.239712058890864999e+00
5.760000000000000000e+02 2.239745664597953656e+00
5.770000000000000000e+02 2.239779265432568778e+00
5.780000000000000000e+02 2.239812861391664800e+00
5.790000000000000000e+02 2.239846452472194382e+00
5.800000000000000000e+02 2.239880038671112406e+00
5.810000000000000000e+02 2.239913619985372417e+00
5.820000000000000000e+02 2.239947196411927965e+00
5.830000000000000000e+02 2.239980767947733042e+00
5.840000000000000000e+02 2.240014334589741640e+00
5.850000000000000000e+02 2.240047896334907307e+00
5.860000000000000000e+02 2.240081453180184035e+00
5.870000000000000000e+02 2.240115005122525815e+00
5.880000000000000000e+02 2.240148552158886641e+00
5.890000000000000000e+02 2.240182094286219616e+00
5.900000000000000000e+02 2.240215631501479621e+00
5.910000000000000000e+02 2.240249163801619314e+00
5.920000000000000000e+02 2.240282691183593577e+00
5.930000000000000000e+02 2.240316213644355514e+00
5.940000000000000000e+02 2.240349731180859116e+00
5.950000000000000000e+02 2.240383243790058820e+00
5.960000000000000000e+02 2.240416751468907730e+00
5.970000000000000000e+02 2.240450254214360282e+00
5.980000000000000000e+02 2.240483752023369579e+00
5.990000000000000000e+02 2.240517244892890059e+00
6.000000000000000000e+02 2.240550732819875712e+00
6.010000000000000000e+02 2.240584215801279644e+00
6.020000000000000000e+02 2.240617693834056290e+00
6.030000000000000000e+02 2.240651166915159198e+00
6.040000000000000000e+02 2.240684635041542361e+00
6.050000000000000000e+02 2.240718098210159326e+00
6.060000000000000000e+02 2.240751556417964530e+00
6.070000000000000000e+02 2.240785009661911520e+00
6.080000000000000000e+02 2.240818457938953845e+00
6.090000000000000000e+02 2.240851901246045497e+00
6.100000000000000000e+02 2.240885339580140911e+00
6.110000000000000000e+02 2.240918772938193193e+00
6.120000000000000000e+02 2.240952201317155890e+00
6.130000000000000000e+02 2.240985624713983881e+00
6.140000000000000000e+02 2.241019043125630272e+00
6.150000000000000000e+02 2.241052456549049499e+00
6.160000000000000000e+02 2.241085864981194664e+00
6.170000000000000000e+02 2.241119268419020205e+00
6.180000000000000000e+02 2.241152666859479670e+00
6.190000000000000000e+02 2.241186060299526606e+00
6.200000000000000000e+02 2.241219448736115449e+00
6.210000000000000000e+02 2.241252832166199749e+00
6.220000000000000000e+02 2.241286210586733496e+00
6.230000000000000000e+02 2.241319583994670239e+00
6.240000000000000000e+02 2.241352952386963970e+00
6.250000000000000000e+02 2.241386315760568682e+00
6.260000000000000000e+02 2.241419674112438365e+00
6.270000000000000000e+02 2.241453027439526124e+00
6.280000000000000000e+02 2.241486375738786396e+00
6.290000000000000000e+02 2.241519719007173173e+00
6.300000000000000000e+02 2.241553057241639557e+00
6.310000000000000000e+02 2.241586390439139986e+00
6.320000000000000000e+02 2.241619718596628452e+00
6.330000000000000000e+02 2.241653041711058059e+00
6.340000000000000000e+02 2.241686359779383242e+00
6.350000000000000000e+02 2.241719672798557550e+00
6.360000000000000000e+02 2.241752980765535419e+00
6.370000000000000000e+02 2.241786283677269953e+00
6.380000000000000000e+02 2.241819581530715144e+00
6.390000000000000000e+02 2.241852874322824984e+00
6.400000000000000000e+02 2.241886162050553466e+00
6.410000000000000000e+02 2.241919444710854137e+00
6.420000000000000000e+02 2.241952722300680989e+00
6.430000000000000000e+02 2.241985994816987571e+00
6.440000000000000000e+02 2.242019262256728318e+00
6.450000000000000000e+02 2.242052524616856335e+00
6.460000000000000000e+02 2.242085781894326058e+00
6.470000000000000000e+02 2.242119034086091034e+00
6.480000000000000000e+02 2.242152281189105256e+00
6.490000000000000000e+02 2.242185523200322717e+00
6.500000000000000000e+02 2.242218760116696963e+00
6.510000000000000000e+02 2.242251991935181543e+00
6.520000000000000000e+02 2.242285218652730894e+00
6.530000000000000000e+02 2.242318440266298563e+00
6.540000000000000000e+02 2.242351656772838542e+00
6.550000000000000000e+02 2.242384868169304823e+00
6.560000000000000000e+02 2.242418074452650512e+00
6.570000000000000000e+02 2.242451275619830486e+00
6.580000000000000000e+02 2.242484471667797408e+00
6.590000000000000000e+02 2.242517662593506156e+00
6.600000000000000000e+02 2.242550848393910279e+00
6.610000000000000000e+02 2.242584029065963325e+00
6.620000000000000000e+02 2.242617204606619286e+00
6.630000000000000000e+02 2.242650375012831709e+00
6.640000000000000000e+02 2.242683540281555032e+00
6.650000000000000000e+02 2.242716700409743247e+00
6.660000000000000000e+02 2.242749855394349012e+00
6.670000000000000000e+02 2.242783005232327653e+00
6.680000000000000000e+02 2.242816149920631830e+00
6.690000000000000000e+02 2.242849289456215534e+00
6.700000000000000000e+02 2.242882423836033645e+00
6.710000000000000000e+02 2.242915553057038824e+00
6.720000000000000000e+02 2.242948677116185063e+00
6.730000000000000000e+02 2.242981796010426798e+00
6.740000000000000000e+02 2.243014909736717577e+00
6.750000000000000000e+02 2.243048018292011392e+00
6.760000000000000000e+02 2.243081121673261791e+00
6.770000000000000000e+02 2.243114219877422766e+00
6.780000000000000000e+02 2.243147312901447865e+00
6.790000000000000000e+02 2.243180400742291525e+00
6.800000000000000000e+02 2.243213483396906849e+00
6.810000000000000000e+02 2.243246560862248273e+00
6.820000000000000000e+02 2.243279633135269346e+00
6.830000000000000000e+02 2.243312700212924060e+00
6.840000000000000000e+02 2.243345762092166407e+00
6.850000000000000000e+02 2.243378818769949934e+00
6.860000000000000000e+02 2.243411870243228634e+00
6.870000000000000000e+02 2.243444916508956055e+00
6.880000000000000000e+02 2.243477957564086189e+00
6.890000000000000000e+02 2.243510993405573029e+00
6.900000000000000000e+02 2.243544024030370565e+00
6.910000000000000000e+02 2.243577049435432347e+00
6.920000000000000000e+02 2.243610069617711922e+00
6.930000000000000000e+02 2.243643084574163726e+00
6.940000000000000000e+02 2.243676094301741308e+00
6.950000000000000000e+02 2.243709098797398660e+00
6.960000000000000000e+02 2.243742098058089329e+00
6.970000000000000000e+02 2.243775092080767752e+00
6.980000000000000000e+02 2.243808080862387033e+00
6.990000000000000000e+02 2.243841064399901164e+00
7.000000000000000000e+02 2.243874042690264581e+00
7.010000000000000000e+02 2.243907015730430388e+00
7.020000000000000000e+02 2.243939983517353021e+00
7.030000000000000000e+02 2.243972946047985584e+00
7.040000000000000000e+02 2.244005903319282513e+00
7.050000000000000000e+02 2.244038855328197801e+00
7.060000000000000000e+02 2.244071802071684996e+00
7.070000000000000000e+02 2.244104743546697645e+00
7.080000000000000000e+02 2.244137679750190184e+00
7.090000000000000000e+02 2.244170610679115718e+00
7.100000000000000000e+02 2.244203536330428683e+00
7.110000000000000000e+02 2.244236456701083071e+00
7.120000000000000000e+02 2.244269371788031986e+00
7.130000000000000000e+02 2.244302281588229864e+00
7.140000000000000000e+02 2.244335186098630697e+00
7.150000000000000000e+02 2.244368085316187589e+00
7.160000000000000000e+02 2.244400979237854976e+00
7.170000000000000000e+02 2.244433867860586407e+00
7.180000000000000000e+02 2.244466751181335873e+00
7.190000000000000000e+02 2.244499629197056922e+00
7.200000000000000000e+02 2.244532501904703992e+00
7.210000000000000000e+02 2.244565369301230184e+00
7.220000000000000000e+02 2.244598231383589937e+00
7.230000000000000000e+02 2.244631088148737241e+00
7.240000000000000000e+02 2.244663939593625201e+00
7.250000000000000000e+02 2.244696785715207810e+00
7.260000000000000000e+02 2.244729626510439502e+00
7.270000000000000000e+02 2.244762461976273826e+00
7.280000000000000000e+02 2.244795292109664331e+00
7.290000000000000000e+02 2.244828116907565008e+00
7.300000000000000000e+02 2.244860936366929849e+00
7.310000000000000000e+02 2.244893750484712402e+00
7.320000000000000000e+02 2.244926559257866661e+00
7.330000000000000000e+02 2.244959362683347059e+00
7.340000000000000000e+02 2.244992160758106259e+00
7.350000000000000000e+02 2.245024953479099139e+00
7.360000000000000000e+02 2.245057740843278804e+00
7.370000000000000000e+02 2.245090522847599690e+00
7.380000000000000000e+02 2.245123299489015345e+00
7.390000000000000000e+02 2.245156070764479761e+00
7.400000000000000000e+02 2.245188836670946042e+00
7.410000000000000000e+02 2.245221597205369068e+00
7.420000000000000000e+02 2.245254352364702388e+00
7.430000000000000000e+02 2.245287102145899549e+00
7.440000000000000000e+02 2.245319846545914544e+00
7.450000000000000000e+02 2.245352585561700920e+00
7.460000000000000000e+02 2.245385319190213114e+00
7.470000000000000000e+02 2.245418047428404673e+00
7.480000000000000000e+02 2.245450770273229590e+00
7.490000000000000000e+02 2.245483487721640969e+00
7.500000000000000000e+02 2.245516199770593690e+00
7.510000000000000000e+02 2.245548906417041302e+00
7.520000000000000000e+02 2.245581607657936907e+00
7.530000000000000000e+02 2.245614303490235386e+00
7.540000000000000000e+02 2.245646993910889844e+00
7.550000000000000000e+02 2.245679678916854272e+00
7.560000000000000000e+02 2.245712358505082662e+00
7.570000000000000000e+02 2.245745032672529007e+00
7.580000000000000000e+02 2.245777701416146854e+00
7.590000000000000000e+02 2.245810364732889752e+00
7.600000000000000000e+02 2.245843022619712581e+00
7.610000000000000000e+02 2.245875675073568001e+00
7.620000000000000000e+02 2.245908322091410447e+00
7.630000000000000000e+02 2.245940963670193913e+00
7.640000000000000000e+02 2.245973599806871945e+00
7.650000000000000000e+02 2.246006230498398537e+00
7.660000000000000000e+02 2.246038855741727236e+00
7.670000000000000000e+02 2.246071475533812034e+00
7.680000000000000000e+02 2.246104089871606924e+00
7.690000000000000000e+02 2.246136698752065897e+00
7.700000000000000000e+02 2.246169302172142057e+00
7.710000000000000000e+02 2.246201900128790285e+00
7.720000000000000000e+02 2.246234492618963685e+00
7.730000000000000000e+02 2.246267079639615805e+00
7.740000000000000000e+02 2.246299661187701524e+00
7.750000000000000000e+02 2.246332237260173947e+00
7.760000000000000000e+02 2.246364807853987067e+00
7.770000000000000000e+02 2.246397372966094874e+00
7.780000000000000000e+02 2.246429932593450918e+00
7.790000000000000000e+02 2.246462486733009190e+00
7.800000000000000000e+02 2.246495035381723238e+00
7.810000000000000000e+02 2.246527578536547498e+00
7.820000000000000000e+02 2.246560116194435519e+00
7.830000000000000000e+02 2.246592648352341293e+00
7.840000000000000000e+02 2.246625175007218367e+00
7.850000000000000000e+02 2.246657696156020734e+00
7.860000000000000000e+02 2.246690211795702385e+00
7.870000000000000000e+02 2.246722721923216426e+00
7.880000000000000000e+02 2.246755226535517735e+00
7.890000000000000000e+02 2.246787725629559862e+00
7.900000000000000000e+02 2.246820219202295910e+00
7.910000000000000000e+02 2.246852707250680758e+00
7.920000000000000000e+02 2.246885189771667513e+00
7.930000000000000000e+02 2.246917666762210164e+00
7.940000000000000000e+02 2.246950138219262705e+00
7.950000000000000000e+02 2.246982604139779127e+00
7.960000000000000000e+02 2.247015064520712979e+00
7.970000000000000000e+02 2.247047519359018253e+00
7.980000000000000000e+02 2.247079968651648496e+00
7.990000000000000000e+02 2.247112412395558145e+00
8.000000000000000000e+02 2.247144850587700304e+00
8.010000000000000000e+02 2.247177283225029409e+00
8.020000000000000000e+02 2.247209710304498564e+00
8.030000000000000000e+02 2.247242131823062650e+00
8.040000000000000000e+02 2.247274547777674769e+00
8.050000000000000000e+02 2.247306958165289359e+00
8.060000000000000000e+02 2.247339362982859523e+00
8.070000000000000000e+02 2.247371762227339254e+00
8.080000000000000000e+02 2.247404155895682987e+00
8.090000000000000000e+02 2.247436543984843826e+00
8.100000000000000000e+02 2.247468926491776209e+00
8.110000000000000000e+02 2.247501303413433682e+00
8.120000000000000000e+02 2.247533674746769794e+00
8.130000000000000000e+02 2.247566040488738981e+00
8.140000000000000000e+02 2.247598400636294791e+00
8.150000000000000000e+02 2.247630755186390772e+00
8.160000000000000000e+02 2.247663104135981360e+00
8.170000000000000000e+02 2.247695447482020104e+00
8.180000000000000000e+02 2.247727785221460994e+00
8.190000000000000000e+02 2.247760117351257581e+00
8.200000000000000000e+02 2.247792443868363854e+00
8.210000000000000000e+02 2.247824764769733807e+00
8.220000000000000000e+02 2.247857080052320544e+00
8.230000000000000000e+02 2.247889389713078945e+00
8.240000000000000000e+02 2.247921693748962557e+00
8.250000000000000000e+02 2.247953992156924485e+00
8.260000000000000000e+02 2.247986284933919610e+00
8.270000000000000000e+02 2.248018572076901034e+00
8.280000000000000000e+02 2.248050853582823194e+00
8.290000000000000000e+02 2.248083129448639195e+00
8.300000000000000000e+02 2.248115399671303472e+00
8.310000000000000000e+02 2.248147664247769573e+00
8.320000000000000000e+02 2.248179923174991490e+00
8.330000000000000000e+02 2.248212176449923216e+00
8.340000000000000000e+02 2.248244424069518299e+00
8.350000000000000000e+02 2.248276666030730286e+00
8.360000000000000000e+02 2.248308902330513614e+00
8.370000000000000000e+02 2.248341132965822275e+00
8.380000000000000000e+02 2.248373357933609373e+00
8.390000000000000000e+02 2.248405577230828900e+00
8.400000000000000000e+02 2.248437790854435292e+00
8.410000000000000000e+02 2.248469998801381653e+00
8.420000000000000000e+02 2.248502201068622419e+00
8.430000000000000000e+02 2.248534397653111139e+00
8.440000000000000000e+02 2.248566588551801804e+00
8.450000000000000000e+02 2.248598773761647962e+00
8.460000000000000000e+02 2.248630953279604050e+00
8.470000000000000000e+02 2.248663127102623172e+00
8.480000000000000000e+02 2.248695295227659319e+00
8.490000000000000000e+02 2.248727457651666928e+00
8.500000000000000000e+02 2.248759614371599103e+00
8.510000000000000000e+02 2.248791765384410279e+00
8.520000000000000000e+02 2.248823910687053562e+00
8.530000000000000000e+02 2.248856050276483831e+00
8.540000000000000000e+02 2.248888184149653746e+00
8.550000000000000000e+02 2.248920312303518187e+00
8.560000000000000000e+02 2.248952434735030259e+00
8.570000000000000000e+02 2.248984551441144397e+00
8.580000000000000000e+02 2.249016662418814150e+00
8.590000000000000000e+02 2.249048767664993065e+00
8.600000000000000000e+02 2.249080867176635579e+00
8.610000000000000000e+02 2.249112960950694795e+00
8.620000000000000000e+02 2.249145048984125150e+00
8.630000000000000000e+02 2.249177131273880637e+00
8.640000000000000000e+02 2.249209207816914358e+00
8.650000000000000000e+02 2.249241278610180750e+00
8.660000000000000000e+02 2.249273343650633361e+00
8.670000000000000000e+02 2.249305402935226184e+00
8.680000000000000000e+02 2.249337456460913209e+00
8.690000000000000000e+02 2.249369504224647542e+00
8.700000000000000000e+02 2.249401546223384063e+00
8.710000000000000000e+02 2.249433582454075875e+00
8.720000000000000000e+02 2.249465612913677415e+00
8.730000000000000000e+02 2.249497637599141786e+00
8.740000000000000000e+02 2.249529656507423425e+00
8.750000000000000000e+02 2.249561669635475436e+00
8.760000000000000000e+02 2.249593676980252699e+00
8.770000000000000000e+02 2.249625678538708318e+00
8.780000000000000000e+02 2.249657674307796729e+00
8.790000000000000000e+02 2.249689664284471036e+00
8.800000000000000000e+02 2.249721648465685231e+00
8.810000000000000000e+02 2.249753626848393750e+00
8.820000000000000000e+02 2.249785599429549698e+00
8.830000000000000000e+02 2.249817566206107511e+00
8.840000000000000000e+02 2.249849527175020736e+00
8.850000000000000000e+02 2.249881482333243365e+00
8.860000000000000000e+02 2.249913431677728948e+00
8.870000000000000000e+02 2.249945375205431475e+00
8.880000000000000000e+02 2.249977312913304939e+00
8.890000000000000000e+02 2.250009244798302888e+00
8.900000000000000000e+02 2.250041170857379313e+00
8.910000000000000000e+02 2.250073091087488208e+00
8.920000000000000000e+02 2.250105005485583121e+00
8.930000000000000000e+02 2.250136914048618042e+00
8.940000000000000000e+02 2.250168816773546965e+00
8.950000000000000000e+02 2.250200713657323437e+00
8.960000000000000000e+02 2.250232604696901451e+00
8.970000000000000000e+02 2.250264489889234998e+00
8.980000000000000000e+02 2.250296369231277627e+00
8.990000000000000000e+02 2.250328242719983329e+00
9.000000000000000000e+02 2.250360110352306098e+00
9.010000000000000000e+02 2.250391972125199480e+00
9.020000000000000000e+02 2.250423828035617024e+00
9.030000000000000000e+02 2.250455678080513611e+00
9.040000000000000000e+02 2.250487522256841899e+00
9.050000000000000000e+02 2.250519360561556770e+00
9.060000000000000000e+02 2.250551192991611327e+00
9.070000000000000000e+02 2.250583019543959562e+00
9.080000000000000000e+02 2.250614840215555468e+00
9.090000000000000000e+02 2.250646655003353036e+00
9.100000000000000000e+02 2.250678463904305815e+00
9.110000000000000000e+02 2.250710266915367352e+00
9.120000000000000000e+02 2.250742064033492529e+00
9.130000000000000000e+02 2.250773855255634004e+00
9.140000000000000000e+02 2.250805640578746214e+00
9.150000000000000000e+02 2.250837419999783151e+00
9.160000000000000000e+02 2.250869193515697919e+00
9.170000000000000000e+02 2.250900961123445398e+00
9.180000000000000000e+02 2.250932722819978693e+00
9.190000000000000000e+02 2.250964478602251795e+00
9.200000000000000000e+02 2.250996228467218252e+00
9.210000000000000000e+02 2.251027972411832945e+00
9.220000000000000000e+02 2.251059710433048533e+00
9.230000000000000000e+02 2.251091442527819453e+00
9.240000000000000000e+02 2.251123168693099252e+00
9.250000000000000000e+02 2.251154888925842368e+00
9.260000000000000000e+02 2.251186603223001903e+00
9.270000000000000000e+02 2.251218311581531850e+00
9.280000000000000000e+02 2.251250013998386645e+00
9.290000000000000000e+02 2.251281710470519393e+00
9.300000000000000000e+02 2.251313400994884528e+00
9.310000000000000000e+02 2.251345085568435156e+00
9.320000000000000000e+02 2.251376764188125712e+00
9.330000000000000000e+02 2.251408436850910189e+00
9.340000000000000000e+02 2.251440103553741690e+00
9.350000000000000000e+02 2.251471764293574651e+00
9.360000000000000000e+02 2.251503419067363065e+00
9.370000000000000000e+02 2.251535067872060036e+00
9.380000000000000000e+02 2.251566710704620000e+00
9.390000000000000000e+02 2.251598347561996505e+00
9.400000000000000000e+02 2.251629978441143543e+00
9.410000000000000000e+02 2.251661603339015105e+00
9.420000000000000000e+02 2.251693222252564741e+00
9.430000000000000000e+02 2.251724835178745998e+00
9.440000000000000000e+02 2.251756442114513757e+00
9.450000000000000000e+02 2.251788043056820676e+00
9.460000000000000000e+02 2.251819638002621193e+00
9.470000000000000000e+02 2.251851226948869300e+00
9.480000000000000000e+02 2.251882809892518544e+00
9.490000000000000000e+02 2.251914386830522918e+00
9.500000000000000000e+02 2.251945957759836414e+00
9.510000000000000000e+02 2.251977522677412136e+00
9.520000000000000000e+02 2.252009081580204519e+00
9.530000000000000000e+02 2.252040634465167557e+00
9.540000000000000000e+02 2.252072181329254796e+00
9.550000000000000000e+02 2.252103722169420230e+00
9.560000000000000000e+02 2.252135256982617406e+00
9.570000000000000000e+02 2.252166785765800316e+00
9.580000000000000000e+02 2.252198308515922953e+00
9.590000000000000000e+02 2.252229825229938864e+00
9.600000000000000000e+02 2.252261335904802486e+00
9.610000000000000000e+02 2.252292840537466923e+00
9.620000000000000000e+02 2.252324339124886610e+00
9.630000000000000000e+02 2.252355831664014651e+00
9.640000000000000000e+02 2.252387318151805484e+00
9.650000000000000000e+02 2.252418798585213100e+00
9.660000000000000000e+02 2.252450272961191047e+00
9.670000000000000000e+02 2.252481741276692873e+00
9.680000000000000000e+02 2.252513203528673014e+00
9.690000000000000000e+02 2.252544659714084574e+00
9.700000000000000000e+02 2.252576109829882434e+00
9.710000000000000000e+02 2.252607553873019253e+00
9.720000000000000000e+02 2.252638991840449911e+00
9.730000000000000000e+02 2.252670423729127513e+00
9.740000000000000000e+02 2.252701849536006051e+00
9.750000000000000000e+02 2.252733269258039961e+00
9.760000000000000000e+02 2.252764682892182346e+00
9.770000000000000000e+02 2.252796090435387200e+00
9.780000000000000000e+02 2.252827491884608513e+00
9.790000000000000000e+02 2.252858887236800278e+00
9.800000000000000000e+02 2.252890276488916044e+00
9.810000000000000000e+02 2.252921659637909801e+00
9.820000000000000000e+02 2.252953036680735099e+00
9.830000000000000000e+02 2.252984407614345930e+00
9.840000000000000000e+02 2.253015772435696729e+00
9.850000000000000000e+02 2.253047131141740600e+00
9.860000000000000000e+02 2.253078483729431536e+00
9.870000000000000000e+02 2.253109830195723529e+00
9.880000000000000000e+02 2.253141170537570126e+00
9.890000000000000000e+02 2.253172504751925764e+00
9.900000000000000000e+02 2.253203832835743547e+00
9.910000000000000000e+02 2.253235154785977912e+00
9.920000000000000000e+02 2.253266470599582405e+00
9.930000000000000000e+02 2.253297780273510575e+00
9.940000000000000000e+02 2.253329083804716859e+00
9.950000000000000000e+02 2.253360381190155248e+00
9.960000000000000000e+02 2.253391672426778847e+00
9.970000000000000000e+02 2.253422957511541647e+00
9.980000000000000000e+02 2.253454236441397640e+00
9.990000000000000000e+02 2.253485509213300819e+00
1.000000000000000000e+03 2.253516775824205176e+00
1.001000000000000000e+03 2.253548036271063815e+00
1.002000000000000000e+03 2.253579290550831615e+00
1.003000000000000000e+03 2.253610538660461238e+00
1.004000000000000000e+03 2.253641780596907562e+00
1.005000000000000000e+03 2.253673016357123693e+00
1.006000000000000000e+03 2.253704245938064066e+00
1.007000000000000000e+03 2.253735469336681785e+00
1.008000000000000000e+03 2.253766686549931286e+00
1.009000000000000000e+03 2.253797897574766562e+00
1.010000000000000000e+03 2.253829102408140717e+00
1.011000000000000000e+03 2.253860301047008186e+00
1.012000000000000000e+03 2.253891493488322961e+00
1.013000000000000000e+03 2.253922679729038148e+00
1.014000000000000000e+03 2.253953859766108181e+00
1.015000000000000000e+03 2.253985033596486609e+00
1.016000000000000000e+03 2.254016201217127424e+00
1.017000000000000000e+03 2.254047362624984618e+00
1.018000000000000000e+03 2.254078517817011296e+00
1.019000000000000000e+03 2.254109666790162336e+00
1.020000000000000000e+03 2.254140809541390844e+00
1.021000000000000000e+03 2.254171946067651255e+00
1.022000000000000000e+03 2.254203076365896674e+00
