# order=18: x_data [pixel], y_data [pixel], x_model [pixel], y_model [pixel]
6.351515151515151558e+01 3.578261152297165459e+00 1.987961606060606012e+00 7.810967165199542706e-01
9.809090909090909349e+01 3.943232271681206491e+00 1.989071606060605957e+00 8.659402208745086149e-01
1.333333333333333428e+02 1.085334185698107801e+00 1.990180080808080731e+00 2.783335209019699441e-02
1.886666666666666572e+02 3.737192801228804040e+00 1.991960545454545484e+00 7.981547430617887962e-01
2.592727272727272521e+02 9.074733614158095873e-01 1.994183000000000039e+00 8.489724679982711686e-02
2.760000000000000000e+02 3.375060868255483459e+00 1.994714393939393871e+00 6.089279421550060079e-01
3.066060606060606233e+02 1.309525693093341658e+00 1.995664656565656614e+00 1.681036285694688104e-01
6.143939393939393767e+02 9.416064302591986568e-02 2.005088939393939285e+00 5.223015054167667870e-04
6.328484848484848726e+02 9.803092805042440405e-02 2.005641939393939310e+00 6.308609042724455662e-04
7.321515151515151274e+02 8.896954808650426871e-01 2.008593939393939376e+00 7.200335489827919266e-02
7.642727272727272521e+02 4.082188174607206399e-01 2.009535060606060686e+00 1.873629864766206826e-02
7.865454545454545041e+02 2.421711211896148963e-01 2.010184686868687010e+00 5.585009539954082468e-03
8.092727272727272521e+02 1.736939230175752191e-01 2.010846686868686728e+00 1.821365918883534503e-03
8.322121212121212466e+02 1.596026304449018607e-01 2.011512686868687005e+00 1.430918056265110183e-03
8.556060606060606233e+02 1.292043540831891435e-01 2.012189090909091149e+00 7.202747825863343003e-04
8.799090909090908781e+02 1.271571786789618130e-01 2.012889939393939454e+00 7.609273505670368807e-04
9.043939393939393767e+02 1.109122866813419123e-01 2.013591727272727283e+00 6.668852811301731595e-04
9.296666666666666288e+02 1.372909375567020474e-01 2.014315686868686672e+00 9.191899401224292842e-04
9.553939393939393767e+02 1.345890946785732456e-01 2.015046313131313216e+00 9.846964969640785784e-04
9.818484848484848726e+02 1.524139760642486963e-01 2.015796686868686738e+00 1.124880292460699732e-03
1.008545454545454504e+03 1.823811819313570504e-01 2.016549686868686742e+00 2.134882492632672775e-03
