# order=22: # line, wavelength [pixel], wavelength [micron]
1.000000000000000000e+00 4.845454545454545325e+01 2.221414935179834238e+00
2.000000000000000000e+00 5.296969696969696884e+01 2.221576317804995870e+00
3.000000000000000000e+00 6.390909090909090651e+01 2.221967040910894031e+00
4.000000000000000000e+00 1.547272727272727195e+02 2.225195119126692322e+00
5.000000000000000000e+00 3.387878787878788103e+02 2.231644251879187024e+00
6.000000000000000000e+00 3.590909090909090651e+02 2.232347366956472623e+00
7.000000000000000000e+00 4.814545454545454390e+02 2.236547279960718004e+00
8.000000000000000000e+00 5.216666666666666288e+02 2.237912776245549740e+00
9.000000000000000000e+00 5.755454545454545041e+02 2.239730389880392192e+00
1.000000000000000000e+01 5.927272727272727479e+02 2.240307071643284687e+00
1.100000000000000000e+01 7.043939393939393767e+02 2.244018885042072586e+00
1.200000000000000000e+01 7.133939393939393767e+02 2.244315244602756554e+00
1.300000000000000000e+01 8.035151515151515014e+02 2.247258831646243848e+00
1.400000000000000000e+01 8.962727272727272521e+02 2.250241301238467440e+00
1.500000000000000000e+01 9.065454545454545041e+02 2.250568553658091719e+00
1.600000000000000000e+01 9.849696969696969973e+02 2.253046180967798851e+00
1.700000000000000000e+01 9.938484848484848726e+02 2.253324341240412920e+00
1.800000000000000000e+01 1.017333333333333371e+03 2.254057748379791892e+00
