# order=20: # line, wavelength [pixel], wavelength [micron]
1.000000000000000000e+00 7.448484848484848442e+01 2.098816611249300745e+00
2.000000000000000000e+00 1.203333333333333286e+02 2.100370046373075450e+00
3.000000000000000000e+00 1.616060606060605949e+02 2.101760730665387822e+00
4.000000000000000000e+00 4.678484848484848726e+02 2.111844763605777775e+00
5.000000000000000000e+00 4.896666666666666856e+02 2.112546999181323049e+00
6.000000000000000000e+00 6.787878787878787534e+02 2.118540550336824868e+00
7.000000000000000000e+00 7.190303030303030027e+02 2.119793913970161814e+00
8.000000000000000000e+00 7.286666666666666288e+02 2.120092879285719434e+00
9.000000000000000000e+00 7.381515151515151274e+02 2.120386703617789692e+00
1.000000000000000000e+01 8.709090909090908781e+02 2.124453021694311605e+00
1.100000000000000000e+01 8.806060606060606233e+02 2.124746618404167009e+00
