# order=24: x_data [pixel], y_data [pixel], x_model [pixel], y_model [pixel]
8.296969696969696884e+01 2.276582607648118373e+00 2.361627313131313244e+00 3.040513404415799981e-01
1.290303030303030312e+02 3.937327990567824454e+00 2.363363313131312982e+00 8.128089371412948738e-01
1.456060606060605949e+02 2.043227335434896208e+00 2.363990313131313137e+00 2.755146261894086956e-01
1.768484848484848442e+02 4.300934682371393869e+00 2.365161686868686886e+00 9.016028957590224158e-01
2.322121212121212182e+02 1.719546521854715460e+00 2.367232434343434111e+00 2.740546830259293354e-01
3.466060606060606233e+02 2.000727966325660745e+00 2.371386060606060386e+00 7.688591018938967236e-02
4.056666666666666856e+02 2.785682766301580848e+00 2.373609181818181479e+00 6.047792311145179234e-01
4.420909090909090651e+02 3.592433776714131444e+00 2.374939686868686728e+00 6.949548459204603068e-01
4.531515151515151274e+02 3.597387552113742615e+00 2.375334545454545587e+00 7.511345131732305447e-01
4.822727272727272521e+02 2.209707137451093040e+00 2.376386060606060724e+00 3.851194726961152393e-01
4.893333333333333144e+02 1.795476890159965366e+00 2.376634686868686952e+00 2.276871131308451091e-01
5.330303030303030027e+02 4.239010169762512104e-01 2.378212181818181836e+00 1.998358222137852636e-02
5.966666666666666288e+02 2.851438947747873875e+00 2.380484686868686861e+00 4.564697775198023888e-01
6.063333333333333712e+02 2.782545340531562328e+00 2.380825434343434299e+00 5.889604383668167742e-01
6.560909090909091219e+02 3.340702944871170477e+00 2.382590565656565573e+00 7.424942526130846598e-01
6.774242424242423795e+02 3.264297204618612280e+00 2.383378939393939522e+00 7.223946334150738169e-02
6.975454545454545041e+02 4.387529888145892398e-01 2.384033090909090991e+00 1.772064561028230401e-02
7.533333333333333712e+02 7.980558790883225395e-01 2.385976686868686691e+00 4.722430581419589934e-02
7.743333333333333712e+02 2.858211143734994852e+00 2.386699909090908900e+00 5.442357305181585447e-01
8.162121212121212466e+02 5.453669508479006556e-01 2.388150060606060610e+00 2.487199887080000088e-02
8.750303030303030027e+02 2.920871750192453042e+00 2.390156060606060784e+00 5.359363597496866749e-01
9.147878787878787534e+02 3.677581899795684950e-01 2.391507272727272593e+00 6.333829961074771003e-03
9.431515151515151274e+02 3.558155396956659722e+00 2.392461686868686765e+00 7.452980772576127677e-01
1.001606060606060623e+03 2.610104213699142139e+00 2.394416686868686917e+00 5.300781951785921153e-01
