# order=23: data_wav [pixel], data_wavsolution [micron]
3.000000000000000000e+00 2.287134593600280930e+00
4.000000000000000000e+00 2.287171277337912034e+00
5.000000000000000000e+00 2.287207958378466355e+00
6.000000000000000000e+00 2.287244636718565260e+00
7.000000000000000000e+00 2.287281312354831897e+00
8.000000000000000000e+00 2.287317985283888966e+00
9.000000000000000000e+00 2.287354655502359169e+00
1.000000000000000000e+01 2.287391323006864763e+00
1.100000000000000000e+01 2.287427987794028894e+00
1.200000000000000000e+01 2.287464649860473376e+00
1.300000000000000000e+01 2.287501309202821353e+00
1.400000000000000000e+01 2.287537965817695529e+00
1.500000000000000000e+01 2.287574619701718159e+00
1.600000000000000000e+01 2.287611270851511946e+00
1.700000000000000000e+01 2.287647919263699592e+00
1.800000000000000000e+01 2.287684564934903353e+00
1.900000000000000000e+01 2.287721207861746819e+00
2.000000000000000000e+01 2.287757848040851361e+00
2.100000000000000000e+01 2.287794485468840122e+00
2.200000000000000000e+01 2.287831120142336250e+00
2.300000000000000000e+01 2.287867752057961557e+00
2.400000000000000000e+01 2.287904381212338745e+00
2.500000000000000000e+01 2.287941007602090959e+00
2.600000000000000000e+01 2.287977631223840458e+00
2.700000000000000000e+01 2.288014252074209498e+00
2.800000000000000000e+01 2.288050870149821225e+00
2.900000000000000000e+01 2.288087485447297897e+00
3.000000000000000000e+01 2.288124097963262660e+00
3.100000000000000000e+01 2.288160707694337326e+00
3.200000000000000000e+01 2.288197314637145485e+00
3.300000000000000000e+01 2.288233918788308507e+00
3.400000000000000000e+01 2.288270520144449982e+00
3.500000000000000000e+01 2.288307118702192611e+00
3.600000000000000000e+01 2.288343714458158207e+00
3.700000000000000000e+01 2.288380307408969472e+00
3.800000000000000000e+01 2.288416897551249551e+00
3.900000000000000000e+01 2.288453484881621147e+00
4.000000000000000000e+01 2.288490069396706073e+00
4.100000000000000000e+01 2.288526651093127473e+00
4.200000000000000000e+01 2.288563229967508050e+00
4.300000000000000000e+01 2.288599806016470062e+00
4.400000000000000000e+01 2.288636379236636653e+00
4.500000000000000000e+01 2.288672949624629638e+00
4.600000000000000000e+01 2.288709517177072161e+00
4.700000000000000000e+01 2.288746081890586925e+00
4.800000000000000000e+01 2.288782643761796187e+00
4.900000000000000000e+01 2.288819202787322649e+00
5.000000000000000000e+01 2.288855758963789011e+00
5.100000000000000000e+01 2.288892312287817532e+00
5.200000000000000000e+01 2.288928862756031801e+00
5.300000000000000000e+01 2.288965410365053188e+00
5.400000000000000000e+01 2.289001955111505282e+00
5.500000000000000000e+01 2.289038496992009897e+00
5.600000000000000000e+01 2.289075036003190178e+00
5.700000000000000000e+01 2.289111572141668383e+00
5.800000000000000000e+01 2.289148105404067657e+00
5.900000000000000000e+01 2.289184635787010258e+00
6.000000000000000000e+01 2.289221163287118443e+00
6.100000000000000000e+01 2.289257687901015359e+00
6.200000000000000000e+01 2.289294209625323262e+00
6.300000000000000000e+01 2.289330728456665298e+00
6.400000000000000000e+01 2.289367244391663281e+00
6.500000000000000000e+01 2.289403757426940356e+00
6.600000000000000000e+01 2.289440267559119224e+00
6.700000000000000000e+01 2.289476774784822144e+00
6.800000000000000000e+01 2.289513279100671816e+00
6.900000000000000000e+01 2.289549780503290943e+00
7.000000000000000000e+01 2.289586278989301782e+00
7.100000000000000000e+01 2.289622774555327478e+00
7.200000000000000000e+01 2.289659267197990289e+00
7.300000000000000000e+01 2.289695756913913360e+00
7.400000000000000000e+01 2.289732243699718506e+00
7.500000000000000000e+01 2.289768727552028427e+00
7.600000000000000000e+01 2.289805208467466269e+00
7.700000000000000000e+01 2.289841686442654733e+00
7.800000000000000000e+01 2.289878161474215634e+00
7.900000000000000000e+01 2.289914633558772117e+00
8.000000000000000000e+01 2.289951102692946439e+00
8.100000000000000000e+01 2.289987568873361745e+00
8.200000000000000000e+01 2.290024032096640294e+00
8.300000000000000000e+01 2.290060492359404787e+00
8.400000000000000000e+01 2.290096949658277481e+00
8.500000000000000000e+01 2.290133403989881522e+00
8.600000000000000000e+01 2.290169855350839612e+00
8.700000000000000000e+01 2.290206303737773563e+00
8.800000000000000000e+01 2.290242749147306522e+00
8.900000000000000000e+01 2.290279191576061191e+00
9.000000000000000000e+01 2.290315631020659826e+00
9.100000000000000000e+01 2.290352067477725129e+00
9.200000000000000000e+01 2.290388500943880246e+00
9.300000000000000000e+01 2.290424931415746990e+00
9.400000000000000000e+01 2.290461358889948507e+00
9.500000000000000000e+01 2.290497783363107054e+00
9.600000000000000000e+01 2.290534204831845333e+00
9.700000000000000000e+01 2.290570623292786046e+00
9.800000000000000000e+01 2.290607038742551893e+00
9.900000000000000000e+01 2.290643451177765133e+00
1.000000000000000000e+02 2.290679860595048911e+00
1.010000000000000000e+02 2.290716266991025485e+00
1.020000000000000000e+02 2.290752670362317112e+00
1.030000000000000000e+02 2.290789070705546937e+00
1.040000000000000000e+02 2.290825468017337663e+00
1.050000000000000000e+02 2.290861862294311546e+00
1.060000000000000000e+02 2.290898253533091289e+00
1.070000000000000000e+02 2.290934641730299592e+00
1.080000000000000000e+02 2.290971026882558714e+00
1.090000000000000000e+02 2.291007408986491800e+00
1.100000000000000000e+02 2.291043788038721107e+00
1.110000000000000000e+02 2.291080164035869338e+00
1.120000000000000000e+02 2.291116536974558748e+00
1.130000000000000000e+02 2.291152906851412485e+00
1.140000000000000000e+02 2.291189273663053250e+00
1.150000000000000000e+02 2.291225637406102855e+00
1.160000000000000000e+02 2.291261998077184892e+00
1.170000000000000000e+02 2.291298355672921172e+00
1.180000000000000000e+02 2.291334710189934842e+00
1.190000000000000000e+02 2.291371061624847716e+00
1.200000000000000000e+02 2.291407409974283382e+00
1.210000000000000000e+02 2.291443755234864099e+00
1.220000000000000000e+02 2.291480097403212124e+00
1.230000000000000000e+02 2.291516436475950602e+00
1.240000000000000000e+02 2.291552772449701791e+00
1.250000000000000000e+02 2.291589105321088393e+00
1.260000000000000000e+02 2.291625435086733109e+00
1.270000000000000000e+02 2.291661761743258197e+00
1.280000000000000000e+02 2.291698085287286801e+00
1.290000000000000000e+02 2.291734405715441181e+00
1.300000000000000000e+02 2.291770723024343592e+00
1.310000000000000000e+02 2.291807037210617626e+00
1.320000000000000000e+02 2.291843348270885095e+00
1.330000000000000000e+02 2.291879656201768700e+00
1.340000000000000000e+02 2.291915960999891144e+00
1.350000000000000000e+02 2.291952262661875128e+00
1.360000000000000000e+02 2.291988561184343354e+00
1.370000000000000000e+02 2.292024856563918078e+00
1.380000000000000000e+02 2.292061148797222447e+00
1.390000000000000000e+02 2.292097437880878275e+00
1.400000000000000000e+02 2.292133723811508705e+00
1.410000000000000000e+02 2.292170006585736441e+00
1.420000000000000000e+02 2.292206286200183740e+00
1.430000000000000000e+02 2.292242562651473747e+00
1.440000000000000000e+02 2.292278835936228276e+00
1.450000000000000000e+02 2.292315106051070472e+00
1.460000000000000000e+02 2.292351372992623038e+00
1.470000000000000000e+02 2.292387636757508229e+00
1.480000000000000000e+02 2.292423897342348749e+00
1.490000000000000000e+02 2.292460154743767298e+00
1.500000000000000000e+02 2.292496408958386134e+00
1.510000000000000000e+02 2.292532659982828402e+00
1.520000000000000000e+02 2.292568907813716361e+00
1.530000000000000000e+02 2.292605152447673156e+00
1.540000000000000000e+02 2.292641393881320599e+00
1.550000000000000000e+02 2.292677632111281838e+00
1.560000000000000000e+02 2.292713867134179129e+00
1.570000000000000000e+02 2.292750098946635173e+00
1.580000000000000000e+02 2.292786327545273117e+00
1.590000000000000000e+02 2.292822552926714774e+00
1.600000000000000000e+02 2.292858775087583290e+00
1.610000000000000000e+02 2.292894994024500921e+00
1.620000000000000000e+02 2.292931209734090370e+00
1.630000000000000000e+02 2.292967422212974338e+00
1.640000000000000000e+02 2.293003631457775526e+00
1.650000000000000000e+02 2.293039837465116193e+00
1.660000000000000000e+02 2.293076040231619039e+00
1.670000000000000000e+02 2.293112239753907211e+00
1.680000000000000000e+02 2.293148436028602521e+00
1.690000000000000000e+02 2.293184629052328560e+00
1.700000000000000000e+02 2.293220818821706697e+00
1.710000000000000000e+02 2.293257005333360521e+00
1.720000000000000000e+02 2.293293188583912290e+00
1.730000000000000000e+02 2.293329368569984261e+00
1.740000000000000000e+02 2.293365545288199581e+00
1.750000000000000000e+02 2.293401718735180950e+00
1.760000000000000000e+02 2.293437888907550626e+00
1.770000000000000000e+02 2.293474055801930866e+00
1.780000000000000000e+02 2.293510219414945261e+00
1.790000000000000000e+02 2.293546379743215180e+00
1.800000000000000000e+02 2.293582536783364656e+00
1.810000000000000000e+02 2.293618690532015059e+00
1.820000000000000000e+02 2.293654840985789534e+00
1.830000000000000000e+02 2.293690988141310783e+00
1.840000000000000000e+02 2.293727131995201063e+00
1.850000000000000000e+02 2.293763272544083520e+00
1.860000000000000000e+02 2.293799409784579968e+00
1.870000000000000000e+02 2.293835543713313996e+00
1.880000000000000000e+02 2.293871674326907417e+00
1.890000000000000000e+02 2.293907801621982934e+00
1.900000000000000000e+02 2.293943925595163691e+00
1.910000000000000000e+02 2.293980046243071502e+00
1.920000000000000000e+02 2.294016163562329957e+00
1.930000000000000000e+02 2.294052277549560870e+00
1.940000000000000000e+02 2.294088388201386941e+00
1.950000000000000000e+02 2.294124495514430873e+00
1.960000000000000000e+02 2.294160599485315366e+00
1.970000000000000000e+02 2.294196700110663123e+00
1.980000000000000000e+02 2.294232797387096845e+00
1.990000000000000000e+02 2.294268891311238789e+00
2.000000000000000000e+02 2.294304981879711214e+00
2.010000000000000000e+02 2.294341069089137708e+00
2.020000000000000000e+02 2.294377152936140085e+00
2.030000000000000000e+02 2.294413233417341491e+00
2.040000000000000000e+02 2.294449310529364183e+00
2.050000000000000000e+02 2.294485384268830863e+00
2.060000000000000000e+02 2.294521454632364232e+00
2.070000000000000000e+02 2.294557521616586548e+00
2.080000000000000000e+02 2.294593585218120513e+00
2.090000000000000000e+02 2.294629645433589271e+00
2.100000000000000000e+02 2.294665702259615081e+00
2.110000000000000000e+02 2.294701755692820200e+00
2.120000000000000000e+02 2.294737805729827773e+00
2.130000000000000000e+02 2.294773852367260503e+00
2.140000000000000000e+02 2.294809895601740202e+00
2.150000000000000000e+02 2.294845935429890016e+00
2.160000000000000000e+02 2.294881971848332647e+00
2.170000000000000000e+02 2.294918004853690796e+00
2.180000000000000000e+02 2.294954034442586277e+00
2.190000000000000000e+02 2.294990060611642679e+00
2.200000000000000000e+02 2.295026083357481816e+00
2.210000000000000000e+02 2.295062102676726834e+00
2.220000000000000000e+02 2.295098118566000434e+00
2.230000000000000000e+02 2.295134131021924873e+00
2.240000000000000000e+02 2.295170140041122409e+00
2.250000000000000000e+02 2.295206145620216631e+00
2.260000000000000000e+02 2.295242147755828910e+00
2.270000000000000000e+02 2.295278146444583278e+00
2.280000000000000000e+02 2.295314141683101106e+00
2.290000000000000000e+02 2.295350133468005538e+00
2.300000000000000000e+02 2.295386121795919276e+00
2.310000000000000000e+02 2.295422106663465023e+00
2.320000000000000000e+02 2.295458088067264590e+00
2.330000000000000000e+02 2.295494066003941569e+00
2.340000000000000000e+02 2.295530040470118216e+00
2.350000000000000000e+02 2.295566011462416789e+00
2.360000000000000000e+02 2.295601978977460433e+00
2.370000000000000000e+02 2.295637943011871407e+00
2.380000000000000000e+02 2.295673903562272411e+00
2.390000000000000000e+02 2.295709860625285703e+00
2.400000000000000000e+02 2.295745814197534429e+00
2.410000000000000000e+02 2.295781764275641290e+00
2.420000000000000000e+02 2.295817710856228544e+00
2.430000000000000000e+02 2.295853653935918448e+00
2.440000000000000000e+02 2.295889593511334592e+00
2.450000000000000000e+02 2.295925529579098789e+00
2.460000000000000000e+02 2.295961462135833742e+00
2.470000000000000000e+02 2.295997391178162150e+00
2.480000000000000000e+02 2.296033316702706717e+00
2.490000000000000000e+02 2.296069238706090143e+00
2.500000000000000000e+02 2.296105157184934686e+00
2.510000000000000000e+02 2.296141072135863492e+00
2.520000000000000000e+02 2.296176983555498374e+00
2.530000000000000000e+02 2.296212891440462922e+00
2.540000000000000000e+02 2.296248795787378949e+00
2.550000000000000000e+02 2.296284696592869157e+00
2.560000000000000000e+02 2.296320593853556691e+00
2.570000000000000000e+02 2.296356487566063365e+00
2.580000000000000000e+02 2.296392377727012324e+00
2.590000000000000000e+02 2.296428264333026270e+00
2.600000000000000000e+02 2.296464147380727461e+00
2.610000000000000000e+02 2.296500026866738597e+00
2.620000000000000000e+02 2.296535902787682382e+00
2.630000000000000000e+02 2.296571775140181515e+00
2.640000000000000000e+02 2.296607643920858255e+00
2.650000000000000000e+02 2.296643509126335747e+00
2.660000000000000000e+02 2.296679370753235805e+00
2.670000000000000000e+02 2.296715228798182018e+00
2.680000000000000000e+02 2.296751083257796200e+00
2.690000000000000000e+02 2.296786934128701052e+00
2.700000000000000000e+02 2.296822781407519720e+00
2.710000000000000000e+02 2.296858625090874462e+00
2.720000000000000000e+02 2.296894465175387534e+00
2.730000000000000000e+02 2.296930301657682083e+00
2.740000000000000000e+02 2.296966134534380366e+00
2.750000000000000000e+02 2.297001963802105529e+00
2.760000000000000000e+02 2.297037789457479384e+00
2.770000000000000000e+02 2.297073611497125523e+00
2.780000000000000000e+02 2.297109429917665313e+00
2.790000000000000000e+02 2.297145244715722345e+00
2.800000000000000000e+02 2.297181055887918877e+00
2.810000000000000000e+02 2.297216863430877609e+00
2.820000000000000000e+02 2.297252667341221244e+00
2.830000000000000000e+02 2.297288467615571594e+00
2.840000000000000000e+02 2.297324264250552694e+00
2.850000000000000000e+02 2.297360057242785913e+00
2.860000000000000000e+02 2.297395846588894397e+00
2.870000000000000000e+02 2.297431632285500847e+00
2.880000000000000000e+02 2.297467414329227520e+00
2.890000000000000000e+02 2.297503192716697118e+00
2.900000000000000000e+02 2.297538967444532343e+00
2.910000000000000000e+02 2.297574738509355896e+00
2.920000000000000000e+02 2.297610505907790035e+00
2.930000000000000000e+02 2.297646269636457905e+00
2.940000000000000000e+02 2.297682029691981764e+00
2.950000000000000000e+02 2.297717786070983870e+00
2.960000000000000000e+02 2.297753538770087811e+00
2.970000000000000000e+02 2.297789287785915402e+00
2.980000000000000000e+02 2.297825033115089344e+00
2.990000000000000000e+02 2.297860774754232338e+00
3.000000000000000000e+02 2.297896512699967086e+00
3.010000000000000000e+02 2.297932246948916291e+00
3.020000000000000000e+02 2.297967977497702208e+00
3.030000000000000000e+02 2.298003704342947540e+00
3.040000000000000000e+02 2.298039427481274988e+00
3.050000000000000000e+02 2.298075146909307254e+00
3.060000000000000000e+02 2.298110862623667039e+00
3.070000000000000000e+02 2.298146574620976601e+00
3.080000000000000000e+02 2.298182282897858641e+00
3.090000000000000000e+02 2.298217987450935862e+00
3.100000000000000000e+02 2.298253688276830964e+00
3.110000000000000000e+02 2.298289385372166205e+00
3.120000000000000000e+02 2.298325078733564286e+00
3.130000000000000000e+02 2.298360768357648354e+00
3.140000000000000000e+02 2.298396454241040221e+00
3.150000000000000000e+02 2.298432136380363033e+00
3.160000000000000000e+02 2.298467814772239493e+00
3.170000000000000000e+02 2.298503489413291856e+00
3.180000000000000000e+02 2.298539160300142381e+00
3.190000000000000000e+02 2.298574827429414658e+00
3.200000000000000000e+02 2.298610490797730499e+00
3.210000000000000000e+02 2.298646150401712607e+00
3.220000000000000000e+02 2.298681806237984127e+00
3.230000000000000000e+02 2.298717458303167316e+00
3.240000000000000000e+02 2.298753106593884432e+00
3.250000000000000000e+02 2.298788751106758621e+00
3.260000000000000000e+02 2.298824391838412140e+00
3.270000000000000000e+02 2.298860028785467691e+00
3.280000000000000000e+02 2.298895661944548419e+00
3.290000000000000000e+02 2.298931291312276137e+00
3.300000000000000000e+02 2.298966916885273548e+00
3.310000000000000000e+02 2.299002538660163353e+00
3.320000000000000000e+02 2.299038156633568697e+00
3.330000000000000000e+02 2.299073770802111838e+00
3.340000000000000000e+02 2.299109381162415033e+00
3.350000000000000000e+02 2.299144987711100985e+00
3.360000000000000000e+02 2.299180590444792838e+00
3.370000000000000000e+02 2.299216189360112406e+00
3.380000000000000000e+02 2.299251784453683278e+00
3.390000000000000000e+02 2.299287375722127269e+00
3.400000000000000000e+02 2.299322963162067079e+00
3.410000000000000000e+02 2.299358546770125855e+00
3.420000000000000000e+02 2.299394126542925409e+00
3.430000000000000000e+02 2.299429702477088888e+00
3.440000000000000000e+02 2.299465274569238993e+00
3.450000000000000000e+02 2.299500842815997537e+00
3.460000000000000000e+02 2.299536407213988110e+00
3.470000000000000000e+02 2.299571967759832969e+00
3.480000000000000000e+02 2.299607524450154372e+00
3.490000000000000000e+02 2.299643077281575465e+00
3.500000000000000000e+02 2.299678626250718505e+00
3.510000000000000000e+02 2.299714171354206194e+00
3.520000000000000000e+02 2.299749712588661232e+00
3.530000000000000000e+02 2.299785249950706323e+00
3.540000000000000000e+02 2.299820783436963723e+00
3.550000000000000000e+02 2.299856313044056133e+00
3.560000000000000000e+02 2.299891838768605812e+00
3.570000000000000000e+02 2.299927360607236348e+00
3.580000000000000000e+02 2.299962878556569557e+00
3.590000000000000000e+02 2.299998392613228582e+00
3.600000000000000000e+02 2.300033902773835237e+00
3.610000000000000000e+02 2.300069409035013113e+00
3.620000000000000000e+02 2.300104911393384022e+00
3.630000000000000000e+02 2.300140409845571110e+00
3.640000000000000000e+02 2.300175904388196191e+00
3.650000000000000000e+02 2.300211395017882854e+00
3.660000000000000000e+02 2.300246881731253357e+00
3.670000000000000000e+02 2.300282364524929957e+00
3.680000000000000000e+02 2.300317843395535800e+00
3.690000000000000000e+02 2.300353318339693143e+00
3.700000000000000000e+02 2.300388789354024688e+00
3.710000000000000000e+02 2.300424256435152692e+00
3.720000000000000000e+02 2.300459719579700746e+00
3.730000000000000000e+02 2.300495178784290218e+00
3.740000000000000000e+02 2.300530634045544698e+00
3.750000000000000000e+02 2.300566085360085999e+00
3.760000000000000000e+02 2.300601532724537712e+00
3.770000000000000000e+02 2.300636976135521206e+00
3.780000000000000000e+02 2.300672415589660069e+00
3.790000000000000000e+02 2.300707851083576561e+00
3.800000000000000000e+02 2.300743282613893381e+00
3.810000000000000000e+02 2.300778710177233233e+00
3.820000000000000000e+02 2.300814133770218373e+00
3.830000000000000000e+02 2.300849553389471502e+00
3.840000000000000000e+02 2.300884969031615324e+00
3.850000000000000000e+02 2.300920380693272538e+00
3.860000000000000000e+02 2.300955788371065847e+00
3.870000000000000000e+02 2.300991192061617507e+00
3.880000000000000000e+02 2.301026591761550222e+00
3.890000000000000000e+02 2.301061987467486691e+00
3.900000000000000000e+02 2.301097379176049618e+00
3.910000000000000000e+02 2.301132766883861258e+00
3.920000000000000000e+02 2.301168150587544758e+00
3.930000000000000000e+02 2.301203530283721932e+00
3.940000000000000000e+02 2.301238905969016368e+00
3.950000000000000000e+02 2.301274277640049881e+00
3.960000000000000000e+02 2.301309645293445616e+00
3.970000000000000000e+02 2.301345008925825830e+00
3.980000000000000000e+02 2.301380368533813225e+00
3.990000000000000000e+02 2.301415724114030503e+00
4.000000000000000000e+02 2.301451075663099921e+00
4.010000000000000000e+02 2.301486423177644625e+00
4.020000000000000000e+02 2.301521766654286871e+00
4.030000000000000000e+02 2.301557106089649363e+00
4.040000000000000000e+02 2.301592441480354356e+00
4.050000000000000000e+02 2.301627772823024998e+00
4.060000000000000000e+02 2.301663100114283989e+00
4.070000000000000000e+02 2.301698423350753586e+00
4.080000000000000000e+02 2.301733742529056048e+00
4.090000000000000000e+02 2.301769057645814520e+00
4.100000000000000000e+02 2.301804368697651704e+00
4.110000000000000000e+02 2.301839675681189856e+00
4.120000000000000000e+02 2.301874978593051679e+00
4.130000000000000000e+02 2.301910277429859875e+00
4.140000000000000000e+02 2.301945572188237144e+00
4.150000000000000000e+02 2.301980862864805744e+00
4.160000000000000000e+02 2.302016149456188376e+00
4.170000000000000000e+02 2.302051431959007743e+00
4.180000000000000000e+02 2.302086710369886546e+00
4.190000000000000000e+02 2.302121984685447487e+00
4.200000000000000000e+02 2.302157254902312822e+00
4.210000000000000000e+02 2.302192521017105253e+00
4.220000000000000000e+02 2.302227783026447483e+00
4.230000000000000000e+02 2.302263040926961768e+00
4.240000000000000000e+02 2.302298294715271254e+00
4.250000000000000000e+02 2.302333544387998643e+00
4.260000000000000000e+02 2.302368789941766192e+00
4.270000000000000000e+02 2.302404031373196158e+00
4.280000000000000000e+02 2.302439268678911688e+00
4.290000000000000000e+02 2.302474501855535483e+00
4.300000000000000000e+02 2.302509730899689799e+00
4.310000000000000000e+02 2.302544955807996896e+00
4.320000000000000000e+02 2.302580176577080362e+00
4.330000000000000000e+02 2.302615393203562011e+00
4.340000000000000000e+02 2.302650605684064988e+00
4.350000000000000000e+02 2.302685814015211552e+00
4.360000000000000000e+02 2.302721018193624403e+00
4.370000000000000000e+02 2.302756218215925799e+00
4.380000000000000000e+02 2.302791414078738885e+00
4.390000000000000000e+02 2.302826605778686364e+00
4.400000000000000000e+02 2.302861793312390049e+00
4.410000000000000000e+02 2.302896976676473084e+00
4.420000000000000000e+02 2.302932155867558617e+00
4.430000000000000000e+02 2.302967330882268016e+00
4.440000000000000000e+02 2.303002501717224870e+00
4.450000000000000000e+02 2.303037668369051438e+00
4.460000000000000000e+02 2.303072830834370421e+00
4.470000000000000000e+02 2.303107989109804077e+00
4.480000000000000000e+02 2.303143143191975550e+00
4.490000000000000000e+02 2.303178293077507099e+00
4.500000000000000000e+02 2.303213438763021426e+00
4.510000000000000000e+02 2.303248580245140786e+00
4.520000000000000000e+02 2.303283717520488771e+00
4.530000000000000000e+02 2.303318850585686750e+00
4.540000000000000000e+02 2.303353979437358312e+00
4.550000000000000000e+02 2.303389104072125715e+00
4.560000000000000000e+02 2.303424224486611216e+00
4.570000000000000000e+02 2.303459340677437961e+00
4.580000000000000000e+02 2.303494452641228207e+00
4.590000000000000000e+02 2.303529560374605101e+00
4.600000000000000000e+02 2.303564663874190455e+00
4.610000000000000000e+02 2.303599763136607415e+00
4.620000000000000000e+02 2.303634858158478238e+00
4.630000000000000000e+02 2.303669948936426071e+00
4.640000000000000000e+02 2.303705035467072726e+00
4.650000000000000000e+02 2.303740117747041793e+00
4.660000000000000000e+02 2.303775195772955087e+00
4.670000000000000000e+02 2.303810269541435307e+00
4.680000000000000000e+02 2.303845339049105156e+00
4.690000000000000000e+02 2.303880404292587780e+00
4.700000000000000000e+02 2.303915465268504992e+00
4.710000000000000000e+02 2.303950521973479937e+00
4.720000000000000000e+02 2.303985574404134873e+00
4.730000000000000000e+02 2.304020622557092501e+00
4.740000000000000000e+02 2.304055666428975524e+00
4.750000000000000000e+02 2.304090706016406642e+00
4.760000000000000000e+02 2.304125741316008114e+00
4.770000000000000000e+02 2.304160772324402640e+00
4.780000000000000000e+02 2.304195799038213366e+00
4.790000000000000000e+02 2.304230821454062106e+00
4.800000000000000000e+02 2.304265839568572005e+00
4.810000000000000000e+02 2.304300853378365765e+00
4.820000000000000000e+02 2.304335862880065200e+00
4.830000000000000000e+02 2.304370868070293898e+00
4.840000000000000000e+02 2.304405868945673674e+00
4.850000000000000000e+02 2.304440865502827673e+00
4.860000000000000000e+02 2.304475857738378153e+00
4.870000000000000000e+02 2.304510845648948258e+00
4.880000000000000000e+02 2.304545829231159804e+00
4.890000000000000000e+02 2.304580808481635934e+00
4.900000000000000000e+02 2.304615783396998907e+00
4.910000000000000000e+02 2.304650753973871868e+00
4.920000000000000000e+02 2.304685720208877076e+00
4.930000000000000000e+02 2.304720682098637230e+00
4.940000000000000000e+02 2.304755639639774589e+00
4.950000000000000000e+02 2.304790592828912299e+00
4.960000000000000000e+02 2.304825541662672617e+00
4.970000000000000000e+02 2.304860486137678244e+00
4.980000000000000000e+02 2.304895426250551882e+00
4.990000000000000000e+02 2.304930361997915789e+00
5.000000000000000000e+02 2.304965293376393110e+00
5.010000000000000000e+02 2.305000220382606102e+00
5.020000000000000000e+02 2.305035143013177468e+00
5.030000000000000000e+02 2.305070061264729908e+00
5.040000000000000000e+02 2.305104975133885681e+00
5.050000000000000000e+02 2.305139884617267931e+00
5.060000000000000000e+02 2.305174789711498473e+00
5.070000000000000000e+02 2.305209690413200896e+00
5.080000000000000000e+02 2.305244586718997013e+00
5.090000000000000000e+02 2.305279478625509970e+00
5.100000000000000000e+02 2.305314366129362025e+00
5.110000000000000000e+02 2.305349249227175878e+00
5.120000000000000000e+02 2.305384127915573789e+00
5.130000000000000000e+02 2.305419002191179345e+00
5.140000000000000000e+02 2.305453872050614361e+00
5.150000000000000000e+02 2.305488737490501538e+00
5.160000000000000000e+02 2.305523598507463134e+00
5.170000000000000000e+02 2.305558455098122739e+00
5.180000000000000000e+02 2.305593307259102609e+00
5.190000000000000000e+02 2.305628154987024558e+00
5.200000000000000000e+02 2.305662998278512177e+00
5.210000000000000000e+02 2.305697837130187722e+00
5.220000000000000000e+02 2.305732671538673451e+00
5.230000000000000000e+02 2.305767501500592509e+00
5.240000000000000000e+02 2.305802327012567154e+00
5.250000000000000000e+02 2.305837148071220088e+00
5.260000000000000000e+02 2.305871964673174013e+00
5.270000000000000000e+02 2.305906776815051629e+00
5.280000000000000000e+02 2.305941584493475194e+00
5.290000000000000000e+02 2.305976387705067854e+00
5.300000000000000000e+02 2.306011186446451422e+00
5.310000000000000000e+02 2.306045980714249044e+00
5.320000000000000000e+02 2.306080770505083422e+00
5.330000000000000000e+02 2.306115555815576812e+00
5.340000000000000000e+02 2.306150336642352361e+00
5.350000000000000000e+02 2.306185112982031882e+00
5.360000000000000000e+02 2.306219884831238520e+00
5.370000000000000000e+02 2.306254652186594534e+00
5.380000000000000000e+02 2.306289415044723068e+00
5.390000000000000000e+02 2.306324173402246380e+00
5.400000000000000000e+02 2.306358927255787172e+00
5.410000000000000000e+02 2.306393676601967702e+00
5.420000000000000000e+02 2.306428421437411114e+00
5.430000000000000000e+02 2.306463161758739666e+00
5.440000000000000000e+02 2.306497897562576505e+00
5.450000000000000000e+02 2.306532628845543442e+00
5.460000000000000000e+02 2.306567355604263181e+00
5.470000000000000000e+02 2.306602077835358866e+00
5.480000000000000000e+02 2.306636795535453199e+00
5.490000000000000000e+02 2.306671508701167994e+00
5.500000000000000000e+02 2.306706217329126396e+00
5.510000000000000000e+02 2.306740921415950663e+00
5.520000000000000000e+02 2.306775620958263939e+00
5.530000000000000000e+02 2.306810315952688484e+00
5.540000000000000000e+02 2.306845006395846998e+00
5.550000000000000000e+02 2.306879692284362182e+00
5.560000000000000000e+02 2.306914373614856295e+00
5.570000000000000000e+02 2.306949050383952038e+00
5.580000000000000000e+02 2.306983722588272556e+00
5.590000000000000000e+02 2.307018390224439663e+00
5.600000000000000000e+02 2.307053053289076505e+00
5.610000000000000000e+02 2.307087711778805339e+00
5.620000000000000000e+02 2.307122365690249310e+00
5.630000000000000000e+02 2.307157015020030233e+00
5.640000000000000000e+02 2.307191659764771696e+00
5.650000000000000000e+02 2.307226299921095070e+00
5.660000000000000000e+02 2.307260935485624387e+00
5.670000000000000000e+02 2.307295566454981017e+00
5.680000000000000000e+02 2.307330192825788551e+00
5.690000000000000000e+02 2.307364814594668800e+00
5.700000000000000000e+02 2.307399431758244468e+00
5.710000000000000000e+02 2.307434044313138699e+00
5.720000000000000000e+02 2.307468652255973751e+00
5.730000000000000000e+02 2.307503255583372326e+00
5.740000000000000000e+02 2.307537854291957125e+00
5.750000000000000000e+02 2.307572448378350405e+00
5.760000000000000000e+02 2.307607037839174868e+00
5.770000000000000000e+02 2.307641622671053216e+00
5.780000000000000000e+02 2.307676202870608151e+00
5.790000000000000000e+02 2.307710778434462373e+00
5.800000000000000000e+02 2.307745349359238141e+00
5.810000000000000000e+02 2.307779915641558599e+00
5.820000000000000000e+02 2.307814477278045562e+00
5.830000000000000000e+02 2.307849034265322175e+00
5.840000000000000000e+02 2.307883586600010695e+00
5.850000000000000000e+02 2.307918134278734268e+00
5.860000000000000000e+02 2.307952677298115152e+00
5.870000000000000000e+02 2.307987215654776048e+00
5.880000000000000000e+02 2.308021749345339657e+00
5.890000000000000000e+02 2.308056278366428238e+00
5.900000000000000000e+02 2.308090802714664491e+00
5.910000000000000000e+02 2.308125322386671563e+00
5.920000000000000000e+02 2.308159837379071266e+00
5.930000000000000000e+02 2.308194347688486747e+00
5.940000000000000000e+02 2.308228853311540263e+00
5.950000000000000000e+02 2.308263354244854959e+00
5.960000000000000000e+02 2.308297850485052649e+00
5.970000000000000000e+02 2.308332342028756923e+00
5.980000000000000000e+02 2.308366828872589149e+00
5.990000000000000000e+02 2.308401311013173363e+00
6.000000000000000000e+02 2.308435788447130932e+00
6.010000000000000000e+02 2.308470261171085003e+00
6.020000000000000000e+02 2.308504729181658277e+00
6.030000000000000000e+02 2.308539192475473456e+00
6.040000000000000000e+02 2.308573651049152797e+00
6.050000000000000000e+02 2.308608104899319002e+00
6.060000000000000000e+02 2.308642554022594773e+00
6.070000000000000000e+02 2.308676998415602366e+00
6.080000000000000000e+02 2.308711438074964928e+00
6.090000000000000000e+02 2.308745872997304716e+00
6.100000000000000000e+02 2.308780303179244431e+00
6.110000000000000000e+02 2.308814728617406775e+00
6.120000000000000000e+02 2.308849149308414450e+00
6.130000000000000000e+02 2.308883565248889713e+00
6.140000000000000000e+02 2.308917976435455266e+00
6.150000000000000000e+02 2.308952382864733810e+00
6.160000000000000000e+02 2.308986784533348047e+00
6.170000000000000000e+02 2.309021181437920678e+00
6.180000000000000000e+02 2.309055573575073517e+00
6.190000000000000000e+02 2.309089960941430153e+00
6.200000000000000000e+02 2.309124343533612844e+00
6.210000000000000000e+02 2.309158721348243848e+00
6.220000000000000000e+02 2.309193094381946310e+00
6.230000000000000000e+02 2.309227462631342487e+00
6.240000000000000000e+02 2.309261826093055525e+00
6.250000000000000000e+02 2.309296184763707238e+00
6.260000000000000000e+02 2.309330538639920327e+00
6.270000000000000000e+02 2.309364887718318382e+00
6.280000000000000000e+02 2.309399231995522772e+00
6.290000000000000000e+02 2.309433571468156643e+00
6.300000000000000000e+02 2.309467906132842696e+00
6.310000000000000000e+02 2.309502235986203633e+00
6.320000000000000000e+02 2.309536561024861712e+00
6.330000000000000000e+02 2.309570881245439633e+00
6.340000000000000000e+02 2.309605196644560099e+00
6.350000000000000000e+02 2.309639507218845811e+00
6.360000000000000000e+02 2.309673812964919026e+00
6.370000000000000000e+02 2.309708113879402891e+00
6.380000000000000000e+02 2.309742409958919662e+00
6.390000000000000000e+02 2.309776701200091598e+00
6.400000000000000000e+02 2.309810987599541843e+00
6.410000000000000000e+02 2.309845269153893099e+00
6.420000000000000000e+02 2.309879545859767624e+00
6.430000000000000000e+02 2.309913817713788120e+00
6.440000000000000000e+02 2.309948084712577288e+00
6.450000000000000000e+02 2.309982346852757384e+00
6.460000000000000000e+02 2.310016604130951556e+00
6.470000000000000000e+02 2.310050856543781617e+00
6.480000000000000000e+02 2.310085104087871155e+00
6.490000000000000000e+02 2.310119346759842429e+00
6.500000000000000000e+02 2.310153584556317696e+00
6.510000000000000000e+02 2.310187817473919658e+00
6.520000000000000000e+02 2.310222045509271460e+00
6.530000000000000000e+02 2.310256268658994916e+00
6.540000000000000000e+02 2.310290486919713171e+00
6.550000000000000000e+02 2.310324700288048927e+00
6.560000000000000000e+02 2.310358908760624441e+00
6.570000000000000000e+02 2.310393112334062415e+00
6.580000000000000000e+02 2.310427311004985107e+00
6.590000000000000000e+02 2.310461504770016106e+00
6.600000000000000000e+02 2.310495693625776781e+00
6.610000000000000000e+02 2.310529877568890722e+00
6.620000000000000000e+02 2.310564056595980187e+00
6.630000000000000000e+02 2.310598230703667877e+00
6.640000000000000000e+02 2.310632399888576050e+00
6.650000000000000000e+02 2.310666564147327851e+00
6.660000000000000000e+02 2.310700723476545093e+00
6.670000000000000000e+02 2.310734877872851367e+00
6.680000000000000000e+02 2.310769027332868486e+00
6.690000000000000000e+02 2.310803171853219595e+00
6.700000000000000000e+02 2.310837311430527397e+00
6.710000000000000000e+02 2.310871446061413703e+00
6.720000000000000000e+02 2.310905575742501661e+00
6.730000000000000000e+02 2.310939700470413971e+00
6.740000000000000000e+02 2.310973820241772891e+00
6.750000000000000000e+02 2.311007935053201123e+00
6.760000000000000000e+02 2.311042044901321812e+00
6.770000000000000000e+02 2.311076149782756772e+00
6.780000000000000000e+02 2.311110249694129148e+00
6.790000000000000000e+02 2.311144344632061198e+00
6.800000000000000000e+02 2.311178434593175623e+00
6.810000000000000000e+02 2.311212519574095570e+00
6.820000000000000000e+02 2.311246599571442850e+00
6.830000000000000000e+02 2.311280674581840167e+00
6.840000000000000000e+02 2.311314744601910665e+00
6.850000000000000000e+02 2.311348809628276602e+00
6.860000000000000000e+02 2.311382869657560679e+00
6.870000000000000000e+02 2.311416924686385155e+00
6.880000000000000000e+02 2.311450974711373618e+00
6.890000000000000000e+02 2.311485019729147439e+00
6.900000000000000000e+02 2.311519059736329762e+00
6.910000000000000000e+02 2.311553094729543290e+00
6.920000000000000000e+02 2.311587124705410723e+00
6.930000000000000000e+02 2.311621149660554320e+00
6.940000000000000000e+02 2.311655169591597225e+00
6.950000000000000000e+02 2.311689184495161253e+00
6.960000000000000000e+02 2.311723194367869549e+00
6.970000000000000000e+02 2.311757199206344815e+00
6.980000000000000000e+02 2.311791199007209308e+00
6.990000000000000000e+02 2.311825193767085729e+00
7.000000000000000000e+02 2.311859183482596780e+00
7.010000000000000000e+02 2.311893168150365163e+00
7.020000000000000000e+02 2.311927147767013135e+00
7.030000000000000000e+02 2.311961122329163398e+00
7.040000000000000000e+02 2.311995091833439098e+00
7.050000000000000000e+02 2.312029056276462491e+00
7.060000000000000000e+02 2.312063015654855835e+00
7.070000000000000000e+02 2.312096969965241833e+00
7.080000000000000000e+02 2.312130919204243629e+00
7.090000000000000000e+02 2.312164863368483481e+00
7.100000000000000000e+02 2.312198802454583646e+00
7.110000000000000000e+02 2.312232736459167270e+00
7.120000000000000000e+02 2.312266665378857056e+00
7.130000000000000000e+02 2.312300589210275259e+00
7.140000000000000000e+02 2.312334507950044138e+00
7.150000000000000000e+02 2.312368421594787282e+00
7.160000000000000000e+02 2.312402330141126505e+00
7.170000000000000000e+02 2.312436233585684509e+00
7.180000000000000000e+02 2.312470131925083994e+00
7.190000000000000000e+02 2.312504025155947662e+00
7.200000000000000000e+02 2.312537913274898216e+00
7.210000000000000000e+02 2.312571796278557912e+00
7.220000000000000000e+02 2.312605674163549896e+00
7.230000000000000000e+02 2.312639546926495981e+00
7.240000000000000000e+02 2.312673414564019758e+00
7.250000000000000000e+02 2.312707277072743040e+00
7.260000000000000000e+02 2.312741134449288527e+00
7.270000000000000000e+02 2.312774986690279366e+00
7.280000000000000000e+02 2.312808833792337815e+00
7.290000000000000000e+02 2.312842675752086130e+00
7.300000000000000000e+02 2.312876512566147458e+00
7.310000000000000000e+02 2.312910344231144055e+00
7.320000000000000000e+02 2.312944170743698624e+00
7.330000000000000000e+02 2.312977992100434310e+00
7.340000000000000000e+02 2.313011808297972927e+00
7.350000000000000000e+02 2.313045619332937175e+00
7.360000000000000000e+02 2.313079425201950201e+00
7.370000000000000000e+02 2.313113225901634262e+00
7.380000000000000000e+02 2.313147021428611616e+00
7.390000000000000000e+02 2.313180811779505852e+00
7.400000000000000000e+02 2.313214596950938340e+00
7.410000000000000000e+02 2.313248376939532669e+00
7.420000000000000000e+02 2.313282151741911097e+00
7.430000000000000000e+02 2.313315921354696325e+00
7.440000000000000000e+02 2.313349685774510611e+00
7.450000000000000000e+02 2.313383444997977101e+00
7.460000000000000000e+02 2.313417199021718051e+00
7.470000000000000000e+02 2.313450947842355720e+00
7.480000000000000000e+02 2.313484691456513698e+00
7.490000000000000000e+02 2.313518429860813796e+00
7.500000000000000000e+02 2.313552163051878718e+00
7.510000000000000000e+02 2.313585891026331609e+00
7.520000000000000000e+02 2.313619613780794282e+00
7.530000000000000000e+02 2.313653331311889882e+00
7.540000000000000000e+02 2.313687043616240668e+00
7.550000000000000000e+02 2.313720750690469785e+00
7.560000000000000000e+02 2.313754452531199490e+00
7.570000000000000000e+02 2.313788149135052041e+00
7.580000000000000000e+02 2.313821840498650584e+00
7.590000000000000000e+02 2.313855526618617819e+00
7.600000000000000000e+02 2.313889207491575561e+00
7.610000000000000000e+02 2.313922883114147400e+00
7.620000000000000000e+02 2.313956553482955147e+00
7.630000000000000000e+02 2.313990218594621950e+00
7.640000000000000000e+02 2.314023878445770510e+00
7.650000000000000000e+02 2.314057533033022640e+00
7.660000000000000000e+02 2.314091182353001486e+00
7.670000000000000000e+02 2.314124826402329749e+00
7.680000000000000000e+02 2.314158465177630131e+00
7.690000000000000000e+02 2.314192098675524445e+00
7.700000000000000000e+02 2.314225726892636281e+00
7.710000000000000000e+02 2.314259349825587897e+00
7.720000000000000000e+02 2.314292967471001550e+00
7.730000000000000000e+02 2.314326579825500385e+00
7.740000000000000000e+02 2.314360186885706661e+00
7.750000000000000000e+02 2.314393788648243078e+00
7.760000000000000000e+02 2.314427385109731894e+00
7.770000000000000000e+02 2.314460976266796699e+00
7.780000000000000000e+02 2.314494562116058862e+00
7.790000000000000000e+02 2.314528142654141973e+00
7.800000000000000000e+02 2.314561717877668290e+00
7.810000000000000000e+02 2.314595287783260069e+00
7.820000000000000000e+02 2.314628852367540457e+00
7.830000000000000000e+02 2.314662411627131711e+00
7.840000000000000000e+02 2.314695965558656976e+00
7.850000000000000000e+02 2.314729514158738066e+00
7.860000000000000000e+02 2.314763057423998127e+00
7.870000000000000000e+02 2.314796595351059416e+00
7.880000000000000000e+02 2.314830127936545079e+00
7.890000000000000000e+02 2.314863655177076929e+00
7.900000000000000000e+02 2.314897177069278555e+00
7.910000000000000000e+02 2.314930693609771772e+00
7.920000000000000000e+02 2.314964204795179281e+00
7.930000000000000000e+02 2.314997710622124227e+00
7.940000000000000000e+02 2.315031211087228424e+00
7.950000000000000000e+02 2.315064706187115018e+00
7.960000000000000000e+02 2.315098195918406709e+00
7.970000000000000000e+02 2.315131680277725756e+00
7.980000000000000000e+02 2.315165159261695305e+00
7.990000000000000000e+02 2.315198632866937167e+00
8.000000000000000000e+02 2.315232101090074046e+00
8.010000000000000000e+02 2.315265563927729531e+00
8.020000000000000000e+02 2.315299021376524991e+00
8.030000000000000000e+02 2.315332473433084015e+00
8.040000000000000000e+02 2.315365920094028418e+00
8.050000000000000000e+02 2.315399361355981789e+00
8.060000000000000000e+02 2.315432797215565497e+00
8.070000000000000000e+02 2.315466227669403132e+00
8.080000000000000000e+02 2.315499652714116952e+00
8.090000000000000000e+02 2.315533072346329213e+00
8.100000000000000000e+02 2.315566486562663062e+00
8.110000000000000000e+02 2.315599895359740756e+00
8.120000000000000000e+02 2.315633298734185441e+00
8.130000000000000000e+02 2.315666696682619374e+00
8.140000000000000000e+02 2.315700089201664813e+00
8.150000000000000000e+02 2.315733476287944459e+00
8.160000000000000000e+02 2.315766857938081458e+00
8.170000000000000000e+02 2.315800234148698067e+00
8.180000000000000000e+02 2.315833604916416988e+00
8.190000000000000000e+02 2.315866970237860922e+00
8.200000000000000000e+02 2.315900330109652128e+00
8.210000000000000000e+02 2.315933684528413306e+00
8.220000000000000000e+02 2.315967033490767601e+00
8.230000000000000000e+02 2.316000376993336829e+00
8.240000000000000000e+02 2.316033715032743689e+00
8.250000000000000000e+02 2.316067047605611329e+00
8.260000000000000000e+02 2.316100374708562448e+00
8.270000000000000000e+02 2.316133696338218861e+00
8.280000000000000000e+02 2.316167012491203714e+00
8.290000000000000000e+02 2.316200323164139263e+00
8.300000000000000000e+02 2.316233628353648655e+00
8.310000000000000000e+02 2.316266928056354146e+00
8.320000000000000000e+02 2.316300222268878439e+00
8.330000000000000000e+02 2.316333510987843791e+00
8.340000000000000000e+02 2.316366794209873348e+00
8.350000000000000000e+02 2.316400071931589810e+00
8.360000000000000000e+02 2.316433344149614992e+00
8.370000000000000000e+02 2.316466610860572040e+00
8.380000000000000000e+02 2.316499872061083654e+00
8.390000000000000000e+02 2.316533127747772092e+00
8.400000000000000000e+02 2.316566377917260056e+00
8.410000000000000000e+02 2.316599622566170247e+00
8.420000000000000000e+02 2.316632861691125811e+00
8.430000000000000000e+02 2.316666095288748117e+00
8.440000000000000000e+02 2.316699323355660756e+00
8.450000000000000000e+02 2.316732545888485983e+00
8.460000000000000000e+02 2.316765762883846502e+00
8.470000000000000000e+02 2.316798974338365014e+00
8.480000000000000000e+02 2.316832180248663775e+00
8.490000000000000000e+02 2.316865380611365932e+00
8.500000000000000000e+02 2.316898575423093742e+00
8.510000000000000000e+02 2.316931764680469463e+00
8.520000000000000000e+02 2.316964948380116240e+00
8.530000000000000000e+02 2.316998126518656775e+00
8.540000000000000000e+02 2.317031299092713326e+00
8.550000000000000000e+02 2.317064466098908593e+00
8.560000000000000000e+02 2.317097627533864834e+00
8.570000000000000000e+02 2.317130783394205196e+00
8.580000000000000000e+02 2.317163933676552379e+00
8.590000000000000000e+02 2.317197078377528641e+00
8.600000000000000000e+02 2.317230217493756239e+00
8.610000000000000000e+02 2.317263351021858764e+00
8.620000000000000000e+02 2.317296478958458028e+00
8.630000000000000000e+02 2.317329601300176734e+00
8.640000000000000000e+02 2.317362718043638026e+00
8.650000000000000000e+02 2.317395829185463718e+00
8.660000000000000000e+02 2.317428934722276956e+00
8.670000000000000000e+02 2.317462034650699998e+00
8.680000000000000000e+02 2.317495128967355988e+00
8.690000000000000000e+02 2.317528217668867185e+00
8.700000000000000000e+02 2.317561300751855846e+00
8.710000000000000000e+02 2.317594378212945117e+00
8.720000000000000000e+02 2.317627450048757698e+00
8.730000000000000000e+02 2.317660516255915848e+00
8.740000000000000000e+02 2.317693576831042268e+00
8.750000000000000000e+02 2.317726631770759216e+00
8.760000000000000000e+02 2.317759681071689837e+00
8.770000000000000000e+02 2.317792724730456833e+00
8.780000000000000000e+02 2.317825762743682017e+00
8.790000000000000000e+02 2.317858795107988978e+00
8.800000000000000000e+02 2.317891821819999532e+00
8.810000000000000000e+02 2.317924842876336378e+00
8.820000000000000000e+02 2.317957858273622662e+00
8.830000000000000000e+02 2.317990868008480643e+00
8.840000000000000000e+02 2.318023872077533021e+00
8.850000000000000000e+02 2.318056870477402498e+00
8.860000000000000000e+02 2.318089863204711332e+00
8.870000000000000000e+02 2.318122850256082224e+00
8.880000000000000000e+02 2.318155831628137875e+00
8.890000000000000000e+02 2.318188807317500988e+00
8.900000000000000000e+02 2.318221777320794263e+00
8.910000000000000000e+02 2.318254741634639515e+00
8.920000000000000000e+02 2.318287700255660777e+00
8.930000000000000000e+02 2.318320653180479418e+00
8.940000000000000000e+02 2.318353600405718140e+00
8.950000000000000000e+02 2.318386541928000533e+00
8.960000000000000000e+02 2.318419477743947965e+00
8.970000000000000000e+02 2.318452407850184027e+00
8.980000000000000000e+02 2.318485332243330976e+00
8.990000000000000000e+02 2.318518250920011070e+00
9.000000000000000000e+02 2.318551163876847454e+00
9.010000000000000000e+02 2.318584071110462386e+00
9.020000000000000000e+02 2.318616972617478567e+00
9.030000000000000000e+02 2.318649868394518254e+00
9.040000000000000000e+02 2.318682758438205038e+00
9.050000000000000000e+02 2.318715642745160732e+00
9.060000000000000000e+02 2.318748521312008037e+00
9.070000000000000000e+02 2.318781394135369656e+00
9.080000000000000000e+02 2.318814261211867844e+00
9.090000000000000000e+02 2.318847122538126193e+00
9.100000000000000000e+02 2.318879978110766071e+00
9.110000000000000000e+02 2.318912827926411069e+00
9.120000000000000000e+02 2.318945671981683443e+00
9.130000000000000000e+02 2.318978510273205451e+00
9.140000000000000000e+02 2.319011342797600239e+00
9.150000000000000000e+02 2.319044169551490064e+00
9.160000000000000000e+02 2.319076990531497628e+00
9.170000000000000000e+02 2.319109805734245633e+00
9.180000000000000000e+02 2.319142615156356779e+00
9.190000000000000000e+02 2.319175418794453325e+00
9.200000000000000000e+02 2.319208216645158416e+00
9.210000000000000000e+02 2.319241008705093865e+00
9.220000000000000000e+02 2.319273794970882818e+00
9.230000000000000000e+02 2.319306575439147977e+00
9.240000000000000000e+02 2.319339350106511599e+00
9.250000000000000000e+02 2.319372118969596386e+00
9.260000000000000000e+02 2.319404882025025039e+00
9.270000000000000000e+02 2.319437639269420259e+00
9.280000000000000000e+02 2.319470390699404749e+00
9.290000000000000000e+02 2.319503136311600322e+00
9.300000000000000000e+02 2.319535876102630567e+00
9.310000000000000000e+02 2.319568610069117742e+00
9.320000000000000000e+02 2.319601338207684105e+00
9.330000000000000000e+02 2.319634060514952800e+00
9.340000000000000000e+02 2.319666776987546086e+00
9.350000000000000000e+02 2.319699487622086664e+00
9.360000000000000000e+02 2.319732192415197236e+00
9.370000000000000000e+02 2.319764891363500503e+00
9.380000000000000000e+02 2.319797584463618723e+00
9.390000000000000000e+02 2.319830271712174596e+00
9.400000000000000000e+02 2.319862953105790826e+00
9.410000000000000000e+02 2.319895628641090113e+00
9.420000000000000000e+02 2.319928298314694715e+00
9.430000000000000000e+02 2.319960962123227777e+00
9.440000000000000000e+02 2.319993620063311113e+00
9.450000000000000000e+02 2.320026272131568312e+00
9.460000000000000000e+02 2.320058918324621633e+00
9.470000000000000000e+02 2.320091558639092888e+00
9.480000000000000000e+02 2.320124193071606111e+00
9.490000000000000000e+02 2.320156821618782672e+00
9.500000000000000000e+02 2.320189444277245716e+00
9.510000000000000000e+02 2.320222061043617945e+00
9.520000000000000000e+02 2.320254671914521616e+00
9.530000000000000000e+02 2.320287276886579431e+00
9.540000000000000000e+02 2.320319875956414091e+00
9.550000000000000000e+02 2.320352469120648742e+00
9.560000000000000000e+02 2.320385056375904753e+00
9.570000000000000000e+02 2.320417637718805715e+00
9.580000000000000000e+02 2.320450213145973883e+00
9.590000000000000000e+02 2.320482782654032405e+00
9.600000000000000000e+02 2.320515346239602650e+00
9.610000000000000000e+02 2.320547903899308650e+00
9.620000000000000000e+02 2.320580455629772221e+00
9.630000000000000000e+02 2.320613001427615618e+00
9.640000000000000000e+02 2.320645541289462432e+00
9.650000000000000000e+02 2.320678075211934477e+00
9.660000000000000000e+02 2.320710603191654897e+00
9.670000000000000000e+02 2.320743125225245951e+00
9.680000000000000000e+02 2.320775641309330339e+00
9.690000000000000000e+02 2.320808151440530764e+00
9.700000000000000000e+02 2.320840655615469483e+00
9.710000000000000000e+02 2.320873153830769642e+00
9.720000000000000000e+02 2.320905646083053497e+00
9.730000000000000000e+02 2.320938132368943752e+00
9.740000000000000000e+02 2.320970612685063106e+00
9.750000000000000000e+02 2.321003087028033818e+00
9.760000000000000000e+02 2.321035555394478589e+00
9.770000000000000000e+02 2.321068017781020565e+00
9.780000000000000000e+02 2.321100474184282003e+00
9.790000000000000000e+02 2.321132924600885161e+00
9.800000000000000000e+02 2.321165369027453185e+00
9.810000000000000000e+02 2.321197807460608331e+00
9.820000000000000000e+02 2.321230239896973302e+00
9.830000000000000000e+02 2.321262666333170799e+00
9.840000000000000000e+02 2.321295086765823079e+00
9.850000000000000000e+02 2.321327501191553289e+00
9.860000000000000000e+02 2.321359909606983685e+00
9.870000000000000000e+02 2.321392312008736969e+00
9.880000000000000000e+02 2.321424708393435843e+00
9.890000000000000000e+02 2.321457098757703008e+00
9.900000000000000000e+02 2.321489483098160722e+00
9.910000000000000000e+02 2.321521861411431686e+00
9.920000000000000000e+02 2.321554233694138158e+00
9.930000000000000000e+02 2.321586599942903728e+00
9.940000000000000000e+02 2.321618960154350209e+00
9.950000000000000000e+02 2.321651314325100746e+00
9.960000000000000000e+02 2.321683662451777153e+00
9.970000000000000000e+02 2.321716004531003019e+00
9.980000000000000000e+02 2.321748340559400159e+00
9.990000000000000000e+02 2.321780670533591273e+00
1.000000000000000000e+03 2.321812994450199508e+00
1.001000000000000000e+03 2.321845312305846676e+00
1.002000000000000000e+03 2.321877624097156367e+00
1.003000000000000000e+03 2.321909929820750396e+00
1.004000000000000000e+03 2.321942229473251906e+00
1.005000000000000000e+03 2.321974523051282713e+00
1.006000000000000000e+03 2.322006810551466405e+00
1.007000000000000000e+03 2.322039091970424796e+00
1.008000000000000000e+03 2.322071367304781031e+00
1.009000000000000000e+03 2.322103636551157368e+00
1.010000000000000000e+03 2.322135899706176954e+00
1.011000000000000000e+03 2.322168156766461600e+00
1.012000000000000000e+03 2.322200407728634453e+00
1.013000000000000000e+03 2.322232652589317770e+00
1.014000000000000000e+03 2.322264891345134696e+00
1.015000000000000000e+03 2.322297123992707490e+00
1.016000000000000000e+03 2.322329350528658409e+00
1.017000000000000000e+03 2.322361570949610599e+00
1.018000000000000000e+03 2.322393785252186760e+00
1.019000000000000000e+03 2.322425993433009150e+00
1.020000000000000000e+03 2.322458195488700472e+00
1.021000000000000000e+03 2.322490391415882982e+00
1.022000000000000000e+03 2.322522581211179826e+00
