# order=12: # line, wavelength [pixel], wavelength [micron]
1.000000000000000000e+00 1.654545454545454675e+01 1.715242412877820755e+00
2.000000000000000000e+00 4.645454545454545325e+01 1.716099626219381946e+00
3.000000000000000000e+00 2.383333333333333428e+02 1.721485201491523842e+00
4.000000000000000000e+00 3.157272727272727479e+02 1.723601738695410557e+00
5.000000000000000000e+00 3.435454545454545610e+02 1.724354672753443785e+00
6.000000000000000000e+00 3.526060606060606233e+02 1.724599015978683481e+00
7.000000000000000000e+00 3.641515151515151274e+02 1.724909733583666727e+00
8.000000000000000000e+00 4.139696969696969973e+02 1.726242293648837300e+00
9.000000000000000000e+00 5.012121212121211897e+02 1.728543921768128655e+00
1.000000000000000000e+01 5.152727272727272521e+02 1.728911059782919590e+00
1.100000000000000000e+01 8.166666666666666288e+02 1.736526566126733950e+00
1.200000000000000000e+01 8.231515151515151274e+02 1.736685084228003939e+00
1.300000000000000000e+01 9.616666666666666288e+02 1.740017296844198702e+00
1.400000000000000000e+01 1.016454545454545496e+03 1.741306992162844125e+00
