# order=1: # line, wavelength [pixel], wavelength [micron]
1.000000000000000000e+00 1.321515151515151558e+02 1.374013880219574268e+00
2.000000000000000000e+00 1.408484848484848442e+02 1.374212788871193469e+00
3.000000000000000000e+00 1.594545454545454675e+02 1.374636846010945268e+00
4.000000000000000000e+00 1.968484848484848442e+02 1.375482992571807728e+00
5.000000000000000000e+00 2.442727272727272805e+02 1.376544364244942420e+00
6.000000000000000000e+00 2.887272727272727479e+02 1.377527352456058507e+00
7.000000000000000000e+00 3.174545454545454390e+02 1.378156440234238556e+00
8.000000000000000000e+00 3.709090909090909349e+02 1.379314200168066495e+00
9.000000000000000000e+00 3.866666666666666856e+02 1.379652306940347017e+00
