# order=7: data_wav [pixel], data_wavsolution [micron]
3.000000000000000000e+00 1.540625958510011939e+00
4.000000000000000000e+00 1.540625504437439064e+00
5.000000000000000000e+00 1.540625349239809427e+00
6.000000000000000000e+00 1.540625492917123029e+00
7.000000000000000000e+00 1.540625935469379870e+00
8.000000000000000000e+00 1.540626676896579950e+00
9.000000000000000000e+00 1.540627717198723268e+00
1.000000000000000000e+01 1.540629056375809824e+00
1.100000000000000000e+01 1.540630694427839620e+00
1.200000000000000000e+01 1.540632631354812432e+00
1.300000000000000000e+01 1.540634867156728705e+00
1.400000000000000000e+01 1.540637401833588216e+00
1.500000000000000000e+01 1.540640235385390744e+00
1.600000000000000000e+01 1.540643367812136733e+00
1.700000000000000000e+01 1.540646799113825960e+00
1.800000000000000000e+01 1.540650529290458204e+00
1.900000000000000000e+01 1.540654558342033909e+00
2.000000000000000000e+01 1.540658886268552630e+00
2.100000000000000000e+01 1.540663513070014590e+00
2.200000000000000000e+01 1.540668438746420010e+00
2.300000000000000000e+01 1.540673663297768448e+00
2.400000000000000000e+01 1.540679186724060123e+00
2.500000000000000000e+01 1.540685009025295260e+00
2.600000000000000000e+01 1.540691130201473413e+00
2.700000000000000000e+01 1.540697550252594805e+00
2.800000000000000000e+01 1.540704269178659436e+00
2.900000000000000000e+01 1.540711286979667305e+00
3.000000000000000000e+01 1.540718603655618413e+00
3.100000000000000000e+01 1.540726219206512759e+00
3.200000000000000000e+01 1.540734133632350344e+00
3.300000000000000000e+01 1.540742346933131168e+00
3.400000000000000000e+01 1.540750859108855231e+00
3.500000000000000000e+01 1.540759670159522310e+00
3.600000000000000000e+01 1.540768780085132850e+00
3.700000000000000000e+01 1.540778188885686628e+00
3.800000000000000000e+01 1.540787896561183423e+00
3.900000000000000000e+01 1.540797903111623679e+00
4.000000000000000000e+01 1.540808208537007173e+00
4.100000000000000000e+01 1.540818812837333684e+00
4.200000000000000000e+01 1.540829716012603656e+00
4.300000000000000000e+01 1.540840918062816645e+00
4.400000000000000000e+01 1.540852418987972872e+00
4.500000000000000000e+01 1.540864218788072559e+00
4.600000000000000000e+01 1.540876317463115264e+00
4.700000000000000000e+01 1.540888715013101207e+00
4.800000000000000000e+01 1.540901411438030610e+00
4.900000000000000000e+01 1.540914406737903031e+00
5.000000000000000000e+01 1.540927700912718690e+00
5.100000000000000000e+01 1.540941293962477587e+00
5.200000000000000000e+01 1.540955185887179724e+00
5.300000000000000000e+01 1.540969376686825099e+00
5.400000000000000000e+01 1.540983866361413712e+00
5.500000000000000000e+01 1.540998654910945564e+00
5.600000000000000000e+01 1.541013742335420655e+00
5.700000000000000000e+01 1.541029128634838763e+00
5.800000000000000000e+01 1.541044813809200331e+00
5.900000000000000000e+01 1.541060797858505138e+00
6.000000000000000000e+01 1.541077080782753184e+00
6.100000000000000000e+01 1.541093662581944246e+00
6.200000000000000000e+01 1.541110543256078769e+00
6.300000000000000000e+01 1.541127722805156308e+00
6.400000000000000000e+01 1.541145201229177308e+00
6.500000000000000000e+01 1.541162978528141325e+00
6.600000000000000000e+01 1.541181054702048803e+00
6.700000000000000000e+01 1.541199429750899297e+00
6.800000000000000000e+01 1.541218103674693030e+00
6.900000000000000000e+01 1.541237076473430223e+00
7.000000000000000000e+01 1.541256348147110433e+00
7.100000000000000000e+01 1.541275918695733882e+00
7.200000000000000000e+01 1.541295788119300569e+00
7.300000000000000000e+01 1.541315956417810495e+00
7.400000000000000000e+01 1.541336423591263882e+00
7.500000000000000000e+01 1.541357189639660286e+00
7.600000000000000000e+01 1.541378254562999928e+00
7.700000000000000000e+01 1.541399618361282808e+00
7.800000000000000000e+01 1.541421281034508706e+00
7.900000000000000000e+01 1.541443242582678064e+00
8.000000000000000000e+01 1.541465503005790660e+00
8.100000000000000000e+01 1.541488062303846496e+00
8.200000000000000000e+01 1.541510920476845570e+00
8.300000000000000000e+01 1.541534077524787660e+00
8.400000000000000000e+01 1.541557533447673212e+00
8.500000000000000000e+01 1.541581288245501780e+00
8.600000000000000000e+01 1.541605341918273808e+00
8.700000000000000000e+01 1.541629694465988853e+00
8.800000000000000000e+01 1.541654345888647359e+00
8.900000000000000000e+01 1.541679296186248882e+00
9.000000000000000000e+01 1.541704545358793865e+00
9.100000000000000000e+01 1.541730093406281865e+00
9.200000000000000000e+01 1.541755940328713104e+00
9.300000000000000000e+01 1.541782086126087803e+00
9.400000000000000000e+01 1.541808530798405519e+00
9.500000000000000000e+01 1.541835274345666473e+00
9.600000000000000000e+01 1.541862316767870666e+00
9.700000000000000000e+01 1.541889658065018098e+00
9.800000000000000000e+01 1.541917298237108769e+00
9.900000000000000000e+01 1.541945237284142678e+00
1.000000000000000000e+02 1.541973475206119826e+00
1.010000000000000000e+02 1.542002012003040212e+00
1.020000000000000000e+02 1.542030847674903837e+00
1.030000000000000000e+02 1.542059982221710479e+00
1.040000000000000000e+02 1.542089415643460582e+00
1.050000000000000000e+02 1.542119147940153923e+00
1.060000000000000000e+02 1.542149179111790502e+00
1.070000000000000000e+02 1.542179509158370099e+00
1.080000000000000000e+02 1.542210138079893156e+00
1.090000000000000000e+02 1.542241065876359229e+00
1.100000000000000000e+02 1.542272292547768764e+00
1.110000000000000000e+02 1.542303818094121315e+00
1.120000000000000000e+02 1.542335642515417327e+00
1.130000000000000000e+02 1.542367765811656355e+00
1.140000000000000000e+02 1.542400187982838622e+00
1.150000000000000000e+02 1.542432909028964350e+00
1.160000000000000000e+02 1.542465928950033094e+00
1.170000000000000000e+02 1.542499247746045077e+00
1.180000000000000000e+02 1.542532865417000298e+00
1.190000000000000000e+02 1.542566781962898759e+00
1.200000000000000000e+02 1.542600997383740458e+00
1.210000000000000000e+02 1.542635511679525395e+00
1.220000000000000000e+02 1.542670324850253571e+00
1.230000000000000000e+02 1.542705436895924986e+00
1.240000000000000000e+02 1.542740847816539640e+00
1.250000000000000000e+02 1.542776557612097532e+00
1.260000000000000000e+02 1.542812566282598663e+00
1.270000000000000000e+02 1.542848873828042811e+00
1.280000000000000000e+02 1.542885480248430419e+00
1.290000000000000000e+02 1.542922385543761266e+00
1.300000000000000000e+02 1.542959589714035129e+00
1.310000000000000000e+02 1.542997092759252453e+00
1.320000000000000000e+02 1.543034894679413016e+00
1.330000000000000000e+02 1.543072995474516595e+00
1.340000000000000000e+02 1.543111395144563414e+00
1.350000000000000000e+02 1.543150093689553692e+00
1.360000000000000000e+02 1.543189091109486988e+00
1.370000000000000000e+02 1.543228387404363744e+00
1.380000000000000000e+02 1.543267982574183517e+00
1.390000000000000000e+02 1.543307876618946528e+00
1.400000000000000000e+02 1.543348069538652778e+00
1.410000000000000000e+02 1.543388561333302267e+00
1.420000000000000000e+02 1.543429352002894994e+00
1.430000000000000000e+02 1.543470441547430960e+00
1.440000000000000000e+02 1.543511829966910165e+00
1.450000000000000000e+02 1.543553517261332608e+00
1.460000000000000000e+02 1.543595503430698290e+00
1.470000000000000000e+02 1.543637788475007211e+00
1.480000000000000000e+02 1.543680372394259370e+00
1.490000000000000000e+02 1.543723255188454768e+00
1.500000000000000000e+02 1.543766436857593183e+00
1.510000000000000000e+02 1.543809917401675058e+00
1.520000000000000000e+02 1.543853696820700172e+00
1.530000000000000000e+02 1.543897775114668303e+00
1.540000000000000000e+02 1.543942152283579894e+00
1.550000000000000000e+02 1.543986828327434724e+00
1.560000000000000000e+02 1.544031803246232570e+00
1.570000000000000000e+02 1.544077077039973656e+00
1.580000000000000000e+02 1.544122649708658201e+00
1.590000000000000000e+02 1.544168521252285764e+00
1.600000000000000000e+02 1.544214691670856565e+00
1.610000000000000000e+02 1.544261160964370827e+00
1.620000000000000000e+02 1.544307929132828106e+00
1.630000000000000000e+02 1.544354996176228623e+00
1.640000000000000000e+02 1.544402362094572378e+00
1.650000000000000000e+02 1.544450026887859373e+00
1.660000000000000000e+02 1.544497990556089606e+00
1.670000000000000000e+02 1.544546253099263078e+00
1.680000000000000000e+02 1.544594814517379788e+00
1.690000000000000000e+02 1.544643674810439737e+00
1.700000000000000000e+02 1.544692833978442925e+00
1.710000000000000000e+02 1.544742292021389352e+00
1.720000000000000000e+02 1.544792048939279017e+00
1.730000000000000000e+02 1.544842104732111698e+00
1.740000000000000000e+02 1.544892459399887841e+00
1.750000000000000000e+02 1.544943112942607222e+00
1.760000000000000000e+02 1.544994065360269619e+00
1.770000000000000000e+02 1.545045316652875478e+00
1.780000000000000000e+02 1.545096866820424353e+00
1.790000000000000000e+02 1.545148715862916688e+00
1.800000000000000000e+02 1.545200863780352041e+00
1.810000000000000000e+02 1.545253310572730854e+00
1.820000000000000000e+02 1.545306056240052683e+00
1.830000000000000000e+02 1.545359100782317752e+00
1.840000000000000000e+02 1.545412444199526059e+00
1.850000000000000000e+02 1.545466086491677826e+00
1.860000000000000000e+02 1.545520027658772610e+00
1.870000000000000000e+02 1.545574267700810633e+00
1.880000000000000000e+02 1.545628806617791895e+00
1.890000000000000000e+02 1.545683644409716395e+00
1.900000000000000000e+02 1.545738781076584134e+00
1.910000000000000000e+02 1.545794216618395112e+00
1.920000000000000000e+02 1.545849951035149328e+00
1.930000000000000000e+02 1.545905984326846783e+00
1.940000000000000000e+02 1.545962316493487254e+00
1.950000000000000000e+02 1.546018947535071186e+00
1.960000000000000000e+02 1.546075877451598357e+00
1.970000000000000000e+02 1.546133106243068767e+00
1.980000000000000000e+02 1.546190633909482193e+00
1.990000000000000000e+02 1.546248460450839080e+00
2.000000000000000000e+02 1.546306585867138983e+00
2.010000000000000000e+02 1.546365010158382347e+00
2.020000000000000000e+02 1.546423733324568728e+00
2.030000000000000000e+02 1.546482755365698569e+00
2.040000000000000000e+02 1.546542076281771427e+00
2.050000000000000000e+02 1.546601696072787524e+00
2.060000000000000000e+02 1.546661614738747081e+00
2.070000000000000000e+02 1.546721832279649655e+00
2.080000000000000000e+02 1.546782348695495468e+00
2.090000000000000000e+02 1.546843163986284519e+00
2.100000000000000000e+02 1.546904278152016809e+00
2.110000000000000000e+02 1.546965691192692338e+00
2.120000000000000000e+02 1.547027403108311105e+00
2.130000000000000000e+02 1.547089413898873111e+00
2.140000000000000000e+02 1.547151723564378356e+00
2.150000000000000000e+02 1.547214332104826839e+00
2.160000000000000000e+02 1.547277239520218561e+00
2.170000000000000000e+02 1.547340445810553522e+00
2.180000000000000000e+02 1.547403950975831721e+00
2.190000000000000000e+02 1.547467755016052937e+00
2.200000000000000000e+02 1.547531857931217614e+00
2.210000000000000000e+02 1.547596259721325529e+00
2.220000000000000000e+02 1.547660960386376461e+00
2.230000000000000000e+02 1.547725959926370853e+00
2.240000000000000000e+02 1.547791258341308263e+00
2.250000000000000000e+02 1.547856855631189132e+00
2.260000000000000000e+02 1.547922751796013019e+00
2.270000000000000000e+02 1.547988946835780144e+00
2.280000000000000000e+02 1.548055440750490730e+00
2.290000000000000000e+02 1.548122233540144332e+00
2.300000000000000000e+02 1.548189325204741174e+00
2.310000000000000000e+02 1.548256715744281253e+00
2.320000000000000000e+02 1.548324405158764794e+00
2.330000000000000000e+02 1.548392393448191351e+00
2.340000000000000000e+02 1.548460680612561147e+00
2.350000000000000000e+02 1.548529266651874181e+00
2.360000000000000000e+02 1.548598151566130454e+00
2.370000000000000000e+02 1.548667335355329966e+00
2.380000000000000000e+02 1.548736818019472716e+00
2.390000000000000000e+02 1.548806599558558483e+00
2.400000000000000000e+02 1.548876679972587711e+00
2.410000000000000000e+02 1.548947059261560177e+00
2.420000000000000000e+02 1.549017737425475882e+00
2.430000000000000000e+02 1.549088714464334604e+00
2.440000000000000000e+02 1.549159990378136786e+00
2.450000000000000000e+02 1.549231565166881985e+00
2.460000000000000000e+02 1.549303438830570645e+00
2.470000000000000000e+02 1.549375611369202321e+00
2.480000000000000000e+02 1.549448082782777458e+00
2.490000000000000000e+02 1.549520853071295612e+00
2.500000000000000000e+02 1.549593922234757226e+00
2.510000000000000000e+02 1.549667290273161857e+00
2.520000000000000000e+02 1.549740957186509727e+00
2.530000000000000000e+02 1.549814922974800835e+00
2.540000000000000000e+02 1.549889187638035404e+00
2.550000000000000000e+02 1.549963751176212989e+00
2.560000000000000000e+02 1.550038613589333814e+00
2.570000000000000000e+02 1.550113774877397876e+00
2.580000000000000000e+02 1.550189235040405178e+00
2.590000000000000000e+02 1.550264994078355718e+00
2.600000000000000000e+02 1.550341051991249497e+00
2.610000000000000000e+02 1.550417408779086514e+00
2.620000000000000000e+02 1.550494064441866549e+00
2.630000000000000000e+02 1.550571018979590043e+00
2.640000000000000000e+02 1.550648272392256777e+00
2.650000000000000000e+02 1.550725824679866749e+00
2.660000000000000000e+02 1.550803675842419738e+00
2.670000000000000000e+02 1.550881825879916187e+00
2.680000000000000000e+02 1.550960274792355653e+00
2.690000000000000000e+02 1.551039022579738580e+00
2.700000000000000000e+02 1.551118069242064523e+00
2.710000000000000000e+02 1.551197414779333927e+00
2.720000000000000000e+02 1.551277059191546348e+00
2.730000000000000000e+02 1.551357002478702229e+00
2.740000000000000000e+02 1.551437244640801127e+00
2.750000000000000000e+02 1.551517785677843264e+00
2.760000000000000000e+02 1.551598625589828639e+00
2.770000000000000000e+02 1.551679764376757475e+00
2.780000000000000000e+02 1.551761202038629328e+00
2.790000000000000000e+02 1.551842938575444419e+00
2.800000000000000000e+02 1.551924973987202749e+00
2.810000000000000000e+02 1.552007308273904318e+00
2.820000000000000000e+02 1.552089941435549125e+00
2.830000000000000000e+02 1.552172873472137171e+00
2.840000000000000000e+02 1.552256104383668234e+00
2.850000000000000000e+02 1.552339634170142757e+00
2.860000000000000000e+02 1.552423462831560519e+00
2.870000000000000000e+02 1.552507590367921519e+00
2.880000000000000000e+02 1.552592016779225537e+00
2.890000000000000000e+02 1.552676742065473015e+00
2.900000000000000000e+02 1.552761766226663731e+00
2.910000000000000000e+02 1.552847089262797464e+00
2.920000000000000000e+02 1.552932711173874658e+00
2.930000000000000000e+02 1.553018631959894869e+00
2.940000000000000000e+02 1.553104851620858540e+00
2.950000000000000000e+02 1.553191370156765228e+00
2.960000000000000000e+02 1.553278187567615154e+00
2.970000000000000000e+02 1.553365303853408541e+00
2.980000000000000000e+02 1.553452719014144945e+00
2.990000000000000000e+02 1.553540433049824587e+00
3.000000000000000000e+02 1.553628445960447468e+00
3.010000000000000000e+02 1.553716757746013588e+00
3.020000000000000000e+02 1.553805368406522947e+00
3.030000000000000000e+02 1.553894277941975544e+00
3.040000000000000000e+02 1.553983486352371379e+00
3.050000000000000000e+02 1.554072993637710454e+00
3.060000000000000000e+02 1.554162799797992767e+00
3.070000000000000000e+02 1.554252904833218318e+00
3.080000000000000000e+02 1.554343308743387109e+00
3.090000000000000000e+02 1.554434011528499138e+00
3.100000000000000000e+02 1.554525013188554183e+00
3.110000000000000000e+02 1.554616313723552690e+00
3.120000000000000000e+02 1.554707913133494435e+00
3.130000000000000000e+02 1.554799811418379196e+00
3.140000000000000000e+02 1.554892008578207419e+00
3.150000000000000000e+02 1.554984504612978657e+00
3.160000000000000000e+02 1.555077299522693357e+00
3.170000000000000000e+02 1.555170393307351073e+00
3.180000000000000000e+02 1.555263785966952250e+00
3.190000000000000000e+02 1.555357477501496444e+00
3.200000000000000000e+02 1.555451467910983876e+00
3.210000000000000000e+02 1.555545757195414547e+00
3.220000000000000000e+02 1.555640345354788678e+00
3.230000000000000000e+02 1.555735232389105827e+00
3.240000000000000000e+02 1.555830418298366213e+00
3.250000000000000000e+02 1.555925903082569839e+00
3.260000000000000000e+02 1.556021686741716703e+00
3.270000000000000000e+02 1.556117769275806806e+00
3.280000000000000000e+02 1.556214150684840147e+00
3.290000000000000000e+02 1.556310830968816727e+00
3.300000000000000000e+02 1.556407810127736546e+00
3.310000000000000000e+02 1.556505088161599382e+00
3.320000000000000000e+02 1.556602665070405678e+00
3.330000000000000000e+02 1.556700540854155213e+00
3.340000000000000000e+02 1.556798715512847986e+00
3.350000000000000000e+02 1.556897189046483776e+00
3.360000000000000000e+02 1.556995961455063027e+00
3.370000000000000000e+02 1.557095032738585294e+00
3.380000000000000000e+02 1.557194402897051022e+00
3.390000000000000000e+02 1.557294071930459767e+00
3.400000000000000000e+02 1.557394039838811972e+00
3.410000000000000000e+02 1.557494306622107194e+00
3.420000000000000000e+02 1.557594872280345655e+00
3.430000000000000000e+02 1.557695736813527576e+00
3.440000000000000000e+02 1.557796900221652514e+00
3.450000000000000000e+02 1.557898362504720691e+00
3.460000000000000000e+02 1.558000123662732106e+00
3.470000000000000000e+02 1.558102183695686760e+00
3.480000000000000000e+02 1.558204542603584652e+00
3.490000000000000000e+02 1.558307200386425784e+00
3.500000000000000000e+02 1.558410157044210154e+00
3.510000000000000000e+02 1.558513412576937762e+00
3.520000000000000000e+02 1.558616966984608609e+00
3.530000000000000000e+02 1.558720820267222695e+00
3.540000000000000000e+02 1.558824972424780020e+00
3.550000000000000000e+02 1.558929423457280361e+00
3.560000000000000000e+02 1.559034173364724163e+00
3.570000000000000000e+02 1.559139222147111203e+00
3.580000000000000000e+02 1.559244569804441261e+00
3.590000000000000000e+02 1.559350216336714778e+00
3.600000000000000000e+02 1.559456161743931313e+00
3.610000000000000000e+02 1.559562406026091308e+00
3.620000000000000000e+02 1.559668949183194320e+00
3.630000000000000000e+02 1.559775791215240792e+00
3.640000000000000000e+02 1.559882932122230281e+00
3.650000000000000000e+02 1.559990371904163009e+00
3.660000000000000000e+02 1.560098110561039197e+00
3.670000000000000000e+02 1.560206148092858403e+00
3.680000000000000000e+02 1.560314484499620846e+00
3.690000000000000000e+02 1.560423119781326529e+00
3.700000000000000000e+02 1.560532053937975450e+00
3.710000000000000000e+02 1.560641286969567609e+00
3.720000000000000000e+02 1.560750818876103008e+00
3.730000000000000000e+02 1.560860649657581645e+00
3.740000000000000000e+02 1.560970779314003520e+00
3.750000000000000000e+02 1.561081207845368635e+00
3.760000000000000000e+02 1.561191935251676988e+00
3.770000000000000000e+02 1.561302961532928579e+00
3.780000000000000000e+02 1.561414286689123188e+00
3.790000000000000000e+02 1.561525910720261257e+00
3.800000000000000000e+02 1.561637833626342564e+00
3.810000000000000000e+02 1.561750055407366888e+00
3.820000000000000000e+02 1.561862576063334673e+00
3.830000000000000000e+02 1.561975395594245475e+00
3.840000000000000000e+02 1.562088514000099737e+00
3.850000000000000000e+02 1.562201931280897016e+00
3.860000000000000000e+02 1.562315647436637756e+00
3.870000000000000000e+02 1.562429662467321512e+00
3.880000000000000000e+02 1.562543976372948507e+00
3.890000000000000000e+02 1.562658589153518962e+00
3.900000000000000000e+02 1.562773500809032434e+00
3.910000000000000000e+02 1.562888711339489145e+00
3.920000000000000000e+02 1.563004220744889095e+00
3.930000000000000000e+02 1.563120029025232283e+00
3.940000000000000000e+02 1.563236136180518709e+00
3.950000000000000000e+02 1.563352542210748375e+00
3.960000000000000000e+02 1.563469247115921279e+00
3.970000000000000000e+02 1.563586250896037422e+00
3.980000000000000000e+02 1.563703553551096803e+00
3.990000000000000000e+02 1.563821155081099423e+00
4.000000000000000000e+02 1.563939055486045282e+00
4.010000000000000000e+02 1.564057254765934157e+00
4.020000000000000000e+02 1.564175752920766493e+00
4.030000000000000000e+02 1.564294549950542068e+00
4.040000000000000000e+02 1.564413645855260659e+00
4.050000000000000000e+02 1.564533040634922711e+00
4.060000000000000000e+02 1.564652734289527780e+00
4.070000000000000000e+02 1.564772726819076309e+00
4.080000000000000000e+02 1.564893018223567855e+00
4.090000000000000000e+02 1.565013608503002862e+00
4.100000000000000000e+02 1.565134497657380885e+00
4.110000000000000000e+02 1.565255685686702147e+00
4.120000000000000000e+02 1.565377172590966648e+00
4.130000000000000000e+02 1.565498958370174609e+00
4.140000000000000000e+02 1.565621043024325587e+00
4.150000000000000000e+02 1.565743426553419804e+00
4.160000000000000000e+02 1.565866108957457259e+00
4.170000000000000000e+02 1.565989090236437953e+00
4.180000000000000000e+02 1.566112370390361885e+00
4.190000000000000000e+02 1.566235949419229057e+00
4.200000000000000000e+02 1.566359827323039466e+00
4.210000000000000000e+02 1.566484004101793115e+00
4.220000000000000000e+02 1.566608479755489780e+00
4.230000000000000000e+02 1.566733254284129906e+00
4.240000000000000000e+02 1.566858327687713270e+00
4.250000000000000000e+02 1.566983699966239874e+00
4.260000000000000000e+02 1.567109371119709493e+00
4.270000000000000000e+02 1.567235341148122574e+00
4.280000000000000000e+02 1.567361610051478671e+00
4.290000000000000000e+02 1.567488177829778229e+00
4.300000000000000000e+02 1.567615044483020803e+00
4.310000000000000000e+02 1.567742210011206838e+00
4.320000000000000000e+02 1.567869674414335890e+00
4.330000000000000000e+02 1.567997437692408180e+00
4.340000000000000000e+02 1.568125499845423931e+00
4.350000000000000000e+02 1.568253860873382699e+00
4.360000000000000000e+02 1.568382520776284705e+00
4.370000000000000000e+02 1.568511479554129950e+00
4.380000000000000000e+02 1.568640737206918434e+00
4.390000000000000000e+02 1.568770293734650156e+00
4.400000000000000000e+02 1.568900149137325339e+00
4.410000000000000000e+02 1.569030303414943317e+00
4.420000000000000000e+02 1.569160756567504755e+00
4.430000000000000000e+02 1.569291508595009432e+00
4.440000000000000000e+02 1.569422559497457348e+00
4.450000000000000000e+02 1.569553909274848502e+00
4.460000000000000000e+02 1.569685557927182895e+00
4.470000000000000000e+02 1.569817505454460305e+00
4.480000000000000000e+02 1.569949751856681175e+00
4.490000000000000000e+02 1.570082297133845284e+00
4.500000000000000000e+02 1.570215141285952409e+00
4.510000000000000000e+02 1.570348284313002996e+00
4.520000000000000000e+02 1.570481726214996598e+00
4.530000000000000000e+02 1.570615466991933662e+00
4.540000000000000000e+02 1.570749506643813742e+00
4.550000000000000000e+02 1.570883845170637283e+00
4.560000000000000000e+02 1.571018482572403840e+00
4.570000000000000000e+02 1.571153418849113637e+00
4.580000000000000000e+02 1.571288654000766671e+00
4.590000000000000000e+02 1.571424188027363167e+00
4.600000000000000000e+02 1.571560020928902679e+00
4.610000000000000000e+02 1.571696152705385430e+00
4.620000000000000000e+02 1.571832583356811419e+00
4.630000000000000000e+02 1.571969312883180647e+00
4.640000000000000000e+02 1.572106341284493114e+00
4.650000000000000000e+02 1.572243668560748819e+00
4.660000000000000000e+02 1.572381294711947763e+00
4.670000000000000000e+02 1.572519219738089724e+00
4.680000000000000000e+02 1.572657443639175145e+00
4.690000000000000000e+02 1.572795966415203806e+00
4.700000000000000000e+02 1.572934788066175704e+00
4.710000000000000000e+02 1.573073908592090620e+00
4.720000000000000000e+02 1.573213327992948996e+00
4.730000000000000000e+02 1.573353046268750610e+00
4.740000000000000000e+02 1.573493063419495241e+00
4.750000000000000000e+02 1.573633379445183333e+00
4.760000000000000000e+02 1.573773994345814442e+00
4.770000000000000000e+02 1.573914908121388789e+00
4.780000000000000000e+02 1.574056120771906597e+00
4.790000000000000000e+02 1.574197632297367422e+00
4.800000000000000000e+02 1.574339442697771485e+00
4.810000000000000000e+02 1.574481551973118787e+00
4.820000000000000000e+02 1.574623960123409550e+00
4.830000000000000000e+02 1.574766667148643329e+00
4.840000000000000000e+02 1.574909673048820347e+00
4.850000000000000000e+02 1.575052977823940603e+00
4.860000000000000000e+02 1.575196581474004098e+00
4.870000000000000000e+02 1.575340483999010832e+00
4.880000000000000000e+02 1.575484685398960805e+00
4.890000000000000000e+02 1.575629185673854016e+00
4.900000000000000000e+02 1.575773984823690466e+00
4.910000000000000000e+02 1.575919082848469932e+00
4.920000000000000000e+02 1.576064479748192859e+00
4.930000000000000000e+02 1.576210175522859025e+00
4.940000000000000000e+02 1.576356170172468207e+00
4.950000000000000000e+02 1.576502463697020850e+00
4.960000000000000000e+02 1.576649056096516732e+00
4.970000000000000000e+02 1.576795947370955631e+00
4.980000000000000000e+02 1.576943137520337990e+00
4.990000000000000000e+02 1.577090626544663365e+00
5.000000000000000000e+02 1.577238414443931980e+00
5.010000000000000000e+02 1.577386501218144055e+00
5.020000000000000000e+02 1.577534886867299146e+00
5.030000000000000000e+02 1.577683571391397477e+00
5.040000000000000000e+02 1.577832554790439046e+00
5.050000000000000000e+02 1.577981837064424075e+00
5.060000000000000000e+02 1.578131418213352122e+00
5.070000000000000000e+02 1.578281298237223407e+00
5.080000000000000000e+02 1.578431477136037930e+00
5.090000000000000000e+02 1.578581954909795693e+00
5.100000000000000000e+02 1.578732731558496694e+00
5.110000000000000000e+02 1.578883807082140933e+00
5.120000000000000000e+02 1.579035181480728411e+00
5.130000000000000000e+02 1.579186854754258906e+00
5.140000000000000000e+02 1.579338826902732862e+00
5.150000000000000000e+02 1.579491097926150056e+00
5.160000000000000000e+02 1.579643667824510489e+00
5.170000000000000000e+02 1.579796536597813938e+00
5.180000000000000000e+02 1.579949704246060849e+00
5.190000000000000000e+02 1.580103170769250776e+00
5.200000000000000000e+02 1.580256936167384163e+00
5.210000000000000000e+02 1.580411000440460567e+00
5.220000000000000000e+02 1.580565363588480432e+00
5.230000000000000000e+02 1.580720025611443313e+00
5.240000000000000000e+02 1.580874986509349434e+00
5.250000000000000000e+02 1.581030246282199014e+00
5.260000000000000000e+02 1.581185804929991612e+00
5.270000000000000000e+02 1.581341662452727448e+00
5.280000000000000000e+02 1.581497818850406523e+00
5.290000000000000000e+02 1.581654274123029058e+00
5.300000000000000000e+02 1.581811028270594610e+00
5.310000000000000000e+02 1.581968081293103401e+00
5.320000000000000000e+02 1.582125433190555430e+00
5.330000000000000000e+02 1.582283083962950698e+00
5.340000000000000000e+02 1.582441033610288983e+00
5.350000000000000000e+02 1.582599282132570728e+00
5.360000000000000000e+02 1.582757829529795712e+00
5.370000000000000000e+02 1.582916675801963935e+00
5.380000000000000000e+02 1.583075820949075396e+00
5.390000000000000000e+02 1.583235264971129874e+00
5.400000000000000000e+02 1.583395007868127813e+00
5.410000000000000000e+02 1.583555049640068768e+00
5.420000000000000000e+02 1.583715390286953184e+00
5.430000000000000000e+02 1.583876029808780839e+00
5.440000000000000000e+02 1.584036968205551510e+00
5.450000000000000000e+02 1.584198205477265420e+00
5.460000000000000000e+02 1.584359741623922790e+00
5.470000000000000000e+02 1.584521576645523178e+00
5.480000000000000000e+02 1.584683710542066803e+00
5.490000000000000000e+02 1.584846143313553890e+00
5.500000000000000000e+02 1.585008874959983993e+00
5.510000000000000000e+02 1.585171905481357335e+00
5.520000000000000000e+02 1.585335234877673916e+00
5.530000000000000000e+02 1.585498863148933735e+00
5.540000000000000000e+02 1.585662790295136793e+00
5.550000000000000000e+02 1.585827016316283089e+00
5.560000000000000000e+02 1.585991541212372624e+00
5.570000000000000000e+02 1.586156364983405398e+00
5.580000000000000000e+02 1.586321487629381410e+00
5.590000000000000000e+02 1.586486909150300662e+00
5.600000000000000000e+02 1.586652629546162929e+00
5.610000000000000000e+02 1.586818648816968658e+00
5.620000000000000000e+02 1.586984966962717625e+00
5.630000000000000000e+02 1.587151583983409608e+00
5.640000000000000000e+02 1.587318499879045053e+00
5.650000000000000000e+02 1.587485714649623514e+00
5.660000000000000000e+02 1.587653228295145436e+00
5.670000000000000000e+02 1.587821040815610374e+00
5.680000000000000000e+02 1.587989152211018773e+00
5.690000000000000000e+02 1.588157562481370189e+00
5.700000000000000000e+02 1.588326271626664843e+00
5.710000000000000000e+02 1.588495279646902958e+00
5.720000000000000000e+02 1.588664586542084090e+00
5.730000000000000000e+02 1.588834192312208460e+00
5.740000000000000000e+02 1.589004096957276069e+00
5.750000000000000000e+02 1.589174300477286916e+00
5.760000000000000000e+02 1.589344802872241003e+00
5.770000000000000000e+02 1.589515604142138328e+00
5.780000000000000000e+02 1.589686704286978891e+00
5.790000000000000000e+02 1.589858103306762693e+00
5.800000000000000000e+02 1.590029801201489734e+00
5.810000000000000000e+02 1.590201797971160014e+00
5.820000000000000000e+02 1.590374093615773532e+00
5.830000000000000000e+02 1.590546688135330289e+00
5.840000000000000000e+02 1.590719581529830062e+00
5.850000000000000000e+02 1.590892773799273296e+00
5.860000000000000000e+02 1.591066264943659769e+00
5.870000000000000000e+02 1.591240054962989259e+00
5.880000000000000000e+02 1.591414143857262209e+00
5.890000000000000000e+02 1.591588531626478176e+00
5.900000000000000000e+02 1.591763218270637603e+00
5.910000000000000000e+02 1.591938203789740047e+00
5.920000000000000000e+02 1.592113488183785730e+00
5.930000000000000000e+02 1.592289071452774873e+00
5.940000000000000000e+02 1.592464953596707034e+00
5.950000000000000000e+02 1.592641134615582432e+00
5.960000000000000000e+02 1.592817614509401070e+00
5.970000000000000000e+02 1.592994393278162946e+00
5.980000000000000000e+02 1.593171470921868282e+00
5.990000000000000000e+02 1.593348847440516636e+00
6.000000000000000000e+02 1.593526522834108228e+00
6.010000000000000000e+02 1.593704497102643058e+00
6.020000000000000000e+02 1.593882770246120906e+00
6.030000000000000000e+02 1.594061342264542214e+00
6.040000000000000000e+02 1.594240213157906760e+00
6.050000000000000000e+02 1.594419382926214546e+00
6.060000000000000000e+02 1.594598851569465570e+00
6.070000000000000000e+02 1.594778619087659610e+00
6.080000000000000000e+02 1.594958685480797111e+00
6.090000000000000000e+02 1.595139050748877851e+00
6.100000000000000000e+02 1.595319714891901608e+00
6.110000000000000000e+02 1.595500677909868825e+00
6.120000000000000000e+02 1.595681939802779059e+00
6.130000000000000000e+02 1.595863500570632754e+00
6.140000000000000000e+02 1.596045360213429465e+00
6.150000000000000000e+02 1.596227518731169415e+00
6.160000000000000000e+02 1.596409976123852825e+00
6.170000000000000000e+02 1.596592732391479252e+00
6.180000000000000000e+02 1.596775787534048918e+00
6.190000000000000000e+02 1.596959141551561823e+00
6.200000000000000000e+02 1.597142794444017966e+00
6.210000000000000000e+02 1.597326746211417348e+00
6.220000000000000000e+02 1.597510996853759968e+00
6.230000000000000000e+02 1.597695546371045827e+00
6.240000000000000000e+02 1.597880394763274925e+00
6.250000000000000000e+02 1.598065542030447261e+00
6.260000000000000000e+02 1.598250988172562836e+00
6.270000000000000000e+02 1.598436733189621650e+00
6.280000000000000000e+02 1.598622777081623703e+00
6.290000000000000000e+02 1.598809119848568994e+00
6.300000000000000000e+02 1.598995761490457301e+00
6.310000000000000000e+02 1.599182702007289070e+00
6.320000000000000000e+02 1.599369941399063855e+00
6.330000000000000000e+02 1.599557479665782100e+00
6.340000000000000000e+02 1.599745316807443363e+00
6.350000000000000000e+02 1.599933452824048086e+00
6.360000000000000000e+02 1.600121887715595825e+00
6.370000000000000000e+02 1.600310621482087026e+00
6.380000000000000000e+02 1.600499654123521243e+00
6.390000000000000000e+02 1.600688985639898698e+00
6.400000000000000000e+02 1.600878616031219615e+00
6.410000000000000000e+02 1.601068545297483547e+00
6.420000000000000000e+02 1.601258773438690719e+00
6.430000000000000000e+02 1.601449300454841129e+00
6.440000000000000000e+02 1.601640126345934778e+00
6.450000000000000000e+02 1.601831251111971666e+00
6.460000000000000000e+02 1.602022674752951792e+00
6.470000000000000000e+02 1.602214397268875157e+00
6.480000000000000000e+02 1.602406418659741760e+00
6.490000000000000000e+02 1.602598738925551602e+00
6.500000000000000000e+02 1.602791358066304683e+00
6.510000000000000000e+02 1.602984276082000781e+00
6.520000000000000000e+02 1.603177492972640339e+00
6.530000000000000000e+02 1.603371008738223136e+00
6.540000000000000000e+02 1.603564823378749171e+00
6.550000000000000000e+02 1.603758936894218223e+00
6.560000000000000000e+02 1.603953349284630736e+00
6.570000000000000000e+02 1.604148060549986265e+00
6.580000000000000000e+02 1.604343070690285256e+00
6.590000000000000000e+02 1.604538379705527262e+00
6.600000000000000000e+02 1.604733987595712508e+00
6.610000000000000000e+02 1.604929894360841214e+00
6.620000000000000000e+02 1.605126100000912936e+00
6.630000000000000000e+02 1.605322604515927898e+00
6.640000000000000000e+02 1.605519407905886098e+00
6.650000000000000000e+02 1.605716510170787759e+00
6.660000000000000000e+02 1.605913911310632436e+00
6.670000000000000000e+02 1.606111611325420352e+00
6.680000000000000000e+02 1.606309610215151507e+00
6.690000000000000000e+02 1.606507907979825900e+00
6.700000000000000000e+02 1.606706504619443532e+00
6.710000000000000000e+02 1.606905400134004402e+00
6.720000000000000000e+02 1.607104594523508290e+00
6.730000000000000000e+02 1.607304087787955638e+00
6.740000000000000000e+02 1.607503879927346224e+00
6.750000000000000000e+02 1.607703970941680049e+00
6.760000000000000000e+02 1.607904360830956891e+00
6.770000000000000000e+02 1.608105049595177194e+00
6.780000000000000000e+02 1.608306037234340735e+00
6.790000000000000000e+02 1.608507323748447293e+00
6.800000000000000000e+02 1.608708909137497312e+00
6.810000000000000000e+02 1.608910793401490347e+00
6.820000000000000000e+02 1.609112976540426621e+00
6.830000000000000000e+02 1.609315458554306355e+00
6.840000000000000000e+02 1.609518239443129106e+00
6.850000000000000000e+02 1.609721319206895096e+00
6.860000000000000000e+02 1.609924697845604546e+00
6.870000000000000000e+02 1.610128375359257014e+00
6.880000000000000000e+02 1.610332351747852719e+00
6.890000000000000000e+02 1.610536627011391664e+00
6.900000000000000000e+02 1.610741201149873847e+00
6.910000000000000000e+02 1.610946074163299269e+00
6.920000000000000000e+02 1.611151246051667929e+00
6.930000000000000000e+02 1.611356716814979828e+00
6.940000000000000000e+02 1.611562486453234966e+00
6.950000000000000000e+02 1.611768554966433342e+00
6.960000000000000000e+02 1.611974922354574957e+00
6.970000000000000000e+02 1.612181588617659589e+00
6.980000000000000000e+02 1.612388553755687681e+00
6.990000000000000000e+02 1.612595817768659012e+00
7.000000000000000000e+02 1.612803380656573360e+00
7.010000000000000000e+02 1.613011242419431168e+00
7.020000000000000000e+02 1.613219403057231993e+00
7.030000000000000000e+02 1.613427862569976279e+00
7.040000000000000000e+02 1.613636620957663581e+00
7.050000000000000000e+02 1.613845678220294344e+00
7.060000000000000000e+02 1.614055034357868124e+00
7.070000000000000000e+02 1.614264689370385142e+00
7.080000000000000000e+02 1.614474643257845621e+00
7.090000000000000000e+02 1.614684896020249116e+00
7.100000000000000000e+02 1.614895447657595851e+00
7.110000000000000000e+02 1.615106298169885823e+00
7.120000000000000000e+02 1.615317447557119035e+00
7.130000000000000000e+02 1.615528895819295485e+00
7.140000000000000000e+02 1.615740642956415174e+00
7.150000000000000000e+02 1.615952688968478101e+00
7.160000000000000000e+02 1.616165033855484268e+00
7.170000000000000000e+02 1.616377677617433672e+00
7.180000000000000000e+02 1.616590620254326316e+00
7.190000000000000000e+02 1.616803861766162198e+00
7.200000000000000000e+02 1.617017402152941097e+00
7.210000000000000000e+02 1.617231241414663456e+00
7.220000000000000000e+02 1.617445379551329054e+00
7.230000000000000000e+02 1.617659816562937669e+00
7.240000000000000000e+02 1.617874552449489745e+00
7.250000000000000000e+02 1.618089587210984837e+00
7.260000000000000000e+02 1.618304920847423389e+00
7.270000000000000000e+02 1.618520553358804959e+00
7.280000000000000000e+02 1.618736484745129989e+00
7.290000000000000000e+02 1.618952715006398035e+00
7.300000000000000000e+02 1.619169244142609321e+00
7.310000000000000000e+02 1.619386072153764067e+00
7.320000000000000000e+02 1.619603199039861829e+00
7.330000000000000000e+02 1.619820624800902831e+00
7.340000000000000000e+02 1.620038349436887071e+00
7.350000000000000000e+02 1.620256372947814549e+00
7.360000000000000000e+02 1.620474695333685267e+00
7.370000000000000000e+02 1.620693316594499223e+00
7.380000000000000000e+02 1.620912236730256417e+00
7.390000000000000000e+02 1.621131455740956850e+00
7.400000000000000000e+02 1.621350973626600522e+00
7.410000000000000000e+02 1.621570790387187433e+00
7.420000000000000000e+02 1.621790906022717582e+00
7.430000000000000000e+02 1.622011320533190748e+00
7.440000000000000000e+02 1.622232033918607375e+00
7.450000000000000000e+02 1.622453046178967240e+00
7.460000000000000000e+02 1.622674357314270122e+00
7.470000000000000000e+02 1.622895967324516464e+00
7.480000000000000000e+02 1.623117876209705823e+00
7.490000000000000000e+02 1.623340083969838643e+00
7.500000000000000000e+02 1.623562590604914480e+00
7.510000000000000000e+02 1.623785396114933555e+00
7.520000000000000000e+02 1.624008500499896090e+00
7.530000000000000000e+02 1.624231903759801643e+00
7.540000000000000000e+02 1.624455605894650434e+00
7.550000000000000000e+02 1.624679606904442686e+00
7.560000000000000000e+02 1.624903906789177954e+00
7.570000000000000000e+02 1.625128505548856461e+00
7.580000000000000000e+02 1.625353403183478207e+00
7.590000000000000000e+02 1.625578599693043191e+00
7.600000000000000000e+02 1.625804095077551414e+00
7.610000000000000000e+02 1.626029889337002876e+00
7.620000000000000000e+02 1.626255982471397576e+00
7.630000000000000000e+02 1.626482374480735515e+00
7.640000000000000000e+02 1.626709065365016471e+00
7.650000000000000000e+02 1.626936055124240887e+00
7.660000000000000000e+02 1.627163343758408542e+00
7.670000000000000000e+02 1.627390931267519436e+00
7.680000000000000000e+02 1.627618817651573346e+00
7.690000000000000000e+02 1.627847002910570717e+00
7.700000000000000000e+02 1.628075487044511105e+00
7.710000000000000000e+02 1.628304270053394953e+00
7.720000000000000000e+02 1.628533351937221818e+00
7.730000000000000000e+02 1.628762732695992144e+00
7.740000000000000000e+02 1.628992412329705486e+00
7.750000000000000000e+02 1.629222390838362067e+00
7.760000000000000000e+02 1.629452668221962108e+00
7.770000000000000000e+02 1.629683244480505167e+00
7.780000000000000000e+02 1.629914119613991463e+00
7.790000000000000000e+02 1.630145293622420999e+00
7.800000000000000000e+02 1.630376766505793773e+00
7.810000000000000000e+02 1.630608538264109786e+00
7.820000000000000000e+02 1.630840608897369037e+00
7.830000000000000000e+02 1.631072978405571750e+00
7.840000000000000000e+02 1.631305646788717256e+00
7.850000000000000000e+02 1.631538614046806224e+00
7.860000000000000000e+02 1.631771880179838430e+00
7.870000000000000000e+02 1.632005445187813875e+00
7.880000000000000000e+02 1.632239309070732558e+00
7.890000000000000000e+02 1.632473471828594258e+00
7.900000000000000000e+02 1.632707933461399419e+00
7.910000000000000000e+02 1.632942693969147818e+00
7.920000000000000000e+02 1.633177753351839234e+00
7.930000000000000000e+02 1.633413111609474111e+00
7.940000000000000000e+02 1.633648768742052004e+00
7.950000000000000000e+02 1.633884724749573358e+00
7.960000000000000000e+02 1.634120979632037729e+00
7.970000000000000000e+02 1.634357533389445560e+00
7.980000000000000000e+02 1.634594386021796408e+00
7.990000000000000000e+02 1.634831537529090495e+00
8.000000000000000000e+02 1.635068987911327820e+00
8.010000000000000000e+02 1.635306737168508606e+00
8.020000000000000000e+02 1.635544785300632409e+00
8.030000000000000000e+02 1.635783132307699450e+00
8.040000000000000000e+02 1.636021778189709730e+00
8.050000000000000000e+02 1.636260722946663249e+00
8.060000000000000000e+02 1.636499966578560006e+00
8.070000000000000000e+02 1.636739509085400002e+00
8.080000000000000000e+02 1.636979350467183236e+00
8.090000000000000000e+02 1.637219490723909487e+00
8.100000000000000000e+02 1.637459929855579199e+00
8.110000000000000000e+02 1.637700667862192150e+00
8.120000000000000000e+02 1.637941704743748339e+00
8.130000000000000000e+02 1.638183040500247545e+00
8.140000000000000000e+02 1.638424675131690211e+00
8.150000000000000000e+02 1.638666608638076116e+00
8.160000000000000000e+02 1.638908841019405038e+00
8.170000000000000000e+02 1.639151372275677421e+00
8.180000000000000000e+02 1.639394202406892820e+00
8.190000000000000000e+02 1.639637331413051458e+00
8.200000000000000000e+02 1.639880759294153556e+00
8.210000000000000000e+02 1.640124486050198671e+00
8.220000000000000000e+02 1.640368511681187025e+00
8.230000000000000000e+02 1.640612836187118839e+00
8.240000000000000000e+02 1.640857459567993670e+00
8.250000000000000000e+02 1.641102381823811740e+00
8.260000000000000000e+02 1.641347602954573048e+00
8.270000000000000000e+02 1.641593122960277595e+00
8.280000000000000000e+02 1.641838941840925381e+00
8.290000000000000000e+02 1.642085059596516405e+00
8.300000000000000000e+02 1.642331476227050668e+00
8.310000000000000000e+02 1.642578191732528170e+00
8.320000000000000000e+02 1.642825206112948910e+00
8.330000000000000000e+02 1.643072519368312667e+00
8.340000000000000000e+02 1.643320131498619885e+00
8.350000000000000000e+02 1.643568042503870341e+00
8.360000000000000000e+02 1.643816252384063814e+00
8.370000000000000000e+02 1.644064761139200748e+00
8.380000000000000000e+02 1.644313568769280920e+00
8.390000000000000000e+02 1.644562675274304109e+00
8.400000000000000000e+02 1.644812080654270758e+00
8.410000000000000000e+02 1.645061784909180425e+00
8.420000000000000000e+02 1.645311788039033551e+00
8.430000000000000000e+02 1.645562090043829695e+00
8.440000000000000000e+02 1.645812690923569077e+00
8.450000000000000000e+02 1.646063590678251698e+00
8.460000000000000000e+02 1.646314789307877779e+00
8.470000000000000000e+02 1.646566286812446878e+00
8.480000000000000000e+02 1.646818083191959214e+00
8.490000000000000000e+02 1.647070178446414790e+00
8.500000000000000000e+02 1.647322572575813604e+00
8.510000000000000000e+02 1.647575265580155657e+00
8.520000000000000000e+02 1.647828257459440948e+00
8.530000000000000000e+02 1.648081548213669478e+00
8.540000000000000000e+02 1.648335137842841247e+00
8.550000000000000000e+02 1.648589026346956032e+00
8.560000000000000000e+02 1.648843213726014278e+00
8.570000000000000000e+02 1.649097699980015763e+00
8.580000000000000000e+02 1.649352485108960487e+00
8.590000000000000000e+02 1.649607569112848227e+00
8.600000000000000000e+02 1.649862951991679427e+00
8.610000000000000000e+02 1.650118633745453867e+00
8.620000000000000000e+02 1.650374614374171323e+00
8.630000000000000000e+02 1.650630893877832017e+00
8.640000000000000000e+02 1.650887472256436173e+00
8.650000000000000000e+02 1.651144349509983345e+00
8.660000000000000000e+02 1.651401525638473977e+00
8.670000000000000000e+02 1.651659000641907626e+00
8.680000000000000000e+02 1.651916774520284514e+00
8.690000000000000000e+02 1.652174847273604641e+00
8.700000000000000000e+02 1.652433218901868228e+00
8.710000000000000000e+02 1.652691889405074832e+00
8.720000000000000000e+02 1.652950858783224675e+00
8.730000000000000000e+02 1.653210127036317756e+00
8.740000000000000000e+02 1.653469694164354076e+00
8.750000000000000000e+02 1.653729560167333634e+00
8.760000000000000000e+02 1.653989725045256431e+00
8.770000000000000000e+02 1.654250188798122245e+00
8.780000000000000000e+02 1.654510951425931520e+00
8.790000000000000000e+02 1.654772012928684033e+00
8.800000000000000000e+02 1.655033373306379785e+00
8.810000000000000000e+02 1.655295032559018553e+00
8.820000000000000000e+02 1.655556990686600782e+00
8.830000000000000000e+02 1.655819247689126250e+00
8.840000000000000000e+02 1.656081803566594735e+00
8.850000000000000000e+02 1.656344658319006680e+00
8.860000000000000000e+02 1.656607811946361641e+00
8.870000000000000000e+02 1.656871264448660064e+00
8.880000000000000000e+02 1.657135015825901503e+00
8.890000000000000000e+02 1.657399066078086181e+00
8.900000000000000000e+02 1.657663415205214097e+00
8.910000000000000000e+02 1.657928063207285474e+00
8.920000000000000000e+02 1.658193010084299868e+00
8.930000000000000000e+02 1.658458255836257500e+00
8.940000000000000000e+02 1.658723800463158371e+00
8.950000000000000000e+02 1.658989643965002481e+00
8.960000000000000000e+02 1.659255786341789829e+00
8.970000000000000000e+02 1.659522227593520416e+00
8.980000000000000000e+02 1.659788967720194242e+00
8.990000000000000000e+02 1.660056006721811306e+00
9.000000000000000000e+02 1.660323344598371609e+00
9.010000000000000000e+02 1.660590981349875150e+00
9.020000000000000000e+02 1.660858916976321931e+00
9.030000000000000000e+02 1.661127151477711728e+00
9.040000000000000000e+02 1.661395684854044985e+00
9.050000000000000000e+02 1.661664517105321481e+00
9.060000000000000000e+02 1.661933648231540994e+00
9.070000000000000000e+02 1.662203078232703968e+00
9.080000000000000000e+02 1.662472807108809958e+00
9.090000000000000000e+02 1.662742834859859409e+00
9.100000000000000000e+02 1.663013161485851876e+00
9.110000000000000000e+02 1.663283786986787582e+00
9.120000000000000000e+02 1.663554711362666749e+00
9.130000000000000000e+02 1.663825934613488933e+00
9.140000000000000000e+02 1.664097456739254355e+00
9.150000000000000000e+02 1.664369277739963016e+00
9.160000000000000000e+02 1.664641397615615137e+00
9.170000000000000000e+02 1.664913816366210275e+00
9.180000000000000000e+02 1.665186533991748652e+00
9.190000000000000000e+02 1.665459550492230267e+00
9.200000000000000000e+02 1.665732865867655121e+00
9.210000000000000000e+02 1.666006480118023214e+00
9.220000000000000000e+02 1.666280393243334323e+00
9.230000000000000000e+02 1.666554605243588894e+00
9.240000000000000000e+02 1.666829116118786702e+00
9.250000000000000000e+02 1.667103925868927750e+00
9.260000000000000000e+02 1.667379034494012036e+00
9.270000000000000000e+02 1.667654441994039338e+00
9.280000000000000000e+02 1.667930148369010102e+00
9.290000000000000000e+02 1.668206153618923882e+00
9.300000000000000000e+02 1.668482457743781122e+00
9.310000000000000000e+02 1.668759060743581379e+00
9.320000000000000000e+02 1.669035962618325097e+00
9.330000000000000000e+02 1.669313163368011832e+00
9.340000000000000000e+02 1.669590662992642027e+00
9.350000000000000000e+02 1.669868461492215239e+00
9.360000000000000000e+02 1.670146558866731690e+00
9.370000000000000000e+02 1.670424955116191379e+00
9.380000000000000000e+02 1.670703650240594529e+00
9.390000000000000000e+02 1.670982644239940695e+00
9.400000000000000000e+02 1.671261937114230101e+00
9.410000000000000000e+02 1.671541528863462744e+00
9.420000000000000000e+02 1.671821419487638627e+00
9.430000000000000000e+02 1.672101608986757748e+00
9.440000000000000000e+02 1.672382097360820108e+00
9.450000000000000000e+02 1.672662884609825706e+00
9.460000000000000000e+02 1.672943970733774322e+00
9.470000000000000000e+02 1.673225355732666397e+00
9.480000000000000000e+02 1.673507039606501712e+00
9.490000000000000000e+02 1.673789022355280265e+00
9.500000000000000000e+02 1.674071303979001835e+00
9.510000000000000000e+02 1.674353884477666865e+00
9.520000000000000000e+02 1.674636763851275134e+00
9.530000000000000000e+02 1.674919942099826420e+00
9.540000000000000000e+02 1.675203419223321166e+00
9.550000000000000000e+02 1.675487195221758929e+00
9.560000000000000000e+02 1.675771270095139931e+00
9.570000000000000000e+02 1.676055643843464393e+00
9.580000000000000000e+02 1.676340316466731872e+00
9.590000000000000000e+02 1.676625287964942590e+00
9.600000000000000000e+02 1.676910558338096546e+00
9.610000000000000000e+02 1.677196127586193963e+00
9.620000000000000000e+02 1.677481995709234397e+00
9.630000000000000000e+02 1.677768162707218069e+00
9.640000000000000000e+02 1.678054628580144980e+00
9.650000000000000000e+02 1.678341393328015130e+00
9.660000000000000000e+02 1.678628456950828518e+00
9.670000000000000000e+02 1.678915819448585145e+00
9.680000000000000000e+02 1.679203480821284789e+00
9.690000000000000000e+02 1.679491441068927893e+00
9.700000000000000000e+02 1.679779700191514236e+00
9.710000000000000000e+02 1.680068258189043817e+00
9.720000000000000000e+02 1.680357115061516637e+00
9.730000000000000000e+02 1.680646270808932474e+00
9.740000000000000000e+02 1.680935725431291772e+00
9.750000000000000000e+02 1.681225478928594086e+00
9.760000000000000000e+02 1.681515531300839861e+00
9.770000000000000000e+02 1.681805882548028652e+00
9.780000000000000000e+02 1.682096532670160904e+00
9.790000000000000000e+02 1.682387481667236173e+00
9.800000000000000000e+02 1.682678729539254903e+00
9.810000000000000000e+02 1.682970276286216649e+00
9.820000000000000000e+02 1.683262121908121633e+00
9.830000000000000000e+02 1.683554266404969857e+00
9.840000000000000000e+02 1.683846709776761319e+00
9.850000000000000000e+02 1.684139452023496020e+00
9.860000000000000000e+02 1.684432493145174181e+00
9.870000000000000000e+02 1.684725833141795359e+00
9.880000000000000000e+02 1.685019472013359776e+00
9.890000000000000000e+02 1.685313409759867209e+00
9.900000000000000000e+02 1.685607646381318103e+00
9.910000000000000000e+02 1.685902181877712236e+00
9.920000000000000000e+02 1.686197016249049607e+00
9.930000000000000000e+02 1.686492149495330217e+00
9.940000000000000000e+02 1.686787581616554066e+00
9.950000000000000000e+02 1.687083312612720931e+00
9.960000000000000000e+02 1.687379342483831257e+00
9.970000000000000000e+02 1.687675671229884600e+00
9.980000000000000000e+02 1.687972298850881403e+00
9.990000000000000000e+02 1.688269225346821445e+00
1.000000000000000000e+03 1.688566450717704504e+00
1.001000000000000000e+03 1.688863974963530801e+00
1.002000000000000000e+03 1.689161798084300559e+00
1.003000000000000000e+03 1.689459920080013333e+00
1.004000000000000000e+03 1.689758340950669346e+00
1.005000000000000000e+03 1.690057060696268820e+00
1.006000000000000000e+03 1.690356079316811311e+00
1.007000000000000000e+03 1.690655396812297040e+00
1.008000000000000000e+03 1.690955013182726008e+00
1.009000000000000000e+03 1.691254928428098214e+00
1.010000000000000000e+03 1.691555142548413659e+00
1.011000000000000000e+03 1.691855655543672343e+00
1.012000000000000000e+03 1.692156467413874266e+00
1.013000000000000000e+03 1.692457578159019427e+00
1.014000000000000000e+03 1.692758987779107827e+00
1.015000000000000000e+03 1.693060696274139465e+00
1.016000000000000000e+03 1.693362703644114120e+00
1.017000000000000000e+03 1.693665009889032236e+00
1.018000000000000000e+03 1.693967615008893590e+00
1.019000000000000000e+03 1.694270519003697961e+00
1.020000000000000000e+03 1.694573721873445793e+00
1.021000000000000000e+03 1.694877223618136863e+00
1.022000000000000000e+03 1.695181024237770950e+00
