# order=16: x_data [pixel], y_data [pixel], x_model [pixel], y_model [pixel]
2.960606060606060552e+01 6.491555029326718795e-01 1.887478343434343397e+00 2.387367810574403393e-02
6.203030303030303116e+01 1.924197681466029541e+00 1.888463606060606148e+00 2.775640038442127033e-01
7.427272727272726627e+01 1.254796390191889710e+00 1.888792030303030334e+00 5.625825387707120151e-02
2.737878787878788103e+02 1.768954595527747753e-01 1.894843343434343463e+00 5.288624510459586183e-05
3.103333333333333144e+02 6.131078521221369204e-01 1.895864636363636224e+00 2.480435569473009305e-02
3.144242424242424363e+02 5.382755181658734900e-01 1.896036131313131312e+00 4.436718659886726944e-03
5.046060606060606233e+02 7.405823773428241164e-02 1.901622868686868806e+00 2.666209089600468434e-04
7.332121212121212466e+02 4.526456641557189409e-01 1.908163363636363741e+00 4.670105948515667488e-02
7.403333333333333712e+02 7.111774120776891417e-01 1.908359727272727291e+00 1.225977856146238248e-01
7.950909090909091219e+02 1.206625253823497002e-01 1.909879909090909100e+00 5.241886700104692823e-04
9.945454545454545041e+02 3.149833852210816576e-01 1.915316131313131276e+00 2.666012123971668937e-02
