# order=21: x_data [pixel], y_data [pixel], x_model [pixel], y_model [pixel]
8.215151515151515582e+01 3.930701307320155546e+00 2.159103939393939520e+00 7.761033755375837950e-01
1.073333333333333286e+02 4.189082923744400055e+00 2.159987454545454710e+00 8.836849967639714976e-01
1.339696969696969688e+02 4.315790821003548494e+00 2.160907090909090833e+00 9.089268389077282961e-01
1.827272727272727195e+02 4.148200052630158119e+00 2.162573939393939604e+00 9.290109631107140720e-01
3.158484848484848726e+02 3.642805921124431023e+00 2.167108313131313135e+00 8.940401398845896352e-01
3.626666666666666856e+02 3.054736922740702632e+00 2.168686686868686930e+00 5.726598323057594531e-01
4.796666666666666856e+02 3.970815374672556075e+00 2.172584929292929345e+00 8.404898516335848058e-01
5.182727272727272521e+02 4.242375310243717834e+00 2.173858313131313391e+00 9.034832643160066734e-01
5.384545454545454959e+02 3.417633578393022287e+00 2.174522686868686883e+00 7.236664402569775723e-01
5.933333333333333712e+02 3.822317674198759008e+00 2.176313686868686759e+00 7.654973801137036071e-01
6.853939393939393767e+02 3.540605540322809830e+00 2.179293565656565956e+00 7.371889563886850905e-01
7.949090909090908781e+02 4.480669157430407168e+00 2.182784909090909053e+00 9.152238845235231013e-01
8.802727272727272521e+02 4.324210898168158401e+00 2.185448090909090979e+00 9.440849577931956782e-01
9.335454545454545041e+02 3.967538185685582253e+00 2.187106363636363682e+00 8.325005025335332487e-01
9.539696969696969973e+02 3.829579042477715856e+00 2.187733313131313029e+00 8.373969654109649774e-01
9.703939393939393767e+02 3.582541051892506712e+00 2.188239313131313146e+00 7.838918522903580710e-01
1.015666666666666629e+03 4.140846013339468890e+00 2.189622313131313280e+00 8.884288423262165502e-01
