# order=17: x_data [pixel], y_data [pixel], x_model [pixel], y_model [pixel]
2.903030303030303116e+01 1.002790963890840770e+00 1.935873181818181799e+00 9.418031382331801260e-02
7.566666666666667140e+01 4.187627853440401005e-01 1.937335363636363716e+00 8.511061478035333860e-03
1.743939393939394051e+02 1.329888618395413280e+00 1.940410131313131226e+00 2.790677269806849381e-01
2.556666666666666572e+02 9.759603261839209232e-01 1.942913292929292934e+00 1.028939703544011763e-01
3.952727272727272521e+02 1.051124597884154355e-01 1.947147090909090883e+00 7.550086390364094471e-04
4.893939393939393767e+02 3.204418054647736880e-01 1.949975606060605937e+00 1.298958179237530430e-02
5.062727272727272521e+02 4.074829223200970296e-01 1.950469636363636239e+00 1.524192333794376769e-02
5.215454545454545041e+02 3.103472991383574020e-01 1.950941505050505009e+00 1.503233195762732066e-02
7.100303030303030027e+02 1.749154421680527705e-01 1.956439181818181883e+00 4.908611973604008402e-03
8.380909090909091219e+02 2.961604318543737957e+00 1.960029080808080693e+00 3.869806250685095539e-02
8.705757575757576205e+02 1.337269824521172268e-01 1.960988656565656463e+00 1.421728666286981024e-03
9.786060606060606233e+02 4.956122799106706389e-01 1.964013868686868669e+00 6.326664471465903716e-03
9.925151515151515014e+02 6.896629281462001160e-01 1.964394090909090895e+00 4.043970048201848272e-02
1.002333333333333371e+03 3.949351968357296960e-01 1.964661393939393985e+00 4.896457690236388771e-03
