# order=25: x_data [pixel], y_data [pixel], x_model [pixel], y_model [pixel]
7.848484848484848619e+00 1.554066844579303552e+00 2.434841545454545564e+00 6.586744799958665908e-02
5.151515151515151558e+01 3.989635289046419286e-01 2.436582454545454635e+00 7.393713543468294347e-03
2.135454545454545325e+02 1.405999914763077951e+00 2.442875313131313231e+00 1.626000425602215915e-01
2.212727272727272805e+02 3.270431022727372739e+00 2.443158060606060555e+00 4.069764304649575171e-01
2.399696969696969688e+02 4.715638758344883108e+00 2.443898313131313227e+00 8.720272078640165514e-01
2.549090909090909065e+02 4.662745649128638981e+00 2.444466060606060420e+00 8.037087530702122784e-01
2.684545454545454390e+02 4.479760768588946895e+00 2.444985313131313287e+00 8.030043818758466623e-01
3.289090909090909349e+02 3.496088858565250534e-01 2.447275434343434419e+00 9.127528888592806311e-04
3.496060606060606233e+02 7.066131219887941128e-01 2.448066545454545384e+00 1.848135195992028912e-02
4.069090909090909349e+02 3.200726417499868970e-01 2.450226686868686610e+00 2.209915737432233129e-04
4.290000000000000000e+02 1.527361249907047913e+00 2.450857939393939589e+00 9.980147605436451297e-02
4.512727272727272521e+02 2.114210875769910736e+00 2.451911686868686768e+00 3.407023914874945381e-01
5.026060606060606233e+02 7.651964714656850353e-01 2.453797686868687045e+00 3.002729232692236128e-02
5.265151515151515014e+02 3.450414572044449013e-01 2.454677686868687037e+00 2.186204208622921641e-04
5.796666666666666288e+02 4.132402398868734394e+00 2.456637313131313061e+00 6.213178547816883279e-01
5.867878787878787534e+02 4.379326840225348683e+00 2.456898545454545335e+00 8.091633950144346832e-01
6.536060606060606233e+02 3.806762897291624093e+00 2.459347808080808218e+00 6.524483400266708477e-01
6.641515151515151274e+02 4.394757862122951941e+00 2.459725727272727092e+00 8.243957894622523375e-01
7.077272727272727479e+02 3.858133352264483396e+00 2.461284090909090949e+00 7.473058547664015450e-01
7.158484848484848726e+02 3.751952411755685723e+00 2.461585272727272677e+00 7.521742309917943681e-01
7.470909090909091219e+02 3.367137414058474221e-01 2.462759090909091064e+00 7.536431469930463405e-09
7.641515151515151274e+02 2.919011516383287042e+00 2.463348313131313194e+00 4.796327682390653102e-01
7.742121212121212466e+02 3.807024587892354539e+00 2.463681727272727162e+00 7.090231056823407263e-01
7.973939393939393767e+02 2.314222328209148305e+00 2.464416909090909158e+00 5.183330614198142922e-02
8.910303030303030027e+02 4.924007074641021386e-01 2.467807313131312963e+00 4.623735938183679527e-03
9.143939393939393767e+02 2.708710791524181705e+00 2.468615060606060396e+00 5.092765898553865966e-01
