# order=23: # line, wavelength [pixel], wavelength [micron]
1.000000000000000000e+00 7.927272727272726627e+01 2.289924579979015995e+00
2.000000000000000000e+00 8.721212121212121815e+01 2.290214034831134171e+00
3.000000000000000000e+00 1.497878787878787818e+02 2.292488718936902981e+00
4.000000000000000000e+00 1.770303030303030312e+02 2.293475151717220051e+00
5.000000000000000000e+00 2.163333333333333428e+02 2.294893983229516987e+00
6.000000000000000000e+00 3.423333333333333144e+02 2.299405985614328518e+00
7.000000000000000000e+00 3.793939393939393767e+02 2.300721809432500375e+00
8.000000000000000000e+00 4.854545454545454390e+02 2.304456771600380538e+00
9.000000000000000000e+00 4.985454545454545610e+02 2.304914482654145225e+00
1.000000000000000000e+01 5.153939393939393767e+02 2.305502471146572141e+00
1.100000000000000000e+01 5.303333333333333712e+02 2.306022785032949329e+00
1.200000000000000000e+01 5.457272727272727479e+02 2.306557885118945439e+00
1.300000000000000000e+01 5.753333333333333712e+02 2.307583978712743900e+00
1.400000000000000000e+01 6.279090909090908781e+02 2.309396109986989298e+00
1.500000000000000000e+01 7.087878787878787534e+02 2.312157663515450601e+00
1.600000000000000000e+01 7.920909090909091219e+02 2.314967251000922044e+00
1.700000000000000000e+01 8.907272727272727479e+02 2.318245751931662824e+00
1.800000000000000000e+01 8.979090909090908781e+02 2.318482339352847976e+00
1.900000000000000000e+01 9.312121212121212466e+02 2.319575552888653025e+00
2.000000000000000000e+01 9.413333333333333712e+02 2.319906519183757787e+00
2.100000000000000000e+01 1.004393939393939377e+03 2.321954951911139986e+00
