# order=20: x_data [pixel], y_data [pixel], x_model [pixel], y_model [pixel]
7.448484848484848442e+01 3.092583878072574954e+00 2.098800313131313100e+00 6.281973640772269274e-01
1.203333333333333286e+02 3.411085415342716587e+00 2.100391060606060734e+00 8.318457471350944044e-01
1.616060606060605949e+02 2.584091348302503643e+00 2.101761313131313091e+00 5.531791505362698702e-01
4.678484848484848726e+02 2.929783279074616775e+00 2.111829909090908952e+00 7.217473065003097155e-01
4.896666666666666856e+02 3.495665335206983304e+00 2.112545939393939420e+00 8.783736536453912169e-01
6.787878787878787534e+02 2.882195121546309302e+00 2.118575060606060489e+00 5.673310614111080064e-01
7.190303030303030027e+02 3.402031765146975584e+00 2.119780060606060612e+00 8.891115176786114072e-01
7.286666666666666288e+02 3.471735360511660762e+00 2.120086909090908911e+00 9.180187447385335098e-01
7.381515151515151274e+02 3.457186200845654866e+00 2.120383272727272672e+00 9.144832258787409796e-01
8.709090909090908781e+02 3.041139630994713183e+00 2.124448686868686931e+00 7.608489624307817056e-01
8.806060606060606233e+02 3.319885506140489717e+00 2.124750313131313018e+00 8.744772371021617419e-01
