# order=4: # line, wavelength [pixel], wavelength [micron]
1.000000000000000000e+00 7.490909090909090651e+01 1.452244381960270392e+00
2.000000000000000000e+00 1.057878787878787818e+02 1.452977881190772314e+00
3.000000000000000000e+00 1.270909090909090935e+02 1.453482299682941514e+00
4.000000000000000000e+00 1.668484848484848442e+02 1.454420158707571131e+00
5.000000000000000000e+00 2.050909090909090935e+02 1.455317937701922304e+00
6.000000000000000000e+00 3.085151515151515014e+02 1.457724614727622825e+00
7.000000000000000000e+00 4.217272727272727479e+02 1.460323383903380012e+00
8.000000000000000000e+00 4.623939393939393767e+02 1.461247780343556402e+00
9.000000000000000000e+00 5.496060606060606233e+02 1.463213983584986444e+00
1.000000000000000000e+01 5.972121212121212466e+02 1.464277930670168315e+00
1.100000000000000000e+01 6.399090909090908781e+02 1.465226556740676589e+00
1.200000000000000000e+01 6.754545454545454959e+02 1.466012247969781024e+00
1.300000000000000000e+01 6.932121212121212466e+02 1.466403382006109313e+00
1.400000000000000000e+01 7.042727272727272521e+02 1.466646542851934187e+00
1.500000000000000000e+01 7.216666666666666288e+02 1.467028218410402873e+00
1.600000000000000000e+01 7.569696969696969973e+02 1.467800167728017913e+00
1.700000000000000000e+01 7.899090909090908781e+02 1.468517163509921897e+00
1.800000000000000000e+01 8.404848484848484986e+02 1.469611908847887616e+00
1.900000000000000000e+01 8.916666666666666288e+02 1.470712197858729642e+00
2.000000000000000000e+01 9.089696969696969973e+02 1.471082448914322383e+00
2.100000000000000000e+01 9.423333333333333712e+02 1.471793906958609677e+00
2.200000000000000000e+01 9.697878787878787534e+02 1.472376928923205597e+00
2.300000000000000000e+01 9.813939393939393767e+02 1.472622734704493341e+00
2.400000000000000000e+01 1.010606060606060623e+03 1.473239686547155980e+00
