# order=3: data_wav [pixel], data_wavsolution [micron]
3.000000000000000000e+00 1.423037235321616523e+00
4.000000000000000000e+00 1.423060993881076763e+00
5.000000000000000000e+00 1.423084749258493042e+00
6.000000000000000000e+00 1.423108501453865804e+00
7.000000000000000000e+00 1.423132250467194826e+00
8.000000000000000000e+00 1.423155996298480330e+00
9.000000000000000000e+00 1.423179738947722095e+00
1.000000000000000000e+01 1.423203478414920342e+00
1.100000000000000000e+01 1.423227214700074850e+00
1.200000000000000000e+01 1.423250947803185840e+00
1.300000000000000000e+01 1.423274677724253090e+00
1.400000000000000000e+01 1.423298404463276601e+00
1.500000000000000000e+01 1.423322128020256594e+00
1.600000000000000000e+01 1.423345848395193070e+00
1.700000000000000000e+01 1.423369565588085583e+00
1.800000000000000000e+01 1.423393279598934802e+00
1.900000000000000000e+01 1.423416990427740059e+00
2.000000000000000000e+01 1.423440698074502020e+00
2.100000000000000000e+01 1.423464402539220020e+00
2.200000000000000000e+01 1.423488103821894502e+00
2.300000000000000000e+01 1.423511801922525466e+00
2.400000000000000000e+01 1.423535496841112691e+00
2.500000000000000000e+01 1.423559188577656176e+00
2.600000000000000000e+01 1.423582877132156144e+00
2.700000000000000000e+01 1.423606562504612372e+00
2.800000000000000000e+01 1.423630244695025082e+00
2.900000000000000000e+01 1.423653923703394053e+00
3.000000000000000000e+01 1.423677599529719284e+00
3.100000000000000000e+01 1.423701272174000998e+00
3.200000000000000000e+01 1.423724941636239194e+00
3.300000000000000000e+01 1.423748607916433651e+00
3.400000000000000000e+01 1.423772271014584367e+00
3.500000000000000000e+01 1.423795930930691567e+00
3.600000000000000000e+01 1.423819587664755026e+00
3.700000000000000000e+01 1.423843241216774969e+00
3.800000000000000000e+01 1.423866891586751171e+00
3.900000000000000000e+01 1.423890538774683634e+00
4.000000000000000000e+01 1.423914182780572579e+00
4.100000000000000000e+01 1.423937823604418007e+00
4.200000000000000000e+01 1.423961461246219695e+00
4.300000000000000000e+01 1.423985095705977644e+00
4.400000000000000000e+01 1.424008726983692075e+00
4.500000000000000000e+01 1.424032355079362766e+00
4.600000000000000000e+01 1.424055979992989940e+00
4.700000000000000000e+01 1.424079601724573374e+00
4.800000000000000000e+01 1.424103220274113069e+00
4.900000000000000000e+01 1.424126835641609246e+00
5.000000000000000000e+01 1.424150447827061905e+00
5.100000000000000000e+01 1.424174056830470825e+00
5.200000000000000000e+01 1.424197662651836005e+00
5.300000000000000000e+01 1.424221265291157668e+00
5.400000000000000000e+01 1.424244864748435591e+00
5.500000000000000000e+01 1.424268461023669996e+00
5.600000000000000000e+01 1.424292054116860662e+00
5.700000000000000000e+01 1.424315644028007588e+00
5.800000000000000000e+01 1.424339230757110997e+00
5.900000000000000000e+01 1.424362814304170888e+00
6.000000000000000000e+01 1.424386394669187039e+00
6.100000000000000000e+01 1.424409971852159451e+00
6.200000000000000000e+01 1.424433545853088345e+00
6.300000000000000000e+01 1.424457116671973500e+00
6.400000000000000000e+01 1.424480684308815137e+00
6.500000000000000000e+01 1.424504248763613035e+00
6.600000000000000000e+01 1.424527810036367192e+00
6.700000000000000000e+01 1.424551368127077833e+00
6.800000000000000000e+01 1.424574923035744956e+00
6.900000000000000000e+01 1.424598474762368339e+00
7.000000000000000000e+01 1.424622023306947982e+00
7.100000000000000000e+01 1.424645568669484108e+00
7.200000000000000000e+01 1.424669110849976494e+00
7.300000000000000000e+01 1.424692649848425141e+00
7.400000000000000000e+01 1.424716185664830492e+00
7.500000000000000000e+01 1.424739718299191882e+00
7.600000000000000000e+01 1.424763247751509754e+00
7.700000000000000000e+01 1.424786774021783886e+00
7.800000000000000000e+01 1.424810297110014501e+00
7.900000000000000000e+01 1.424833817016201598e+00
8.000000000000000000e+01 1.424857333740344734e+00
8.100000000000000000e+01 1.424880847282444574e+00
8.200000000000000000e+01 1.424904357642500452e+00
8.300000000000000000e+01 1.424927864820512813e+00
8.400000000000000000e+01 1.424951368816481656e+00
8.500000000000000000e+01 1.424974869630406760e+00
8.600000000000000000e+01 1.424998367262288124e+00
8.700000000000000000e+01 1.425021861712125970e+00
8.800000000000000000e+01 1.425045352979920077e+00
8.900000000000000000e+01 1.425068841065670666e+00
9.000000000000000000e+01 1.425092325969377516e+00
9.100000000000000000e+01 1.425115807691040848e+00
9.200000000000000000e+01 1.425139286230660440e+00
9.300000000000000000e+01 1.425162761588236293e+00
9.400000000000000000e+01 1.425186233763768628e+00
9.500000000000000000e+01 1.425209702757257446e+00
9.600000000000000000e+01 1.425233168568702302e+00
9.700000000000000000e+01 1.425256631198103863e+00
9.800000000000000000e+01 1.425280090645461462e+00
9.900000000000000000e+01 1.425303546910775765e+00
1.000000000000000000e+02 1.425326999994046107e+00
1.010000000000000000e+02 1.425350449895272931e+00
1.020000000000000000e+02 1.425373896614456237e+00
1.030000000000000000e+02 1.425397340151595804e+00
1.040000000000000000e+02 1.425420780506691631e+00
1.050000000000000000e+02 1.425444217679743941e+00
1.060000000000000000e+02 1.425467651670752511e+00
1.070000000000000000e+02 1.425491082479717564e+00
1.080000000000000000e+02 1.425514510106638877e+00
1.090000000000000000e+02 1.425537934551516672e+00
1.100000000000000000e+02 1.425561355814350728e+00
1.110000000000000000e+02 1.425584773895141044e+00
1.120000000000000000e+02 1.425608188793887843e+00
1.130000000000000000e+02 1.425631600510591124e+00
1.140000000000000000e+02 1.425655009045250443e+00
1.150000000000000000e+02 1.425678414397866467e+00
1.160000000000000000e+02 1.425701816568438529e+00
1.170000000000000000e+02 1.425725215556967074e+00
1.180000000000000000e+02 1.425748611363452101e+00
1.190000000000000000e+02 1.425772003987893388e+00
1.200000000000000000e+02 1.425795393430291158e+00
1.210000000000000000e+02 1.425818779690645188e+00
1.220000000000000000e+02 1.425842162768955479e+00
1.230000000000000000e+02 1.425865542665222252e+00
1.240000000000000000e+02 1.425888919379445285e+00
1.250000000000000000e+02 1.425912292911624801e+00
1.260000000000000000e+02 1.425935663261760578e+00
1.270000000000000000e+02 1.425959030429852614e+00
1.280000000000000000e+02 1.425982394415901133e+00
1.290000000000000000e+02 1.426005755219906135e+00
1.300000000000000000e+02 1.426029112841867397e+00
1.310000000000000000e+02 1.426052467281784919e+00
1.320000000000000000e+02 1.426075818539658924e+00
1.330000000000000000e+02 1.426099166615489189e+00
1.340000000000000000e+02 1.426122511509275936e+00
1.350000000000000000e+02 1.426145853221018944e+00
1.360000000000000000e+02 1.426169191750718435e+00
1.370000000000000000e+02 1.426192527098374185e+00
1.380000000000000000e+02 1.426215859263986196e+00
1.390000000000000000e+02 1.426239188247554690e+00
1.400000000000000000e+02 1.426262514049079444e+00
1.410000000000000000e+02 1.426285836668560680e+00
1.420000000000000000e+02 1.426309156105998177e+00
1.430000000000000000e+02 1.426332472361392156e+00
1.440000000000000000e+02 1.426355785434742396e+00
1.450000000000000000e+02 1.426379095326049118e+00
1.460000000000000000e+02 1.426402402035312100e+00
1.470000000000000000e+02 1.426425705562531343e+00
1.480000000000000000e+02 1.426449005907707068e+00
1.490000000000000000e+02 1.426472303070839054e+00
1.500000000000000000e+02 1.426495597051927522e+00
1.510000000000000000e+02 1.426518887850972250e+00
1.520000000000000000e+02 1.426542175467973461e+00
1.530000000000000000e+02 1.426565459902930932e+00
1.540000000000000000e+02 1.426588741155844886e+00
1.550000000000000000e+02 1.426612019226715100e+00
1.560000000000000000e+02 1.426635294115541575e+00
1.570000000000000000e+02 1.426658565822324531e+00
1.580000000000000000e+02 1.426681834347063749e+00
1.590000000000000000e+02 1.426705099689759448e+00
1.600000000000000000e+02 1.426728361850411408e+00
1.610000000000000000e+02 1.426751620829019851e+00
1.620000000000000000e+02 1.426774876625584554e+00
1.630000000000000000e+02 1.426798129240105739e+00
1.640000000000000000e+02 1.426821378672583185e+00
1.650000000000000000e+02 1.426844624923016891e+00
1.660000000000000000e+02 1.426867867991407079e+00
1.670000000000000000e+02 1.426891107877753528e+00
1.680000000000000000e+02 1.426914344582056460e+00
1.690000000000000000e+02 1.426937578104315651e+00
1.700000000000000000e+02 1.426960808444531326e+00
1.710000000000000000e+02 1.426984035602703260e+00
1.720000000000000000e+02 1.427007259578831455e+00
1.730000000000000000e+02 1.427030480372916132e+00
1.740000000000000000e+02 1.427053697984957292e+00
1.750000000000000000e+02 1.427076912414954712e+00
1.760000000000000000e+02 1.427100123662908393e+00
1.770000000000000000e+02 1.427123331728818556e+00
1.780000000000000000e+02 1.427146536612684979e+00
1.790000000000000000e+02 1.427169738314507885e+00
1.800000000000000000e+02 1.427192936834287051e+00
1.810000000000000000e+02 1.427216132172022478e+00
1.820000000000000000e+02 1.427239324327714387e+00
1.830000000000000000e+02 1.427262513301362779e+00
1.840000000000000000e+02 1.427285699092967208e+00
1.850000000000000000e+02 1.427308881702528343e+00
1.860000000000000000e+02 1.427332061130045515e+00
1.870000000000000000e+02 1.427355237375519392e+00
1.880000000000000000e+02 1.427378410438949308e+00
1.890000000000000000e+02 1.427401580320335706e+00
1.900000000000000000e+02 1.427424747019678586e+00
1.910000000000000000e+02 1.427447910536977727e+00
1.920000000000000000e+02 1.427471070872233128e+00
1.930000000000000000e+02 1.427494228025445011e+00
1.940000000000000000e+02 1.427517381996613155e+00
1.950000000000000000e+02 1.427540532785737781e+00
1.960000000000000000e+02 1.427563680392818668e+00
1.970000000000000000e+02 1.427586824817856037e+00
1.980000000000000000e+02 1.427609966060849667e+00
1.990000000000000000e+02 1.427633104121799557e+00
2.000000000000000000e+02 1.427656239000705929e+00
2.010000000000000000e+02 1.427679370697568784e+00
2.020000000000000000e+02 1.427702499212387899e+00
2.030000000000000000e+02 1.427725624545163274e+00
2.040000000000000000e+02 1.427748746695895132e+00
2.050000000000000000e+02 1.427771865664583251e+00
2.060000000000000000e+02 1.427794981451227629e+00
2.070000000000000000e+02 1.427818094055828491e+00
2.080000000000000000e+02 1.427841203478385834e+00
2.090000000000000000e+02 1.427864309718899438e+00
2.100000000000000000e+02 1.427887412777369303e+00
2.110000000000000000e+02 1.427910512653795649e+00
2.120000000000000000e+02 1.427933609348178257e+00
2.130000000000000000e+02 1.427956702860517346e+00
2.140000000000000000e+02 1.427979793190812696e+00
2.150000000000000000e+02 1.428002880339064529e+00
2.160000000000000000e+02 1.428025964305272622e+00
2.170000000000000000e+02 1.428049045089436975e+00
2.180000000000000000e+02 1.428072122691557810e+00
2.190000000000000000e+02 1.428095197111635128e+00
2.200000000000000000e+02 1.428118268349668485e+00
2.210000000000000000e+02 1.428141336405658546e+00
2.220000000000000000e+02 1.428164401279604645e+00
2.230000000000000000e+02 1.428187462971507449e+00
2.240000000000000000e+02 1.428210521481366291e+00
2.250000000000000000e+02 1.428233576809181615e+00
2.260000000000000000e+02 1.428256628954953422e+00
2.270000000000000000e+02 1.428279677918681490e+00
2.280000000000000000e+02 1.428302723700365817e+00
2.290000000000000000e+02 1.428325766300006627e+00
2.300000000000000000e+02 1.428348805717603698e+00
2.310000000000000000e+02 1.428371841953157251e+00
2.320000000000000000e+02 1.428394875006667064e+00
2.330000000000000000e+02 1.428417904878133138e+00
2.340000000000000000e+02 1.428440931567555694e+00
2.350000000000000000e+02 1.428463955074934733e+00
2.360000000000000000e+02 1.428486975400270031e+00
2.370000000000000000e+02 1.428509992543561591e+00
2.380000000000000000e+02 1.428533006504809633e+00
2.390000000000000000e+02 1.428556017284013935e+00
2.400000000000000000e+02 1.428579024881174719e+00
2.410000000000000000e+02 1.428602029296291764e+00
2.420000000000000000e+02 1.428625030529365292e+00
2.430000000000000000e+02 1.428648028580395080e+00
2.440000000000000000e+02 1.428671023449381128e+00
2.450000000000000000e+02 1.428694015136323658e+00
2.460000000000000000e+02 1.428717003641222449e+00
2.470000000000000000e+02 1.428739988964077723e+00
2.480000000000000000e+02 1.428762971104889257e+00
2.490000000000000000e+02 1.428785950063657273e+00
2.500000000000000000e+02 1.428808925840381550e+00
2.510000000000000000e+02 1.428831898435062309e+00
2.520000000000000000e+02 1.428854867847699328e+00
2.530000000000000000e+02 1.428877834078292608e+00
2.540000000000000000e+02 1.428900797126842370e+00
2.550000000000000000e+02 1.428923756993348393e+00
2.560000000000000000e+02 1.428946713677810898e+00
2.570000000000000000e+02 1.428969667180229663e+00
2.580000000000000000e+02 1.428992617500604911e+00
2.590000000000000000e+02 1.429015564638936420e+00
2.600000000000000000e+02 1.429038508595224410e+00
2.610000000000000000e+02 1.429061449369468662e+00
2.620000000000000000e+02 1.429084386961669173e+00
2.630000000000000000e+02 1.429107321371826167e+00
2.640000000000000000e+02 1.429130252599939421e+00
2.650000000000000000e+02 1.429153180646009158e+00
2.660000000000000000e+02 1.429176105510035155e+00
2.670000000000000000e+02 1.429199027192017635e+00
2.680000000000000000e+02 1.429221945691956375e+00
2.690000000000000000e+02 1.429244861009851597e+00
2.700000000000000000e+02 1.429267773145702858e+00
2.710000000000000000e+02 1.429290682099510823e+00
2.720000000000000000e+02 1.429313587871275049e+00
2.730000000000000000e+02 1.429336490460995535e+00
2.740000000000000000e+02 1.429359389868672503e+00
2.750000000000000000e+02 1.429382286094305732e+00
2.760000000000000000e+02 1.429405179137895443e+00
2.770000000000000000e+02 1.429428068999441415e+00
2.780000000000000000e+02 1.429450955678943647e+00
2.790000000000000000e+02 1.429473839176402361e+00
2.800000000000000000e+02 1.429496719491817558e+00
2.810000000000000000e+02 1.429519596625189015e+00
2.820000000000000000e+02 1.429542470576516733e+00
2.830000000000000000e+02 1.429565341345800933e+00
2.840000000000000000e+02 1.429588208933041393e+00
2.850000000000000000e+02 1.429611073338238114e+00
2.860000000000000000e+02 1.429633934561391539e+00
2.870000000000000000e+02 1.429656792602501003e+00
2.880000000000000000e+02 1.429679647461566949e+00
2.890000000000000000e+02 1.429702499138589156e+00
2.900000000000000000e+02 1.429725347633567845e+00
2.910000000000000000e+02 1.429748192946503016e+00
2.920000000000000000e+02 1.429771035077394226e+00
2.930000000000000000e+02 1.429793874026242140e+00
2.940000000000000000e+02 1.429816709793046092e+00
2.950000000000000000e+02 1.429839542377806527e+00
2.960000000000000000e+02 1.429862371780523445e+00
2.970000000000000000e+02 1.429885198001196622e+00
2.980000000000000000e+02 1.429908021039826060e+00
2.990000000000000000e+02 1.429930840896411981e+00
3.000000000000000000e+02 1.429953657570954162e+00
3.010000000000000000e+02 1.429976471063452825e+00
3.020000000000000000e+02 1.429999281373907749e+00
3.030000000000000000e+02 1.430022088502319155e+00
3.040000000000000000e+02 1.430044892448686822e+00
3.050000000000000000e+02 1.430067693213010749e+00
3.060000000000000000e+02 1.430090490795291158e+00
3.070000000000000000e+02 1.430113285195528050e+00
3.080000000000000000e+02 1.430136076413720980e+00
3.090000000000000000e+02 1.430158864449870615e+00
3.100000000000000000e+02 1.430181649303976288e+00
3.110000000000000000e+02 1.430204430976038665e+00
3.120000000000000000e+02 1.430227209466057081e+00
3.130000000000000000e+02 1.430249984774031979e+00
3.140000000000000000e+02 1.430272756899963360e+00
3.150000000000000000e+02 1.430295525843851001e+00
3.160000000000000000e+02 1.430318291605694903e+00
3.170000000000000000e+02 1.430341054185495286e+00
3.180000000000000000e+02 1.430363813583251931e+00
3.190000000000000000e+02 1.430386569798965057e+00
3.200000000000000000e+02 1.430409322832634444e+00
3.210000000000000000e+02 1.430432072684260314e+00
3.220000000000000000e+02 1.430454819353842444e+00
3.230000000000000000e+02 1.430477562841380834e+00
3.240000000000000000e+02 1.430500303146875707e+00
3.250000000000000000e+02 1.430523040270326840e+00
3.260000000000000000e+02 1.430545774211734456e+00
3.270000000000000000e+02 1.430568504971098553e+00
3.280000000000000000e+02 1.430591232548418690e+00
3.290000000000000000e+02 1.430613956943695309e+00
3.300000000000000000e+02 1.430636678156928410e+00
3.310000000000000000e+02 1.430659396188117771e+00
3.320000000000000000e+02 1.430682111037263393e+00
3.330000000000000000e+02 1.430704822704365498e+00
3.340000000000000000e+02 1.430727531189424084e+00
3.350000000000000000e+02 1.430750236492438932e+00
3.360000000000000000e+02 1.430772938613410039e+00
3.370000000000000000e+02 1.430795637552337407e+00
3.380000000000000000e+02 1.430818333309221480e+00
3.390000000000000000e+02 1.430841025884061590e+00
3.400000000000000000e+02 1.430863715276858184e+00
3.410000000000000000e+02 1.430886401487611259e+00
3.420000000000000000e+02 1.430909084516320595e+00
3.430000000000000000e+02 1.430931764362986192e+00
3.440000000000000000e+02 1.430954441027608270e+00
3.450000000000000000e+02 1.430977114510186610e+00
3.460000000000000000e+02 1.430999784810721431e+00
3.470000000000000000e+02 1.431022451929212513e+00
3.480000000000000000e+02 1.431045115865659856e+00
3.490000000000000000e+02 1.431067776620063681e+00
3.500000000000000000e+02 1.431090434192423988e+00
3.510000000000000000e+02 1.431113088582740556e+00
3.520000000000000000e+02 1.431135739791013384e+00
3.530000000000000000e+02 1.431158387817242694e+00
3.540000000000000000e+02 1.431181032661428265e+00
3.550000000000000000e+02 1.431203674323570318e+00
3.560000000000000000e+02 1.431226312803668632e+00
3.570000000000000000e+02 1.431248948101723206e+00
3.580000000000000000e+02 1.431271580217734263e+00
3.590000000000000000e+02 1.431294209151701802e+00
3.600000000000000000e+02 1.431316834903625601e+00
3.610000000000000000e+02 1.431339457473505661e+00
3.620000000000000000e+02 1.431362076861342203e+00
3.630000000000000000e+02 1.431384693067135006e+00
3.640000000000000000e+02 1.431407306090884290e+00
3.650000000000000000e+02 1.431429915932589836e+00
3.660000000000000000e+02 1.431452522592251642e+00
3.670000000000000000e+02 1.431475126069869930e+00
3.680000000000000000e+02 1.431497726365444700e+00
3.690000000000000000e+02 1.431520323478975731e+00
3.700000000000000000e+02 1.431542917410463023e+00
3.710000000000000000e+02 1.431565508159906797e+00
3.720000000000000000e+02 1.431588095727306831e+00
3.730000000000000000e+02 1.431610680112663347e+00
3.740000000000000000e+02 1.431633261315976124e+00
3.750000000000000000e+02 1.431655839337245162e+00
3.760000000000000000e+02 1.431678414176470682e+00
3.770000000000000000e+02 1.431700985833652684e+00
3.780000000000000000e+02 1.431723554308790947e+00
3.790000000000000000e+02 1.431746119601885470e+00
3.800000000000000000e+02 1.431768681712936475e+00
3.810000000000000000e+02 1.431791240641943741e+00
3.820000000000000000e+02 1.431813796388907267e+00
3.830000000000000000e+02 1.431836348953827498e+00
3.840000000000000000e+02 1.431858898336703767e+00
3.850000000000000000e+02 1.431881444537536519e+00
3.860000000000000000e+02 1.431903987556325530e+00
3.870000000000000000e+02 1.431926527393071025e+00
3.880000000000000000e+02 1.431949064047773001e+00
3.890000000000000000e+02 1.431971597520431017e+00
3.900000000000000000e+02 1.431994127811045736e+00
3.910000000000000000e+02 1.432016654919616494e+00
3.920000000000000000e+02 1.432039178846143734e+00
3.930000000000000000e+02 1.432061699590627457e+00
3.940000000000000000e+02 1.432084217153067440e+00
3.950000000000000000e+02 1.432106731533463684e+00
3.960000000000000000e+02 1.432129242731816410e+00
3.970000000000000000e+02 1.432151750748125396e+00
3.980000000000000000e+02 1.432174255582390865e+00
3.990000000000000000e+02 1.432196757234612594e+00
4.000000000000000000e+02 1.432219255704790806e+00
4.010000000000000000e+02 1.432241750992925278e+00
4.020000000000000000e+02 1.432264243099016010e+00
4.030000000000000000e+02 1.432286732023063225e+00
4.040000000000000000e+02 1.432309217765066922e+00
4.050000000000000000e+02 1.432331700325026880e+00
4.060000000000000000e+02 1.432354179702943098e+00
4.070000000000000000e+02 1.432376655898815798e+00
4.080000000000000000e+02 1.432399128912644759e+00
4.090000000000000000e+02 1.432421598744429980e+00
4.100000000000000000e+02 1.432444065394171684e+00
4.110000000000000000e+02 1.432466528861869870e+00
4.120000000000000000e+02 1.432488989147524316e+00
4.130000000000000000e+02 1.432511446251135023e+00
4.140000000000000000e+02 1.432533900172702213e+00
4.150000000000000000e+02 1.432556350912225662e+00
4.160000000000000000e+02 1.432578798469705594e+00
4.170000000000000000e+02 1.432601242845141787e+00
4.180000000000000000e+02 1.432623684038534462e+00
4.190000000000000000e+02 1.432646122049883397e+00
4.200000000000000000e+02 1.432668556879188593e+00
4.210000000000000000e+02 1.432690988526450271e+00
4.220000000000000000e+02 1.432713416991668431e+00
4.230000000000000000e+02 1.432735842274842852e+00
4.240000000000000000e+02 1.432758264375973534e+00
4.250000000000000000e+02 1.432780683295060697e+00
4.260000000000000000e+02 1.432803099032104122e+00
4.270000000000000000e+02 1.432825511587103806e+00
4.280000000000000000e+02 1.432847920960059973e+00
4.290000000000000000e+02 1.432870327150972622e+00
4.300000000000000000e+02 1.432892730159841532e+00
4.310000000000000000e+02 1.432915129986666702e+00
4.320000000000000000e+02 1.432937526631448355e+00
4.330000000000000000e+02 1.432959920094186268e+00
4.340000000000000000e+02 1.432982310374880663e+00
4.350000000000000000e+02 1.433004697473531319e+00
4.360000000000000000e+02 1.433027081390138457e+00
4.370000000000000000e+02 1.433049462124701856e+00
4.380000000000000000e+02 1.433071839677221515e+00
4.390000000000000000e+02 1.433094214047697657e+00
4.400000000000000000e+02 1.433116585236130058e+00
4.410000000000000000e+02 1.433138953242518943e+00
4.420000000000000000e+02 1.433161318066864087e+00
4.430000000000000000e+02 1.433183679709165714e+00
4.440000000000000000e+02 1.433206038169423602e+00
4.450000000000000000e+02 1.433228393447637972e+00
4.460000000000000000e+02 1.433250745543808602e+00
4.470000000000000000e+02 1.433273094457935493e+00
4.480000000000000000e+02 1.433295440190018866e+00
4.490000000000000000e+02 1.433317782740058721e+00
4.500000000000000000e+02 1.433340122108054615e+00
4.510000000000000000e+02 1.433362458294007213e+00
4.520000000000000000e+02 1.433384791297915850e+00
4.530000000000000000e+02 1.433407121119780969e+00
4.540000000000000000e+02 1.433429447759602571e+00
4.550000000000000000e+02 1.433451771217380433e+00
4.560000000000000000e+02 1.433474091493114555e+00
4.570000000000000000e+02 1.433496408586805160e+00
4.580000000000000000e+02 1.433518722498452247e+00
4.590000000000000000e+02 1.433541033228055372e+00
4.600000000000000000e+02 1.433563340775615202e+00
4.610000000000000000e+02 1.433585645141131071e+00
4.620000000000000000e+02 1.433607946324603422e+00
4.630000000000000000e+02 1.433630244326032255e+00
4.640000000000000000e+02 1.433652539145417348e+00
4.650000000000000000e+02 1.433674830782758702e+00
4.660000000000000000e+02 1.433697119238056539e+00
4.670000000000000000e+02 1.433719404511310858e+00
4.680000000000000000e+02 1.433741686602521215e+00
4.690000000000000000e+02 1.433763965511688276e+00
4.700000000000000000e+02 1.433786241238811376e+00
4.710000000000000000e+02 1.433808513783890959e+00
4.720000000000000000e+02 1.433830783146927024e+00
4.730000000000000000e+02 1.433853049327919349e+00
4.740000000000000000e+02 1.433875312326867935e+00
4.750000000000000000e+02 1.433897572143773003e+00
4.760000000000000000e+02 1.433919828778634553e+00
4.770000000000000000e+02 1.433942082231452142e+00
4.780000000000000000e+02 1.433964332502226435e+00
4.790000000000000000e+02 1.433986579590956767e+00
4.800000000000000000e+02 1.434008823497643581e+00
4.810000000000000000e+02 1.434031064222286878e+00
4.820000000000000000e+02 1.434053301764886434e+00
4.830000000000000000e+02 1.434075536125442252e+00
4.840000000000000000e+02 1.434097767303954551e+00
4.850000000000000000e+02 1.434119995300423112e+00
4.860000000000000000e+02 1.434142220114848154e+00
4.870000000000000000e+02 1.434164441747229457e+00
4.880000000000000000e+02 1.434186660197567242e+00
4.890000000000000000e+02 1.434208875465861288e+00
4.900000000000000000e+02 1.434231087552111816e+00
4.910000000000000000e+02 1.434253296456318605e+00
4.920000000000000000e+02 1.434275502178481654e+00
4.930000000000000000e+02 1.434297704718601185e+00
4.940000000000000000e+02 1.434319904076676977e+00
4.950000000000000000e+02 1.434342100252709251e+00
4.960000000000000000e+02 1.434364293246697786e+00
4.970000000000000000e+02 1.434386483058642803e+00
4.980000000000000000e+02 1.434408669688544080e+00
4.990000000000000000e+02 1.434430853136401618e+00
5.000000000000000000e+02 1.434453033402215638e+00
5.010000000000000000e+02 1.434475210485986141e+00
5.020000000000000000e+02 1.434497384387712904e+00
5.030000000000000000e+02 1.434519555107395927e+00
5.040000000000000000e+02 1.434541722645035433e+00
5.050000000000000000e+02 1.434563887000631199e+00
5.060000000000000000e+02 1.434586048174183226e+00
5.070000000000000000e+02 1.434608206165691735e+00
5.080000000000000000e+02 1.434630360975156727e+00
5.090000000000000000e+02 1.434652512602577978e+00
5.100000000000000000e+02 1.434674661047955491e+00
5.110000000000000000e+02 1.434696806311289485e+00
5.120000000000000000e+02 1.434718948392579740e+00
5.130000000000000000e+02 1.434741087291826478e+00
5.140000000000000000e+02 1.434763223009029476e+00
5.150000000000000000e+02 1.434785355544188956e+00
5.160000000000000000e+02 1.434807484897304697e+00
5.170000000000000000e+02 1.434829611068376698e+00
5.180000000000000000e+02 1.434851734057405181e+00
5.190000000000000000e+02 1.434873853864390147e+00
5.200000000000000000e+02 1.434895970489331374e+00
5.210000000000000000e+02 1.434918083932228861e+00
5.220000000000000000e+02 1.434940194193082830e+00
5.230000000000000000e+02 1.434962301271893059e+00
5.240000000000000000e+02 1.434984405168659549e+00
5.250000000000000000e+02 1.435006505883382522e+00
5.260000000000000000e+02 1.435028603416061976e+00
5.270000000000000000e+02 1.435050697766697692e+00
5.280000000000000000e+02 1.435072788935289667e+00
5.290000000000000000e+02 1.435094876921838125e+00
5.300000000000000000e+02 1.435116961726342844e+00
5.310000000000000000e+02 1.435139043348804044e+00
5.320000000000000000e+02 1.435161121789221506e+00
5.330000000000000000e+02 1.435183197047595449e+00
5.340000000000000000e+02 1.435205269123925653e+00
5.350000000000000000e+02 1.435227338018212118e+00
5.360000000000000000e+02 1.435249403730455064e+00
5.370000000000000000e+02 1.435271466260654494e+00
5.380000000000000000e+02 1.435293525608809961e+00
5.390000000000000000e+02 1.435315581774922133e+00
5.400000000000000000e+02 1.435337634758990344e+00
5.410000000000000000e+02 1.435359684561015037e+00
5.420000000000000000e+02 1.435381731180996212e+00
5.430000000000000000e+02 1.435403774618933648e+00
5.440000000000000000e+02 1.435425814874827566e+00
5.450000000000000000e+02 1.435447851948677522e+00
5.460000000000000000e+02 1.435469885840484183e+00
5.470000000000000000e+02 1.435491916550247105e+00
5.480000000000000000e+02 1.435513944077966286e+00
5.490000000000000000e+02 1.435535968423641950e+00
5.500000000000000000e+02 1.435557989587273875e+00
5.510000000000000000e+02 1.435580007568862060e+00
5.520000000000000000e+02 1.435602022368406727e+00
5.530000000000000000e+02 1.435624033985907877e+00
5.540000000000000000e+02 1.435646042421365287e+00
5.550000000000000000e+02 1.435668047674778958e+00
5.560000000000000000e+02 1.435690049746149111e+00
5.570000000000000000e+02 1.435712048635475524e+00
5.580000000000000000e+02 1.435734044342758420e+00
5.590000000000000000e+02 1.435756036867997576e+00
5.600000000000000000e+02 1.435778026211192993e+00
5.610000000000000000e+02 1.435800012372344892e+00
5.620000000000000000e+02 1.435821995351453273e+00
5.630000000000000000e+02 1.435843975148517915e+00
5.640000000000000000e+02 1.435865951763538817e+00
5.650000000000000000e+02 1.435887925196516202e+00
5.660000000000000000e+02 1.435909895447449847e+00
5.670000000000000000e+02 1.435931862516339974e+00
5.680000000000000000e+02 1.435953826403186362e+00
5.690000000000000000e+02 1.435975787107989010e+00
5.700000000000000000e+02 1.435997744630748141e+00
5.710000000000000000e+02 1.436019698971463754e+00
5.720000000000000000e+02 1.436041650130135627e+00
5.730000000000000000e+02 1.436063598106763761e+00
5.740000000000000000e+02 1.436085542901348377e+00
5.750000000000000000e+02 1.436107484513889254e+00
5.760000000000000000e+02 1.436129422944386613e+00
5.770000000000000000e+02 1.436151358192840233e+00
5.780000000000000000e+02 1.436173290259250113e+00
5.790000000000000000e+02 1.436195219143616475e+00
5.800000000000000000e+02 1.436217144845939320e+00
5.810000000000000000e+02 1.436239067366218425e+00
5.820000000000000000e+02 1.436260986704453790e+00
5.830000000000000000e+02 1.436282902860645638e+00
5.840000000000000000e+02 1.436304815834793747e+00
5.850000000000000000e+02 1.436326725626898337e+00
5.860000000000000000e+02 1.436348632236959189e+00
5.870000000000000000e+02 1.436370535664976300e+00
5.880000000000000000e+02 1.436392435910949894e+00
5.890000000000000000e+02 1.436414332974879970e+00
5.900000000000000000e+02 1.436436226856766085e+00
5.910000000000000000e+02 1.436458117556608904e+00
5.920000000000000000e+02 1.436480005074407984e+00
5.930000000000000000e+02 1.436501889410163324e+00
5.940000000000000000e+02 1.436523770563874924e+00
5.950000000000000000e+02 1.436545648535543007e+00
5.960000000000000000e+02 1.436567523325167572e+00
5.970000000000000000e+02 1.436589394932748398e+00
5.980000000000000000e+02 1.436611263358285484e+00
5.990000000000000000e+02 1.436633128601779053e+00
6.000000000000000000e+02 1.436654990663228881e+00
6.010000000000000000e+02 1.436676849542635193e+00
6.020000000000000000e+02 1.436698705239997764e+00
6.030000000000000000e+02 1.436720557755316818e+00
6.040000000000000000e+02 1.436742407088592133e+00
6.050000000000000000e+02 1.436764253239823930e+00
6.060000000000000000e+02 1.436786096209011987e+00
6.070000000000000000e+02 1.436807935996156305e+00
6.080000000000000000e+02 1.436829772601257105e+00
6.090000000000000000e+02 1.436851606024314165e+00
6.100000000000000000e+02 1.436873436265327708e+00
6.110000000000000000e+02 1.436895263324297511e+00
6.120000000000000000e+02 1.436917087201223797e+00
6.130000000000000000e+02 1.436938907896106343e+00
6.140000000000000000e+02 1.436960725408945150e+00
6.150000000000000000e+02 1.436982539739740439e+00
6.160000000000000000e+02 1.437004350888492210e+00
6.170000000000000000e+02 1.437026158855200020e+00
6.180000000000000000e+02 1.437047963639864534e+00
6.190000000000000000e+02 1.437069765242485087e+00
6.200000000000000000e+02 1.437091563663062344e+00
6.210000000000000000e+02 1.437113358901595639e+00
6.220000000000000000e+02 1.437135150958085417e+00
6.230000000000000000e+02 1.437156939832531677e+00
6.240000000000000000e+02 1.437178725524934197e+00
6.250000000000000000e+02 1.437200508035292978e+00
6.260000000000000000e+02 1.437222287363608242e+00
6.270000000000000000e+02 1.437244063509879766e+00
6.280000000000000000e+02 1.437265836474107772e+00
6.290000000000000000e+02 1.437287606256292039e+00
6.300000000000000000e+02 1.437309372856432788e+00
6.310000000000000000e+02 1.437331136274529797e+00
6.320000000000000000e+02 1.437352896510583067e+00
6.330000000000000000e+02 1.437374653564592819e+00
6.340000000000000000e+02 1.437396407436558832e+00
6.350000000000000000e+02 1.437418158126481327e+00
6.360000000000000000e+02 1.437439905634360304e+00
6.370000000000000000e+02 1.437461649960195320e+00
6.380000000000000000e+02 1.437483391103986818e+00
6.390000000000000000e+02 1.437505129065734799e+00
6.400000000000000000e+02 1.437526863845439040e+00
6.410000000000000000e+02 1.437548595443099764e+00
6.420000000000000000e+02 1.437570323858716526e+00
6.430000000000000000e+02 1.437592049092289992e+00
6.440000000000000000e+02 1.437613771143819719e+00
6.450000000000000000e+02 1.437635490013305706e+00
6.460000000000000000e+02 1.437657205700748175e+00
6.470000000000000000e+02 1.437678918206146905e+00
6.480000000000000000e+02 1.437700627529501896e+00
6.490000000000000000e+02 1.437722333670813368e+00
6.500000000000000000e+02 1.437744036630081323e+00
6.510000000000000000e+02 1.437765736407305539e+00
6.520000000000000000e+02 1.437787433002486015e+00
6.530000000000000000e+02 1.437809126415622973e+00
6.540000000000000000e+02 1.437830816646716192e+00
6.550000000000000000e+02 1.437852503695765893e+00
6.560000000000000000e+02 1.437874187562771855e+00
6.570000000000000000e+02 1.437895868247734077e+00
6.580000000000000000e+02 1.437917545750652781e+00
6.590000000000000000e+02 1.437939220071527968e+00
6.600000000000000000e+02 1.437960891210359415e+00
6.610000000000000000e+02 1.437982559167147123e+00
6.620000000000000000e+02 1.438004223941891313e+00
6.630000000000000000e+02 1.438025885534591763e+00
6.640000000000000000e+02 1.438047543945248696e+00
6.650000000000000000e+02 1.438069199173861890e+00
6.660000000000000000e+02 1.438090851220431565e+00
6.670000000000000000e+02 1.438112500084957501e+00
6.680000000000000000e+02 1.438134145767439698e+00
6.690000000000000000e+02 1.438155788267878377e+00
6.700000000000000000e+02 1.438177427586273316e+00
6.710000000000000000e+02 1.438199063722624738e+00
6.720000000000000000e+02 1.438220696676932420e+00
6.730000000000000000e+02 1.438242326449196584e+00
6.740000000000000000e+02 1.438263953039417009e+00
6.750000000000000000e+02 1.438285576447593916e+00
6.760000000000000000e+02 1.438307196673727084e+00
6.770000000000000000e+02 1.438328813717816512e+00
6.780000000000000000e+02 1.438350427579862423e+00
6.790000000000000000e+02 1.438372038259864594e+00
6.800000000000000000e+02 1.438393645757823247e+00
6.810000000000000000e+02 1.438415250073738161e+00
6.820000000000000000e+02 1.438436851207609557e+00
6.830000000000000000e+02 1.438458449159437214e+00
6.840000000000000000e+02 1.438480043929221130e+00
6.850000000000000000e+02 1.438501635516961530e+00
6.860000000000000000e+02 1.438523223922658412e+00
6.870000000000000000e+02 1.438544809146311554e+00
6.880000000000000000e+02 1.438566391187920956e+00
6.890000000000000000e+02 1.438587970047486841e+00
6.900000000000000000e+02 1.438609545725008987e+00
6.910000000000000000e+02 1.438631118220487615e+00
6.920000000000000000e+02 1.438652687533922503e+00
6.930000000000000000e+02 1.438674253665313651e+00
6.940000000000000000e+02 1.438695816614661283e+00
6.950000000000000000e+02 1.438717376381965396e+00
6.960000000000000000e+02 1.438738932967225770e+00
6.970000000000000000e+02 1.438760486370442404e+00
6.980000000000000000e+02 1.438782036591615521e+00
6.990000000000000000e+02 1.438803583630744898e+00
7.000000000000000000e+02 1.438825127487830535e+00
7.010000000000000000e+02 1.438846668162872877e+00
7.020000000000000000e+02 1.438868205655871257e+00
7.030000000000000000e+02 1.438889739966826120e+00
7.040000000000000000e+02 1.438911271095737243e+00
7.050000000000000000e+02 1.438932799042604849e+00
7.060000000000000000e+02 1.438954323807428937e+00
7.070000000000000000e+02 1.438975845390209063e+00
7.080000000000000000e+02 1.438997363790945894e+00
7.090000000000000000e+02 1.439018879009638763e+00
7.100000000000000000e+02 1.439040391046288114e+00
7.110000000000000000e+02 1.439061899900893948e+00
7.120000000000000000e+02 1.439083405573456043e+00
7.130000000000000000e+02 1.439104908063974397e+00
7.140000000000000000e+02 1.439126407372449235e+00
7.150000000000000000e+02 1.439147903498880332e+00
7.160000000000000000e+02 1.439169396443267912e+00
7.170000000000000000e+02 1.439190886205611752e+00
7.180000000000000000e+02 1.439212372785912075e+00
7.190000000000000000e+02 1.439233856184168658e+00
7.200000000000000000e+02 1.439255336400381502e+00
7.210000000000000000e+02 1.439276813434550828e+00
7.220000000000000000e+02 1.439298287286676636e+00
7.230000000000000000e+02 1.439319757956758705e+00
7.240000000000000000e+02 1.439341225444797034e+00
7.250000000000000000e+02 1.439362689750791846e+00
7.260000000000000000e+02 1.439384150874742918e+00
7.270000000000000000e+02 1.439405608816650251e+00
7.280000000000000000e+02 1.439427063576514065e+00
7.290000000000000000e+02 1.439448515154334363e+00
7.300000000000000000e+02 1.439469963550110920e+00
7.310000000000000000e+02 1.439491408763843738e+00
7.320000000000000000e+02 1.439512850795533039e+00
7.330000000000000000e+02 1.439534289645178600e+00
7.340000000000000000e+02 1.439555725312780643e+00
7.350000000000000000e+02 1.439577157798338947e+00
7.360000000000000000e+02 1.439598587101853733e+00
7.370000000000000000e+02 1.439620013223324779e+00
7.380000000000000000e+02 1.439641436162752086e+00
7.390000000000000000e+02 1.439662855920135875e+00
7.400000000000000000e+02 1.439684272495476147e+00
7.410000000000000000e+02 1.439705685888772457e+00
7.420000000000000000e+02 1.439727096100025472e+00
7.430000000000000000e+02 1.439748503129234525e+00
7.440000000000000000e+02 1.439769906976400060e+00
7.450000000000000000e+02 1.439791307641522078e+00
7.460000000000000000e+02 1.439812705124600356e+00
7.470000000000000000e+02 1.439834099425635117e+00
7.480000000000000000e+02 1.439855490544625916e+00
7.490000000000000000e+02 1.439876878481573419e+00
7.500000000000000000e+02 1.439898263236477183e+00
7.510000000000000000e+02 1.439919644809337207e+00
7.520000000000000000e+02 1.439941023200153714e+00
7.530000000000000000e+02 1.439962398408926481e+00
7.540000000000000000e+02 1.439983770435655508e+00
7.550000000000000000e+02 1.440005139280341018e+00
7.560000000000000000e+02 1.440026504942983010e+00
7.570000000000000000e+02 1.440047867423581263e+00
7.580000000000000000e+02 1.440069226722135776e+00
7.590000000000000000e+02 1.440090582838646771e+00
7.600000000000000000e+02 1.440111935773114027e+00
7.610000000000000000e+02 1.440133285525537765e+00
7.620000000000000000e+02 1.440154632095917764e+00
7.630000000000000000e+02 1.440175975484254023e+00
7.640000000000000000e+02 1.440197315690546986e+00
7.650000000000000000e+02 1.440218652714795988e+00
7.660000000000000000e+02 1.440239986557001473e+00
7.670000000000000000e+02 1.440261317217163217e+00
7.680000000000000000e+02 1.440282644695281444e+00
7.690000000000000000e+02 1.440303968991355932e+00
7.700000000000000000e+02 1.440325290105386902e+00
7.710000000000000000e+02 1.440346608037374132e+00
7.720000000000000000e+02 1.440367922787317845e+00
7.730000000000000000e+02 1.440389234355217818e+00
7.740000000000000000e+02 1.440410542741074051e+00
7.750000000000000000e+02 1.440431847944886767e+00
7.760000000000000000e+02 1.440453149966655744e+00
7.770000000000000000e+02 1.440474448806381202e+00
7.780000000000000000e+02 1.440495744464062922e+00
7.790000000000000000e+02 1.440517036939701123e+00
7.800000000000000000e+02 1.440538326233295585e+00
7.810000000000000000e+02 1.440559612344846530e+00
7.820000000000000000e+02 1.440580895274353734e+00
7.830000000000000000e+02 1.440602175021817200e+00
7.840000000000000000e+02 1.440623451587237147e+00
7.850000000000000000e+02 1.440644724970613355e+00
7.860000000000000000e+02 1.440665995171946046e+00
7.870000000000000000e+02 1.440687262191234996e+00
7.880000000000000000e+02 1.440708526028480430e+00
7.890000000000000000e+02 1.440729786683682123e+00
7.900000000000000000e+02 1.440751044156840077e+00
7.910000000000000000e+02 1.440772298447954514e+00
7.920000000000000000e+02 1.440793549557025433e+00
7.930000000000000000e+02 1.440814797484052612e+00
7.940000000000000000e+02 1.440836042229036051e+00
7.950000000000000000e+02 1.440857283791975973e+00
7.960000000000000000e+02 1.440878522172872156e+00
7.970000000000000000e+02 1.440899757371724821e+00
7.980000000000000000e+02 1.440920989388533746e+00
7.990000000000000000e+02 1.440942218223298932e+00
8.000000000000000000e+02 1.440963443876020600e+00
8.010000000000000000e+02 1.440984666346698750e+00
8.020000000000000000e+02 1.441005885635333161e+00
8.030000000000000000e+02 1.441027101741923833e+00
8.040000000000000000e+02 1.441048314666470986e+00
8.050000000000000000e+02 1.441069524408974400e+00
8.060000000000000000e+02 1.441090730969434075e+00
8.070000000000000000e+02 1.441111934347850454e+00
8.080000000000000000e+02 1.441133134544222871e+00
8.090000000000000000e+02 1.441154331558551771e+00
8.100000000000000000e+02 1.441175525390836931e+00
8.110000000000000000e+02 1.441196716041078574e+00
8.120000000000000000e+02 1.441217903509276699e+00
8.130000000000000000e+02 1.441239087795430862e+00
8.140000000000000000e+02 1.441260268899541508e+00
8.150000000000000000e+02 1.441281446821608636e+00
8.160000000000000000e+02 1.441302621561632025e+00
8.170000000000000000e+02 1.441323793119611896e+00
8.180000000000000000e+02 1.441344961495548027e+00
8.190000000000000000e+02 1.441366126689440419e+00
8.200000000000000000e+02 1.441387288701289293e+00
8.210000000000000000e+02 1.441408447531094428e+00
8.220000000000000000e+02 1.441429603178856045e+00
8.230000000000000000e+02 1.441450755644573922e+00
8.240000000000000000e+02 1.441471904928248282e+00
8.250000000000000000e+02 1.441493051029878902e+00
8.260000000000000000e+02 1.441514193949465783e+00
8.270000000000000000e+02 1.441535333687009146e+00
8.280000000000000000e+02 1.441556470242508992e+00
8.290000000000000000e+02 1.441577603615964875e+00
8.300000000000000000e+02 1.441598733807377464e+00
8.310000000000000000e+02 1.441619860816746090e+00
8.320000000000000000e+02 1.441640984644071422e+00
8.330000000000000000e+02 1.441662105289352791e+00
8.340000000000000000e+02 1.441683222752590643e+00
8.350000000000000000e+02 1.441704337033784977e+00
8.360000000000000000e+02 1.441725448132935572e+00
8.370000000000000000e+02 1.441746556050042427e+00
8.380000000000000000e+02 1.441767660785105765e+00
8.390000000000000000e+02 1.441788762338125363e+00
8.400000000000000000e+02 1.441809860709101443e+00
8.410000000000000000e+02 1.441830955898033784e+00
8.420000000000000000e+02 1.441852047904922607e+00
8.430000000000000000e+02 1.441873136729767690e+00
8.440000000000000000e+02 1.441894222372569034e+00
8.450000000000000000e+02 1.441915304833326861e+00
8.460000000000000000e+02 1.441936384112040948e+00
8.470000000000000000e+02 1.441957460208711517e+00
8.480000000000000000e+02 1.441978533123338568e+00
8.490000000000000000e+02 1.441999602855921658e+00
8.500000000000000000e+02 1.442020669406461231e+00
8.510000000000000000e+02 1.442041732774957286e+00
8.520000000000000000e+02 1.442062792961409601e+00
8.530000000000000000e+02 1.442083849965818176e+00
8.540000000000000000e+02 1.442104903788183234e+00
8.550000000000000000e+02 1.442125954428504775e+00
8.560000000000000000e+02 1.442147001886782576e+00
8.570000000000000000e+02 1.442168046163016637e+00
8.580000000000000000e+02 1.442189087257206959e+00
8.590000000000000000e+02 1.442210125169353985e+00
8.600000000000000000e+02 1.442231159899457049e+00
8.610000000000000000e+02 1.442252191447516596e+00
8.620000000000000000e+02 1.442273219813532625e+00
8.630000000000000000e+02 1.442294244997504915e+00
8.640000000000000000e+02 1.442315266999433465e+00
8.650000000000000000e+02 1.442336285819318498e+00
8.660000000000000000e+02 1.442357301457159791e+00
8.670000000000000000e+02 1.442378313912957566e+00
8.680000000000000000e+02 1.442399323186711602e+00
8.690000000000000000e+02 1.442420329278421898e+00
8.700000000000000000e+02 1.442441332188088676e+00
8.710000000000000000e+02 1.442462331915711937e+00
8.720000000000000000e+02 1.442483328461291459e+00
8.730000000000000000e+02 1.442504321824827240e+00
8.740000000000000000e+02 1.442525312006319504e+00
8.750000000000000000e+02 1.442546299005768029e+00
8.760000000000000000e+02 1.442567282823173036e+00
8.770000000000000000e+02 1.442588263458534303e+00
8.780000000000000000e+02 1.442609240911851831e+00
8.790000000000000000e+02 1.442630215183125841e+00
8.800000000000000000e+02 1.442651186272356334e+00
8.810000000000000000e+02 1.442672154179543087e+00
8.820000000000000000e+02 1.442693118904686100e+00
8.830000000000000000e+02 1.442714080447785596e+00
8.840000000000000000e+02 1.442735038808841352e+00
8.850000000000000000e+02 1.442755993987853591e+00
8.860000000000000000e+02 1.442776945984822090e+00
8.870000000000000000e+02 1.442797894799746850e+00
8.880000000000000000e+02 1.442818840432628091e+00
8.890000000000000000e+02 1.442839782883465816e+00
8.900000000000000000e+02 1.442860722152259800e+00
8.910000000000000000e+02 1.442881658239010045e+00
8.920000000000000000e+02 1.442902591143716773e+00
8.930000000000000000e+02 1.442923520866379761e+00
8.940000000000000000e+02 1.442944447406999231e+00
8.950000000000000000e+02 1.442965370765574962e+00
8.960000000000000000e+02 1.442986290942106953e+00
8.970000000000000000e+02 1.443007207936595426e+00
8.980000000000000000e+02 1.443028121749040382e+00
8.990000000000000000e+02 1.443049032379441599e+00
9.000000000000000000e+02 1.443069939827799075e+00
9.010000000000000000e+02 1.443090844094113034e+00
9.020000000000000000e+02 1.443111745178383254e+00
9.030000000000000000e+02 1.443132643080609734e+00
9.040000000000000000e+02 1.443153537800792918e+00
9.050000000000000000e+02 1.443174429338932141e+00
9.060000000000000000e+02 1.443195317695027846e+00
9.070000000000000000e+02 1.443216202869079812e+00
9.080000000000000000e+02 1.443237084861088260e+00
9.090000000000000000e+02 1.443257963671053190e+00
9.100000000000000000e+02 1.443278839298974159e+00
9.110000000000000000e+02 1.443299711744851832e+00
9.120000000000000000e+02 1.443320581008685544e+00
9.130000000000000000e+02 1.443341447090475738e+00
9.140000000000000000e+02 1.443362309990222414e+00
9.150000000000000000e+02 1.443383169707925351e+00
9.160000000000000000e+02 1.443404026243584548e+00
9.170000000000000000e+02 1.443424879597200228e+00
9.180000000000000000e+02 1.443445729768772168e+00
9.190000000000000000e+02 1.443466576758300590e+00
9.200000000000000000e+02 1.443487420565785273e+00
9.210000000000000000e+02 1.443508261191226438e+00
9.220000000000000000e+02 1.443529098634623864e+00
9.230000000000000000e+02 1.443549932895977550e+00
9.240000000000000000e+02 1.443570763975287718e+00
9.250000000000000000e+02 1.443591591872554369e+00
9.260000000000000000e+02 1.443612416587777281e+00
9.270000000000000000e+02 1.443633238120956452e+00
9.280000000000000000e+02 1.443654056472092106e+00
9.290000000000000000e+02 1.443674871641184021e+00
9.300000000000000000e+02 1.443695683628232196e+00
9.310000000000000000e+02 1.443716492433236853e+00
9.320000000000000000e+02 1.443737298056197993e+00
9.330000000000000000e+02 1.443758100497115393e+00
9.340000000000000000e+02 1.443778899755989054e+00
9.350000000000000000e+02 1.443799695832819197e+00
9.360000000000000000e+02 1.443820488727605600e+00
9.370000000000000000e+02 1.443841278440348486e+00
9.380000000000000000e+02 1.443862064971047632e+00
9.390000000000000000e+02 1.443882848319703260e+00
9.400000000000000000e+02 1.443903628486315149e+00
9.410000000000000000e+02 1.443924405470883299e+00
9.420000000000000000e+02 1.443945179273407931e+00
9.430000000000000000e+02 1.443965949893889045e+00
9.440000000000000000e+02 1.443986717332326419e+00
9.450000000000000000e+02 1.444007481588720054e+00
9.460000000000000000e+02 1.444028242663070172e+00
9.470000000000000000e+02 1.444049000555376550e+00
9.480000000000000000e+02 1.444069755265639188e+00
9.490000000000000000e+02 1.444090506793858308e+00
9.500000000000000000e+02 1.444111255140033911e+00
9.510000000000000000e+02 1.444132000304165775e+00
9.520000000000000000e+02 1.444152742286253899e+00
9.530000000000000000e+02 1.444173481086298505e+00
9.540000000000000000e+02 1.444194216704299372e+00
9.550000000000000000e+02 1.444214949140256721e+00
9.560000000000000000e+02 1.444235678394170330e+00
9.570000000000000000e+02 1.444256404466040422e+00
9.580000000000000000e+02 1.444277127355866774e+00
9.590000000000000000e+02 1.444297847063649387e+00
9.600000000000000000e+02 1.444318563589388482e+00
9.610000000000000000e+02 1.444339276933083838e+00
9.620000000000000000e+02 1.444359987094735676e+00
9.630000000000000000e+02 1.444380694074343774e+00
9.640000000000000000e+02 1.444401397871908355e+00
9.650000000000000000e+02 1.444422098487429196e+00
9.660000000000000000e+02 1.444442795920906519e+00
9.670000000000000000e+02 1.444463490172340103e+00
9.680000000000000000e+02 1.444484181241729948e+00
9.690000000000000000e+02 1.444504869129076274e+00
9.700000000000000000e+02 1.444525553834379084e+00
9.710000000000000000e+02 1.444546235357637931e+00
9.720000000000000000e+02 1.444566913698853483e+00
9.730000000000000000e+02 1.444587588858025073e+00
9.740000000000000000e+02 1.444608260835153146e+00
9.750000000000000000e+02 1.444628929630237701e+00
9.760000000000000000e+02 1.444649595243278517e+00
9.770000000000000000e+02 1.444670257674275593e+00
9.780000000000000000e+02 1.444690916923229151e+00
9.790000000000000000e+02 1.444711572990139192e+00
9.800000000000000000e+02 1.444732225875005271e+00
9.810000000000000000e+02 1.444752875577828055e+00
9.820000000000000000e+02 1.444773522098606877e+00
9.830000000000000000e+02 1.444794165437342182e+00
9.840000000000000000e+02 1.444814805594033968e+00
9.850000000000000000e+02 1.444835442568682016e+00
9.860000000000000000e+02 1.444856076361286323e+00
9.870000000000000000e+02 1.444876706971847113e+00
9.880000000000000000e+02 1.444897334400364386e+00
9.890000000000000000e+02 1.444917958646837697e+00
9.900000000000000000e+02 1.444938579711267712e+00
9.910000000000000000e+02 1.444959197593653766e+00
9.920000000000000000e+02 1.444979812293996302e+00
9.930000000000000000e+02 1.445000423812295320e+00
9.940000000000000000e+02 1.445021032148550599e+00
9.950000000000000000e+02 1.445041637302762139e+00
9.960000000000000000e+02 1.445062239274930160e+00
9.970000000000000000e+02 1.445082838065054665e+00
9.980000000000000000e+02 1.445103433673135207e+00
9.990000000000000000e+02 1.445124026099172454e+00
1.000000000000000000e+03 1.445144615343165739e+00
1.001000000000000000e+03 1.445165201405115507e+00
1.002000000000000000e+03 1.445185784285021757e+00
1.003000000000000000e+03 1.445206363982884268e+00
1.004000000000000000e+03 1.445226940498703039e+00
1.005000000000000000e+03 1.445247513832478292e+00
1.006000000000000000e+03 1.445268083984209806e+00
1.007000000000000000e+03 1.445288650953897802e+00
1.008000000000000000e+03 1.445309214741542059e+00
1.009000000000000000e+03 1.445329775347142798e+00
1.010000000000000000e+03 1.445350332770699797e+00
1.011000000000000000e+03 1.445370887012213279e+00
1.012000000000000000e+03 1.445391438071683021e+00
1.013000000000000000e+03 1.445411985949109024e+00
1.014000000000000000e+03 1.445432530644491509e+00
1.015000000000000000e+03 1.445453072157830254e+00
1.016000000000000000e+03 1.445473610489125482e+00
1.017000000000000000e+03 1.445494145638376970e+00
1.018000000000000000e+03 1.445514677605584941e+00
1.019000000000000000e+03 1.445535206390749172e+00
1.020000000000000000e+03 1.445555731993869664e+00
1.021000000000000000e+03 1.445576254414946638e+00
1.022000000000000000e+03 1.445596773653980094e+00
