# order=20: data_wav [pixel], data_wavsolution [micron]
3.000000000000000000e+00 2.096490324309649544e+00
4.000000000000000000e+00 2.096523891728622413e+00
5.000000000000000000e+00 2.096557455030383821e+00
6.000000000000000000e+00 2.096591014213998960e+00
7.000000000000000000e+00 2.096624569278533023e+00
8.000000000000000000e+00 2.096658120223051647e+00
9.000000000000000000e+00 2.096691667046619134e+00
1.000000000000000000e+01 2.096725209748301122e+00
1.100000000000000000e+01 2.096758748327163246e+00
1.200000000000000000e+01 2.096792282782269368e+00
1.300000000000000000e+01 2.096825813112686010e+00
1.400000000000000000e+01 2.096859339317477477e+00
1.500000000000000000e+01 2.096892861395708962e+00
1.600000000000000000e+01 2.096926379346446101e+00
1.700000000000000000e+01 2.096959893168753641e+00
1.800000000000000000e+01 2.096993402861697220e+00
1.900000000000000000e+01 2.097026908424341585e+00
2.000000000000000000e+01 2.097060409855751484e+00
2.100000000000000000e+01 2.097093907154992998e+00
2.200000000000000000e+01 2.097127400321130875e+00
2.300000000000000000e+01 2.097160889353230306e+00
2.400000000000000000e+01 2.097194374250356042e+00
2.500000000000000000e+01 2.097227855011573716e+00
2.600000000000000000e+01 2.097261331635948522e+00
2.700000000000000000e+01 2.097294804122545209e+00
2.800000000000000000e+01 2.097328272470429411e+00
2.900000000000000000e+01 2.097361736678665878e+00
3.000000000000000000e+01 2.097395196746320245e+00
3.100000000000000000e+01 2.097428652672457261e+00
3.200000000000000000e+01 2.097462104456142118e+00
3.300000000000000000e+01 2.097495552096440008e+00
3.400000000000000000e+01 2.097528995592416123e+00
3.500000000000000000e+01 2.097562434943135656e+00
3.600000000000000000e+01 2.097595870147663799e+00
3.700000000000000000e+01 2.097629301205065744e+00
3.800000000000000000e+01 2.097662728114406239e+00
3.900000000000000000e+01 2.097696150874750920e+00
4.000000000000000000e+01 2.097729569485164980e+00
4.100000000000000000e+01 2.097762983944713167e+00
4.200000000000000000e+01 2.097796394252461116e+00
4.300000000000000000e+01 2.097829800407473577e+00
4.400000000000000000e+01 2.097863202408815742e+00
4.500000000000000000e+01 2.097896600255552801e+00
4.600000000000000000e+01 2.097929993946749949e+00
4.700000000000000000e+01 2.097963383481472821e+00
4.800000000000000000e+01 2.097996768858785721e+00
4.900000000000000000e+01 2.098030150077754286e+00
5.000000000000000000e+01 2.098063527137443707e+00
5.100000000000000000e+01 2.098096900036919177e+00
5.200000000000000000e+01 2.098130268775245444e+00
5.300000000000000000e+01 2.098163633351488144e+00
5.400000000000000000e+01 2.098196993764712026e+00
5.500000000000000000e+01 2.098230350013982726e+00
5.600000000000000000e+01 2.098263702098364991e+00
5.700000000000000000e+01 2.098297050016924015e+00
5.800000000000000000e+01 2.098330393768725433e+00
5.900000000000000000e+01 2.098363733352833549e+00
6.000000000000000000e+01 2.098397068768314444e+00
6.100000000000000000e+01 2.098430400014232422e+00
6.200000000000000000e+01 2.098463727089653119e+00
6.300000000000000000e+01 2.098497049993641728e+00
6.400000000000000000e+01 2.098530368725263440e+00
6.500000000000000000e+01 2.098563683283583448e+00
6.600000000000000000e+01 2.098596993667666499e+00
6.700000000000000000e+01 2.098630299876577787e+00
6.800000000000000000e+01 2.098663601909382947e+00
6.900000000000000000e+01 2.098696899765146728e+00
7.000000000000000000e+01 2.098730193442934322e+00
7.100000000000000000e+01 2.098763482941811365e+00
7.200000000000000000e+01 2.098796768260842160e+00
7.300000000000000000e+01 2.098830049399092790e+00
7.400000000000000000e+01 2.098863326355627557e+00
7.500000000000000000e+01 2.098896599129512541e+00
7.600000000000000000e+01 2.098929867719812048e+00
7.700000000000000000e+01 2.098963132125591269e+00
7.800000000000000000e+01 2.098996392345916284e+00
7.900000000000000000e+01 2.099029648379851398e+00
8.000000000000000000e+01 2.099062900226461803e+00
8.100000000000000000e+01 2.099096147884813135e+00
8.200000000000000000e+01 2.099129391353970142e+00
8.300000000000000000e+01 2.099162630632998017e+00
8.400000000000000000e+01 2.099195865720962395e+00
8.500000000000000000e+01 2.099229096616927581e+00
8.600000000000000000e+01 2.099262323319959656e+00
8.700000000000000000e+01 2.099295545829122922e+00
8.800000000000000000e+01 2.099328764143483461e+00
8.900000000000000000e+01 2.099361978262105577e+00
9.000000000000000000e+01 2.099395188184054462e+00
9.100000000000000000e+01 2.099428393908396195e+00
9.200000000000000000e+01 2.099461595434195083e+00
9.300000000000000000e+01 2.099494792760516315e+00
9.400000000000000000e+01 2.099527985886425085e+00
9.500000000000000000e+01 2.099561174810987030e+00
9.600000000000000000e+01 2.099594359533267340e+00
9.700000000000000000e+01 2.099627540052330321e+00
9.800000000000000000e+01 2.099660716367241609e+00
9.900000000000000000e+01 2.099693888477066839e+00
1.000000000000000000e+02 2.099727056380870316e+00
1.010000000000000000e+02 2.099760220077717676e+00
1.020000000000000000e+02 2.099793379566674112e+00
1.030000000000000000e+02 2.099826534846804815e+00
1.040000000000000000e+02 2.099859685917174534e+00
1.050000000000000000e+02 2.099892832776848461e+00
1.060000000000000000e+02 2.099925975424892233e+00
1.070000000000000000e+02 2.099959113860371041e+00
1.080000000000000000e+02 2.099992248082349633e+00
1.090000000000000000e+02 2.100025378089893202e+00
1.100000000000000000e+02 2.100058503882066940e+00
1.110000000000000000e+02 2.100091625457936040e+00
1.120000000000000000e+02 2.100124742816565693e+00
1.130000000000000000e+02 2.100157855957021091e+00
1.140000000000000000e+02 2.100190964878367428e+00
1.150000000000000000e+02 2.100224069579669894e+00
1.160000000000000000e+02 2.100257170059993239e+00
1.170000000000000000e+02 2.100290266318403098e+00
1.180000000000000000e+02 2.100323358353964220e+00
1.190000000000000000e+02 2.100356446165742241e+00
1.200000000000000000e+02 2.100389529752801909e+00
1.210000000000000000e+02 2.100422609114208861e+00
1.220000000000000000e+02 2.100455684249027399e+00
1.230000000000000000e+02 2.100488755156323606e+00
1.240000000000000000e+02 2.100521821835162228e+00
1.250000000000000000e+02 2.100554884284608459e+00
1.260000000000000000e+02 2.100587942503727490e+00
1.270000000000000000e+02 2.100620996491584069e+00
1.280000000000000000e+02 2.100654046247243834e+00
1.290000000000000000e+02 2.100687091769771975e+00
1.300000000000000000e+02 2.100720133058233685e+00
1.310000000000000000e+02 2.100753170111693713e+00
1.320000000000000000e+02 2.100786202929217250e+00
1.330000000000000000e+02 2.100819231509869933e+00
1.340000000000000000e+02 2.100852255852716510e+00
1.350000000000000000e+02 2.100885275956822618e+00
1.360000000000000000e+02 2.100918291821252559e+00
1.370000000000000000e+02 2.100951303445071972e+00
1.380000000000000000e+02 2.100984310827346491e+00
1.390000000000000000e+02 2.101017313967140421e+00
1.400000000000000000e+02 2.101050312863519398e+00
1.410000000000000000e+02 2.101083307515548615e+00
1.420000000000000000e+02 2.101116297922293263e+00
1.430000000000000000e+02 2.101149284082818092e+00
1.440000000000000000e+02 2.101182265996188292e+00
1.450000000000000000e+02 2.101215243661469501e+00
1.460000000000000000e+02 2.101248217077726910e+00
1.470000000000000000e+02 2.101281186244024823e+00
1.480000000000000000e+02 2.101314151159429322e+00
1.490000000000000000e+02 2.101347111823005154e+00
1.500000000000000000e+02 2.101380068233817511e+00
1.510000000000000000e+02 2.101413020390931585e+00
1.520000000000000000e+02 2.101445968293412569e+00
1.530000000000000000e+02 2.101478911940325212e+00
1.540000000000000000e+02 2.101511851330735148e+00
1.550000000000000000e+02 2.101544786463707570e+00
1.560000000000000000e+02 2.101577717338307671e+00
1.570000000000000000e+02 2.101610643953600199e+00
1.580000000000000000e+02 2.101643566308650346e+00
1.590000000000000000e+02 2.101676484402523748e+00
1.600000000000000000e+02 2.101709398234285153e+00
1.610000000000000000e+02 2.101742307802999754e+00
1.620000000000000000e+02 2.101775213107733187e+00
1.630000000000000000e+02 2.101808114147549755e+00
1.640000000000000000e+02 2.101841010921515096e+00
1.650000000000000000e+02 2.101873903428694845e+00
1.660000000000000000e+02 2.101906791668153307e+00
1.670000000000000000e+02 2.101939675638955674e+00
1.680000000000000000e+02 2.101972555340168025e+00
1.690000000000000000e+02 2.102005430770854222e+00
1.700000000000000000e+02 2.102038301930080788e+00
1.710000000000000000e+02 2.102071168816912028e+00
1.720000000000000000e+02 2.102104031430413134e+00
1.730000000000000000e+02 2.102136889769649297e+00
1.740000000000000000e+02 2.102169743833686155e+00
1.750000000000000000e+02 2.102202593621588012e+00
1.760000000000000000e+02 2.102235439132420947e+00
1.770000000000000000e+02 2.102268280365249709e+00
1.780000000000000000e+02 2.102301117319139045e+00
1.790000000000000000e+02 2.102333949993154594e+00
1.800000000000000000e+02 2.102366778386361545e+00
1.810000000000000000e+02 2.102399602497825093e+00
1.820000000000000000e+02 2.102432422326609984e+00
1.830000000000000000e+02 2.102465237871781856e+00
1.840000000000000000e+02 2.102498049132405455e+00
1.850000000000000000e+02 2.102530856107545976e+00
1.860000000000000000e+02 2.102563658796269053e+00
1.870000000000000000e+02 2.102596457197639435e+00
1.880000000000000000e+02 2.102629251310721870e+00
1.890000000000000000e+02 2.102662041134582438e+00
1.900000000000000000e+02 2.102694826668285888e+00
1.910000000000000000e+02 2.102727607910897412e+00
1.920000000000000000e+02 2.102760384861481757e+00
1.930000000000000000e+02 2.102793157519104561e+00
1.940000000000000000e+02 2.102825925882831015e+00
1.950000000000000000e+02 2.102858689951726312e+00
1.960000000000000000e+02 2.102891449724854755e+00
1.970000000000000000e+02 2.102924205201282870e+00
1.980000000000000000e+02 2.102956956380074516e+00
1.990000000000000000e+02 2.102989703260295773e+00
2.000000000000000000e+02 2.103022445841011390e+00
2.010000000000000000e+02 2.103055184121286558e+00
2.020000000000000000e+02 2.103087918100186471e+00
2.030000000000000000e+02 2.103120647776776320e+00
2.040000000000000000e+02 2.103153373150121297e+00
2.050000000000000000e+02 2.103186094219286151e+00
2.060000000000000000e+02 2.103218810983336962e+00
2.070000000000000000e+02 2.103251523441337589e+00
2.080000000000000000e+02 2.103284231592354558e+00
2.090000000000000000e+02 2.103316935435452173e+00
2.100000000000000000e+02 2.103349634969695625e+00
2.110000000000000000e+02 2.103382330194150551e+00
2.120000000000000000e+02 2.103415021107881255e+00
2.130000000000000000e+02 2.103447707709953818e+00
2.140000000000000000e+02 2.103480389999432987e+00
2.150000000000000000e+02 2.103513067975384399e+00
2.160000000000000000e+02 2.103545741636872357e+00
2.170000000000000000e+02 2.103578410982962055e+00
2.180000000000000000e+02 2.103611076012719572e+00
2.190000000000000000e+02 2.103643736725209212e+00
2.200000000000000000e+02 2.103676393119496613e+00
2.210000000000000000e+02 2.103709045194646965e+00
2.220000000000000000e+02 2.103741692949724573e+00
2.230000000000000000e+02 2.103774336383795962e+00
2.240000000000000000e+02 2.103806975495924991e+00
2.250000000000000000e+02 2.103839610285177741e+00
2.260000000000000000e+02 2.103872240750618960e+00
2.270000000000000000e+02 2.103904866891313841e+00
2.280000000000000000e+02 2.103937488706327574e+00
2.290000000000000000e+02 2.103970106194725354e+00
2.300000000000000000e+02 2.104002719355572371e+00
2.310000000000000000e+02 2.104035328187933374e+00
2.320000000000000000e+02 2.104067932690873999e+00
2.330000000000000000e+02 2.104100532863459438e+00
2.340000000000000000e+02 2.104133128704754885e+00
2.350000000000000000e+02 2.104165720213824642e+00
2.360000000000000000e+02 2.104198307389734790e+00
2.370000000000000000e+02 2.104230890231550521e+00
2.380000000000000000e+02 2.104263468738336584e+00
2.390000000000000000e+02 2.104296042909157727e+00
2.400000000000000000e+02 2.104328612743080029e+00
2.410000000000000000e+02 2.104361178239168240e+00
2.420000000000000000e+02 2.104393739396487550e+00
2.430000000000000000e+02 2.104426296214102710e+00
2.440000000000000000e+02 2.104458848691079798e+00
2.450000000000000000e+02 2.104491396826483118e+00
2.460000000000000000e+02 2.104523940619377864e+00
2.470000000000000000e+02 2.104556480068830115e+00
2.480000000000000000e+02 2.104589015173903732e+00
2.490000000000000000e+02 2.104621545933664795e+00
2.500000000000000000e+02 2.104654072347178051e+00
2.510000000000000000e+02 2.104686594413509138e+00
2.520000000000000000e+02 2.104719112131722358e+00
2.530000000000000000e+02 2.104751625500883794e+00
2.540000000000000000e+02 2.104784134520058192e+00
2.550000000000000000e+02 2.104816639188310301e+00
2.560000000000000000e+02 2.104849139504706201e+00
2.570000000000000000e+02 2.104881635468310197e+00
2.580000000000000000e+02 2.104914127078187480e+00
2.590000000000000000e+02 2.104946614333404131e+00
2.600000000000000000e+02 2.104979097233024454e+00
2.610000000000000000e+02 2.105011575776113641e+00
2.620000000000000000e+02 2.105044049961737329e+00
2.630000000000000000e+02 2.105076519788959821e+00
2.640000000000000000e+02 2.105108985256847642e+00
2.650000000000000000e+02 2.105141446364464652e+00
2.660000000000000000e+02 2.105173903110876488e+00
2.670000000000000000e+02 2.105206355495148340e+00
2.680000000000000000e+02 2.105238803516345847e+00
2.690000000000000000e+02 2.105271247173533311e+00
2.700000000000000000e+02 2.105303686465775925e+00
2.710000000000000000e+02 2.105336121392139770e+00
2.720000000000000000e+02 2.105368551951689149e+00
2.730000000000000000e+02 2.105400978143489255e+00
2.740000000000000000e+02 2.105433399966605723e+00
2.750000000000000000e+02 2.105465817420103303e+00
2.760000000000000000e+02 2.105498230503047630e+00
2.770000000000000000e+02 2.105530639214503452e+00
2.780000000000000000e+02 2.105563043553535962e+00
2.790000000000000000e+02 2.105595443519209908e+00
2.800000000000000000e+02 2.105627839110591371e+00
2.810000000000000000e+02 2.105660230326745097e+00
2.820000000000000000e+02 2.105692617166736280e+00
2.830000000000000000e+02 2.105724999629629668e+00
2.840000000000000000e+02 2.105757377714490897e+00
2.850000000000000000e+02 2.105789751420384714e+00
2.860000000000000000e+02 2.105822120746376758e+00
2.870000000000000000e+02 2.105854485691532219e+00
2.880000000000000000e+02 2.105886846254915845e+00
2.890000000000000000e+02 2.105919202435592830e+00
2.900000000000000000e+02 2.105951554232628364e+00
2.910000000000000000e+02 2.105983901645087641e+00
2.920000000000000000e+02 2.106016244672036297e+00
2.930000000000000000e+02 2.106048583312538636e+00
2.940000000000000000e+02 2.106080917565660293e+00
2.950000000000000000e+02 2.106113247430466462e+00
2.960000000000000000e+02 2.106145572906022334e+00
2.970000000000000000e+02 2.106177893991392658e+00
2.980000000000000000e+02 2.106210210685643069e+00
2.990000000000000000e+02 2.106242522987838761e+00
3.000000000000000000e+02 2.106274830897044481e+00
3.010000000000000000e+02 2.106307134412325421e+00
3.020000000000000000e+02 2.106339433532746774e+00
3.030000000000000000e+02 2.106371728257374176e+00
3.040000000000000000e+02 2.106404018585272375e+00
3.050000000000000000e+02 2.106436304515506119e+00
3.060000000000000000e+02 2.106468586047141489e+00
3.070000000000000000e+02 2.106500863179243233e+00
3.080000000000000000e+02 2.106533135910876098e+00
3.090000000000000000e+02 2.106565404241105721e+00
3.100000000000000000e+02 2.106597668168997295e+00
3.110000000000000000e+02 2.106629927693615567e+00
3.120000000000000000e+02 2.106662182814026174e+00
3.130000000000000000e+02 2.106694433529293864e+00
3.140000000000000000e+02 2.106726679838484273e+00
3.150000000000000000e+02 2.106758921740662149e+00
3.160000000000000000e+02 2.106791159234892685e+00
3.170000000000000000e+02 2.106823392320241073e+00
3.180000000000000000e+02 2.106855620995772505e+00
3.190000000000000000e+02 2.106887845260552172e+00
3.200000000000000000e+02 2.106920065113645268e+00
3.210000000000000000e+02 2.106952280554116985e+00
3.220000000000000000e+02 2.106984491581032071e+00
3.230000000000000000e+02 2.107016698193456161e+00
3.240000000000000000e+02 2.107048900390454449e+00
3.250000000000000000e+02 2.107081098171091682e+00
3.260000000000000000e+02 2.107113291534433053e+00
3.270000000000000000e+02 2.107145480479544197e+00
3.280000000000000000e+02 2.107177665005489864e+00
3.290000000000000000e+02 2.107209845111335245e+00
3.300000000000000000e+02 2.107242020796145532e+00
3.310000000000000000e+02 2.107274192058986362e+00
3.320000000000000000e+02 2.107306358898922038e+00
3.330000000000000000e+02 2.107338521315018198e+00
3.340000000000000000e+02 2.107370679306340033e+00
3.350000000000000000e+02 2.107402832871952292e+00
3.360000000000000000e+02 2.107434982010921054e+00
3.370000000000000000e+02 2.107467126722310180e+00
3.380000000000000000e+02 2.107499267005186194e+00
3.390000000000000000e+02 2.107531402858612957e+00
3.400000000000000000e+02 2.107563534281656548e+00
3.410000000000000000e+02 2.107595661273381715e+00
3.420000000000000000e+02 2.107627783832854096e+00
3.430000000000000000e+02 2.107659901959137994e+00
3.440000000000000000e+02 2.107692015651299489e+00
3.450000000000000000e+02 2.107724124908402885e+00
3.460000000000000000e+02 2.107756229729513819e+00
3.470000000000000000e+02 2.107788330113697484e+00
3.480000000000000000e+02 2.107820426060019070e+00
3.490000000000000000e+02 2.107852517567543327e+00
3.500000000000000000e+02 2.107884604635335890e+00
3.510000000000000000e+02 2.107916687262461508e+00
3.520000000000000000e+02 2.107948765447985817e+00
3.530000000000000000e+02 2.107980839190973565e+00
3.540000000000000000e+02 2.108012908490489945e+00
3.550000000000000000e+02 2.108044973345600148e+00
3.560000000000000000e+02 2.108077033755369811e+00
3.570000000000000000e+02 2.108109089718863238e+00
3.580000000000000000e+02 2.108141141235146510e+00
3.590000000000000000e+02 2.108173188303283929e+00
3.600000000000000000e+02 2.108205230922341133e+00
3.610000000000000000e+02 2.108237269091383315e+00
3.620000000000000000e+02 2.108269302809475221e+00
3.630000000000000000e+02 2.108301332075682488e+00
3.640000000000000000e+02 2.108333356889069865e+00
3.650000000000000000e+02 2.108365377248702988e+00
3.660000000000000000e+02 2.108397393153646604e+00
3.670000000000000000e+02 2.108429404602965906e+00
3.680000000000000000e+02 2.108461411595726087e+00
3.690000000000000000e+02 2.108493414130992338e+00
3.700000000000000000e+02 2.108525412207830296e+00
3.710000000000000000e+02 2.108557405825304265e+00
3.720000000000000000e+02 2.108589394982479881e+00
3.730000000000000000e+02 2.108621379678422336e+00
3.740000000000000000e+02 2.108653359912196823e+00
3.750000000000000000e+02 2.108685335682868089e+00
3.760000000000000000e+02 2.108717306989501772e+00
3.770000000000000000e+02 2.108749273831162618e+00
3.780000000000000000e+02 2.108781236206915821e+00
3.790000000000000000e+02 2.108813194115827017e+00
3.800000000000000000e+02 2.108845147556960953e+00
3.810000000000000000e+02 2.108877096529382822e+00
3.820000000000000000e+02 2.108909041032158260e+00
3.830000000000000000e+02 2.108940981064351572e+00
3.840000000000000000e+02 2.108972916625028393e+00
3.850000000000000000e+02 2.109004847713253916e+00
3.860000000000000000e+02 2.109036774328093333e+00
3.870000000000000000e+02 2.109068696468611392e+00
3.880000000000000000e+02 2.109100614133873730e+00
3.890000000000000000e+02 2.109132527322945538e+00
3.900000000000000000e+02 2.109164436034891121e+00
3.910000000000000000e+02 2.109196340268777004e+00
3.920000000000000000e+02 2.109228240023667045e+00
3.930000000000000000e+02 2.109260135298627326e+00
3.940000000000000000e+02 2.109292026092722594e+00
3.950000000000000000e+02 2.109323912405018042e+00
3.960000000000000000e+02 2.109355794234578863e+00
3.970000000000000000e+02 2.109387671580470247e+00
3.980000000000000000e+02 2.109419544441757388e+00
3.990000000000000000e+02 2.109451412817505034e+00
4.000000000000000000e+02 2.109483276706778820e+00
4.010000000000000000e+02 2.109515136108643940e+00
4.020000000000000000e+02 2.109546991022165141e+00
4.030000000000000000e+02 2.109578841446408060e+00
4.040000000000000000e+02 2.109610687380437444e+00
4.050000000000000000e+02 2.109642528823318486e+00
4.060000000000000000e+02 2.109674365774116822e+00
4.070000000000000000e+02 2.109706198231896757e+00
4.080000000000000000e+02 2.109738026195724370e+00
4.090000000000000000e+02 2.109769849664664410e+00
4.100000000000000000e+02 2.109801668637781624e+00
4.110000000000000000e+02 2.109833483114141650e+00
4.120000000000000000e+02 2.109865293092810123e+00
4.130000000000000000e+02 2.109897098572850904e+00
4.140000000000000000e+02 2.109928899553330517e+00
4.150000000000000000e+02 2.109960696033312821e+00
4.160000000000000000e+02 2.109992488011864342e+00
4.170000000000000000e+02 2.110024275488048939e+00
4.180000000000000000e+02 2.110056058460932693e+00
4.190000000000000000e+02 2.110087836929580352e+00
4.200000000000000000e+02 2.110119610893057551e+00
4.210000000000000000e+02 2.110151380350428596e+00
4.220000000000000000e+02 2.110183145300759122e+00
4.230000000000000000e+02 2.110214905743114322e+00
4.240000000000000000e+02 2.110246661676559388e+00
4.250000000000000000e+02 2.110278413100159511e+00
4.260000000000000000e+02 2.110310160012979441e+00
4.270000000000000000e+02 2.110341902414084814e+00
4.280000000000000000e+02 2.110373640302540377e+00
4.290000000000000000e+02 2.110405373677411767e+00
4.300000000000000000e+02 2.110437102537763732e+00
4.310000000000000000e+02 2.110468826882661464e+00
4.320000000000000000e+02 2.110500546711170600e+00
4.330000000000000000e+02 2.110532262022355887e+00
4.340000000000000000e+02 2.110563972815282074e+00
4.350000000000000000e+02 2.110595679089015242e+00
4.360000000000000000e+02 2.110627380842620138e+00
4.370000000000000000e+02 2.110659078075161510e+00
4.380000000000000000e+02 2.110690770785704995e+00
4.390000000000000000e+02 2.110722458973315785e+00
4.400000000000000000e+02 2.110754142637058628e+00
4.410000000000000000e+02 2.110785821775999160e+00
4.420000000000000000e+02 2.110817496389202130e+00
4.430000000000000000e+02 2.110849166475733174e+00
4.440000000000000000e+02 2.110880832034656596e+00
4.450000000000000000e+02 2.110912493065038475e+00
4.460000000000000000e+02 2.110944149565943562e+00
4.470000000000000000e+02 2.110975801536437491e+00
4.480000000000000000e+02 2.111007448975584566e+00
4.490000000000000000e+02 2.111039091882450425e+00
4.500000000000000000e+02 2.111070730256099814e+00
4.510000000000000000e+02 2.111102364095598816e+00
4.520000000000000000e+02 2.111133993400011732e+00
4.530000000000000000e+02 2.111165618168403757e+00
4.540000000000000000e+02 2.111197238399840970e+00
4.550000000000000000e+02 2.111228854093387231e+00
4.560000000000000000e+02 2.111260465248108620e+00
4.570000000000000000e+02 2.111292071863069886e+00
4.580000000000000000e+02 2.111323673937336221e+00
4.590000000000000000e+02 2.111355271469973260e+00
4.600000000000000000e+02 2.111386864460045309e+00
4.610000000000000000e+02 2.111418452906618004e+00
4.620000000000000000e+02 2.111450036808756980e+00
4.630000000000000000e+02 2.111481616165526543e+00
4.640000000000000000e+02 2.111513190975991883e+00
4.650000000000000000e+02 2.111544761239219081e+00
4.660000000000000000e+02 2.111576326954272442e+00
4.670000000000000000e+02 2.111607888120217158e+00
4.680000000000000000e+02 2.111639444736118865e+00
4.690000000000000000e+02 2.111670996801042310e+00
4.700000000000000000e+02 2.111702544314052687e+00
4.710000000000000000e+02 2.111734087274215632e+00
4.720000000000000000e+02 2.111765625680595448e+00
4.730000000000000000e+02 2.111797159532258217e+00
4.740000000000000000e+02 2.111828688828268241e+00
4.750000000000000000e+02 2.111860213567691602e+00
4.760000000000000000e+02 2.111891733749592603e+00
4.770000000000000000e+02 2.111923249373036882e+00
4.780000000000000000e+02 2.111954760437089185e+00
4.790000000000000000e+02 2.111986266940815593e+00
4.800000000000000000e+02 2.112017768883279967e+00
4.810000000000000000e+02 2.112049266263548386e+00
4.820000000000000000e+02 2.112080759080685599e+00
4.830000000000000000e+02 2.112112247333757242e+00
4.840000000000000000e+02 2.112143731021827620e+00
4.850000000000000000e+02 2.112175210143962811e+00
4.860000000000000000e+02 2.112206684699227566e+00
4.870000000000000000e+02 2.112238154686686631e+00
4.880000000000000000e+02 2.112269620105406087e+00
4.890000000000000000e+02 2.112301080954450239e+00
4.900000000000000000e+02 2.112332537232884722e+00
4.910000000000000000e+02 2.112363988939774728e+00
4.920000000000000000e+02 2.112395436074185007e+00
4.930000000000000000e+02 2.112426878635180749e+00
4.940000000000000000e+02 2.112458316621827592e+00
4.950000000000000000e+02 2.112489750033190727e+00
4.960000000000000000e+02 2.112521178868334459e+00
4.970000000000000000e+02 2.112552603126324868e+00
4.980000000000000000e+02 2.112584022806226702e+00
4.990000000000000000e+02 2.112615437907104710e+00
5.000000000000000000e+02 2.112646848428024970e+00
5.010000000000000000e+02 2.112678254368051789e+00
5.020000000000000000e+02 2.112709655726251246e+00
5.030000000000000000e+02 2.112741052501687644e+00
5.040000000000000000e+02 2.112772444693426177e+00
5.050000000000000000e+02 2.112803832300532481e+00
5.060000000000000000e+02 2.112835215322071747e+00
5.070000000000000000e+02 2.112866593757108724e+00
5.080000000000000000e+02 2.112897967604708604e+00
5.090000000000000000e+02 2.112929336863937024e+00
5.100000000000000000e+02 2.112960701533858288e+00
5.110000000000000000e+02 2.112992061613538475e+00
5.120000000000000000e+02 2.113023417102041890e+00
5.130000000000000000e+02 2.113054767998434613e+00
5.140000000000000000e+02 2.113086114301780949e+00
5.150000000000000000e+02 2.113117456011146977e+00
5.160000000000000000e+02 2.113148793125597003e+00
5.170000000000000000e+02 2.113180125644196217e+00
5.180000000000000000e+02 2.113211453566010256e+00
5.190000000000000000e+02 2.113242776890103869e+00
5.200000000000000000e+02 2.113274095615542691e+00
5.210000000000000000e+02 2.113305409741391472e+00
5.220000000000000000e+02 2.113336719266715846e+00
5.230000000000000000e+02 2.113368024190580119e+00
5.240000000000000000e+02 2.113399324512050370e+00
5.250000000000000000e+02 2.113430620230190904e+00
5.260000000000000000e+02 2.113461911344067357e+00
5.270000000000000000e+02 2.113493197852745364e+00
5.280000000000000000e+02 2.113524479755289232e+00
5.290000000000000000e+02 2.113555757050764150e+00
5.300000000000000000e+02 2.113587029738236200e+00
5.310000000000000000e+02 2.113618297816769243e+00
5.320000000000000000e+02 2.113649561285429801e+00
5.330000000000000000e+02 2.113680820143281736e+00
5.340000000000000000e+02 2.113712074389391127e+00
5.350000000000000000e+02 2.113743324022822723e+00
5.360000000000000000e+02 2.113774569042641716e+00
5.370000000000000000e+02 2.113805809447913742e+00
5.380000000000000000e+02 2.113837045237703105e+00
5.390000000000000000e+02 2.113868276411075442e+00
5.400000000000000000e+02 2.113899502967095945e+00
5.410000000000000000e+02 2.113930724904829805e+00
5.420000000000000000e+02 2.113961942223341772e+00
5.430000000000000000e+02 2.113993154921697482e+00
5.440000000000000000e+02 2.114024362998961681e+00
5.450000000000000000e+02 2.114055566454200008e+00
5.460000000000000000e+02 2.114086765286477654e+00
5.470000000000000000e+02 2.114117959494858923e+00
5.480000000000000000e+02 2.114149149078409895e+00
5.490000000000000000e+02 2.114180334036195319e+00
5.500000000000000000e+02 2.114211514367280387e+00
5.510000000000000000e+02 2.114242690070730291e+00
5.520000000000000000e+02 2.114273861145609779e+00
5.530000000000000000e+02 2.114305027590984931e+00
5.540000000000000000e+02 2.114336189405920052e+00
5.550000000000000000e+02 2.114367346589480778e+00
5.560000000000000000e+02 2.114398499140732302e+00
5.570000000000000000e+02 2.114429647058739370e+00
5.580000000000000000e+02 2.114460790342567176e+00
5.590000000000000000e+02 2.114491928991281355e+00
5.600000000000000000e+02 2.114523063003946657e+00
5.610000000000000000e+02 2.114554192379628716e+00
5.620000000000000000e+02 2.114585317117391838e+00
5.630000000000000000e+02 2.114616437216302103e+00
5.640000000000000000e+02 2.114647552675423814e+00
5.650000000000000000e+02 2.114678663493822608e+00
5.660000000000000000e+02 2.114709769670564121e+00
5.670000000000000000e+02 2.114740871204712214e+00
5.680000000000000000e+02 2.114771968095333410e+00
5.690000000000000000e+02 2.114803060341492014e+00
5.700000000000000000e+02 2.114834147942253662e+00
5.710000000000000000e+02 2.114865230896683101e+00
5.720000000000000000e+02 2.114896309203845526e+00
5.730000000000000000e+02 2.114927382862806571e+00
5.740000000000000000e+02 2.114958451872630540e+00
5.750000000000000000e+02 2.114989516232383515e+00
5.760000000000000000e+02 2.115020575941130243e+00
5.770000000000000000e+02 2.115051630997935916e+00
5.780000000000000000e+02 2.115082681401865727e+00
5.790000000000000000e+02 2.115113727151984868e+00
5.800000000000000000e+02 2.115144768247358087e+00
5.810000000000000000e+02 2.115175804687051020e+00
5.820000000000000000e+02 2.115206836470128415e+00
5.830000000000000000e+02 2.115237863595655909e+00
5.840000000000000000e+02 2.115268886062698694e+00
5.850000000000000000e+02 2.115299903870321518e+00
5.860000000000000000e+02 2.115330917017589574e+00
5.870000000000000000e+02 2.115361925503568052e+00
5.880000000000000000e+02 2.115392929327322147e+00
5.890000000000000000e+02 2.115423928487917049e+00
5.900000000000000000e+02 2.115454922984418396e+00
5.910000000000000000e+02 2.115485912815890490e+00
5.920000000000000000e+02 2.115516897981398969e+00
5.930000000000000000e+02 2.115547878480009025e+00
5.940000000000000000e+02 2.115578854310785406e+00
5.950000000000000000e+02 2.115609825472793748e+00
5.960000000000000000e+02 2.115640791965098799e+00
5.970000000000000000e+02 2.115671753786766196e+00
5.980000000000000000e+02 2.115702710936860687e+00
5.990000000000000000e+02 2.115733663414447463e+00
6.000000000000000000e+02 2.115764611218592162e+00
6.010000000000000000e+02 2.115795554348359087e+00
6.020000000000000000e+02 2.115826492802814318e+00
6.030000000000000000e+02 2.115857426581022160e+00
6.040000000000000000e+02 2.115888355682048694e+00
6.050000000000000000e+02 2.115919280104958222e+00
6.060000000000000000e+02 2.115950199848816382e+00
6.070000000000000000e+02 2.115981114912688366e+00
6.080000000000000000e+02 2.116012025295638921e+00
6.090000000000000000e+02 2.116042930996733240e+00
6.100000000000000000e+02 2.116073832015036960e+00
6.110000000000000000e+02 2.116104728349615272e+00
6.120000000000000000e+02 2.116135619999532480e+00
6.130000000000000000e+02 2.116166506963854665e+00
6.140000000000000000e+02 2.116197389241646576e+00
6.150000000000000000e+02 2.116228266831972959e+00
6.160000000000000000e+02 2.116259139733899897e+00
6.170000000000000000e+02 2.116290007946492135e+00
6.180000000000000000e+02 2.116320871468814424e+00
6.190000000000000000e+02 2.116351730299932399e+00
6.200000000000000000e+02 2.116382584438911252e+00
6.210000000000000000e+02 2.116413433884815731e+00
6.220000000000000000e+02 2.116444278636711473e+00
6.230000000000000000e+02 2.116475118693663227e+00
6.240000000000000000e+02 2.116505954054736183e+00
6.250000000000000000e+02 2.116536784718995978e+00
6.260000000000000000e+02 2.116567610685507361e+00
6.270000000000000000e+02 2.116598431953335524e+00
6.280000000000000000e+02 2.116629248521545659e+00
6.290000000000000000e+02 2.116660060389202958e+00
6.300000000000000000e+02 2.116690867555372169e+00
6.310000000000000000e+02 2.116721670019119372e+00
6.320000000000000000e+02 2.116752467779508873e+00
6.330000000000000000e+02 2.116783260835606306e+00
6.340000000000000000e+02 2.116814049186476421e+00
6.350000000000000000e+02 2.116844832831184853e+00
6.360000000000000000e+02 2.116875611768796350e+00
6.370000000000000000e+02 2.116906385998376106e+00
6.380000000000000000e+02 2.116937155518989755e+00
6.390000000000000000e+02 2.116967920329702046e+00
6.400000000000000000e+02 2.116998680429578172e+00
6.410000000000000000e+02 2.117029435817683325e+00
6.420000000000000000e+02 2.117060186493082696e+00
6.430000000000000000e+02 2.117090932454841035e+00
6.440000000000000000e+02 2.117121673702024420e+00
6.450000000000000000e+02 2.117152410233697157e+00
6.460000000000000000e+02 2.117183142048924882e+00
6.470000000000000000e+02 2.117213869146772343e+00
6.480000000000000000e+02 2.117244591526305175e+00
6.490000000000000000e+02 2.117275309186588128e+00
6.500000000000000000e+02 2.117306022126686393e+00
6.510000000000000000e+02 2.117336730345665607e+00
6.520000000000000000e+02 2.117367433842590518e+00
6.530000000000000000e+02 2.117398132616525874e+00
6.540000000000000000e+02 2.117428826666537756e+00
6.550000000000000000e+02 2.117459515991690910e+00
6.560000000000000000e+02 2.117490200591050531e+00
6.570000000000000000e+02 2.117520880463681365e+00
6.580000000000000000e+02 2.117551555608649050e+00
6.590000000000000000e+02 2.117582226025018777e+00
6.600000000000000000e+02 2.117612891711855294e+00
6.610000000000000000e+02 2.117643552668223794e+00
6.620000000000000000e+02 2.117674208893189913e+00
6.630000000000000000e+02 2.117704860385818844e+00
6.640000000000000000e+02 2.117735507145174889e+00
6.650000000000000000e+02 2.117766149170324130e+00
6.660000000000000000e+02 2.117796786460330871e+00
6.670000000000000000e+02 2.117827419014261192e+00
6.680000000000000000e+02 2.117858046831179841e+00
6.690000000000000000e+02 2.117888669910151567e+00
6.700000000000000000e+02 2.117919288250242005e+00
6.710000000000000000e+02 2.117949901850516348e+00
6.720000000000000000e+02 2.117980510710039344e+00
6.730000000000000000e+02 2.118011114827876629e+00
6.740000000000000000e+02 2.118041714203093395e+00
6.750000000000000000e+02 2.118072308834753947e+00
6.760000000000000000e+02 2.118102898721924365e+00
6.770000000000000000e+02 2.118133483863669841e+00
6.780000000000000000e+02 2.118164064259054680e+00
6.790000000000000000e+02 2.118194639907144516e+00
6.800000000000000000e+02 2.118225210807004988e+00
6.810000000000000000e+02 2.118255776957700398e+00
6.820000000000000000e+02 2.118286338358296383e+00
6.830000000000000000e+02 2.118316895007858136e+00
6.840000000000000000e+02 2.118347446905450848e+00
6.850000000000000000e+02 2.118377994050139268e+00
6.860000000000000000e+02 2.118408536440988588e+00
6.870000000000000000e+02 2.118439074077064443e+00
6.880000000000000000e+02 2.118469606957432028e+00
6.890000000000000000e+02 2.118500135081156088e+00
6.900000000000000000e+02 2.118530658447301374e+00
6.910000000000000000e+02 2.118561177054933964e+00
6.920000000000000000e+02 2.118591690903119051e+00
6.930000000000000000e+02 2.118622199990920940e+00
6.940000000000000000e+02 2.118652704317405266e+00
6.950000000000000000e+02 2.118683203881636778e+00
6.960000000000000000e+02 2.118713698682681557e+00
6.970000000000000000e+02 2.118744188719603905e+00
6.980000000000000000e+02 2.118774673991469459e+00
6.990000000000000000e+02 2.118805154497342969e+00
7.000000000000000000e+02 2.118835630236289624e+00
7.010000000000000000e+02 2.118866101207375063e+00
7.020000000000000000e+02 2.118896567409664478e+00
7.030000000000000000e+02 2.118927028842222171e+00
7.040000000000000000e+02 2.118957485504114224e+00
7.050000000000000000e+02 2.118987937394404941e+00
7.060000000000000000e+02 2.119018384512160402e+00
7.070000000000000000e+02 2.119048826856444911e+00
7.080000000000000000e+02 2.119079264426324549e+00
7.090000000000000000e+02 2.119109697220863620e+00
7.100000000000000000e+02 2.119140125239127315e+00
7.110000000000000000e+02 2.119170548480181715e+00
7.120000000000000000e+02 2.119200966943090680e+00
7.130000000000000000e+02 2.119231380626920291e+00
7.140000000000000000e+02 2.119261789530735740e+00
7.150000000000000000e+02 2.119292193653601775e+00
7.160000000000000000e+02 2.119322592994583587e+00
7.170000000000000000e+02 2.119352987552746370e+00
7.180000000000000000e+02 2.119383377327155316e+00
7.190000000000000000e+02 2.119413762316875616e+00
7.200000000000000000e+02 2.119444142520972463e+00
7.210000000000000000e+02 2.119474517938510605e+00
7.220000000000000000e+02 2.119504888568556122e+00
7.230000000000000000e+02 2.119535254410173319e+00
7.240000000000000000e+02 2.119565615462427832e+00
7.250000000000000000e+02 2.119595971724384409e+00
7.260000000000000000e+02 2.119626323195108242e+00
7.270000000000000000e+02 2.119656669873664967e+00
7.280000000000000000e+02 2.119687011759119333e+00
7.290000000000000000e+02 2.119717348850536975e+00
7.300000000000000000e+02 2.119747681146982199e+00
7.310000000000000000e+02 2.119778008647520640e+00
7.320000000000000000e+02 2.119808331351217934e+00
7.330000000000000000e+02 2.119838649257138385e+00
7.340000000000000000e+02 2.119868962364347631e+00
7.350000000000000000e+02 2.119899270671910863e+00
7.360000000000000000e+02 2.119929574178892828e+00
7.370000000000000000e+02 2.119959872884359164e+00
7.380000000000000000e+02 2.119990166787375063e+00
7.390000000000000000e+02 2.120020455887005273e+00
7.400000000000000000e+02 2.120050740182314986e+00
7.410000000000000000e+02 2.120081019672369393e+00
7.420000000000000000e+02 2.120111294356234133e+00
7.430000000000000000e+02 2.120141564232973952e+00
7.440000000000000000e+02 2.120171829301653599e+00
7.450000000000000000e+02 2.120202089561339154e+00
7.460000000000000000e+02 2.120232345011095365e+00
7.470000000000000000e+02 2.120262595649986981e+00
7.480000000000000000e+02 2.120292841477079637e+00
7.490000000000000000e+02 2.120323082491438527e+00
7.500000000000000000e+02 2.120353318692128397e+00
7.510000000000000000e+02 2.120383550078214441e+00
7.520000000000000000e+02 2.120413776648762738e+00
7.530000000000000000e+02 2.120443998402837149e+00
7.540000000000000000e+02 2.120474215339503754e+00
7.550000000000000000e+02 2.120504427457826857e+00
7.560000000000000000e+02 2.120534634756872538e+00
7.570000000000000000e+02 2.120564837235705546e+00
7.580000000000000000e+02 2.120595034893391073e+00
7.590000000000000000e+02 2.120625227728994311e+00
7.600000000000000000e+02 2.120655415741580008e+00
7.610000000000000000e+02 2.120685598930213800e+00
7.620000000000000000e+02 2.120715777293960880e+00
7.630000000000000000e+02 2.120745950831886439e+00
7.640000000000000000e+02 2.120776119543054783e+00
7.650000000000000000e+02 2.120806283426532435e+00
7.660000000000000000e+02 2.120836442481383255e+00
7.670000000000000000e+02 2.120866596706673324e+00
7.680000000000000000e+02 2.120896746101467389e+00
7.690000000000000000e+02 2.120926890664830644e+00
7.700000000000000000e+02 2.120957030395828280e+00
7.710000000000000000e+02 2.120987165293525489e+00
7.720000000000000000e+02 2.121017295356987020e+00
7.730000000000000000e+02 2.121047420585278953e+00
7.740000000000000000e+02 2.121077540977465592e+00
7.750000000000000000e+02 2.121107656532612573e+00
7.760000000000000000e+02 2.121137767249785089e+00
7.770000000000000000e+02 2.121167873128047443e+00
7.780000000000000000e+02 2.121197974166466160e+00
7.790000000000000000e+02 2.121228070364105101e+00
7.800000000000000000e+02 2.121258161720030344e+00
7.810000000000000000e+02 2.121288248233306639e+00
7.820000000000000000e+02 2.121318329902999178e+00
7.830000000000000000e+02 2.121348406728173153e+00
7.840000000000000000e+02 2.121378478707893755e+00
7.850000000000000000e+02 2.121408545841226179e+00
7.860000000000000000e+02 2.121438608127235170e+00
7.870000000000000000e+02 2.121468665564986367e+00
7.880000000000000000e+02 2.121498718153544960e+00
7.890000000000000000e+02 2.121528765891976143e+00
7.900000000000000000e+02 2.121558808779344218e+00
7.910000000000000000e+02 2.121588846814715268e+00
7.920000000000000000e+02 2.121618879997154483e+00
7.930000000000000000e+02 2.121648908325726612e+00
7.940000000000000000e+02 2.121678931799496848e+00
7.950000000000000000e+02 2.121708950417529937e+00
7.960000000000000000e+02 2.121738964178891962e+00
7.970000000000000000e+02 2.121768973082647669e+00
7.980000000000000000e+02 2.121798977127862251e+00
7.990000000000000000e+02 2.121828976313600457e+00
8.000000000000000000e+02 2.121858970638927921e+00
8.010000000000000000e+02 2.121888960102909838e+00
8.020000000000000000e+02 2.121918944704610954e+00
8.030000000000000000e+02 2.121948924443096907e+00
8.040000000000000000e+02 2.121978899317432443e+00
8.050000000000000000e+02 2.122008869326682756e+00
8.060000000000000000e+02 2.122038834469913482e+00
8.070000000000000000e+02 2.122068794746189369e+00
8.080000000000000000e+02 2.122098750154575164e+00
8.090000000000000000e+02 2.122128700694136949e+00
8.100000000000000000e+02 2.122158646363939472e+00
8.110000000000000000e+02 2.122188587163047480e+00
8.120000000000000000e+02 2.122218523090526610e+00
8.130000000000000000e+02 2.122248454145442054e+00
8.140000000000000000e+02 2.122278380326859004e+00
8.150000000000000000e+02 2.122308301633842209e+00
8.160000000000000000e+02 2.122338218065456861e+00
8.170000000000000000e+02 2.122368129620768595e+00
8.180000000000000000e+02 2.122398036298842161e+00
8.190000000000000000e+02 2.122427938098742750e+00
8.200000000000000000e+02 2.122457835019535999e+00
8.210000000000000000e+02 2.122487727060286211e+00
8.220000000000000000e+02 2.122517614220059468e+00
8.230000000000000000e+02 2.122547496497920072e+00
8.240000000000000000e+02 2.122577373892933661e+00
8.250000000000000000e+02 2.122607246404165426e+00
8.260000000000000000e+02 2.122637114030680561e+00
8.270000000000000000e+02 2.122666976771543812e+00
8.280000000000000000e+02 2.122696834625820372e+00
8.290000000000000000e+02 2.122726687592575878e+00
8.300000000000000000e+02 2.122756535670875522e+00
8.310000000000000000e+02 2.122786378859784051e+00
8.320000000000000000e+02 2.122816217158366658e+00
8.330000000000000000e+02 2.122846050565688536e+00
8.340000000000000000e+02 2.122875879080814876e+00
8.350000000000000000e+02 2.122905702702810871e+00
8.360000000000000000e+02 2.122935521430741712e+00
8.370000000000000000e+02 2.122965335263672593e+00
8.380000000000000000e+02 2.122995144200668260e+00
8.390000000000000000e+02 2.123024948240794352e+00
8.400000000000000000e+02 2.123054747383116059e+00
8.410000000000000000e+02 2.123084541626698130e+00
8.420000000000000000e+02 2.123114330970606201e+00
8.430000000000000000e+02 2.123144115413905020e+00
8.440000000000000000e+02 2.123173894955659780e+00
8.450000000000000000e+02 2.123203669594936116e+00
8.460000000000000000e+02 2.123233439330798333e+00
8.470000000000000000e+02 2.123263204162312512e+00
8.480000000000000000e+02 2.123292964088543400e+00
8.490000000000000000e+02 2.123322719108555745e+00
8.500000000000000000e+02 2.123352469221415628e+00
8.510000000000000000e+02 2.123382214426187353e+00
8.520000000000000000e+02 2.123411954721936112e+00
8.530000000000000000e+02 2.123441690107727542e+00
8.540000000000000000e+02 2.123471420582626834e+00
8.550000000000000000e+02 2.123501146145698737e+00
8.560000000000000000e+02 2.123530866796008887e+00
8.570000000000000000e+02 2.123560582532622032e+00
8.580000000000000000e+02 2.123590293354603364e+00
8.590000000000000000e+02 2.123619999261018076e+00
8.600000000000000000e+02 2.123649700250931360e+00
8.610000000000000000e+02 2.123679396323408408e+00
8.620000000000000000e+02 2.123709087477514412e+00
8.630000000000000000e+02 2.123738773712314565e+00
8.640000000000000000e+02 2.123768455026873614e+00
8.650000000000000000e+02 2.123798131420257196e+00
8.660000000000000000e+02 2.123827802891530503e+00
8.670000000000000000e+02 2.123857469439758283e+00
8.680000000000000000e+02 2.123887131064005729e+00
8.690000000000000000e+02 2.123916787763338476e+00
8.700000000000000000e+02 2.123946439536821718e+00
8.710000000000000000e+02 2.123976086383519757e+00
8.720000000000000000e+02 2.124005728302498230e+00
8.730000000000000000e+02 2.124035365292822775e+00
8.740000000000000000e+02 2.124064997353557693e+00
8.750000000000000000e+02 2.124094624483768623e+00
8.760000000000000000e+02 2.124124246682521200e+00
8.770000000000000000e+02 2.124153863948879284e+00
8.780000000000000000e+02 2.124183476281909400e+00
8.790000000000000000e+02 2.124213083680675851e+00
8.800000000000000000e+02 2.124242686144243830e+00
8.810000000000000000e+02 2.124272283671678974e+00
8.820000000000000000e+02 2.124301876262046029e+00
8.830000000000000000e+02 2.124331463914410634e+00
8.840000000000000000e+02 2.124361046627837091e+00
8.850000000000000000e+02 2.124390624401391481e+00
8.860000000000000000e+02 2.124420197234138552e+00
8.870000000000000000e+02 2.124449765125143053e+00
8.880000000000000000e+02 2.124479328073471063e+00
8.890000000000000000e+02 2.124508886078186887e+00
8.900000000000000000e+02 2.124538439138356161e+00
8.910000000000000000e+02 2.124567987253044077e+00
8.920000000000000000e+02 2.124597530421315383e+00
8.930000000000000000e+02 2.124627068642235717e+00
8.940000000000000000e+02 2.124656601914869825e+00
8.950000000000000000e+02 2.124686130238282900e+00
8.960000000000000000e+02 2.124715653611540578e+00
8.970000000000000000e+02 2.124745172033707608e+00
8.980000000000000000e+02 2.124774685503849181e+00
8.990000000000000000e+02 2.124804194021030490e+00
9.000000000000000000e+02 2.124833697584316283e+00
9.010000000000000000e+02 2.124863196192772641e+00
9.020000000000000000e+02 2.124892689845464311e+00
9.030000000000000000e+02 2.124922178541456042e+00
9.040000000000000000e+02 2.124951662279813469e+00
9.050000000000000000e+02 2.124981141059601342e+00
9.060000000000000000e+02 2.125010614879885296e+00
9.070000000000000000e+02 2.125040083739730079e+00
9.080000000000000000e+02 2.125069547638200884e+00
9.090000000000000000e+02 2.125099006574363347e+00
9.100000000000000000e+02 2.125128460547282216e+00
9.110000000000000000e+02 2.125157909556022684e+00
9.120000000000000000e+02 2.125187353599649942e+00
9.130000000000000000e+02 2.125216792677229183e+00
9.140000000000000000e+02 2.125246226787825599e+00
9.150000000000000000e+02 2.125275655930503937e+00
9.160000000000000000e+02 2.125305080104330280e+00
9.170000000000000000e+02 2.125334499308368486e+00
9.180000000000000000e+02 2.125363913541685079e+00
9.190000000000000000e+02 2.125393322803344365e+00
9.200000000000000000e+02 2.125422727092411534e+00
9.210000000000000000e+02 2.125452126407951781e+00
9.220000000000000000e+02 2.125481520749030739e+00
9.230000000000000000e+02 2.125510910114713159e+00
9.240000000000000000e+02 2.125540294504064232e+00
9.250000000000000000e+02 2.125569673916149149e+00
9.260000000000000000e+02 2.125599048350033105e+00
9.270000000000000000e+02 2.125628417804781289e+00
9.280000000000000000e+02 2.125657782279458452e+00
9.290000000000000000e+02 2.125687141773130229e+00
9.300000000000000000e+02 2.125716496284861812e+00
9.310000000000000000e+02 2.125745845813717949e+00
9.320000000000000000e+02 2.125775190358764277e+00
9.330000000000000000e+02 2.125804529919065544e+00
9.340000000000000000e+02 2.125833864493687386e+00
9.350000000000000000e+02 2.125863194081694107e+00
9.360000000000000000e+02 2.125892518682151788e+00
9.370000000000000000e+02 2.125921838294125177e+00
9.380000000000000000e+02 2.125951152916679465e+00
9.390000000000000000e+02 2.125980462548879846e+00
9.400000000000000000e+02 2.126009767189791066e+00
9.410000000000000000e+02 2.126039066838479208e+00
9.420000000000000000e+02 2.126068361494008574e+00
9.430000000000000000e+02 2.126097651155444801e+00
9.440000000000000000e+02 2.126126935821852637e+00
9.450000000000000000e+02 2.126156215492297274e+00
9.460000000000000000e+02 2.126185490165844350e+00
9.470000000000000000e+02 2.126214759841559054e+00
9.480000000000000000e+02 2.126244024518505693e+00
9.490000000000000000e+02 2.126273284195750346e+00
9.500000000000000000e+02 2.126302538872357317e+00
9.510000000000000000e+02 2.126331788547392687e+00
9.520000000000000000e+02 2.126361033219921204e+00
9.530000000000000000e+02 2.126390272889007615e+00
9.540000000000000000e+02 2.126419507553717558e+00
9.550000000000000000e+02 2.126448737213116225e+00
9.560000000000000000e+02 2.126477961866268807e+00
9.570000000000000000e+02 2.126507181512239608e+00
9.580000000000000000e+02 2.126536396150095154e+00
9.590000000000000000e+02 2.126565605778899748e+00
9.600000000000000000e+02 2.126594810397718582e+00
9.610000000000000000e+02 2.126624010005616849e+00
9.620000000000000000e+02 2.126653204601659741e+00
9.630000000000000000e+02 2.126682394184912894e+00
9.640000000000000000e+02 2.126711578754440612e+00
9.650000000000000000e+02 2.126740758309308532e+00
9.660000000000000000e+02 2.126769932848581846e+00
9.670000000000000000e+02 2.126799102371325745e+00
9.680000000000000000e+02 2.126828266876605422e+00
9.690000000000000000e+02 2.126857426363485626e+00
9.700000000000000000e+02 2.126886580831031992e+00
9.710000000000000000e+02 2.126915730278309269e+00
9.720000000000000000e+02 2.126944874704382649e+00
9.730000000000000000e+02 2.126974014108317768e+00
9.740000000000000000e+02 2.127003148489179374e+00
9.750000000000000000e+02 2.127032277846032660e+00
9.760000000000000000e+02 2.127061402177942817e+00
9.770000000000000000e+02 2.127090521483975039e+00
9.780000000000000000e+02 2.127119635763194516e+00
9.790000000000000000e+02 2.127148745014665998e+00
9.800000000000000000e+02 2.127177849237455565e+00
9.810000000000000000e+02 2.127206948430627520e+00
9.820000000000000000e+02 2.127236042593247056e+00
9.830000000000000000e+02 2.127265131724380254e+00
9.840000000000000000e+02 2.127294215823090973e+00
9.850000000000000000e+02 2.127323294888445293e+00
9.860000000000000000e+02 2.127352368919507963e+00
9.870000000000000000e+02 2.127381437915344620e+00
9.880000000000000000e+02 2.127410501875019566e+00
9.890000000000000000e+02 2.127439560797598883e+00
9.900000000000000000e+02 2.127468614682147319e+00
9.910000000000000000e+02 2.127497663527729621e+00
9.920000000000000000e+02 2.127526707333411427e+00
9.930000000000000000e+02 2.127555746098257927e+00
9.940000000000000000e+02 2.127584779821334315e+00
9.950000000000000000e+02 2.127613808501705339e+00
9.960000000000000000e+02 2.127642832138436635e+00
9.970000000000000000e+02 2.127671850730592951e+00
9.980000000000000000e+02 2.127700864277239479e+00
9.990000000000000000e+02 2.127729872777441855e+00
1.000000000000000000e+03 2.127758876230264828e+00
1.001000000000000000e+03 2.127787874634773591e+00
1.002000000000000000e+03 2.127816867990033334e+00
1.003000000000000000e+03 2.127845856295109250e+00
1.004000000000000000e+03 2.127874839549066532e+00
1.005000000000000000e+03 2.127903817750969928e+00
1.006000000000000000e+03 2.127932790899885518e+00
1.007000000000000000e+03 2.127961758994877606e+00
1.008000000000000000e+03 2.127990722035011384e+00
1.009000000000000000e+03 2.128019680019352489e+00
1.010000000000000000e+03 2.128048632946966112e+00
1.011000000000000000e+03 2.128077580816917003e+00
1.012000000000000000e+03 2.128106523628270352e+00
1.013000000000000000e+03 2.128135461380091353e+00
1.014000000000000000e+03 2.128164394071445198e+00
1.015000000000000000e+03 2.128193321701397522e+00
1.016000000000000000e+03 2.128222244269012631e+00
1.017000000000000000e+03 2.128251161773356159e+00
1.018000000000000000e+03 2.128280074213493300e+00
1.019000000000000000e+03 2.128308981588489246e+00
1.020000000000000000e+03 2.128337883897408744e+00
1.021000000000000000e+03 2.128366781139317432e+00
