# order=13: data_wav [pixel], data_wavsolution [micron]
3.000000000000000000e+00 1.754842812215215986e+00
4.000000000000000000e+00 1.754871670647685455e+00
5.000000000000000000e+00 1.754900525339193162e+00
6.000000000000000000e+00 1.754929376289739107e+00
7.000000000000000000e+00 1.754958223499323289e+00
8.000000000000000000e+00 1.754987066967945708e+00
9.000000000000000000e+00 1.755015906695606143e+00
1.000000000000000000e+01 1.755044742682305037e+00
1.100000000000000000e+01 1.755073574928042168e+00
1.200000000000000000e+01 1.755102403432817537e+00
1.300000000000000000e+01 1.755131228196631143e+00
1.400000000000000000e+01 1.755160049219482987e+00
1.500000000000000000e+01 1.755188866501372846e+00
1.600000000000000000e+01 1.755217680042301165e+00
1.700000000000000000e+01 1.755246489842267721e+00
1.800000000000000000e+01 1.755275295901272514e+00
1.900000000000000000e+01 1.755304098219315545e+00
2.000000000000000000e+01 1.755332896796396813e+00
2.100000000000000000e+01 1.755361691632516097e+00
2.200000000000000000e+01 1.755390482727673840e+00
2.300000000000000000e+01 1.755419270081869820e+00
2.400000000000000000e+01 1.755448053695104038e+00
2.500000000000000000e+01 1.755476833567376493e+00
2.600000000000000000e+01 1.755505609698687186e+00
2.700000000000000000e+01 1.755534382089035894e+00
2.800000000000000000e+01 1.755563150738423062e+00
2.900000000000000000e+01 1.755591915646848467e+00
3.000000000000000000e+01 1.755620676814312109e+00
3.100000000000000000e+01 1.755649434240813989e+00
3.200000000000000000e+01 1.755678187926354106e+00
3.300000000000000000e+01 1.755706937870932460e+00
3.400000000000000000e+01 1.755735684074548830e+00
3.500000000000000000e+01 1.755764426537203660e+00
3.600000000000000000e+01 1.755793165258896726e+00
3.700000000000000000e+01 1.755821900239628031e+00
3.800000000000000000e+01 1.755850631479397572e+00
3.900000000000000000e+01 1.755879358978205351e+00
4.000000000000000000e+01 1.755908082736051368e+00
4.100000000000000000e+01 1.755936802752935399e+00
4.200000000000000000e+01 1.755965519028857891e+00
4.300000000000000000e+01 1.755994231563818619e+00
4.400000000000000000e+01 1.756022940357817586e+00
4.500000000000000000e+01 1.756051645410854789e+00
4.600000000000000000e+01 1.756080346722930230e+00
4.700000000000000000e+01 1.756109044294043908e+00
4.800000000000000000e+01 1.756137738124195602e+00
4.900000000000000000e+01 1.756166428213385755e+00
5.000000000000000000e+01 1.756195114561614146e+00
5.100000000000000000e+01 1.756223797168880774e+00
5.200000000000000000e+01 1.756252476035185639e+00
5.300000000000000000e+01 1.756281151160528742e+00
5.400000000000000000e+01 1.756309822544910082e+00
5.500000000000000000e+01 1.756338490188329660e+00
5.600000000000000000e+01 1.756367154090787253e+00
5.700000000000000000e+01 1.756395814252283305e+00
5.800000000000000000e+01 1.756424470672817595e+00
5.900000000000000000e+01 1.756453123352390122e+00
6.000000000000000000e+01 1.756481772291000887e+00
6.100000000000000000e+01 1.756510417488649889e+00
6.200000000000000000e+01 1.756539058945337128e+00
6.300000000000000000e+01 1.756567696661062605e+00
6.400000000000000000e+01 1.756596330635826320e+00
6.500000000000000000e+01 1.756624960869628049e+00
6.600000000000000000e+01 1.756653587362468238e+00
6.700000000000000000e+01 1.756682210114346665e+00
6.800000000000000000e+01 1.756710829125263329e+00
6.900000000000000000e+01 1.756739444395218230e+00
7.000000000000000000e+01 1.756768055924211369e+00
7.100000000000000000e+01 1.756796663712242745e+00
7.200000000000000000e+01 1.756825267759312359e+00
7.300000000000000000e+01 1.756853868065420210e+00
7.400000000000000000e+01 1.756882464630566076e+00
7.500000000000000000e+01 1.756911057454750402e+00
7.600000000000000000e+01 1.756939646537972965e+00
7.700000000000000000e+01 1.756968231880233766e+00
7.800000000000000000e+01 1.756996813481532804e+00
7.900000000000000000e+01 1.757025391341870080e+00
8.000000000000000000e+01 1.757053965461245593e+00
8.100000000000000000e+01 1.757082535839659343e+00
8.200000000000000000e+01 1.757111102477111331e+00
8.300000000000000000e+01 1.757139665373601556e+00
8.400000000000000000e+01 1.757168224529130018e+00
8.500000000000000000e+01 1.757196779943696496e+00
8.600000000000000000e+01 1.757225331617301434e+00
8.700000000000000000e+01 1.757253879549944608e+00
8.800000000000000000e+01 1.757282423741626021e+00
8.900000000000000000e+01 1.757310964192345670e+00
9.000000000000000000e+01 1.757339500902103557e+00
9.100000000000000000e+01 1.757368033870899682e+00
9.200000000000000000e+01 1.757396563098734044e+00
9.300000000000000000e+01 1.757425088585606643e+00
9.400000000000000000e+01 1.757453610331517480e+00
9.500000000000000000e+01 1.757482128336466554e+00
9.600000000000000000e+01 1.757510642600453865e+00
9.700000000000000000e+01 1.757539153123479414e+00
9.800000000000000000e+01 1.757567659905542978e+00
9.900000000000000000e+01 1.757596162946645002e+00
1.000000000000000000e+02 1.757624662246785263e+00
1.010000000000000000e+02 1.757653157805963762e+00
1.020000000000000000e+02 1.757681649624180498e+00
1.030000000000000000e+02 1.757710137701435471e+00
1.040000000000000000e+02 1.757738622037728682e+00
1.050000000000000000e+02 1.757767102633060130e+00
1.060000000000000000e+02 1.757795579487429816e+00
1.070000000000000000e+02 1.757824052600837739e+00
1.080000000000000000e+02 1.757852521973283899e+00
1.090000000000000000e+02 1.757880987604768297e+00
1.100000000000000000e+02 1.757909449495290932e+00
1.110000000000000000e+02 1.757937907644851805e+00
1.120000000000000000e+02 1.757966362053450915e+00
1.130000000000000000e+02 1.757994812721088040e+00
1.140000000000000000e+02 1.758023259647763625e+00
1.150000000000000000e+02 1.758051702833477448e+00
1.160000000000000000e+02 1.758080142278229507e+00
1.170000000000000000e+02 1.758108577982019805e+00
1.180000000000000000e+02 1.758137009944848339e+00
1.190000000000000000e+02 1.758165438166715111e+00
1.200000000000000000e+02 1.758193862647620120e+00
1.210000000000000000e+02 1.758222283387563367e+00
1.220000000000000000e+02 1.758250700386544851e+00
1.230000000000000000e+02 1.758279113644564573e+00
1.240000000000000000e+02 1.758307523161622532e+00
1.250000000000000000e+02 1.758335928937718728e+00
1.260000000000000000e+02 1.758364330972853162e+00
1.270000000000000000e+02 1.758392729267025834e+00
1.280000000000000000e+02 1.758421123820236742e+00
1.290000000000000000e+02 1.758449514632485888e+00
1.300000000000000000e+02 1.758477901703773272e+00
1.310000000000000000e+02 1.758506285034098893e+00
1.320000000000000000e+02 1.758534664623462751e+00
1.330000000000000000e+02 1.758563040471864847e+00
1.340000000000000000e+02 1.758591412579305180e+00
1.350000000000000000e+02 1.758619780945783750e+00
1.360000000000000000e+02 1.758648145571300558e+00
1.370000000000000000e+02 1.758676506455855382e+00
1.380000000000000000e+02 1.758704863599448665e+00
1.390000000000000000e+02 1.758733217002080185e+00
1.400000000000000000e+02 1.758761566663749942e+00
1.410000000000000000e+02 1.758789912584457937e+00
1.420000000000000000e+02 1.758818254764204170e+00
1.430000000000000000e+02 1.758846593202988640e+00
1.440000000000000000e+02 1.758874927900811347e+00
1.450000000000000000e+02 1.758903258857672292e+00
1.460000000000000000e+02 1.758931586073571474e+00
1.470000000000000000e+02 1.758959909548508893e+00
1.480000000000000000e+02 1.758988229282484550e+00
1.490000000000000000e+02 1.759016545275498444e+00
1.500000000000000000e+02 1.759044857527550576e+00
1.510000000000000000e+02 1.759073166038640945e+00
1.520000000000000000e+02 1.759101470808769552e+00
1.530000000000000000e+02 1.759129771837936396e+00
1.540000000000000000e+02 1.759158069126141477e+00
1.550000000000000000e+02 1.759186362673384796e+00
1.560000000000000000e+02 1.759214652479666352e+00
1.570000000000000000e+02 1.759242938544986146e+00
1.580000000000000000e+02 1.759271220869344177e+00
1.590000000000000000e+02 1.759299499452740445e+00
1.600000000000000000e+02 1.759327774295174951e+00
1.610000000000000000e+02 1.759356045396647694e+00
1.620000000000000000e+02 1.759384312757158675e+00
1.630000000000000000e+02 1.759412576376707893e+00
1.640000000000000000e+02 1.759440836255295348e+00
1.650000000000000000e+02 1.759469092392921041e+00
1.660000000000000000e+02 1.759497344789584972e+00
1.670000000000000000e+02 1.759525593445287139e+00
1.680000000000000000e+02 1.759553838360027544e+00
1.690000000000000000e+02 1.759582079533806187e+00
1.700000000000000000e+02 1.759610316966623067e+00
1.710000000000000000e+02 1.759638550658478184e+00
1.720000000000000000e+02 1.759666780609371539e+00
1.730000000000000000e+02 1.759695006819303131e+00
1.740000000000000000e+02 1.759723229288272961e+00
1.750000000000000000e+02 1.759751448016281028e+00
1.760000000000000000e+02 1.759779663003327332e+00
1.770000000000000000e+02 1.759807874249411874e+00
1.780000000000000000e+02 1.759836081754534653e+00
1.790000000000000000e+02 1.759864285518695670e+00
1.800000000000000000e+02 1.759892485541894924e+00
1.810000000000000000e+02 1.759920681824132416e+00
1.820000000000000000e+02 1.759948874365408145e+00
1.830000000000000000e+02 1.759977063165722111e+00
1.840000000000000000e+02 1.760005248225074315e+00
1.850000000000000000e+02 1.760033429543464756e+00
1.860000000000000000e+02 1.760061607120893434e+00
1.870000000000000000e+02 1.760089780957360572e+00
1.880000000000000000e+02 1.760117951052865726e+00
1.890000000000000000e+02 1.760146117407409116e+00
1.900000000000000000e+02 1.760174280020990745e+00
1.910000000000000000e+02 1.760202438893610610e+00
1.920000000000000000e+02 1.760230594025268713e+00
1.930000000000000000e+02 1.760258745415965054e+00
1.940000000000000000e+02 1.760286893065699632e+00
1.950000000000000000e+02 1.760315036974472447e+00
1.960000000000000000e+02 1.760343177142283499e+00
1.970000000000000000e+02 1.760371313569132790e+00
1.980000000000000000e+02 1.760399446255020317e+00
1.990000000000000000e+02 1.760427575199946082e+00
2.000000000000000000e+02 1.760455700403910084e+00
2.010000000000000000e+02 1.760483821866912324e+00
2.020000000000000000e+02 1.760511939588952801e+00
2.030000000000000000e+02 1.760540053570031516e+00
2.040000000000000000e+02 1.760568163810148468e+00
2.050000000000000000e+02 1.760596270309303657e+00
2.060000000000000000e+02 1.760624373067497084e+00
2.070000000000000000e+02 1.760652472084728748e+00
2.080000000000000000e+02 1.760680567360998650e+00
2.090000000000000000e+02 1.760708658896306789e+00
2.100000000000000000e+02 1.760736746690653165e+00
2.110000000000000000e+02 1.760764830744038001e+00
2.120000000000000000e+02 1.760792911056460852e+00
2.130000000000000000e+02 1.760820987627921941e+00
2.140000000000000000e+02 1.760849060458421267e+00
2.150000000000000000e+02 1.760877129547958830e+00
2.160000000000000000e+02 1.760905194896534631e+00
2.170000000000000000e+02 1.760933256504148670e+00
2.180000000000000000e+02 1.760961314370800945e+00
2.190000000000000000e+02 1.760989368496491458e+00
2.200000000000000000e+02 1.761017418881220209e+00
2.210000000000000000e+02 1.761045465524987197e+00
2.220000000000000000e+02 1.761073508427792422e+00
2.230000000000000000e+02 1.761101547589635885e+00
2.240000000000000000e+02 1.761129583010517585e+00
2.250000000000000000e+02 1.761157614690437523e+00
2.260000000000000000e+02 1.761185642629395920e+00
2.270000000000000000e+02 1.761213666827392332e+00
2.280000000000000000e+02 1.761241687284426982e+00
2.290000000000000000e+02 1.761269704000499869e+00
2.300000000000000000e+02 1.761297716975610994e+00
2.310000000000000000e+02 1.761325726209760356e+00
2.320000000000000000e+02 1.761353731702947956e+00
2.330000000000000000e+02 1.761381733455173793e+00
2.340000000000000000e+02 1.761409731466437867e+00
2.350000000000000000e+02 1.761437725736740179e+00
2.360000000000000000e+02 1.761465716266080728e+00
2.370000000000000000e+02 1.761493703054459514e+00
2.380000000000000000e+02 1.761521686101876760e+00
2.390000000000000000e+02 1.761549665408332022e+00
2.400000000000000000e+02 1.761577640973825520e+00
2.410000000000000000e+02 1.761605612798357257e+00
2.420000000000000000e+02 1.761633580881927230e+00
2.430000000000000000e+02 1.761661545224535441e+00
2.440000000000000000e+02 1.761689505826181890e+00
2.450000000000000000e+02 1.761717462686866575e+00
2.460000000000000000e+02 1.761745415806589499e+00
2.470000000000000000e+02 1.761773365185350659e+00
2.480000000000000000e+02 1.761801310823150057e+00
2.490000000000000000e+02 1.761829252719987915e+00
2.500000000000000000e+02 1.761857190875863788e+00
2.510000000000000000e+02 1.761885125290777898e+00
2.520000000000000000e+02 1.761913055964730246e+00
2.530000000000000000e+02 1.761940982897720831e+00
2.540000000000000000e+02 1.761968906089749654e+00
2.550000000000000000e+02 1.761996825540816713e+00
2.560000000000000000e+02 1.762024741250922011e+00
2.570000000000000000e+02 1.762052653220065546e+00
2.580000000000000000e+02 1.762080561448247318e+00
2.590000000000000000e+02 1.762108465935467549e+00
2.600000000000000000e+02 1.762136366681725796e+00
2.610000000000000000e+02 1.762164263687022281e+00
2.620000000000000000e+02 1.762192156951357003e+00
2.630000000000000000e+02 1.762220046474729962e+00
2.640000000000000000e+02 1.762247932257141159e+00
2.650000000000000000e+02 1.762275814298590593e+00
2.660000000000000000e+02 1.762303692599078264e+00
2.670000000000000000e+02 1.762331567158604395e+00
2.680000000000000000e+02 1.762359437977168541e+00
2.690000000000000000e+02 1.762387305054770925e+00
2.700000000000000000e+02 1.762415168391411546e+00
2.710000000000000000e+02 1.762443027987090405e+00
2.720000000000000000e+02 1.762470883841807501e+00
2.730000000000000000e+02 1.762498735955562834e+00
2.740000000000000000e+02 1.762526584328356405e+00
2.750000000000000000e+02 1.762554428960188435e+00
2.760000000000000000e+02 1.762582269851058481e+00
2.770000000000000000e+02 1.762610107000966764e+00
2.780000000000000000e+02 1.762637940409913284e+00
2.790000000000000000e+02 1.762665770077898042e+00
2.800000000000000000e+02 1.762693596004921037e+00
2.810000000000000000e+02 1.762721418190982270e+00
2.820000000000000000e+02 1.762749236636081740e+00
2.830000000000000000e+02 1.762777051340219669e+00
2.840000000000000000e+02 1.762804862303395614e+00
2.850000000000000000e+02 1.762832669525609797e+00
2.860000000000000000e+02 1.762860473006862216e+00
2.870000000000000000e+02 1.762888272747152874e+00
2.880000000000000000e+02 1.762916068746481768e+00
2.890000000000000000e+02 1.762943861004848900e+00
2.900000000000000000e+02 1.762971649522254491e+00
2.910000000000000000e+02 1.762999434298698098e+00
2.920000000000000000e+02 1.763027215334179942e+00
2.930000000000000000e+02 1.763054992628700024e+00
2.940000000000000000e+02 1.763082766182258343e+00
2.950000000000000000e+02 1.763110535994854899e+00
2.960000000000000000e+02 1.763138302066489693e+00
2.970000000000000000e+02 1.763166064397162947e+00
2.980000000000000000e+02 1.763193822986874215e+00
2.990000000000000000e+02 1.763221577835623721e+00
3.000000000000000000e+02 1.763249328943411465e+00
3.010000000000000000e+02 1.763277076310237446e+00
3.020000000000000000e+02 1.763304819936101664e+00
3.030000000000000000e+02 1.763332559821004342e+00
3.040000000000000000e+02 1.763360295964945035e+00
3.050000000000000000e+02 1.763388028367923965e+00
3.060000000000000000e+02 1.763415757029941133e+00
3.070000000000000000e+02 1.763443481950996539e+00
3.080000000000000000e+02 1.763471203131090181e+00
3.090000000000000000e+02 1.763498920570222284e+00
3.100000000000000000e+02 1.763526634268392401e+00
3.110000000000000000e+02 1.763554344225600756e+00
3.120000000000000000e+02 1.763582050441847349e+00
3.130000000000000000e+02 1.763609752917132178e+00
3.140000000000000000e+02 1.763637451651455246e+00
3.150000000000000000e+02 1.763665146644816772e+00
3.160000000000000000e+02 1.763692837897216315e+00
3.170000000000000000e+02 1.763720525408654094e+00
3.180000000000000000e+02 1.763748209179130111e+00
3.190000000000000000e+02 1.763775889208644365e+00
3.200000000000000000e+02 1.763803565497197079e+00
3.210000000000000000e+02 1.763831238044787808e+00
3.220000000000000000e+02 1.763858906851416775e+00
3.230000000000000000e+02 1.763886571917083979e+00
3.240000000000000000e+02 1.763914233241789420e+00
3.250000000000000000e+02 1.763941890825533099e+00
3.260000000000000000e+02 1.763969544668315237e+00
3.270000000000000000e+02 1.763997194770135390e+00
3.280000000000000000e+02 1.764024841130993781e+00
3.290000000000000000e+02 1.764052483750890410e+00
3.300000000000000000e+02 1.764080122629825276e+00
3.310000000000000000e+02 1.764107757767798601e+00
3.320000000000000000e+02 1.764135389164809942e+00
3.330000000000000000e+02 1.764163016820859520e+00
3.340000000000000000e+02 1.764190640735947335e+00
3.350000000000000000e+02 1.764218260910073388e+00
3.360000000000000000e+02 1.764245877343237900e+00
3.370000000000000000e+02 1.764273490035440428e+00
3.380000000000000000e+02 1.764301098986681193e+00
3.390000000000000000e+02 1.764328704196960196e+00
3.400000000000000000e+02 1.764356305666277436e+00
3.410000000000000000e+02 1.764383903394633135e+00
3.420000000000000000e+02 1.764411497382026850e+00
3.430000000000000000e+02 1.764439087628458802e+00
3.440000000000000000e+02 1.764466674133928992e+00
3.450000000000000000e+02 1.764494256898437419e+00
3.460000000000000000e+02 1.764521835921984305e+00
3.470000000000000000e+02 1.764549411204569207e+00
3.480000000000000000e+02 1.764576982746192346e+00
3.490000000000000000e+02 1.764604550546853723e+00
3.500000000000000000e+02 1.764632114606553337e+00
3.510000000000000000e+02 1.764659674925291410e+00
3.520000000000000000e+02 1.764687231503067499e+00
3.530000000000000000e+02 1.764714784339881826e+00
3.540000000000000000e+02 1.764742333435734389e+00
3.550000000000000000e+02 1.764769878790625413e+00
3.560000000000000000e+02 1.764797420404554451e+00
3.570000000000000000e+02 1.764824958277521727e+00
3.580000000000000000e+02 1.764852492409527240e+00
3.590000000000000000e+02 1.764880022800570991e+00
3.600000000000000000e+02 1.764907549450653201e+00
3.610000000000000000e+02 1.764935072359773427e+00
3.620000000000000000e+02 1.764962591527931890e+00
3.630000000000000000e+02 1.764990106955128590e+00
3.640000000000000000e+02 1.765017618641363750e+00
3.650000000000000000e+02 1.765045126586636925e+00
3.660000000000000000e+02 1.765072630790948338e+00
3.670000000000000000e+02 1.765100131254297988e+00
3.680000000000000000e+02 1.765127627976686098e+00
3.690000000000000000e+02 1.765155120958112223e+00
3.700000000000000000e+02 1.765182610198576585e+00
3.710000000000000000e+02 1.765210095698079185e+00
3.720000000000000000e+02 1.765237577456620022e+00
3.730000000000000000e+02 1.765265055474199318e+00
3.740000000000000000e+02 1.765292529750816630e+00
3.750000000000000000e+02 1.765320000286472180e+00
3.760000000000000000e+02 1.765347467081165966e+00
3.770000000000000000e+02 1.765374930134898213e+00
3.780000000000000000e+02 1.765402389447668474e+00
3.790000000000000000e+02 1.765429845019476973e+00
3.800000000000000000e+02 1.765457296850323710e+00
3.810000000000000000e+02 1.765484744940208905e+00
3.820000000000000000e+02 1.765512189289132117e+00
3.830000000000000000e+02 1.765539629897093565e+00
3.840000000000000000e+02 1.765567066764093251e+00
3.850000000000000000e+02 1.765594499890131397e+00
3.860000000000000000e+02 1.765621929275207558e+00
3.870000000000000000e+02 1.765649354919321956e+00
3.880000000000000000e+02 1.765676776822474592e+00
3.890000000000000000e+02 1.765704194984665687e+00
3.900000000000000000e+02 1.765731609405894798e+00
3.910000000000000000e+02 1.765759020086162145e+00
3.920000000000000000e+02 1.765786427025467731e+00
3.930000000000000000e+02 1.765813830223811776e+00
3.940000000000000000e+02 1.765841229681193836e+00
3.950000000000000000e+02 1.765868625397614133e+00
3.960000000000000000e+02 1.765896017373072890e+00
3.970000000000000000e+02 1.765923405607569663e+00
3.980000000000000000e+02 1.765950790101104673e+00
3.990000000000000000e+02 1.765978170853677920e+00
4.000000000000000000e+02 1.766005547865289627e+00
4.010000000000000000e+02 1.766032921135939349e+00
4.020000000000000000e+02 1.766060290665627308e+00
4.030000000000000000e+02 1.766087656454353505e+00
4.040000000000000000e+02 1.766115018502118161e+00
4.050000000000000000e+02 1.766142376808920833e+00
4.060000000000000000e+02 1.766169731374761742e+00
4.070000000000000000e+02 1.766197082199641111e+00
4.080000000000000000e+02 1.766224429283558495e+00
4.090000000000000000e+02 1.766251772626514116e+00
4.100000000000000000e+02 1.766279112228507975e+00
4.110000000000000000e+02 1.766306448089540293e+00
4.120000000000000000e+02 1.766333780209610627e+00
4.130000000000000000e+02 1.766361108588719198e+00
4.140000000000000000e+02 1.766388433226866228e+00
4.150000000000000000e+02 1.766415754124051274e+00
4.160000000000000000e+02 1.766443071280274557e+00
4.170000000000000000e+02 1.766470384695536078e+00
4.180000000000000000e+02 1.766497694369836058e+00
4.190000000000000000e+02 1.766525000303174053e+00
4.200000000000000000e+02 1.766552302495550286e+00
4.210000000000000000e+02 1.766579600946964979e+00
4.220000000000000000e+02 1.766606895657417686e+00
4.230000000000000000e+02 1.766634186626908631e+00
4.240000000000000000e+02 1.766661473855438036e+00
4.250000000000000000e+02 1.766688757343005456e+00
4.260000000000000000e+02 1.766716037089611113e+00
4.270000000000000000e+02 1.766743313095255008e+00
4.280000000000000000e+02 1.766770585359937362e+00
4.290000000000000000e+02 1.766797853883657732e+00
4.300000000000000000e+02 1.766825118666416339e+00
4.310000000000000000e+02 1.766852379708213405e+00
4.320000000000000000e+02 1.766879637009048487e+00
4.330000000000000000e+02 1.766906890568921806e+00
4.340000000000000000e+02 1.766934140387833585e+00
4.350000000000000000e+02 1.766961386465783379e+00
4.360000000000000000e+02 1.766988628802771411e+00
4.370000000000000000e+02 1.767015867398797901e+00
4.380000000000000000e+02 1.767043102253862408e+00
4.390000000000000000e+02 1.767070333367965151e+00
4.400000000000000000e+02 1.767097560741106133e+00
4.410000000000000000e+02 1.767124784373285573e+00
4.420000000000000000e+02 1.767152004264503029e+00
4.430000000000000000e+02 1.767179220414758722e+00
4.440000000000000000e+02 1.767206432824052875e+00
4.450000000000000000e+02 1.767233641492385043e+00
4.460000000000000000e+02 1.767260846419755449e+00
4.470000000000000000e+02 1.767288047606164314e+00
4.480000000000000000e+02 1.767315245051611194e+00
4.490000000000000000e+02 1.767342438756096312e+00
4.500000000000000000e+02 1.767369628719619890e+00
4.510000000000000000e+02 1.767396814942181482e+00
4.520000000000000000e+02 1.767423997423781312e+00
4.530000000000000000e+02 1.767451176164419602e+00
4.540000000000000000e+02 1.767478351164095907e+00
4.550000000000000000e+02 1.767505522422810449e+00
4.560000000000000000e+02 1.767532689940563451e+00
4.570000000000000000e+02 1.767559853717354468e+00
4.580000000000000000e+02 1.767587013753183722e+00
4.590000000000000000e+02 1.767614170048051436e+00
4.600000000000000000e+02 1.767641322601957166e+00
4.610000000000000000e+02 1.767668471414901132e+00
4.620000000000000000e+02 1.767695616486883559e+00
4.630000000000000000e+02 1.767722757817904000e+00
4.640000000000000000e+02 1.767749895407962679e+00
4.650000000000000000e+02 1.767777029257059818e+00
4.660000000000000000e+02 1.767804159365194971e+00
4.670000000000000000e+02 1.767831285732368363e+00
4.680000000000000000e+02 1.767858408358580213e+00
4.690000000000000000e+02 1.767885527243830079e+00
4.700000000000000000e+02 1.767912642388118405e+00
4.710000000000000000e+02 1.767939753791444746e+00
4.720000000000000000e+02 1.767966861453809324e+00
4.730000000000000000e+02 1.767993965375212362e+00
4.740000000000000000e+02 1.768021065555653415e+00
4.750000000000000000e+02 1.768048161995132705e+00
4.760000000000000000e+02 1.768075254693650455e+00
4.770000000000000000e+02 1.768102343651206221e+00
4.780000000000000000e+02 1.768129428867800224e+00
4.790000000000000000e+02 1.768156510343432686e+00
4.800000000000000000e+02 1.768183588078103163e+00
4.810000000000000000e+02 1.768210662071811878e+00
4.820000000000000000e+02 1.768237732324559053e+00
4.830000000000000000e+02 1.768264798836344243e+00
4.840000000000000000e+02 1.768291861607167892e+00
4.850000000000000000e+02 1.768318920637029557e+00
4.860000000000000000e+02 1.768345975925929459e+00
4.870000000000000000e+02 1.768373027473867820e+00
4.880000000000000000e+02 1.768400075280844197e+00
4.890000000000000000e+02 1.768427119346858811e+00
4.900000000000000000e+02 1.768454159671911885e+00
4.910000000000000000e+02 1.768481196256002974e+00
4.920000000000000000e+02 1.768508229099132523e+00
4.930000000000000000e+02 1.768535258201300087e+00
4.940000000000000000e+02 1.768562283562505888e+00
4.950000000000000000e+02 1.768589305182750149e+00
4.960000000000000000e+02 1.768616323062032425e+00
4.970000000000000000e+02 1.768643337200352939e+00
4.980000000000000000e+02 1.768670347597711912e+00
4.990000000000000000e+02 1.768697354254108900e+00
5.000000000000000000e+02 1.768724357169544348e+00
5.010000000000000000e+02 1.768751356344017811e+00
5.020000000000000000e+02 1.768778351777529512e+00
5.030000000000000000e+02 1.768805343470079672e+00
5.040000000000000000e+02 1.768832331421667847e+00
5.050000000000000000e+02 1.768859315632294482e+00
5.060000000000000000e+02 1.768886296101959132e+00
5.070000000000000000e+02 1.768913272830662020e+00
5.080000000000000000e+02 1.768940245818403367e+00
5.090000000000000000e+02 1.768967215065182730e+00
5.100000000000000000e+02 1.768994180571000552e+00
5.110000000000000000e+02 1.769021142335856389e+00
5.120000000000000000e+02 1.769048100359750464e+00
5.130000000000000000e+02 1.769075054642682998e+00
5.140000000000000000e+02 1.769102005184653548e+00
5.150000000000000000e+02 1.769128951985662557e+00
5.160000000000000000e+02 1.769155895045709581e+00
5.170000000000000000e+02 1.769182834364794843e+00
5.180000000000000000e+02 1.769209769942918564e+00
5.190000000000000000e+02 1.769236701780080301e+00
5.200000000000000000e+02 1.769263629876280497e+00
5.210000000000000000e+02 1.769290554231518708e+00
5.220000000000000000e+02 1.769317474845795157e+00
5.230000000000000000e+02 1.769344391719110066e+00
5.240000000000000000e+02 1.769371304851462989e+00
5.250000000000000000e+02 1.769398214242854372e+00
5.260000000000000000e+02 1.769425119893283771e+00
5.270000000000000000e+02 1.769452021802751407e+00
5.280000000000000000e+02 1.769478919971257502e+00
5.290000000000000000e+02 1.769505814398801613e+00
5.300000000000000000e+02 1.769532705085384183e+00
5.310000000000000000e+02 1.769559592031004769e+00
5.320000000000000000e+02 1.769586475235663814e+00
5.330000000000000000e+02 1.769613354699360874e+00
5.340000000000000000e+02 1.769640230422096172e+00
5.350000000000000000e+02 1.769667102403869929e+00
5.360000000000000000e+02 1.769693970644681702e+00
5.370000000000000000e+02 1.769720835144531934e+00
5.380000000000000000e+02 1.769747695903420182e+00
5.390000000000000000e+02 1.769774552921346888e+00
5.400000000000000000e+02 1.769801406198311611e+00
5.410000000000000000e+02 1.769828255734314570e+00
5.420000000000000000e+02 1.769855101529355990e+00
5.430000000000000000e+02 1.769881943583435424e+00
5.440000000000000000e+02 1.769908781896553318e+00
5.450000000000000000e+02 1.769935616468709227e+00
5.460000000000000000e+02 1.769962447299903596e+00
5.470000000000000000e+02 1.769989274390135980e+00
5.480000000000000000e+02 1.770016097739406602e+00
5.490000000000000000e+02 1.770042917347715683e+00
5.500000000000000000e+02 1.770069733215062779e+00
5.510000000000000000e+02 1.770096545341448335e+00
5.520000000000000000e+02 1.770123353726871906e+00
5.530000000000000000e+02 1.770150158371333937e+00
5.540000000000000000e+02 1.770176959274833983e+00
5.550000000000000000e+02 1.770203756437372489e+00
5.560000000000000000e+02 1.770230549858949010e+00
5.570000000000000000e+02 1.770257339539563768e+00
5.580000000000000000e+02 1.770284125479216986e+00
5.590000000000000000e+02 1.770310907677908219e+00
5.600000000000000000e+02 1.770337686135637911e+00
5.610000000000000000e+02 1.770364460852405619e+00
5.620000000000000000e+02 1.770391231828211787e+00
5.630000000000000000e+02 1.770417999063055969e+00
5.640000000000000000e+02 1.770444762556938612e+00
5.650000000000000000e+02 1.770471522309859269e+00
5.660000000000000000e+02 1.770498278321818386e+00
5.670000000000000000e+02 1.770525030592815519e+00
5.680000000000000000e+02 1.770551779122851110e+00
5.690000000000000000e+02 1.770578523911924718e+00
5.700000000000000000e+02 1.770605264960036562e+00
5.710000000000000000e+02 1.770632002267186866e+00
5.720000000000000000e+02 1.770658735833375186e+00
5.730000000000000000e+02 1.770685465658601965e+00
5.740000000000000000e+02 1.770712191742866759e+00
5.750000000000000000e+02 1.770738914086170013e+00
5.760000000000000000e+02 1.770765632688511282e+00
5.770000000000000000e+02 1.770792347549891010e+00
5.780000000000000000e+02 1.770819058670308754e+00
5.790000000000000000e+02 1.770845766049764958e+00
5.800000000000000000e+02 1.770872469688259176e+00
5.810000000000000000e+02 1.770899169585791855e+00
5.820000000000000000e+02 1.770925865742362548e+00
5.830000000000000000e+02 1.770952558157971701e+00
5.840000000000000000e+02 1.770979246832618870e+00
5.850000000000000000e+02 1.771005931766304498e+00
5.860000000000000000e+02 1.771032612959028141e+00
5.870000000000000000e+02 1.771059290410790243e+00
5.880000000000000000e+02 1.771085964121590361e+00
5.890000000000000000e+02 1.771112634091428939e+00
5.900000000000000000e+02 1.771139300320305532e+00
5.910000000000000000e+02 1.771165962808220584e+00
5.920000000000000000e+02 1.771192621555173652e+00
5.930000000000000000e+02 1.771219276561164957e+00
5.940000000000000000e+02 1.771245927826194722e+00
5.950000000000000000e+02 1.771272575350262501e+00
5.960000000000000000e+02 1.771299219133368741e+00
5.970000000000000000e+02 1.771325859175512996e+00
5.980000000000000000e+02 1.771352495476695710e+00
5.990000000000000000e+02 1.771379128036916439e+00
6.000000000000000000e+02 1.771405756856175628e+00
6.010000000000000000e+02 1.771432381934472833e+00
6.020000000000000000e+02 1.771459003271808497e+00
6.030000000000000000e+02 1.771485620868182176e+00
6.040000000000000000e+02 1.771512234723594315e+00
6.050000000000000000e+02 1.771538844838044469e+00
6.060000000000000000e+02 1.771565451211533082e+00
6.070000000000000000e+02 1.771592053844059933e+00
6.080000000000000000e+02 1.771618652735624799e+00
6.090000000000000000e+02 1.771645247886228125e+00
6.100000000000000000e+02 1.771671839295869466e+00
6.110000000000000000e+02 1.771698426964549267e+00
6.120000000000000000e+02 1.771725010892267083e+00
6.130000000000000000e+02 1.771751591079023358e+00
6.140000000000000000e+02 1.771778167524817649e+00
6.150000000000000000e+02 1.771804740229650399e+00
6.160000000000000000e+02 1.771831309193521165e+00
6.170000000000000000e+02 1.771857874416430390e+00
6.180000000000000000e+02 1.771884435898377630e+00
6.190000000000000000e+02 1.771910993639363330e+00
6.200000000000000000e+02 1.771937547639387045e+00
6.210000000000000000e+02 1.771964097898449220e+00
6.220000000000000000e+02 1.771990644416549410e+00
6.230000000000000000e+02 1.772017187193688059e+00
6.240000000000000000e+02 1.772043726229864724e+00
6.250000000000000000e+02 1.772070261525079848e+00
6.260000000000000000e+02 1.772096793079332988e+00
6.270000000000000000e+02 1.772123320892624587e+00
6.280000000000000000e+02 1.772149844964954202e+00
6.290000000000000000e+02 1.772176365296322276e+00
6.300000000000000000e+02 1.772202881886728587e+00
6.310000000000000000e+02 1.772229394736172914e+00
6.320000000000000000e+02 1.772255903844655700e+00
6.330000000000000000e+02 1.772282409212176502e+00
6.340000000000000000e+02 1.772308910838735763e+00
6.350000000000000000e+02 1.772335408724333039e+00
6.360000000000000000e+02 1.772361902868968775e+00
6.370000000000000000e+02 1.772388393272642526e+00
6.380000000000000000e+02 1.772414879935354737e+00
6.390000000000000000e+02 1.772441362857104963e+00
6.400000000000000000e+02 1.772467842037893648e+00
6.410000000000000000e+02 1.772494317477720349e+00
6.420000000000000000e+02 1.772520789176585509e+00
6.430000000000000000e+02 1.772547257134488907e+00
6.440000000000000000e+02 1.772573721351430320e+00
6.450000000000000000e+02 1.772600181827410193e+00
6.460000000000000000e+02 1.772626638562428081e+00
6.470000000000000000e+02 1.772653091556484428e+00
6.480000000000000000e+02 1.772679540809578791e+00
6.490000000000000000e+02 1.772705986321711613e+00
6.500000000000000000e+02 1.772732428092882451e+00
6.510000000000000000e+02 1.772758866123091748e+00
6.520000000000000000e+02 1.772785300412339282e+00
6.530000000000000000e+02 1.772811730960624832e+00
6.540000000000000000e+02 1.772838157767948841e+00
6.550000000000000000e+02 1.772864580834310866e+00
6.560000000000000000e+02 1.772891000159711350e+00
6.570000000000000000e+02 1.772917415744149849e+00
6.580000000000000000e+02 1.772943827587626808e+00
6.590000000000000000e+02 1.772970235690141783e+00
6.600000000000000000e+02 1.772996640051695216e+00
6.610000000000000000e+02 1.773023040672286887e+00
6.620000000000000000e+02 1.773049437551916574e+00
6.630000000000000000e+02 1.773075830690584720e+00
6.640000000000000000e+02 1.773102220088290881e+00
6.650000000000000000e+02 1.773128605745035502e+00
6.660000000000000000e+02 1.773154987660818360e+00
6.670000000000000000e+02 1.773181365835639234e+00
6.680000000000000000e+02 1.773207740269498567e+00
6.690000000000000000e+02 1.773234110962395915e+00
6.700000000000000000e+02 1.773260477914331723e+00
6.710000000000000000e+02 1.773286841125305546e+00
6.720000000000000000e+02 1.773313200595317829e+00
6.730000000000000000e+02 1.773339556324368349e+00
6.740000000000000000e+02 1.773365908312456884e+00
6.750000000000000000e+02 1.773392256559583879e+00
6.760000000000000000e+02 1.773418601065748890e+00
6.770000000000000000e+02 1.773444941830952359e+00
6.780000000000000000e+02 1.773471278855193844e+00
6.790000000000000000e+02 1.773497612138473789e+00
6.800000000000000000e+02 1.773523941680791971e+00
6.810000000000000000e+02 1.773550267482148168e+00
6.820000000000000000e+02 1.773576589542542825e+00
6.830000000000000000e+02 1.773602907861975497e+00
6.840000000000000000e+02 1.773629222440446629e+00
6.850000000000000000e+02 1.773655533277955998e+00
6.860000000000000000e+02 1.773681840374503382e+00
6.870000000000000000e+02 1.773708143730089226e+00
6.880000000000000000e+02 1.773734443344713085e+00
6.890000000000000000e+02 1.773760739218375404e+00
6.900000000000000000e+02 1.773787031351075960e+00
6.910000000000000000e+02 1.773813319742814532e+00
6.920000000000000000e+02 1.773839604393591562e+00
6.930000000000000000e+02 1.773865885303406609e+00
6.940000000000000000e+02 1.773892162472260114e+00
6.950000000000000000e+02 1.773918435900151858e+00
6.960000000000000000e+02 1.773944705587081616e+00
6.970000000000000000e+02 1.773970971533049834e+00
6.980000000000000000e+02 1.773997233738056067e+00
6.990000000000000000e+02 1.774023492202100760e+00
7.000000000000000000e+02 1.774049746925183690e+00
7.010000000000000000e+02 1.774075997907304636e+00
7.020000000000000000e+02 1.774102245148464041e+00
7.030000000000000000e+02 1.774128488648661683e+00
7.040000000000000000e+02 1.774154728407897341e+00
7.050000000000000000e+02 1.774180964426171458e+00
7.060000000000000000e+02 1.774207196703483591e+00
7.070000000000000000e+02 1.774233425239834183e+00
7.080000000000000000e+02 1.774259650035223013e+00
7.090000000000000000e+02 1.774285871089649858e+00
7.100000000000000000e+02 1.774312088403115162e+00
7.110000000000000000e+02 1.774338301975618704e+00
7.120000000000000000e+02 1.774364511807160261e+00
7.130000000000000000e+02 1.774390717897740277e+00
7.140000000000000000e+02 1.774416920247358309e+00
7.150000000000000000e+02 1.774443118856014800e+00
7.160000000000000000e+02 1.774469313723709529e+00
7.170000000000000000e+02 1.774495504850442273e+00
7.180000000000000000e+02 1.774521692236213477e+00
7.190000000000000000e+02 1.774547875881022918e+00
7.200000000000000000e+02 1.774574055784870374e+00
7.210000000000000000e+02 1.774600231947756290e+00
7.220000000000000000e+02 1.774626404369680444e+00
7.230000000000000000e+02 1.774652573050642612e+00
7.240000000000000000e+02 1.774678737990643240e+00
7.250000000000000000e+02 1.774704899189681884e+00
7.260000000000000000e+02 1.774731056647758987e+00
7.270000000000000000e+02 1.774757210364874327e+00
7.280000000000000000e+02 1.774783360341027683e+00
7.290000000000000000e+02 1.774809506576219498e+00
7.300000000000000000e+02 1.774835649070449550e+00
7.310000000000000000e+02 1.774861787823717618e+00
7.320000000000000000e+02 1.774887922836024146e+00
7.330000000000000000e+02 1.774914054107368910e+00
7.340000000000000000e+02 1.774940181637751691e+00
7.350000000000000000e+02 1.774966305427172930e+00
7.360000000000000000e+02 1.774992425475632407e+00
7.370000000000000000e+02 1.775018541783129900e+00
7.380000000000000000e+02 1.775044654349665851e+00
7.390000000000000000e+02 1.775070763175240041e+00
7.400000000000000000e+02 1.775096868259852245e+00
7.410000000000000000e+02 1.775122969603502909e+00
7.420000000000000000e+02 1.775149067206191811e+00
7.430000000000000000e+02 1.775175161067918728e+00
7.440000000000000000e+02 1.775201251188684104e+00
7.450000000000000000e+02 1.775227337568487718e+00
7.460000000000000000e+02 1.775253420207329347e+00
7.470000000000000000e+02 1.775279499105209435e+00
7.480000000000000000e+02 1.775305574262127761e+00
7.490000000000000000e+02 1.775331645678084103e+00
7.500000000000000000e+02 1.775357713353078903e+00
7.510000000000000000e+02 1.775383777287111942e+00
7.520000000000000000e+02 1.775409837480182995e+00
7.530000000000000000e+02 1.775435893932292508e+00
7.540000000000000000e+02 1.775461946643440259e+00
7.550000000000000000e+02 1.775487995613626024e+00
7.560000000000000000e+02 1.775514040842850250e+00
7.570000000000000000e+02 1.775540082331112712e+00
7.580000000000000000e+02 1.775566120078413190e+00
7.590000000000000000e+02 1.775592154084752128e+00
7.600000000000000000e+02 1.775618184350129303e+00
7.610000000000000000e+02 1.775644210874544493e+00
7.620000000000000000e+02 1.775670233657998143e+00
7.630000000000000000e+02 1.775696252700490030e+00
7.640000000000000000e+02 1.775722268002019932e+00
7.650000000000000000e+02 1.775748279562588294e+00
7.660000000000000000e+02 1.775774287382194894e+00
7.670000000000000000e+02 1.775800291460839508e+00
7.680000000000000000e+02 1.775826291798522583e+00
7.690000000000000000e+02 1.775852288395243894e+00
7.700000000000000000e+02 1.775878281251003443e+00
7.710000000000000000e+02 1.775904270365801008e+00
7.720000000000000000e+02 1.775930255739637031e+00
7.730000000000000000e+02 1.775956237372511293e+00
7.740000000000000000e+02 1.775982215264423569e+00
7.750000000000000000e+02 1.776008189415374305e+00
7.760000000000000000e+02 1.776034159825363279e+00
7.770000000000000000e+02 1.776060126494390268e+00
7.780000000000000000e+02 1.776086089422455716e+00
7.790000000000000000e+02 1.776112048609559402e+00
7.800000000000000000e+02 1.776138004055701325e+00
7.810000000000000000e+02 1.776163955760881263e+00
7.820000000000000000e+02 1.776189903725099661e+00
7.830000000000000000e+02 1.776215847948356297e+00
7.840000000000000000e+02 1.776241788430650947e+00
7.850000000000000000e+02 1.776267725171984058e+00
7.860000000000000000e+02 1.776293658172355405e+00
7.870000000000000000e+02 1.776319587431764990e+00
7.880000000000000000e+02 1.776345512950212591e+00
7.890000000000000000e+02 1.776371434727698650e+00
7.900000000000000000e+02 1.776397352764222948e+00
7.910000000000000000e+02 1.776423267059785260e+00
7.920000000000000000e+02 1.776449177614386032e+00
7.930000000000000000e+02 1.776475084428025042e+00
7.940000000000000000e+02 1.776500987500702289e+00
7.950000000000000000e+02 1.776526886832417551e+00
7.960000000000000000e+02 1.776552782423171273e+00
7.970000000000000000e+02 1.776578674272963232e+00
7.980000000000000000e+02 1.776604562381793206e+00
7.990000000000000000e+02 1.776630446749661640e+00
8.000000000000000000e+02 1.776656327376568312e+00
8.010000000000000000e+02 1.776682204262513221e+00
8.020000000000000000e+02 1.776708077407496145e+00
8.030000000000000000e+02 1.776733946811517528e+00
8.040000000000000000e+02 1.776759812474577149e+00
8.050000000000000000e+02 1.776785674396675008e+00
8.060000000000000000e+02 1.776811532577810882e+00
8.070000000000000000e+02 1.776837387017985215e+00
8.080000000000000000e+02 1.776863237717197785e+00
8.090000000000000000e+02 1.776889084675448593e+00
8.100000000000000000e+02 1.776914927892737417e+00
8.110000000000000000e+02 1.776940767369064700e+00
8.120000000000000000e+02 1.776966603104430220e+00
8.130000000000000000e+02 1.776992435098833756e+00
8.140000000000000000e+02 1.777018263352275751e+00
8.150000000000000000e+02 1.777044087864755983e+00
8.160000000000000000e+02 1.777069908636274453e+00
8.170000000000000000e+02 1.777095725666830939e+00
8.180000000000000000e+02 1.777121538956425884e+00
8.190000000000000000e+02 1.777147348505059066e+00
8.200000000000000000e+02 1.777173154312730485e+00
8.210000000000000000e+02 1.777198956379439920e+00
8.220000000000000000e+02 1.777224754705187815e+00
8.230000000000000000e+02 1.777250549289973947e+00
8.240000000000000000e+02 1.777276340133798316e+00
8.250000000000000000e+02 1.777302127236660922e+00
8.260000000000000000e+02 1.777327910598561544e+00
8.270000000000000000e+02 1.777353690219500626e+00
8.280000000000000000e+02 1.777379466099477945e+00
8.290000000000000000e+02 1.777405238238493501e+00
8.300000000000000000e+02 1.777431006636547073e+00
8.310000000000000000e+02 1.777456771293639104e+00
8.320000000000000000e+02 1.777482532209769372e+00
8.330000000000000000e+02 1.777508289384937878e+00
8.340000000000000000e+02 1.777534042819144400e+00
8.350000000000000000e+02 1.777559792512389381e+00
8.360000000000000000e+02 1.777585538464672599e+00
8.370000000000000000e+02 1.777611280675994054e+00
8.380000000000000000e+02 1.777637019146353525e+00
8.390000000000000000e+02 1.777662753875751456e+00
8.400000000000000000e+02 1.777688484864187624e+00
8.410000000000000000e+02 1.777714212111662029e+00
8.420000000000000000e+02 1.777739935618174671e+00
8.430000000000000000e+02 1.777765655383725329e+00
8.440000000000000000e+02 1.777791371408314447e+00
8.450000000000000000e+02 1.777817083691941802e+00
8.460000000000000000e+02 1.777842792234607394e+00
8.470000000000000000e+02 1.777868497036311002e+00
8.480000000000000000e+02 1.777894198097053069e+00
8.490000000000000000e+02 1.777919895416833374e+00
8.500000000000000000e+02 1.777945588995651915e+00
8.510000000000000000e+02 1.777971278833508695e+00
8.520000000000000000e+02 1.777996964930403490e+00
8.530000000000000000e+02 1.778022647286336744e+00
8.540000000000000000e+02 1.778048325901308235e+00
8.550000000000000000e+02 1.778074000775317964e+00
8.560000000000000000e+02 1.778099671908365931e+00
8.570000000000000000e+02 1.778125339300451913e+00
8.580000000000000000e+02 1.778151002951576354e+00
8.590000000000000000e+02 1.778176662861739032e+00
8.600000000000000000e+02 1.778202319030939949e+00
8.610000000000000000e+02 1.778227971459179102e+00
8.620000000000000000e+02 1.778253620146456271e+00
8.630000000000000000e+02 1.778279265092771899e+00
8.640000000000000000e+02 1.778304906298125765e+00
8.650000000000000000e+02 1.778330543762517868e+00
8.660000000000000000e+02 1.778356177485948209e+00
8.670000000000000000e+02 1.778381807468416564e+00
8.680000000000000000e+02 1.778407433709923380e+00
8.690000000000000000e+02 1.778433056210468433e+00
8.700000000000000000e+02 1.778458674970051723e+00
8.710000000000000000e+02 1.778484289988673250e+00
8.720000000000000000e+02 1.778509901266332793e+00
8.730000000000000000e+02 1.778535508803030796e+00
8.740000000000000000e+02 1.778561112598767036e+00
8.750000000000000000e+02 1.778586712653541513e+00
8.760000000000000000e+02 1.778612308967354227e+00
8.770000000000000000e+02 1.778637901540204957e+00
8.780000000000000000e+02 1.778663490372094147e+00
8.790000000000000000e+02 1.778689075463021574e+00
8.800000000000000000e+02 1.778714656812987238e+00
8.810000000000000000e+02 1.778740234421991140e+00
8.820000000000000000e+02 1.778765808290033279e+00
8.830000000000000000e+02 1.778791378417113433e+00
8.840000000000000000e+02 1.778816944803232047e+00
8.850000000000000000e+02 1.778842507448388899e+00
8.860000000000000000e+02 1.778868066352583988e+00
8.870000000000000000e+02 1.778893621515817314e+00
8.880000000000000000e+02 1.778919172938088877e+00
8.890000000000000000e+02 1.778944720619398456e+00
8.900000000000000000e+02 1.778970264559746495e+00
8.910000000000000000e+02 1.778995804759132771e+00
8.920000000000000000e+02 1.779021341217557284e+00
8.930000000000000000e+02 1.779046873935020034e+00
8.940000000000000000e+02 1.779072402911520800e+00
8.950000000000000000e+02 1.779097928147060026e+00
8.960000000000000000e+02 1.779123449641637489e+00
8.970000000000000000e+02 1.779148967395253189e+00
8.980000000000000000e+02 1.779174481407907127e+00
8.990000000000000000e+02 1.779199991679599302e+00
9.000000000000000000e+02 1.779225498210329715e+00
9.010000000000000000e+02 1.779251001000098142e+00
9.020000000000000000e+02 1.779276500048905030e+00
9.030000000000000000e+02 1.779301995356750155e+00
9.040000000000000000e+02 1.779327486923633517e+00
9.050000000000000000e+02 1.779352974749555116e+00
9.060000000000000000e+02 1.779378458834514953e+00
9.070000000000000000e+02 1.779403939178512806e+00
9.080000000000000000e+02 1.779429415781549118e+00
9.090000000000000000e+02 1.779454888643623667e+00
9.100000000000000000e+02 1.779480357764736453e+00
9.110000000000000000e+02 1.779505823144887477e+00
9.120000000000000000e+02 1.779531284784076739e+00
9.130000000000000000e+02 1.779556742682304238e+00
9.140000000000000000e+02 1.779582196839569752e+00
9.150000000000000000e+02 1.779607647255873726e+00
9.160000000000000000e+02 1.779633093931215937e+00
9.170000000000000000e+02 1.779658536865596385e+00
9.180000000000000000e+02 1.779683976059015071e+00
9.190000000000000000e+02 1.779709411511471995e+00
9.200000000000000000e+02 1.779734843222967156e+00
9.210000000000000000e+02 1.779760271193500332e+00
9.220000000000000000e+02 1.779785695423071967e+00
9.230000000000000000e+02 1.779811115911681840e+00
9.240000000000000000e+02 1.779836532659329951e+00
9.250000000000000000e+02 1.779861945666016299e+00
9.260000000000000000e+02 1.779887354931740884e+00
9.270000000000000000e+02 1.779912760456503706e+00
9.280000000000000000e+02 1.779938162240304766e+00
9.290000000000000000e+02 1.779963560283143842e+00
9.300000000000000000e+02 1.779988954585021377e+00
9.310000000000000000e+02 1.780014345145937149e+00
9.320000000000000000e+02 1.780039731965891159e+00
9.330000000000000000e+02 1.780065115044883406e+00
9.340000000000000000e+02 1.780090494382913890e+00
9.350000000000000000e+02 1.780115869979982612e+00
9.360000000000000000e+02 1.780141241836089572e+00
9.370000000000000000e+02 1.780166609951234769e+00
9.380000000000000000e+02 1.780191974325417981e+00
9.390000000000000000e+02 1.780217334958639652e+00
9.400000000000000000e+02 1.780242691850899561e+00
9.410000000000000000e+02 1.780268045002197708e+00
9.420000000000000000e+02 1.780293394412534091e+00
9.430000000000000000e+02 1.780318740081908713e+00
9.440000000000000000e+02 1.780344082010321571e+00
9.450000000000000000e+02 1.780369420197772667e+00
9.460000000000000000e+02 1.780394754644262001e+00
9.470000000000000000e+02 1.780420085349789350e+00
9.480000000000000000e+02 1.780445412314355158e+00
9.490000000000000000e+02 1.780470735537959204e+00
9.500000000000000000e+02 1.780496055020601487e+00
9.510000000000000000e+02 1.780521370762282007e+00
9.520000000000000000e+02 1.780546682763000765e+00
9.530000000000000000e+02 1.780571991022757761e+00
9.540000000000000000e+02 1.780597295541552993e+00
9.550000000000000000e+02 1.780622596319386464e+00
9.560000000000000000e+02 1.780647893356258171e+00
9.570000000000000000e+02 1.780673186652167894e+00
9.580000000000000000e+02 1.780698476207116077e+00
9.590000000000000000e+02 1.780723762021102496e+00
9.600000000000000000e+02 1.780749044094127154e+00
9.610000000000000000e+02 1.780774322426190048e+00
9.620000000000000000e+02 1.780799597017291180e+00
9.630000000000000000e+02 1.780824867867430550e+00
9.640000000000000000e+02 1.780850134976608157e+00
9.650000000000000000e+02 1.780875398344824001e+00
9.660000000000000000e+02 1.780900657972078083e+00
9.670000000000000000e+02 1.780925913858370402e+00
9.680000000000000000e+02 1.780951166003700958e+00
9.690000000000000000e+02 1.780976414408069530e+00
9.700000000000000000e+02 1.781001659071476562e+00
9.710000000000000000e+02 1.781026899993921830e+00
9.720000000000000000e+02 1.781052137175405337e+00
9.730000000000000000e+02 1.781077370615927080e+00
9.740000000000000000e+02 1.781102600315487061e+00
9.750000000000000000e+02 1.781127826274085280e+00
9.760000000000000000e+02 1.781153048491721735e+00
9.770000000000000000e+02 1.781178266968396429e+00
9.780000000000000000e+02 1.781203481704109359e+00
9.790000000000000000e+02 1.781228692698860527e+00
9.800000000000000000e+02 1.781253899952649933e+00
9.810000000000000000e+02 1.781279103465477576e+00
9.820000000000000000e+02 1.781304303237343456e+00
9.830000000000000000e+02 1.781329499268247352e+00
9.840000000000000000e+02 1.781354691558189707e+00
9.850000000000000000e+02 1.781379880107170299e+00
9.860000000000000000e+02 1.781405064915189129e+00
9.870000000000000000e+02 1.781430245982246197e+00
9.880000000000000000e+02 1.781455423308341501e+00
9.890000000000000000e+02 1.781480596893475044e+00
9.900000000000000000e+02 1.781505766737646823e+00
9.910000000000000000e+02 1.781530932840856840e+00
9.920000000000000000e+02 1.781556095203105095e+00
9.930000000000000000e+02 1.781581253824391586e+00
9.940000000000000000e+02 1.781606408704716316e+00
9.950000000000000000e+02 1.781631559844079282e+00
9.960000000000000000e+02 1.781656707242480486e+00
9.970000000000000000e+02 1.781681850899919928e+00
9.980000000000000000e+02 1.781706990816397607e+00
9.990000000000000000e+02 1.781732126991913523e+00
1.000000000000000000e+03 1.781757259426467677e+00
1.001000000000000000e+03 1.781782388120059846e+00
1.002000000000000000e+03 1.781807513072690474e+00
1.003000000000000000e+03 1.781832634284359340e+00
1.004000000000000000e+03 1.781857751755066444e+00
1.005000000000000000e+03 1.781882865484811784e+00
1.006000000000000000e+03 1.781907975473595362e+00
1.007000000000000000e+03 1.781933081721417178e+00
1.008000000000000000e+03 1.781958184228277231e+00
1.009000000000000000e+03 1.781983282994175521e+00
1.010000000000000000e+03 1.782008378019112049e+00
1.011000000000000000e+03 1.782033469303086815e+00
1.012000000000000000e+03 1.782058556846099817e+00
1.013000000000000000e+03 1.782083640648151057e+00
1.014000000000000000e+03 1.782108720709240535e+00
1.015000000000000000e+03 1.782133797029368250e+00
1.016000000000000000e+03 1.782158869608534202e+00
1.017000000000000000e+03 1.782183938446738392e+00
1.018000000000000000e+03 1.782209003543980819e+00
1.019000000000000000e+03 1.782234064900261483e+00
1.020000000000000000e+03 1.782259122515580385e+00
1.021000000000000000e+03 1.782284176389937524e+00
