# order=5: data_wav [pixel], data_wavsolution [micron]
3.000000000000000000e+00 1.479047185078446791e+00
4.000000000000000000e+00 1.479071833337514130e+00
5.000000000000000000e+00 1.479096478295139461e+00
6.000000000000000000e+00 1.479121119951323449e+00
7.000000000000000000e+00 1.479145758306065428e+00
8.000000000000000000e+00 1.479170393359366065e+00
9.000000000000000000e+00 1.479195025111224915e+00
1.000000000000000000e+01 1.479219653561641978e+00
1.100000000000000000e+01 1.479244278710617477e+00
1.200000000000000000e+01 1.479268900558151190e+00
1.300000000000000000e+01 1.479293519104243337e+00
1.400000000000000000e+01 1.479318134348893921e+00
1.500000000000000000e+01 1.479342746292102717e+00
1.600000000000000000e+01 1.479367354933869727e+00
1.700000000000000000e+01 1.479391960274195172e+00
1.800000000000000000e+01 1.479416562313079053e+00
1.900000000000000000e+01 1.479441161050521147e+00
2.000000000000000000e+01 1.479465756486521677e+00
2.100000000000000000e+01 1.479490348621080420e+00
2.200000000000000000e+01 1.479514937454197598e+00
2.300000000000000000e+01 1.479539522985872990e+00
2.400000000000000000e+01 1.479564105216106817e+00
2.500000000000000000e+01 1.479588684144898858e+00
2.600000000000000000e+01 1.479613259772249334e+00
2.700000000000000000e+01 1.479637832098158023e+00
2.800000000000000000e+01 1.479662401122625148e+00
2.900000000000000000e+01 1.479686966845650709e+00
3.000000000000000000e+01 1.479711529267234482e+00
3.100000000000000000e+01 1.479736088387376469e+00
3.200000000000000000e+01 1.479760644206076892e+00
3.300000000000000000e+01 1.479785196723335750e+00
3.400000000000000000e+01 1.479809745939152821e+00
3.500000000000000000e+01 1.479834291853528327e+00
3.600000000000000000e+01 1.479858834466462048e+00
3.700000000000000000e+01 1.479883373777953981e+00
3.800000000000000000e+01 1.479907909788004572e+00
3.900000000000000000e+01 1.479932442496613154e+00
4.000000000000000000e+01 1.479956971903780394e+00
4.100000000000000000e+01 1.479981498009505625e+00
4.200000000000000000e+01 1.480006020813789513e+00
4.300000000000000000e+01 1.480030540316631615e+00
4.400000000000000000e+01 1.480055056518031931e+00
4.500000000000000000e+01 1.480079569417990681e+00
4.600000000000000000e+01 1.480104079016507646e+00
4.700000000000000000e+01 1.480128585313583045e+00
4.800000000000000000e+01 1.480153088309216880e+00
4.900000000000000000e+01 1.480177588003408928e+00
5.000000000000000000e+01 1.480202084396159190e+00
5.100000000000000000e+01 1.480226577487468109e+00
5.200000000000000000e+01 1.480251067277335020e+00
5.300000000000000000e+01 1.480275553765760366e+00
5.400000000000000000e+01 1.480300036952744147e+00
5.500000000000000000e+01 1.480324516838286142e+00
5.600000000000000000e+01 1.480348993422386572e+00
5.700000000000000000e+01 1.480373466705045216e+00
5.800000000000000000e+01 1.480397936686262295e+00
5.900000000000000000e+01 1.480422403366037587e+00
6.000000000000000000e+01 1.480446866744371315e+00
6.100000000000000000e+01 1.480471326821263478e+00
6.200000000000000000e+01 1.480495783596713633e+00
6.300000000000000000e+01 1.480520237070722445e+00
6.400000000000000000e+01 1.480544687243289470e+00
6.500000000000000000e+01 1.480569134114414709e+00
6.600000000000000000e+01 1.480593577684098383e+00
6.700000000000000000e+01 1.480618017952340493e+00
6.800000000000000000e+01 1.480642454919140816e+00
6.900000000000000000e+01 1.480666888584499574e+00
7.000000000000000000e+01 1.480691318948416546e+00
7.100000000000000000e+01 1.480715746010891953e+00
7.200000000000000000e+01 1.480740169771925574e+00
7.300000000000000000e+01 1.480764590231517630e+00
7.400000000000000000e+01 1.480789007389667900e+00
7.500000000000000000e+01 1.480813421246376604e+00
7.600000000000000000e+01 1.480837831801643523e+00
7.700000000000000000e+01 1.480862239055468876e+00
7.800000000000000000e+01 1.480886643007852443e+00
7.900000000000000000e+01 1.480911043658794446e+00
8.000000000000000000e+01 1.480935441008294884e+00
8.100000000000000000e+01 1.480959835056353535e+00
8.200000000000000000e+01 1.480984225802970400e+00
8.300000000000000000e+01 1.481008613248145700e+00
8.400000000000000000e+01 1.481032997391879436e+00
8.500000000000000000e+01 1.481057378234171384e+00
8.600000000000000000e+01 1.481081755775021547e+00
8.700000000000000000e+01 1.481106130014430367e+00
8.800000000000000000e+01 1.481130500952397178e+00
8.900000000000000000e+01 1.481154868588922646e+00
9.000000000000000000e+01 1.481179232924006106e+00
9.100000000000000000e+01 1.481203593957648224e+00
9.200000000000000000e+01 1.481227951689848332e+00
9.300000000000000000e+01 1.481252306120607098e+00
9.400000000000000000e+01 1.481276657249924078e+00
9.500000000000000000e+01 1.481301005077799271e+00
9.600000000000000000e+01 1.481325349604232899e+00
9.700000000000000000e+01 1.481349690829224741e+00
9.800000000000000000e+01 1.481374028752775018e+00
9.900000000000000000e+01 1.481398363374883731e+00
1.000000000000000000e+02 1.481422694695550657e+00
1.010000000000000000e+02 1.481447022714776018e+00
1.020000000000000000e+02 1.481471347432559593e+00
1.030000000000000000e+02 1.481495668848901381e+00
1.040000000000000000e+02 1.481519986963801605e+00
1.050000000000000000e+02 1.481544301777260264e+00
1.060000000000000000e+02 1.481568613289277137e+00
1.070000000000000000e+02 1.481592921499852444e+00
1.080000000000000000e+02 1.481617226408985966e+00
1.090000000000000000e+02 1.481641528016677922e+00
1.100000000000000000e+02 1.481665826322928314e+00
1.110000000000000000e+02 1.481690121327736698e+00
1.120000000000000000e+02 1.481714413031103739e+00
1.130000000000000000e+02 1.481738701433028993e+00
1.140000000000000000e+02 1.481762986533512461e+00
1.150000000000000000e+02 1.481787268332554364e+00
1.160000000000000000e+02 1.481811546830154702e+00
1.170000000000000000e+02 1.481835822026313254e+00
1.180000000000000000e+02 1.481860093921030019e+00
1.190000000000000000e+02 1.481884362514305220e+00
1.200000000000000000e+02 1.481908627806138856e+00
1.210000000000000000e+02 1.481932889796530706e+00
1.220000000000000000e+02 1.481957148485480991e+00
1.230000000000000000e+02 1.481981403872989489e+00
1.240000000000000000e+02 1.482005655959056423e+00
1.250000000000000000e+02 1.482029904743681570e+00
1.260000000000000000e+02 1.482054150226865152e+00
1.270000000000000000e+02 1.482078392408606948e+00
1.280000000000000000e+02 1.482102631288907180e+00
1.290000000000000000e+02 1.482126866867765846e+00
1.300000000000000000e+02 1.482151099145182727e+00
1.310000000000000000e+02 1.482175328121157820e+00
1.320000000000000000e+02 1.482199553795691349e+00
1.330000000000000000e+02 1.482223776168783314e+00
1.340000000000000000e+02 1.482247995240433491e+00
1.350000000000000000e+02 1.482272211010641882e+00
1.360000000000000000e+02 1.482296423479408709e+00
1.370000000000000000e+02 1.482320632646733971e+00
1.380000000000000000e+02 1.482344838512617446e+00
1.390000000000000000e+02 1.482369041077059357e+00
1.400000000000000000e+02 1.482393240340059481e+00
1.410000000000000000e+02 1.482417436301618041e+00
1.420000000000000000e+02 1.482441628961734814e+00
1.430000000000000000e+02 1.482465818320410023e+00
1.440000000000000000e+02 1.482490004377643444e+00
1.450000000000000000e+02 1.482514187133435302e+00
1.460000000000000000e+02 1.482538366587785594e+00
1.470000000000000000e+02 1.482562542740694100e+00
1.480000000000000000e+02 1.482586715592160820e+00
1.490000000000000000e+02 1.482610885142185975e+00
1.500000000000000000e+02 1.482635051390769565e+00
1.510000000000000000e+02 1.482659214337911369e+00
1.520000000000000000e+02 1.482683373983611386e+00
1.530000000000000000e+02 1.482707530327869838e+00
1.540000000000000000e+02 1.482731683370686726e+00
1.550000000000000000e+02 1.482755833112061827e+00
1.560000000000000000e+02 1.482779979551995364e+00
1.570000000000000000e+02 1.482804122690487114e+00
1.580000000000000000e+02 1.482828262527537300e+00
1.590000000000000000e+02 1.482852399063145699e+00
1.600000000000000000e+02 1.482876532297312533e+00
1.610000000000000000e+02 1.482900662230037581e+00
1.620000000000000000e+02 1.482924788861321064e+00
1.630000000000000000e+02 1.482948912191162982e+00
1.640000000000000000e+02 1.482973032219563114e+00
1.650000000000000000e+02 1.482997148946521460e+00
1.660000000000000000e+02 1.483021262372038240e+00
1.670000000000000000e+02 1.483045372496113457e+00
1.680000000000000000e+02 1.483069479318746886e+00
1.690000000000000000e+02 1.483093582839938529e+00
1.700000000000000000e+02 1.483117683059688607e+00
1.710000000000000000e+02 1.483141779977997121e+00
1.720000000000000000e+02 1.483165873594863848e+00
1.730000000000000000e+02 1.483189963910289011e+00
1.740000000000000000e+02 1.483214050924272387e+00
1.750000000000000000e+02 1.483238134636814198e+00
1.760000000000000000e+02 1.483262215047914223e+00
1.770000000000000000e+02 1.483286292157572683e+00
1.780000000000000000e+02 1.483310365965789357e+00
1.790000000000000000e+02 1.483334436472564466e+00
1.800000000000000000e+02 1.483358503677898010e+00
1.810000000000000000e+02 1.483382567581789768e+00
1.820000000000000000e+02 1.483406628184239739e+00
1.830000000000000000e+02 1.483430685485248146e+00
1.840000000000000000e+02 1.483454739484814988e+00
1.850000000000000000e+02 1.483478790182940044e+00
1.860000000000000000e+02 1.483502837579623312e+00
1.870000000000000000e+02 1.483526881674865017e+00
1.880000000000000000e+02 1.483550922468665156e+00
1.890000000000000000e+02 1.483574959961023509e+00
1.900000000000000000e+02 1.483598994151940298e+00
1.910000000000000000e+02 1.483623025041415300e+00
1.920000000000000000e+02 1.483647052629448737e+00
1.930000000000000000e+02 1.483671076916040388e+00
1.940000000000000000e+02 1.483695097901190474e+00
1.950000000000000000e+02 1.483719115584898995e+00
1.960000000000000000e+02 1.483743129967165508e+00
1.970000000000000000e+02 1.483767141047990679e+00
1.980000000000000000e+02 1.483791148827374062e+00
1.990000000000000000e+02 1.483815153305315659e+00
2.000000000000000000e+02 1.483839154481815692e+00
2.010000000000000000e+02 1.483863152356874160e+00
2.020000000000000000e+02 1.483887146930490841e+00
2.030000000000000000e+02 1.483911138202665736e+00
2.040000000000000000e+02 1.483935126173399288e+00
2.050000000000000000e+02 1.483959110842690832e+00
2.060000000000000000e+02 1.483983092210540811e+00
2.070000000000000000e+02 1.484007070276949225e+00
2.080000000000000000e+02 1.484031045041915853e+00
2.090000000000000000e+02 1.484055016505440916e+00
2.100000000000000000e+02 1.484078984667524415e+00
2.110000000000000000e+02 1.484102949528165905e+00
2.120000000000000000e+02 1.484126911087366052e+00
2.130000000000000000e+02 1.484150869345124413e+00
2.140000000000000000e+02 1.484174824301440987e+00
2.150000000000000000e+02 1.484198775956315997e+00
2.160000000000000000e+02 1.484222724309749220e+00
2.170000000000000000e+02 1.484246669361740878e+00
2.180000000000000000e+02 1.484270611112290972e+00
2.190000000000000000e+02 1.484294549561399279e+00
2.200000000000000000e+02 1.484318484709066022e+00
2.210000000000000000e+02 1.484342416555290978e+00
2.220000000000000000e+02 1.484366345100074369e+00
2.230000000000000000e+02 1.484390270343415974e+00
2.240000000000000000e+02 1.484414192285315792e+00
2.250000000000000000e+02 1.484438110925774268e+00
2.260000000000000000e+02 1.484462026264790735e+00
2.270000000000000000e+02 1.484485938302365859e+00
2.280000000000000000e+02 1.484509847038499197e+00
2.290000000000000000e+02 1.484533752473190749e+00
2.300000000000000000e+02 1.484557654606440735e+00
2.310000000000000000e+02 1.484581553438248935e+00
2.320000000000000000e+02 1.484605448968615571e+00
2.330000000000000000e+02 1.484629341197540642e+00
2.340000000000000000e+02 1.484653230125023926e+00
2.350000000000000000e+02 1.484677115751065424e+00
2.360000000000000000e+02 1.484700998075665357e+00
2.370000000000000000e+02 1.484724877098823725e+00
2.380000000000000000e+02 1.484748752820540307e+00
2.390000000000000000e+02 1.484772625240815325e+00
2.400000000000000000e+02 1.484796494359648555e+00
2.410000000000000000e+02 1.484820360177040222e+00
2.420000000000000000e+02 1.484844222692990101e+00
2.430000000000000000e+02 1.484868081907498416e+00
2.440000000000000000e+02 1.484891937820564944e+00
2.450000000000000000e+02 1.484915790432189908e+00
2.460000000000000000e+02 1.484939639742373085e+00
2.470000000000000000e+02 1.484963485751114698e+00
2.480000000000000000e+02 1.484987328458414746e+00
2.490000000000000000e+02 1.485011167864273007e+00
2.500000000000000000e+02 1.485035003968689482e+00
2.510000000000000000e+02 1.485058836771664392e+00
2.520000000000000000e+02 1.485082666273197738e+00
2.530000000000000000e+02 1.485106492473289297e+00
2.540000000000000000e+02 1.485130315371939069e+00
2.550000000000000000e+02 1.485154134969147499e+00
2.560000000000000000e+02 1.485177951264913920e+00
2.570000000000000000e+02 1.485201764259238777e+00
2.580000000000000000e+02 1.485225573952122069e+00
2.590000000000000000e+02 1.485249380343563574e+00
2.600000000000000000e+02 1.485273183433563515e+00
2.610000000000000000e+02 1.485296983222121669e+00
2.620000000000000000e+02 1.485320779709238259e+00
2.630000000000000000e+02 1.485344572894913284e+00
2.640000000000000000e+02 1.485368362779146523e+00
2.650000000000000000e+02 1.485392149361937975e+00
2.660000000000000000e+02 1.485415932643287862e+00
2.670000000000000000e+02 1.485439712623196185e+00
2.680000000000000000e+02 1.485463489301662721e+00
2.690000000000000000e+02 1.485487262678687470e+00
2.700000000000000000e+02 1.485511032754270655e+00
2.710000000000000000e+02 1.485534799528412275e+00
2.720000000000000000e+02 1.485558563001112109e+00
2.730000000000000000e+02 1.485582323172370378e+00
2.740000000000000000e+02 1.485606080042186861e+00
2.750000000000000000e+02 1.485629833610561779e+00
2.760000000000000000e+02 1.485653583877494910e+00
2.770000000000000000e+02 1.485677330842986477e+00
2.780000000000000000e+02 1.485701074507036257e+00
2.790000000000000000e+02 1.485724814869644472e+00
2.800000000000000000e+02 1.485748551930810901e+00
2.810000000000000000e+02 1.485772285690535766e+00
2.820000000000000000e+02 1.485796016148819065e+00
2.830000000000000000e+02 1.485819743305660579e+00
2.840000000000000000e+02 1.485843467161060305e+00
2.850000000000000000e+02 1.485867187715018467e+00
2.860000000000000000e+02 1.485890904967535064e+00
2.870000000000000000e+02 1.485914618918609875e+00
2.880000000000000000e+02 1.485938329568242899e+00
2.890000000000000000e+02 1.485962036916434359e+00
2.900000000000000000e+02 1.485985740963184254e+00
2.910000000000000000e+02 1.486009441708492362e+00
2.920000000000000000e+02 1.486033139152358906e+00
2.930000000000000000e+02 1.486056833294783663e+00
2.940000000000000000e+02 1.486080524135766856e+00
2.950000000000000000e+02 1.486104211675308262e+00
2.960000000000000000e+02 1.486127895913408103e+00
2.970000000000000000e+02 1.486151576850066380e+00
2.980000000000000000e+02 1.486175254485282871e+00
2.990000000000000000e+02 1.486198928819057574e+00
3.000000000000000000e+02 1.486222599851390713e+00
3.010000000000000000e+02 1.486246267582282288e+00
3.020000000000000000e+02 1.486269932011732076e+00
3.030000000000000000e+02 1.486293593139740077e+00
3.040000000000000000e+02 1.486317250966306514e+00
3.050000000000000000e+02 1.486340905491431386e+00
3.060000000000000000e+02 1.486364556715114471e+00
3.070000000000000000e+02 1.486388204637355992e+00
3.080000000000000000e+02 1.486411849258155726e+00
3.090000000000000000e+02 1.486435490577513896e+00
3.100000000000000000e+02 1.486459128595430279e+00
3.110000000000000000e+02 1.486482763311905098e+00
3.120000000000000000e+02 1.486506394726938129e+00
3.130000000000000000e+02 1.486530022840529597e+00
3.140000000000000000e+02 1.486553647652679278e+00
3.150000000000000000e+02 1.486577269163387394e+00
3.160000000000000000e+02 1.486600887372653945e+00
3.170000000000000000e+02 1.486624502280478710e+00
3.180000000000000000e+02 1.486648113886861688e+00
3.190000000000000000e+02 1.486671722191803102e+00
3.200000000000000000e+02 1.486695327195302951e+00
3.210000000000000000e+02 1.486718928897361014e+00
3.220000000000000000e+02 1.486742527297977290e+00
3.230000000000000000e+02 1.486766122397152223e+00
3.240000000000000000e+02 1.486789714194885148e+00
3.250000000000000000e+02 1.486813302691176730e+00
3.260000000000000000e+02 1.486836887886026304e+00
3.270000000000000000e+02 1.486860469779434535e+00
3.280000000000000000e+02 1.486884048371400757e+00
3.290000000000000000e+02 1.486907623661925637e+00
3.300000000000000000e+02 1.486931195651008730e+00
3.310000000000000000e+02 1.486954764338650037e+00
3.320000000000000000e+02 1.486978329724849779e+00
3.330000000000000000e+02 1.487001891809607734e+00
3.340000000000000000e+02 1.487025450592924125e+00
3.350000000000000000e+02 1.487049006074798951e+00
3.360000000000000000e+02 1.487072558255231991e+00
3.370000000000000000e+02 1.487096107134223244e+00
3.380000000000000000e+02 1.487119652711773155e+00
3.390000000000000000e+02 1.487143194987881056e+00
3.400000000000000000e+02 1.487166733962547394e+00
3.410000000000000000e+02 1.487190269635772166e+00
3.420000000000000000e+02 1.487213802007555152e+00
3.430000000000000000e+02 1.487237331077896574e+00
3.440000000000000000e+02 1.487260856846796209e+00
3.450000000000000000e+02 1.487284379314254279e+00
3.460000000000000000e+02 1.487307898480270563e+00
3.470000000000000000e+02 1.487331414344845282e+00
3.480000000000000000e+02 1.487354926907978436e+00
3.490000000000000000e+02 1.487378436169669804e+00
3.500000000000000000e+02 1.487401942129919385e+00
3.510000000000000000e+02 1.487425444788727402e+00
3.520000000000000000e+02 1.487448944146093854e+00
3.530000000000000000e+02 1.487472440202018520e+00
3.540000000000000000e+02 1.487495932956501399e+00
3.550000000000000000e+02 1.487519422409542713e+00
3.560000000000000000e+02 1.487542908561142463e+00
3.570000000000000000e+02 1.487566391411300426e+00
3.580000000000000000e+02 1.487589870960016825e+00
3.590000000000000000e+02 1.487613347207291437e+00
3.600000000000000000e+02 1.487636820153124484e+00
3.610000000000000000e+02 1.487660289797515745e+00
3.620000000000000000e+02 1.487683756140465441e+00
3.630000000000000000e+02 1.487707219181973350e+00
3.640000000000000000e+02 1.487730678922039695e+00
3.650000000000000000e+02 1.487754135360664476e+00
3.660000000000000000e+02 1.487777588497847248e+00
3.670000000000000000e+02 1.487801038333588677e+00
3.680000000000000000e+02 1.487824484867888319e+00
3.690000000000000000e+02 1.487847928100746175e+00
3.700000000000000000e+02 1.487871368032162467e+00
3.710000000000000000e+02 1.487894804662137194e+00
3.720000000000000000e+02 1.487918237990670134e+00
3.730000000000000000e+02 1.487941668017761510e+00
3.740000000000000000e+02 1.487965094743411099e+00
3.750000000000000000e+02 1.487988518167619123e+00
3.760000000000000000e+02 1.488011938290385361e+00
3.770000000000000000e+02 1.488035355111710034e+00
3.780000000000000000e+02 1.488058768631592921e+00
3.790000000000000000e+02 1.488082178850034243e+00
3.800000000000000000e+02 1.488105585767033778e+00
3.810000000000000000e+02 1.488128989382591749e+00
3.820000000000000000e+02 1.488152389696707933e+00
3.830000000000000000e+02 1.488175786709382553e+00
3.840000000000000000e+02 1.488199180420615608e+00
3.850000000000000000e+02 1.488222570830406877e+00
3.860000000000000000e+02 1.488245957938756359e+00
3.870000000000000000e+02 1.488269341745664276e+00
3.880000000000000000e+02 1.488292722251130629e+00
3.890000000000000000e+02 1.488316099455155195e+00
3.900000000000000000e+02 1.488339473357738196e+00
3.910000000000000000e+02 1.488362843958879411e+00
3.920000000000000000e+02 1.488386211258579062e+00
3.930000000000000000e+02 1.488409575256836925e+00
3.940000000000000000e+02 1.488432935953653224e+00
3.950000000000000000e+02 1.488456293349027737e+00
3.960000000000000000e+02 1.488479647442960685e+00
3.970000000000000000e+02 1.488502998235451846e+00
3.980000000000000000e+02 1.488526345726501443e+00
3.990000000000000000e+02 1.488549689916109253e+00
4.000000000000000000e+02 1.488573030804275499e+00
4.010000000000000000e+02 1.488596368391000180e+00
4.020000000000000000e+02 1.488619702676283074e+00
4.030000000000000000e+02 1.488643033660124182e+00
4.040000000000000000e+02 1.488666361342523725e+00
4.050000000000000000e+02 1.488689685723481704e+00
4.060000000000000000e+02 1.488713006802997896e+00
4.070000000000000000e+02 1.488736324581072523e+00
4.080000000000000000e+02 1.488759639057705364e+00
4.090000000000000000e+02 1.488782950232896640e+00
4.100000000000000000e+02 1.488806258106646130e+00
4.110000000000000000e+02 1.488829562678954055e+00
4.120000000000000000e+02 1.488852863949820193e+00
4.130000000000000000e+02 1.488876161919244767e+00
4.140000000000000000e+02 1.488899456587227554e+00
4.150000000000000000e+02 1.488922747953768777e+00
4.160000000000000000e+02 1.488946036018868213e+00
4.170000000000000000e+02 1.488969320782526085e+00
4.180000000000000000e+02 1.488992602244742391e+00
4.190000000000000000e+02 1.489015880405516912e+00
4.200000000000000000e+02 1.489039155264849645e+00
4.210000000000000000e+02 1.489062426822740814e+00
4.220000000000000000e+02 1.489085695079190419e+00
4.230000000000000000e+02 1.489108960034198237e+00
4.240000000000000000e+02 1.489132221687764490e+00
4.250000000000000000e+02 1.489155480039888957e+00
4.260000000000000000e+02 1.489178735090571859e+00
4.270000000000000000e+02 1.489201986839812974e+00
4.280000000000000000e+02 1.489225235287612525e+00
4.290000000000000000e+02 1.489248480433970290e+00
4.300000000000000000e+02 1.489271722278886489e+00
4.310000000000000000e+02 1.489294960822360903e+00
4.320000000000000000e+02 1.489318196064393751e+00
4.330000000000000000e+02 1.489341428004984813e+00
4.340000000000000000e+02 1.489364656644134310e+00
4.350000000000000000e+02 1.489387881981842243e+00
4.360000000000000000e+02 1.489411104018108389e+00
4.370000000000000000e+02 1.489434322752932749e+00
4.380000000000000000e+02 1.489457538186315544e+00
4.390000000000000000e+02 1.489480750318256774e+00
4.400000000000000000e+02 1.489503959148756218e+00
4.410000000000000000e+02 1.489527164677814097e+00
4.420000000000000000e+02 1.489550366905430190e+00
4.430000000000000000e+02 1.489573565831604718e+00
4.440000000000000000e+02 1.489596761456337459e+00
4.450000000000000000e+02 1.489619953779628636e+00
4.460000000000000000e+02 1.489643142801478026e+00
4.470000000000000000e+02 1.489666328521885852e+00
4.480000000000000000e+02 1.489689510940851891e+00
4.490000000000000000e+02 1.489712690058376365e+00
4.500000000000000000e+02 1.489735865874459275e+00
4.510000000000000000e+02 1.489759038389100176e+00
4.520000000000000000e+02 1.489782207602299735e+00
4.530000000000000000e+02 1.489805373514057507e+00
4.540000000000000000e+02 1.489828536124373493e+00
4.550000000000000000e+02 1.489851695433248135e+00
4.560000000000000000e+02 1.489874851440680770e+00
4.570000000000000000e+02 1.489898004146671839e+00
4.580000000000000000e+02 1.489921153551221344e+00
4.590000000000000000e+02 1.489944299654329063e+00
4.600000000000000000e+02 1.489967442455995217e+00
4.610000000000000000e+02 1.489990581956219584e+00
4.620000000000000000e+02 1.490013718155002387e+00
4.630000000000000000e+02 1.490036851052343403e+00
4.640000000000000000e+02 1.490059980648242854e+00
4.650000000000000000e+02 1.490083106942700519e+00
4.660000000000000000e+02 1.490106229935716620e+00
4.670000000000000000e+02 1.490129349627291155e+00
4.680000000000000000e+02 1.490152466017423905e+00
4.690000000000000000e+02 1.490175579106114867e+00
4.700000000000000000e+02 1.490198688893364265e+00
4.710000000000000000e+02 1.490221795379172098e+00
4.720000000000000000e+02 1.490244898563538145e+00
4.730000000000000000e+02 1.490267998446462405e+00
4.740000000000000000e+02 1.490291095027945323e+00
4.750000000000000000e+02 1.490314188307986232e+00
4.760000000000000000e+02 1.490337278286585576e+00
4.770000000000000000e+02 1.490360364963743356e+00
4.780000000000000000e+02 1.490383448339459349e+00
4.790000000000000000e+02 1.490406528413733778e+00
4.800000000000000000e+02 1.490429605186566420e+00
4.810000000000000000e+02 1.490452678657957497e+00
4.820000000000000000e+02 1.490475748827907010e+00
4.830000000000000000e+02 1.490498815696414736e+00
4.840000000000000000e+02 1.490521879263480676e+00
4.850000000000000000e+02 1.490544939529105051e+00
4.860000000000000000e+02 1.490567996493287639e+00
4.870000000000000000e+02 1.490591050156028663e+00
4.880000000000000000e+02 1.490614100517328122e+00
4.890000000000000000e+02 1.490637147577185795e+00
4.900000000000000000e+02 1.490660191335601903e+00
4.910000000000000000e+02 1.490683231792576224e+00
4.920000000000000000e+02 1.490706268948108759e+00
4.930000000000000000e+02 1.490729302802199951e+00
4.940000000000000000e+02 1.490752333354849135e+00
4.950000000000000000e+02 1.490775360606056976e+00
4.960000000000000000e+02 1.490798384555822809e+00
4.970000000000000000e+02 1.490821405204147299e+00
4.980000000000000000e+02 1.490844422551030002e+00
4.990000000000000000e+02 1.490867436596470919e+00
5.000000000000000000e+02 1.490890447340470271e+00
5.010000000000000000e+02 1.490913454783027836e+00
5.020000000000000000e+02 1.490936458924143837e+00
5.030000000000000000e+02 1.490959459763818273e+00
5.040000000000000000e+02 1.490982457302050923e+00
5.050000000000000000e+02 1.491005451538841786e+00
5.060000000000000000e+02 1.491028442474191085e+00
5.070000000000000000e+02 1.491051430108098819e+00
5.080000000000000000e+02 1.491074414440564766e+00
5.090000000000000000e+02 1.491097395471589149e+00
5.100000000000000000e+02 1.491120373201171745e+00
5.110000000000000000e+02 1.491143347629312776e+00
5.120000000000000000e+02 1.491166318756012021e+00
5.130000000000000000e+02 1.491189286581269702e+00
5.140000000000000000e+02 1.491212251105085596e+00
5.150000000000000000e+02 1.491235212327459925e+00
5.160000000000000000e+02 1.491258170248392467e+00
5.170000000000000000e+02 1.491281124867883445e+00
5.180000000000000000e+02 1.491304076185932859e+00
5.190000000000000000e+02 1.491327024202540485e+00
5.200000000000000000e+02 1.491349968917706326e+00
5.210000000000000000e+02 1.491372910331430601e+00
5.220000000000000000e+02 1.491395848443713312e+00
5.230000000000000000e+02 1.491418783254554237e+00
5.240000000000000000e+02 1.491441714763953375e+00
5.250000000000000000e+02 1.491464642971911170e+00
5.260000000000000000e+02 1.491487567878426956e+00
5.270000000000000000e+02 1.491510489483501178e+00
5.280000000000000000e+02 1.491533407787133836e+00
5.290000000000000000e+02 1.491556322789324707e+00
5.300000000000000000e+02 1.491579234490074013e+00
5.310000000000000000e+02 1.491602142889381755e+00
5.320000000000000000e+02 1.491625047987247488e+00
5.330000000000000000e+02 1.491647949783671878e+00
5.340000000000000000e+02 1.491670848278654482e+00
5.350000000000000000e+02 1.491693743472195299e+00
5.360000000000000000e+02 1.491716635364294552e+00
5.370000000000000000e+02 1.491739523954952240e+00
5.380000000000000000e+02 1.491762409244168142e+00
5.390000000000000000e+02 1.491785291231942256e+00
5.400000000000000000e+02 1.491808169918274807e+00
5.410000000000000000e+02 1.491831045303165793e+00
5.420000000000000000e+02 1.491853917386614992e+00
5.430000000000000000e+02 1.491876786168622626e+00
5.440000000000000000e+02 1.491899651649188474e+00
5.450000000000000000e+02 1.491922513828312757e+00
5.460000000000000000e+02 1.491945372705995254e+00
5.470000000000000000e+02 1.491968228282236186e+00
5.480000000000000000e+02 1.491991080557035332e+00
5.490000000000000000e+02 1.492013929530392913e+00
5.500000000000000000e+02 1.492036775202308707e+00
5.510000000000000000e+02 1.492059617572782937e+00
5.520000000000000000e+02 1.492082456641815602e+00
5.530000000000000000e+02 1.492105292409406481e+00
5.540000000000000000e+02 1.492128124875555573e+00
5.550000000000000000e+02 1.492150954040263100e+00
5.560000000000000000e+02 1.492173779903529063e+00
5.570000000000000000e+02 1.492196602465353239e+00
5.580000000000000000e+02 1.492219421725735629e+00
5.590000000000000000e+02 1.492242237684676676e+00
5.600000000000000000e+02 1.492265050342175714e+00
5.610000000000000000e+02 1.492287859698233410e+00
5.620000000000000000e+02 1.492310665752849097e+00
5.630000000000000000e+02 1.492333468506023442e+00
5.640000000000000000e+02 1.492356267957755778e+00
5.650000000000000000e+02 1.492379064108046771e+00
5.660000000000000000e+02 1.492401856956895978e+00
5.670000000000000000e+02 1.492424646504303398e+00
5.680000000000000000e+02 1.492447432750269254e+00
5.690000000000000000e+02 1.492470215694793323e+00
5.700000000000000000e+02 1.492492995337875827e+00
5.710000000000000000e+02 1.492515771679516767e+00
5.720000000000000000e+02 1.492538544719715921e+00
5.730000000000000000e+02 1.492561314458473287e+00
5.740000000000000000e+02 1.492584080895789089e+00
5.750000000000000000e+02 1.492606844031663327e+00
5.760000000000000000e+02 1.492629603866095778e+00
5.770000000000000000e+02 1.492652360399086664e+00
5.780000000000000000e+02 1.492675113630635764e+00
5.790000000000000000e+02 1.492697863560743299e+00
5.800000000000000000e+02 1.492720610189409047e+00
5.810000000000000000e+02 1.492743353516633231e+00
5.820000000000000000e+02 1.492766093542415629e+00
5.830000000000000000e+02 1.492788830266756461e+00
5.840000000000000000e+02 1.492811563689655729e+00
5.850000000000000000e+02 1.492834293811112989e+00
5.860000000000000000e+02 1.492857020631128906e+00
5.870000000000000000e+02 1.492879744149703036e+00
5.880000000000000000e+02 1.492902464366835380e+00
5.890000000000000000e+02 1.492925181282526159e+00
5.900000000000000000e+02 1.492947894896775374e+00
5.910000000000000000e+02 1.492970605209582802e+00
5.920000000000000000e+02 1.492993312220948665e+00
5.930000000000000000e+02 1.493016015930872742e+00
5.940000000000000000e+02 1.493038716339355254e+00
5.950000000000000000e+02 1.493061413446395980e+00
5.960000000000000000e+02 1.493084107251995141e+00
5.970000000000000000e+02 1.493106797756152515e+00
5.980000000000000000e+02 1.493129484958868325e+00
5.990000000000000000e+02 1.493152168860142348e+00
6.000000000000000000e+02 1.493174849459974807e+00
6.010000000000000000e+02 1.493197526758365479e+00
6.020000000000000000e+02 1.493220200755314586e+00
6.030000000000000000e+02 1.493242871450822129e+00
6.040000000000000000e+02 1.493265538844887885e+00
6.050000000000000000e+02 1.493288202937511855e+00
6.060000000000000000e+02 1.493310863728694260e+00
6.070000000000000000e+02 1.493333521218435100e+00
6.080000000000000000e+02 1.493356175406734154e+00
6.090000000000000000e+02 1.493378826293591644e+00
6.100000000000000000e+02 1.493401473879007346e+00
6.110000000000000000e+02 1.493424118162981262e+00
6.120000000000000000e+02 1.493446759145513836e+00
6.130000000000000000e+02 1.493469396826604401e+00
6.140000000000000000e+02 1.493492031206253623e+00
6.150000000000000000e+02 1.493514662284460837e+00
6.160000000000000000e+02 1.493537290061226708e+00
6.170000000000000000e+02 1.493559914536550792e+00
6.180000000000000000e+02 1.493582535710433090e+00
6.190000000000000000e+02 1.493605153582873823e+00
6.200000000000000000e+02 1.493627768153872770e+00
6.210000000000000000e+02 1.493650379423430152e+00
6.220000000000000000e+02 1.493672987391545970e+00
6.230000000000000000e+02 1.493695592058220001e+00
6.240000000000000000e+02 1.493718193423452467e+00
6.250000000000000000e+02 1.493740791487243147e+00
6.260000000000000000e+02 1.493763386249592040e+00
6.270000000000000000e+02 1.493785977710499591e+00
6.280000000000000000e+02 1.493808565869965133e+00
6.290000000000000000e+02 1.493831150727989110e+00
6.300000000000000000e+02 1.493853732284571523e+00
6.310000000000000000e+02 1.493876310539712149e+00
6.320000000000000000e+02 1.493898885493411210e+00
6.330000000000000000e+02 1.493921457145668708e+00
6.340000000000000000e+02 1.493944025496484418e+00
6.350000000000000000e+02 1.493966590545858342e+00
6.360000000000000000e+02 1.493989152293790701e+00
6.370000000000000000e+02 1.494011710740281274e+00
6.380000000000000000e+02 1.494034265885330282e+00
6.390000000000000000e+02 1.494056817728937725e+00
6.400000000000000000e+02 1.494079366271103382e+00
6.410000000000000000e+02 1.494101911511827252e+00
6.420000000000000000e+02 1.494124453451109780e+00
6.430000000000000000e+02 1.494146992088950299e+00
6.440000000000000000e+02 1.494169527425349253e+00
6.450000000000000000e+02 1.494192059460306643e+00
6.460000000000000000e+02 1.494214588193822246e+00
6.470000000000000000e+02 1.494237113625896285e+00
6.480000000000000000e+02 1.494259635756528537e+00
6.490000000000000000e+02 1.494282154585719224e+00
6.500000000000000000e+02 1.494304670113468347e+00
6.510000000000000000e+02 1.494327182339775462e+00
6.520000000000000000e+02 1.494349691264641233e+00
6.530000000000000000e+02 1.494372196888065218e+00
6.540000000000000000e+02 1.494394699210047417e+00
6.550000000000000000e+02 1.494417198230588051e+00
6.560000000000000000e+02 1.494439693949687120e+00
6.570000000000000000e+02 1.494462186367344403e+00
6.580000000000000000e+02 1.494484675483559899e+00
6.590000000000000000e+02 1.494507161298334053e+00
6.600000000000000000e+02 1.494529643811666197e+00
6.610000000000000000e+02 1.494552123023556778e+00
6.620000000000000000e+02 1.494574598934005794e+00
6.630000000000000000e+02 1.494597071543013023e+00
6.640000000000000000e+02 1.494619540850578687e+00
6.650000000000000000e+02 1.494642006856702565e+00
6.660000000000000000e+02 1.494664469561384879e+00
6.670000000000000000e+02 1.494686928964625627e+00
6.680000000000000000e+02 1.494709385066424367e+00
6.690000000000000000e+02 1.494731837866781765e+00
6.700000000000000000e+02 1.494754287365697376e+00
6.710000000000000000e+02 1.494776733563171200e+00
6.720000000000000000e+02 1.494799176459203460e+00
6.730000000000000000e+02 1.494821616053794155e+00
6.740000000000000000e+02 1.494844052346943064e+00
6.750000000000000000e+02 1.494866485338650186e+00
6.760000000000000000e+02 1.494888915028915966e+00
6.770000000000000000e+02 1.494911341417739736e+00
6.780000000000000000e+02 1.494933764505121943e+00
6.790000000000000000e+02 1.494956184291062584e+00
6.800000000000000000e+02 1.494978600775561439e+00
6.810000000000000000e+02 1.495001013958618730e+00
6.820000000000000000e+02 1.495023423840234233e+00
6.830000000000000000e+02 1.495045830420408173e+00
6.840000000000000000e+02 1.495068233699140547e+00
6.850000000000000000e+02 1.495090633676430913e+00
6.860000000000000000e+02 1.495113030352279937e+00
6.870000000000000000e+02 1.495135423726687174e+00
6.880000000000000000e+02 1.495157813799652624e+00
6.890000000000000000e+02 1.495180200571176510e+00
6.900000000000000000e+02 1.495202584041258831e+00
6.910000000000000000e+02 1.495224964209899365e+00
6.920000000000000000e+02 1.495247341077098335e+00
6.930000000000000000e+02 1.495269714642855519e+00
6.940000000000000000e+02 1.495292084907170915e+00
6.950000000000000000e+02 1.495314451870044747e+00
6.960000000000000000e+02 1.495336815531477015e+00
6.970000000000000000e+02 1.495359175891467496e+00
6.980000000000000000e+02 1.495381532950016412e+00
6.990000000000000000e+02 1.495403886707123764e+00
7.000000000000000000e+02 1.495426237162789107e+00
7.010000000000000000e+02 1.495448584317013108e+00
7.020000000000000000e+02 1.495470928169795322e+00
7.030000000000000000e+02 1.495493268721135749e+00
7.040000000000000000e+02 1.495515605971034612e+00
7.050000000000000000e+02 1.495537939919491688e+00
7.060000000000000000e+02 1.495560270566507199e+00
7.070000000000000000e+02 1.495582597912081146e+00
7.080000000000000000e+02 1.495604921956213307e+00
7.090000000000000000e+02 1.495627242698903903e+00
7.100000000000000000e+02 1.495649560140152712e+00
7.110000000000000000e+02 1.495671874279959734e+00
7.120000000000000000e+02 1.495694185118325414e+00
7.130000000000000000e+02 1.495716492655249086e+00
7.140000000000000000e+02 1.495738796890731415e+00
7.150000000000000000e+02 1.495761097824771735e+00
7.160000000000000000e+02 1.495783395457370712e+00
7.170000000000000000e+02 1.495805689788527904e+00
7.180000000000000000e+02 1.495827980818243308e+00
7.190000000000000000e+02 1.495850268546517148e+00
7.200000000000000000e+02 1.495872552973349201e+00
7.210000000000000000e+02 1.495894834098739690e+00
7.220000000000000000e+02 1.495917111922688614e+00
7.230000000000000000e+02 1.495939386445195751e+00
7.240000000000000000e+02 1.495961657666261102e+00
7.250000000000000000e+02 1.495983925585884888e+00
7.260000000000000000e+02 1.496006190204067110e+00
7.270000000000000000e+02 1.496028451520807545e+00
7.280000000000000000e+02 1.496050709536106416e+00
7.290000000000000000e+02 1.496072964249963499e+00
7.300000000000000000e+02 1.496095215662379019e+00
7.310000000000000000e+02 1.496117463773352751e+00
7.320000000000000000e+02 1.496139708582884920e+00
7.330000000000000000e+02 1.496161950090975301e+00
7.340000000000000000e+02 1.496184188297624118e+00
7.350000000000000000e+02 1.496206423202831148e+00
7.360000000000000000e+02 1.496228654806596614e+00
7.370000000000000000e+02 1.496250883108920293e+00
7.380000000000000000e+02 1.496273108109802408e+00
7.390000000000000000e+02 1.496295329809242958e+00
7.400000000000000000e+02 1.496317548207241721e+00
7.410000000000000000e+02 1.496339763303798698e+00
7.420000000000000000e+02 1.496361975098914332e+00
7.430000000000000000e+02 1.496384183592587958e+00
7.440000000000000000e+02 1.496406388784820019e+00
7.450000000000000000e+02 1.496428590675610515e+00
7.460000000000000000e+02 1.496450789264959225e+00
7.470000000000000000e+02 1.496472984552866370e+00
7.480000000000000000e+02 1.496495176539331728e+00
7.490000000000000000e+02 1.496517365224355522e+00
7.500000000000000000e+02 1.496539550607937530e+00
7.510000000000000000e+02 1.496561732690077973e+00
7.520000000000000000e+02 1.496583911470776629e+00
7.530000000000000000e+02 1.496606086950033720e+00
7.540000000000000000e+02 1.496628259127849248e+00
7.550000000000000000e+02 1.496650428004222988e+00
7.560000000000000000e+02 1.496672593579154942e+00
7.570000000000000000e+02 1.496694755852645331e+00
7.580000000000000000e+02 1.496716914824694156e+00
7.590000000000000000e+02 1.496739070495301194e+00
7.600000000000000000e+02 1.496761222864466667e+00
7.610000000000000000e+02 1.496783371932190354e+00
7.620000000000000000e+02 1.496805517698472254e+00
7.630000000000000000e+02 1.496827660163312812e+00
7.640000000000000000e+02 1.496849799326711361e+00
7.650000000000000000e+02 1.496871935188668346e+00
7.660000000000000000e+02 1.496894067749183765e+00
7.670000000000000000e+02 1.496916197008257621e+00
7.680000000000000000e+02 1.496938322965889467e+00
7.690000000000000000e+02 1.496960445622079972e+00
7.700000000000000000e+02 1.496982564976828689e+00
7.710000000000000000e+02 1.497004681030135620e+00
7.720000000000000000e+02 1.497026793782000986e+00
7.730000000000000000e+02 1.497048903232424788e+00
7.740000000000000000e+02 1.497071009381406803e+00
7.750000000000000000e+02 1.497093112228947032e+00
7.760000000000000000e+02 1.497115211775045696e+00
7.770000000000000000e+02 1.497137308019702795e+00
7.780000000000000000e+02 1.497159400962918108e+00
7.790000000000000000e+02 1.497181490604691856e+00
7.800000000000000000e+02 1.497203576945023817e+00
7.810000000000000000e+02 1.497225659983914214e+00
7.820000000000000000e+02 1.497247739721362825e+00
7.830000000000000000e+02 1.497269816157369871e+00
7.840000000000000000e+02 1.497291889291935130e+00
7.850000000000000000e+02 1.497313959125058824e+00
7.860000000000000000e+02 1.497336025656740732e+00
7.870000000000000000e+02 1.497358088886981076e+00
7.880000000000000000e+02 1.497380148815779854e+00
7.890000000000000000e+02 1.497402205443136847e+00
7.900000000000000000e+02 1.497424258769052052e+00
7.910000000000000000e+02 1.497446308793525693e+00
7.920000000000000000e+02 1.497468355516557770e+00
7.930000000000000000e+02 1.497490398938148060e+00
7.940000000000000000e+02 1.497512439058296563e+00
7.950000000000000000e+02 1.497534475877003723e+00
7.960000000000000000e+02 1.497556509394268875e+00
7.970000000000000000e+02 1.497578539610092463e+00
7.980000000000000000e+02 1.497600566524474486e+00
7.990000000000000000e+02 1.497622590137414722e+00
8.000000000000000000e+02 1.497644610448913394e+00
8.010000000000000000e+02 1.497666627458970501e+00
8.020000000000000000e+02 1.497688641167585599e+00
8.030000000000000000e+02 1.497710651574759355e+00
8.040000000000000000e+02 1.497732658680491324e+00
8.050000000000000000e+02 1.497754662484781507e+00
8.060000000000000000e+02 1.497776662987630125e+00
8.070000000000000000e+02 1.497798660189037179e+00
8.080000000000000000e+02 1.497820654089002446e+00
8.090000000000000000e+02 1.497842644687525926e+00
8.100000000000000000e+02 1.497864631984607842e+00
8.110000000000000000e+02 1.497886615980248193e+00
8.120000000000000000e+02 1.497908596674446757e+00
8.130000000000000000e+02 1.497930574067203757e+00
8.140000000000000000e+02 1.497952548158518971e+00
8.150000000000000000e+02 1.497974518948392619e+00
8.160000000000000000e+02 1.497996486436824481e+00
8.170000000000000000e+02 1.498018450623814779e+00
8.180000000000000000e+02 1.498040411509363290e+00
8.190000000000000000e+02 1.498062369093470236e+00
8.200000000000000000e+02 1.498084323376135396e+00
8.210000000000000000e+02 1.498106274357358991e+00
8.220000000000000000e+02 1.498128222037141022e+00
8.230000000000000000e+02 1.498150166415481266e+00
8.240000000000000000e+02 1.498172107492379723e+00
8.250000000000000000e+02 1.498194045267836616e+00
8.260000000000000000e+02 1.498215979741851944e+00
8.270000000000000000e+02 1.498237910914425486e+00
8.280000000000000000e+02 1.498259838785557463e+00
8.290000000000000000e+02 1.498281763355247653e+00
8.300000000000000000e+02 1.498303684623496057e+00
8.310000000000000000e+02 1.498325602590303118e+00
8.320000000000000000e+02 1.498347517255668171e+00
8.330000000000000000e+02 1.498369428619591881e+00
8.340000000000000000e+02 1.498391336682073582e+00
8.350000000000000000e+02 1.498413241443113941e+00
8.360000000000000000e+02 1.498435142902712514e+00
8.370000000000000000e+02 1.498457041060869299e+00
8.380000000000000000e+02 1.498478935917584520e+00
8.390000000000000000e+02 1.498500827472857955e+00
8.400000000000000000e+02 1.498522715726689825e+00
8.410000000000000000e+02 1.498544600679080130e+00
8.420000000000000000e+02 1.498566482330028649e+00
8.430000000000000000e+02 1.498588360679535381e+00
8.440000000000000000e+02 1.498610235727600770e+00
8.450000000000000000e+02 1.498632107474224151e+00
8.460000000000000000e+02 1.498653975919405967e+00
8.470000000000000000e+02 1.498675841063146219e+00
8.480000000000000000e+02 1.498697702905444684e+00
8.490000000000000000e+02 1.498719561446301585e+00
8.500000000000000000e+02 1.498741416685716699e+00
8.510000000000000000e+02 1.498763268623690248e+00
8.520000000000000000e+02 1.498785117260222011e+00
8.530000000000000000e+02 1.498806962595312209e+00
8.540000000000000000e+02 1.498828804628960842e+00
8.550000000000000000e+02 1.498850643361167689e+00
8.560000000000000000e+02 1.498872478791932750e+00
8.570000000000000000e+02 1.498894310921256245e+00
8.580000000000000000e+02 1.498916139749138177e+00
8.590000000000000000e+02 1.498937965275578321e+00
8.600000000000000000e+02 1.498959787500576679e+00
8.610000000000000000e+02 1.498981606424133473e+00
8.620000000000000000e+02 1.499003422046248701e+00
8.630000000000000000e+02 1.499025234366922144e+00
8.640000000000000000e+02 1.499047043386154021e+00
8.650000000000000000e+02 1.499068849103944112e+00
8.660000000000000000e+02 1.499090651520292639e+00
8.670000000000000000e+02 1.499112450635199378e+00
8.680000000000000000e+02 1.499134246448664554e+00
8.690000000000000000e+02 1.499156038960687942e+00
8.700000000000000000e+02 1.499177828171269766e+00
8.710000000000000000e+02 1.499199614080410026e+00
8.720000000000000000e+02 1.499221396688108277e+00
8.730000000000000000e+02 1.499243175994365185e+00
8.740000000000000000e+02 1.499264951999180306e+00
8.750000000000000000e+02 1.499286724702553641e+00
8.760000000000000000e+02 1.499308494104485412e+00
8.770000000000000000e+02 1.499330260204975618e+00
8.780000000000000000e+02 1.499352023004024037e+00
8.790000000000000000e+02 1.499373782501630892e+00
8.800000000000000000e+02 1.499395538697795960e+00
8.810000000000000000e+02 1.499417291592519463e+00
8.820000000000000000e+02 1.499439041185801180e+00
8.830000000000000000e+02 1.499460787477641333e+00
8.840000000000000000e+02 1.499482530468039698e+00
8.850000000000000000e+02 1.499504270156996499e+00
8.860000000000000000e+02 1.499526006544511514e+00
8.870000000000000000e+02 1.499547739630584964e+00
8.880000000000000000e+02 1.499569469415216627e+00
8.890000000000000000e+02 1.499591195898406726e+00
8.900000000000000000e+02 1.499612919080155260e+00
8.910000000000000000e+02 1.499634638960462008e+00
8.920000000000000000e+02 1.499656355539326968e+00
8.930000000000000000e+02 1.499678068816750365e+00
8.940000000000000000e+02 1.499699778792732197e+00
8.950000000000000000e+02 1.499721485467272242e+00
8.960000000000000000e+02 1.499743188840370722e+00
8.970000000000000000e+02 1.499764888912027416e+00
8.980000000000000000e+02 1.499786585682242546e+00
8.990000000000000000e+02 1.499808279151015888e+00
9.000000000000000000e+02 1.499829969318347667e+00
9.010000000000000000e+02 1.499851656184237658e+00
9.020000000000000000e+02 1.499873339748686085e+00
9.030000000000000000e+02 1.499895020011692726e+00
9.040000000000000000e+02 1.499916696973257801e+00
9.050000000000000000e+02 1.499938370633381091e+00
9.060000000000000000e+02 1.499960040992062815e+00
9.070000000000000000e+02 1.499981708049302975e+00
9.080000000000000000e+02 1.500003371805101349e+00
9.090000000000000000e+02 1.500025032259457936e+00
9.100000000000000000e+02 1.500046689412372958e+00
9.110000000000000000e+02 1.500068343263846415e+00
9.120000000000000000e+02 1.500089993813878086e+00
9.130000000000000000e+02 1.500111641062468193e+00
9.140000000000000000e+02 1.500133285009616513e+00
9.150000000000000000e+02 1.500154925655323046e+00
9.160000000000000000e+02 1.500176562999588237e+00
9.170000000000000000e+02 1.500198197042411419e+00
9.180000000000000000e+02 1.500219827783793258e+00
9.190000000000000000e+02 1.500241455223733311e+00
9.200000000000000000e+02 1.500263079362231577e+00
9.210000000000000000e+02 1.500284700199288279e+00
9.220000000000000000e+02 1.500306317734903194e+00
9.230000000000000000e+02 1.500327931969076545e+00
9.240000000000000000e+02 1.500349542901808331e+00
9.250000000000000000e+02 1.500371150533098330e+00
9.260000000000000000e+02 1.500392754862946543e+00
9.270000000000000000e+02 1.500414355891353191e+00
9.280000000000000000e+02 1.500435953618318274e+00
9.290000000000000000e+02 1.500457548043841571e+00
9.300000000000000000e+02 1.500479139167923304e+00
9.310000000000000000e+02 1.500500726990563249e+00
9.320000000000000000e+02 1.500522311511761409e+00
9.330000000000000000e+02 1.500543892731518225e+00
9.340000000000000000e+02 1.500565470649833255e+00
9.350000000000000000e+02 1.500587045266706498e+00
9.360000000000000000e+02 1.500608616582138177e+00
9.370000000000000000e+02 1.500630184596128069e+00
9.380000000000000000e+02 1.500651749308676397e+00
9.390000000000000000e+02 1.500673310719782938e+00
9.400000000000000000e+02 1.500694868829447914e+00
9.410000000000000000e+02 1.500716423637671326e+00
9.420000000000000000e+02 1.500737975144452951e+00
9.430000000000000000e+02 1.500759523349792790e+00
9.440000000000000000e+02 1.500781068253691064e+00
9.450000000000000000e+02 1.500802609856147773e+00
9.460000000000000000e+02 1.500824148157162696e+00
9.470000000000000000e+02 1.500845683156736055e+00
9.480000000000000000e+02 1.500867214854867626e+00
9.490000000000000000e+02 1.500888743251557633e+00
9.500000000000000000e+02 1.500910268346805854e+00
9.510000000000000000e+02 1.500931790140612510e+00
9.520000000000000000e+02 1.500953308632977379e+00
9.530000000000000000e+02 1.500974823823900683e+00
9.540000000000000000e+02 1.500996335713382202e+00
9.550000000000000000e+02 1.501017844301422155e+00
9.560000000000000000e+02 1.501039349588020322e+00
9.570000000000000000e+02 1.501060851573176924e+00
9.580000000000000000e+02 1.501082350256891962e+00
9.590000000000000000e+02 1.501103845639165213e+00
9.600000000000000000e+02 1.501125337719996677e+00
9.610000000000000000e+02 1.501146826499386577e+00
9.620000000000000000e+02 1.501168311977334913e+00
9.630000000000000000e+02 1.501189794153841461e+00
9.640000000000000000e+02 1.501211273028906446e+00
9.650000000000000000e+02 1.501232748602529643e+00
9.660000000000000000e+02 1.501254220874711276e+00
9.670000000000000000e+02 1.501275689845451122e+00
9.680000000000000000e+02 1.501297155514749404e+00
9.690000000000000000e+02 1.501318617882605899e+00
9.700000000000000000e+02 1.501340076949020830e+00
9.710000000000000000e+02 1.501361532713993974e+00
9.720000000000000000e+02 1.501382985177525553e+00
9.730000000000000000e+02 1.501404434339615568e+00
9.740000000000000000e+02 1.501425880200263796e+00
9.750000000000000000e+02 1.501447322759470238e+00
9.760000000000000000e+02 1.501468762017235115e+00
9.770000000000000000e+02 1.501490197973558427e+00
9.780000000000000000e+02 1.501511630628439953e+00
9.790000000000000000e+02 1.501533059981879692e+00
9.800000000000000000e+02 1.501554486033877867e+00
9.810000000000000000e+02 1.501575908784434477e+00
9.820000000000000000e+02 1.501597328233549300e+00
9.830000000000000000e+02 1.501618744381222559e+00
9.840000000000000000e+02 1.501640157227454031e+00
9.850000000000000000e+02 1.501661566772243939e+00
9.860000000000000000e+02 1.501682973015592060e+00
9.870000000000000000e+02 1.501704375957498616e+00
9.880000000000000000e+02 1.501725775597963608e+00
9.890000000000000000e+02 1.501747171936986591e+00
9.900000000000000000e+02 1.501768564974568232e+00
9.910000000000000000e+02 1.501789954710708086e+00
9.920000000000000000e+02 1.501811341145406153e+00
9.930000000000000000e+02 1.501832724278662656e+00
9.940000000000000000e+02 1.501854104110477595e+00
9.950000000000000000e+02 1.501875480640850746e+00
9.960000000000000000e+02 1.501896853869782333e+00
9.970000000000000000e+02 1.501918223797272134e+00
9.980000000000000000e+02 1.501939590423320148e+00
9.990000000000000000e+02 1.501960953747926819e+00
1.000000000000000000e+03 1.501982313771091482e+00
1.001000000000000000e+03 1.502003670492814802e+00
1.002000000000000000e+03 1.502025023913096113e+00
1.003000000000000000e+03 1.502046374031936082e+00
1.004000000000000000e+03 1.502067720849334043e+00
1.005000000000000000e+03 1.502089064365290660e+00
1.006000000000000000e+03 1.502110404579805492e+00
1.007000000000000000e+03 1.502131741492878536e+00
1.008000000000000000e+03 1.502153075104510016e+00
1.009000000000000000e+03 1.502174405414699931e+00
1.010000000000000000e+03 1.502195732423448060e+00
1.011000000000000000e+03 1.502217056130754402e+00
1.012000000000000000e+03 1.502238376536619180e+00
1.013000000000000000e+03 1.502259693641042393e+00
1.014000000000000000e+03 1.502281007444023819e+00
1.015000000000000000e+03 1.502302317945563681e+00
1.016000000000000000e+03 1.502323625145661756e+00
1.017000000000000000e+03 1.502344929044318267e+00
1.018000000000000000e+03 1.502366229641532991e+00
1.019000000000000000e+03 1.502387526937306150e+00
1.020000000000000000e+03 1.502408820931637523e+00
1.021000000000000000e+03 1.502430111624527331e+00
