# order=3: data_wav [pixel], data_wavsolution [micron]
3.000000000000000000e+00 1.423036925837637856e+00
4.000000000000000000e+00 1.423060656401613944e+00
5.000000000000000000e+00 1.423084383787506679e+00
6.000000000000000000e+00 1.423108107995315841e+00
7.000000000000000000e+00 1.423131829025041428e+00
8.000000000000000000e+00 1.423155546876683442e+00
9.000000000000000000e+00 1.423179261550242103e+00
1.000000000000000000e+01 1.423202973045717190e+00
1.100000000000000000e+01 1.423226681363108703e+00
1.200000000000000000e+01 1.423250386502416864e+00
1.300000000000000000e+01 1.423274088463641451e+00
1.400000000000000000e+01 1.423297787246782464e+00
1.500000000000000000e+01 1.423321482851839903e+00
1.600000000000000000e+01 1.423345175278813990e+00
1.700000000000000000e+01 1.423368864527704503e+00
1.800000000000000000e+01 1.423392550598511663e+00
1.900000000000000000e+01 1.423416233491235250e+00
2.000000000000000000e+01 1.423439913205875262e+00
2.100000000000000000e+01 1.423463589742431923e+00
2.200000000000000000e+01 1.423487263100904787e+00
2.300000000000000000e+01 1.423510933281294299e+00
2.400000000000000000e+01 1.423534600283600460e+00
2.500000000000000000e+01 1.423558264107823046e+00
2.600000000000000000e+01 1.423581924753962058e+00
2.700000000000000000e+01 1.423605582222017496e+00
2.800000000000000000e+01 1.423629236511989582e+00
2.900000000000000000e+01 1.423652887623878094e+00
3.000000000000000000e+01 1.423676535557683032e+00
3.100000000000000000e+01 1.423700180313404617e+00
3.200000000000000000e+01 1.423723821891042629e+00
3.300000000000000000e+01 1.423747460290597067e+00
3.400000000000000000e+01 1.423771095512068152e+00
3.500000000000000000e+01 1.423794727555455664e+00
3.600000000000000000e+01 1.423818356420759601e+00
3.700000000000000000e+01 1.423841982107980186e+00
3.800000000000000000e+01 1.423865604617117198e+00
3.900000000000000000e+01 1.423889223948170635e+00
4.000000000000000000e+01 1.423912840101140498e+00
4.100000000000000000e+01 1.423936453076027009e+00
4.200000000000000000e+01 1.423960062872830168e+00
4.300000000000000000e+01 1.423983669491549531e+00
4.400000000000000000e+01 1.424007272932185542e+00
4.500000000000000000e+01 1.424030873194737978e+00
4.600000000000000000e+01 1.424054470279206841e+00
4.700000000000000000e+01 1.424078064185592352e+00
4.800000000000000000e+01 1.424101654913894288e+00
4.900000000000000000e+01 1.424125242464112873e+00
5.000000000000000000e+01 1.424148826836247661e+00
5.100000000000000000e+01 1.424172408030299097e+00
5.200000000000000000e+01 1.424195986046267182e+00
5.300000000000000000e+01 1.424219560884151692e+00
5.400000000000000000e+01 1.424243132543952628e+00
5.500000000000000000e+01 1.424266701025669990e+00
5.600000000000000000e+01 1.424290266329303778e+00
5.700000000000000000e+01 1.424313828454854214e+00
5.800000000000000000e+01 1.424337387402321298e+00
5.900000000000000000e+01 1.424360943171704585e+00
6.000000000000000000e+01 1.424384495763004521e+00
6.100000000000000000e+01 1.424408045176220883e+00
6.200000000000000000e+01 1.424431591411353892e+00
6.300000000000000000e+01 1.424455134468403328e+00
6.400000000000000000e+01 1.424478674347369189e+00
6.500000000000000000e+01 1.424502211048251699e+00
6.600000000000000000e+01 1.424525744571050412e+00
6.700000000000000000e+01 1.424549274915765995e+00
6.800000000000000000e+01 1.424572802082397782e+00
6.900000000000000000e+01 1.424596326070946217e+00
7.000000000000000000e+01 1.424619846881411078e+00
7.100000000000000000e+01 1.424643364513792365e+00
7.200000000000000000e+01 1.424666878968090300e+00
7.300000000000000000e+01 1.424690390244304661e+00
7.400000000000000000e+01 1.424713898342435447e+00
7.500000000000000000e+01 1.424737403262482882e+00
7.600000000000000000e+01 1.424760905004446743e+00
7.700000000000000000e+01 1.424784403568327029e+00
7.800000000000000000e+01 1.424807898954123964e+00
7.900000000000000000e+01 1.424831391161837324e+00
8.000000000000000000e+01 1.424854880191467110e+00
8.100000000000000000e+01 1.424878366043013544e+00
8.200000000000000000e+01 1.424901848716476405e+00
8.300000000000000000e+01 1.424925328211855691e+00
8.400000000000000000e+01 1.424948804529151625e+00
8.500000000000000000e+01 1.424972277668363985e+00
8.600000000000000000e+01 1.424995747629492771e+00
8.700000000000000000e+01 1.425019214412537982e+00
8.800000000000000000e+01 1.425042678017499842e+00
8.900000000000000000e+01 1.425066138444378128e+00
9.000000000000000000e+01 1.425089595693173061e+00
9.100000000000000000e+01 1.425113049763884199e+00
9.200000000000000000e+01 1.425136500656512206e+00
9.300000000000000000e+01 1.425159948371056418e+00
9.400000000000000000e+01 1.425183392907517277e+00
9.500000000000000000e+01 1.425206834265894562e+00
9.600000000000000000e+01 1.425230272446188273e+00
9.700000000000000000e+01 1.425253707448398632e+00
9.800000000000000000e+01 1.425277139272525417e+00
9.900000000000000000e+01 1.425300567918568628e+00
1.000000000000000000e+02 1.425323993386528487e+00
1.010000000000000000e+02 1.425347415676404772e+00
1.020000000000000000e+02 1.425370834788197483e+00
1.030000000000000000e+02 1.425394250721906841e+00
1.040000000000000000e+02 1.425417663477532626e+00
1.050000000000000000e+02 1.425441073055074837e+00
1.060000000000000000e+02 1.425464479454533473e+00
1.070000000000000000e+02 1.425487882675908757e+00
1.080000000000000000e+02 1.425511282719200468e+00
1.090000000000000000e+02 1.425534679584408826e+00
1.100000000000000000e+02 1.425558073271533610e+00
1.110000000000000000e+02 1.425581463780574820e+00
1.120000000000000000e+02 1.425604851111532456e+00
1.130000000000000000e+02 1.425628235264406740e+00
1.140000000000000000e+02 1.425651616239197450e+00
1.150000000000000000e+02 1.425674994035904808e+00
1.160000000000000000e+02 1.425698368654528370e+00
1.170000000000000000e+02 1.425721740095068801e+00
1.180000000000000000e+02 1.425745108357525437e+00
1.190000000000000000e+02 1.425768473441898720e+00
1.200000000000000000e+02 1.425791835348188430e+00
1.210000000000000000e+02 1.425815194076394565e+00
1.220000000000000000e+02 1.425838549626517349e+00
1.230000000000000000e+02 1.425861901998556558e+00
1.240000000000000000e+02 1.425885251192512193e+00
1.250000000000000000e+02 1.425908597208384254e+00
1.260000000000000000e+02 1.425931940046172963e+00
1.270000000000000000e+02 1.425955279705878320e+00
1.280000000000000000e+02 1.425978616187499881e+00
1.290000000000000000e+02 1.426001949491038090e+00
1.300000000000000000e+02 1.426025279616492725e+00
1.310000000000000000e+02 1.426048606563864007e+00
1.320000000000000000e+02 1.426071930333151716e+00
1.330000000000000000e+02 1.426095250924355851e+00
1.340000000000000000e+02 1.426118568337476411e+00
1.350000000000000000e+02 1.426141882572513619e+00
1.360000000000000000e+02 1.426165193629467254e+00
1.370000000000000000e+02 1.426188501508337536e+00
1.380000000000000000e+02 1.426211806209124022e+00
1.390000000000000000e+02 1.426235107731827156e+00
1.400000000000000000e+02 1.426258406076446938e+00
1.410000000000000000e+02 1.426281701242982924e+00
1.420000000000000000e+02 1.426304993231435558e+00
1.430000000000000000e+02 1.426328282041804840e+00
1.440000000000000000e+02 1.426351567674090326e+00
1.450000000000000000e+02 1.426374850128292460e+00
1.460000000000000000e+02 1.426398129404411241e+00
1.470000000000000000e+02 1.426421405502446227e+00
1.480000000000000000e+02 1.426444678422397860e+00
1.490000000000000000e+02 1.426467948164266142e+00
1.500000000000000000e+02 1.426491214728050627e+00
1.510000000000000000e+02 1.426514478113751760e+00
1.520000000000000000e+02 1.426537738321369320e+00
1.530000000000000000e+02 1.426560995350903527e+00
1.540000000000000000e+02 1.426584249202354160e+00
1.550000000000000000e+02 1.426607499875721219e+00
1.560000000000000000e+02 1.426630747371004704e+00
1.570000000000000000e+02 1.426653991688204837e+00
1.580000000000000000e+02 1.426677232827321395e+00
1.590000000000000000e+02 1.426700470788354602e+00
1.600000000000000000e+02 1.426723705571304013e+00
1.610000000000000000e+02 1.426746937176170071e+00
1.620000000000000000e+02 1.426770165602952778e+00
1.630000000000000000e+02 1.426793390851651688e+00
1.640000000000000000e+02 1.426816612922267247e+00
1.650000000000000000e+02 1.426839831814799453e+00
1.660000000000000000e+02 1.426863047529247863e+00
1.670000000000000000e+02 1.426886260065612921e+00
1.680000000000000000e+02 1.426909469423894627e+00
1.690000000000000000e+02 1.426932675604092537e+00
1.700000000000000000e+02 1.426955878606207095e+00
1.710000000000000000e+02 1.426979078430238301e+00
1.720000000000000000e+02 1.427002275076185711e+00
1.730000000000000000e+02 1.427025468544049769e+00
1.740000000000000000e+02 1.427048658833830252e+00
1.750000000000000000e+02 1.427071845945527384e+00
1.760000000000000000e+02 1.427095029879140942e+00
1.770000000000000000e+02 1.427118210634670925e+00
1.780000000000000000e+02 1.427141388212117334e+00
1.790000000000000000e+02 1.427164562611480392e+00
1.800000000000000000e+02 1.427187733832759875e+00
1.810000000000000000e+02 1.427210901875956006e+00
1.820000000000000000e+02 1.427234066741068341e+00
1.830000000000000000e+02 1.427257228428097324e+00
1.840000000000000000e+02 1.427280386937042955e+00
1.850000000000000000e+02 1.427303542267905012e+00
1.860000000000000000e+02 1.427326694420683495e+00
1.870000000000000000e+02 1.427349843395378404e+00
1.880000000000000000e+02 1.427372989191989960e+00
1.890000000000000000e+02 1.427396131810517943e+00
1.900000000000000000e+02 1.427419271250962352e+00
1.910000000000000000e+02 1.427442407513323186e+00
1.920000000000000000e+02 1.427465540597600668e+00
1.930000000000000000e+02 1.427488670503794799e+00
1.940000000000000000e+02 1.427511797231905133e+00
1.950000000000000000e+02 1.427534920781932115e+00
1.960000000000000000e+02 1.427558041153875523e+00
1.970000000000000000e+02 1.427581158347735579e+00
1.980000000000000000e+02 1.427604272363512061e+00
1.990000000000000000e+02 1.427627383201204969e+00
2.000000000000000000e+02 1.427650490860814303e+00
2.010000000000000000e+02 1.427673595342340285e+00
2.020000000000000000e+02 1.427696696645782692e+00
2.030000000000000000e+02 1.427719794771141748e+00
2.040000000000000000e+02 1.427742889718417008e+00
2.050000000000000000e+02 1.427765981487609137e+00
2.060000000000000000e+02 1.427789070078717470e+00
2.070000000000000000e+02 1.427812155491742452e+00
2.080000000000000000e+02 1.427835237726683859e+00
2.090000000000000000e+02 1.427858316783541692e+00
2.100000000000000000e+02 1.427881392662316173e+00
2.110000000000000000e+02 1.427904465363007080e+00
2.120000000000000000e+02 1.427927534885614413e+00
2.130000000000000000e+02 1.427950601230138394e+00
2.140000000000000000e+02 1.427973664396578801e+00
2.150000000000000000e+02 1.427996724384935634e+00
2.160000000000000000e+02 1.428019781195208893e+00
2.170000000000000000e+02 1.428042834827398799e+00
2.180000000000000000e+02 1.428065885281505354e+00
2.190000000000000000e+02 1.428088932557528112e+00
2.200000000000000000e+02 1.428111976655467519e+00
2.210000000000000000e+02 1.428135017575323351e+00
2.220000000000000000e+02 1.428158055317095831e+00
2.230000000000000000e+02 1.428181089880784516e+00
2.240000000000000000e+02 1.428204121266390070e+00
2.250000000000000000e+02 1.428227149473911828e+00
2.260000000000000000e+02 1.428250174503350234e+00
2.270000000000000000e+02 1.428273196354705066e+00
2.280000000000000000e+02 1.428296215027976324e+00
2.290000000000000000e+02 1.428319230523164229e+00
2.300000000000000000e+02 1.428342242840268561e+00
2.310000000000000000e+02 1.428365251979289319e+00
2.320000000000000000e+02 1.428388257940226724e+00
2.330000000000000000e+02 1.428411260723080556e+00
2.340000000000000000e+02 1.428434260327850813e+00
2.350000000000000000e+02 1.428457256754537719e+00
2.360000000000000000e+02 1.428480250003141050e+00
2.370000000000000000e+02 1.428503240073660807e+00
2.380000000000000000e+02 1.428526226966097212e+00
2.390000000000000000e+02 1.428549210680450043e+00
2.400000000000000000e+02 1.428572191216719300e+00
2.410000000000000000e+02 1.428595168574904983e+00
2.420000000000000000e+02 1.428618142755007314e+00
2.430000000000000000e+02 1.428641113757026071e+00
2.440000000000000000e+02 1.428664081580961476e+00
2.450000000000000000e+02 1.428687046226813306e+00
2.460000000000000000e+02 1.428710007694581563e+00
2.470000000000000000e+02 1.428732965984266245e+00
2.480000000000000000e+02 1.428755921095867576e+00
2.490000000000000000e+02 1.428778873029385332e+00
2.500000000000000000e+02 1.428801821784819737e+00
2.510000000000000000e+02 1.428824767362170345e+00
2.520000000000000000e+02 1.428847709761437601e+00
2.530000000000000000e+02 1.428870648982621505e+00
2.540000000000000000e+02 1.428893585025721613e+00
2.550000000000000000e+02 1.428916517890738369e+00
2.560000000000000000e+02 1.428939447577671773e+00
2.570000000000000000e+02 1.428962374086521381e+00
2.580000000000000000e+02 1.428985297417287637e+00
2.590000000000000000e+02 1.429008217569970540e+00
2.600000000000000000e+02 1.429031134544569648e+00
2.610000000000000000e+02 1.429054048341085403e+00
2.620000000000000000e+02 1.429076958959517585e+00
2.630000000000000000e+02 1.429099866399866414e+00
2.640000000000000000e+02 1.429122770662131670e+00
2.650000000000000000e+02 1.429145671746313351e+00
2.660000000000000000e+02 1.429168569652411458e+00
2.670000000000000000e+02 1.429191464380426213e+00
2.680000000000000000e+02 1.429214355930357394e+00
2.690000000000000000e+02 1.429237244302205223e+00
2.700000000000000000e+02 1.429260129495969478e+00
2.710000000000000000e+02 1.429283011511650159e+00
2.720000000000000000e+02 1.429305890349247266e+00
2.730000000000000000e+02 1.429328766008761020e+00
2.740000000000000000e+02 1.429351638490191201e+00
2.750000000000000000e+02 1.429374507793537807e+00
2.760000000000000000e+02 1.429397373918801062e+00
2.770000000000000000e+02 1.429420236865980742e+00
2.780000000000000000e+02 1.429443096635076849e+00
2.790000000000000000e+02 1.429465953226089603e+00
2.800000000000000000e+02 1.429488806639018783e+00
2.810000000000000000e+02 1.429511656873864389e+00
2.820000000000000000e+02 1.429534503930626643e+00
2.830000000000000000e+02 1.429557347809305323e+00
2.840000000000000000e+02 1.429580188509900429e+00
2.850000000000000000e+02 1.429603026032411961e+00
2.860000000000000000e+02 1.429625860376840141e+00
2.870000000000000000e+02 1.429648691543184746e+00
2.880000000000000000e+02 1.429671519531446000e+00
2.890000000000000000e+02 1.429694344341623680e+00
2.900000000000000000e+02 1.429717165973717785e+00
2.910000000000000000e+02 1.429739984427728317e+00
2.920000000000000000e+02 1.429762799703655496e+00
2.930000000000000000e+02 1.429785611801499101e+00
2.940000000000000000e+02 1.429808420721259354e+00
2.950000000000000000e+02 1.429831226462935811e+00
2.960000000000000000e+02 1.429854029026528917e+00
2.970000000000000000e+02 1.429876828412038670e+00
2.980000000000000000e+02 1.429899624619464626e+00
2.990000000000000000e+02 1.429922417648807231e+00
3.000000000000000000e+02 1.429945207500066484e+00
3.010000000000000000e+02 1.429967994173241941e+00
3.020000000000000000e+02 1.429990777668334045e+00
3.030000000000000000e+02 1.430013557985342798e+00
3.040000000000000000e+02 1.430036335124267755e+00
3.050000000000000000e+02 1.430059109085109359e+00
3.060000000000000000e+02 1.430081879867867389e+00
3.070000000000000000e+02 1.430104647472542068e+00
3.080000000000000000e+02 1.430127411899133172e+00
3.090000000000000000e+02 1.430150173147640702e+00
3.100000000000000000e+02 1.430172931218064658e+00
3.110000000000000000e+02 1.430195686110405262e+00
3.120000000000000000e+02 1.430218437824662292e+00
3.130000000000000000e+02 1.430241186360835970e+00
3.140000000000000000e+02 1.430263931718926074e+00
3.150000000000000000e+02 1.430286673898932603e+00
3.160000000000000000e+02 1.430309412900855559e+00
3.170000000000000000e+02 1.430332148724695163e+00
3.180000000000000000e+02 1.430354881370451192e+00
3.190000000000000000e+02 1.430377610838123648e+00
3.200000000000000000e+02 1.430400337127712751e+00
3.210000000000000000e+02 1.430423060239218280e+00
3.220000000000000000e+02 1.430445780172640236e+00
3.230000000000000000e+02 1.430468496927978839e+00
3.240000000000000000e+02 1.430491210505233868e+00
3.250000000000000000e+02 1.430513920904405323e+00
3.260000000000000000e+02 1.430536628125493426e+00
3.270000000000000000e+02 1.430559332168497955e+00
3.280000000000000000e+02 1.430582033033418909e+00
3.290000000000000000e+02 1.430604730720256512e+00
3.300000000000000000e+02 1.430627425229010319e+00
3.310000000000000000e+02 1.430650116559680995e+00
3.320000000000000000e+02 1.430672804712267876e+00
3.330000000000000000e+02 1.430695489686771404e+00
3.340000000000000000e+02 1.430718171483191359e+00
3.350000000000000000e+02 1.430740850101527961e+00
3.360000000000000000e+02 1.430763525541780767e+00
3.370000000000000000e+02 1.430786197803950444e+00
3.380000000000000000e+02 1.430808866888036324e+00
3.390000000000000000e+02 1.430831532794038852e+00
3.400000000000000000e+02 1.430854195521957806e+00
3.410000000000000000e+02 1.430876855071793186e+00
3.420000000000000000e+02 1.430899511443545213e+00
3.430000000000000000e+02 1.430922164637213667e+00
3.440000000000000000e+02 1.430944814652798547e+00
3.450000000000000000e+02 1.430967461490300074e+00
3.460000000000000000e+02 1.430990105149718028e+00
3.470000000000000000e+02 1.431012745631052407e+00
3.480000000000000000e+02 1.431035382934303435e+00
3.490000000000000000e+02 1.431058017059470888e+00
3.500000000000000000e+02 1.431080648006554767e+00
3.510000000000000000e+02 1.431103275775555073e+00
3.520000000000000000e+02 1.431125900366472026e+00
3.530000000000000000e+02 1.431148521779305405e+00
3.540000000000000000e+02 1.431171140014055432e+00
3.550000000000000000e+02 1.431193755070721885e+00
3.560000000000000000e+02 1.431216366949304764e+00
3.570000000000000000e+02 1.431238975649804068e+00
3.580000000000000000e+02 1.431261581172220021e+00
3.590000000000000000e+02 1.431284183516552400e+00
3.600000000000000000e+02 1.431306782682801426e+00
3.610000000000000000e+02 1.431329378670966657e+00
3.620000000000000000e+02 1.431351971481048757e+00
3.630000000000000000e+02 1.431374561113047061e+00
3.640000000000000000e+02 1.431397147566962014e+00
3.650000000000000000e+02 1.431419730842793392e+00
3.660000000000000000e+02 1.431442310940541196e+00
3.670000000000000000e+02 1.431464887860205648e+00
3.680000000000000000e+02 1.431487461601786526e+00
3.690000000000000000e+02 1.431510032165283830e+00
3.700000000000000000e+02 1.431532599550697782e+00
3.710000000000000000e+02 1.431555163758027938e+00
3.720000000000000000e+02 1.431577724787274963e+00
3.730000000000000000e+02 1.431600282638438193e+00
3.740000000000000000e+02 1.431622837311518071e+00
3.750000000000000000e+02 1.431645388806514374e+00
3.760000000000000000e+02 1.431667937123427325e+00
3.770000000000000000e+02 1.431690482262256703e+00
3.780000000000000000e+02 1.431713024223002506e+00
3.790000000000000000e+02 1.431735563005664735e+00
3.800000000000000000e+02 1.431758098610243612e+00
3.810000000000000000e+02 1.431780631036738916e+00
3.820000000000000000e+02 1.431803160285150867e+00
3.830000000000000000e+02 1.431825686355479021e+00
3.840000000000000000e+02 1.431848209247723824e+00
3.850000000000000000e+02 1.431870728961885275e+00
3.860000000000000000e+02 1.431893245497963152e+00
3.870000000000000000e+02 1.431915758855957455e+00
3.880000000000000000e+02 1.431938269035868183e+00
3.890000000000000000e+02 1.431960776037695560e+00
3.900000000000000000e+02 1.431983279861439362e+00
3.910000000000000000e+02 1.432005780507099590e+00
3.920000000000000000e+02 1.432028277974676245e+00
3.930000000000000000e+02 1.432050772264169547e+00
3.940000000000000000e+02 1.432073263375579497e+00
3.950000000000000000e+02 1.432095751308905651e+00
3.960000000000000000e+02 1.432118236064148453e+00
3.970000000000000000e+02 1.432140717641307681e+00
3.980000000000000000e+02 1.432163196040383557e+00
3.990000000000000000e+02 1.432185671261375859e+00
4.000000000000000000e+02 1.432208143304284587e+00
4.010000000000000000e+02 1.432230612169109740e+00
4.020000000000000000e+02 1.432253077855851542e+00
4.030000000000000000e+02 1.432275540364509769e+00
4.040000000000000000e+02 1.432297999695084645e+00
4.050000000000000000e+02 1.432320455847575724e+00
4.060000000000000000e+02 1.432342908821983674e+00
4.070000000000000000e+02 1.432365358618307827e+00
4.080000000000000000e+02 1.432387805236548628e+00
4.090000000000000000e+02 1.432410248676705855e+00
4.100000000000000000e+02 1.432432688938779508e+00
4.110000000000000000e+02 1.432455126022769809e+00
4.120000000000000000e+02 1.432477559928676536e+00
4.130000000000000000e+02 1.432499990656499689e+00
4.140000000000000000e+02 1.432522418206239490e+00
4.150000000000000000e+02 1.432544842577895494e+00
4.160000000000000000e+02 1.432567263771468369e+00
4.170000000000000000e+02 1.432589681786957447e+00
4.180000000000000000e+02 1.432612096624363174e+00
4.190000000000000000e+02 1.432634508283685326e+00
4.200000000000000000e+02 1.432656916764924127e+00
4.210000000000000000e+02 1.432679322068079353e+00
4.220000000000000000e+02 1.432701724193151005e+00
4.230000000000000000e+02 1.432724123140139083e+00
4.240000000000000000e+02 1.432746518909043809e+00
4.250000000000000000e+02 1.432768911499864961e+00
4.260000000000000000e+02 1.432791300912602761e+00
4.270000000000000000e+02 1.432813687147256987e+00
4.280000000000000000e+02 1.432836070203827639e+00
4.290000000000000000e+02 1.432858450082314716e+00
4.300000000000000000e+02 1.432880826782718442e+00
4.310000000000000000e+02 1.432903200305038593e+00
4.320000000000000000e+02 1.432925570649275171e+00
4.330000000000000000e+02 1.432947937815428396e+00
4.340000000000000000e+02 1.432970301803498048e+00
4.350000000000000000e+02 1.432992662613484125e+00
4.360000000000000000e+02 1.433015020245386850e+00
4.370000000000000000e+02 1.433037374699206001e+00
4.380000000000000000e+02 1.433059725974941578e+00
4.390000000000000000e+02 1.433082074072593581e+00
4.400000000000000000e+02 1.433104418992162232e+00
4.410000000000000000e+02 1.433126760733647531e+00
4.420000000000000000e+02 1.433149099297049034e+00
4.430000000000000000e+02 1.433171434682367185e+00
4.440000000000000000e+02 1.433193766889601761e+00
4.450000000000000000e+02 1.433216095918752986e+00
4.460000000000000000e+02 1.433238421769820414e+00
4.470000000000000000e+02 1.433260744442804713e+00
4.480000000000000000e+02 1.433283063937705215e+00
4.490000000000000000e+02 1.433305380254522365e+00
4.500000000000000000e+02 1.433327693393255942e+00
4.510000000000000000e+02 1.433350003353905944e+00
4.520000000000000000e+02 1.433372310136472594e+00
4.530000000000000000e+02 1.433394613740955670e+00
4.540000000000000000e+02 1.433416914167355172e+00
4.550000000000000000e+02 1.433439211415671322e+00
4.560000000000000000e+02 1.433461505485903897e+00
4.570000000000000000e+02 1.433483796378052899e+00
4.580000000000000000e+02 1.433506084092118549e+00
4.590000000000000000e+02 1.433528368628100624e+00
4.600000000000000000e+02 1.433550649985999126e+00
4.610000000000000000e+02 1.433572928165814275e+00
4.620000000000000000e+02 1.433595203167545851e+00
4.630000000000000000e+02 1.433617474991193852e+00
4.640000000000000000e+02 1.433639743636758279e+00
4.650000000000000000e+02 1.433662009104239354e+00
4.660000000000000000e+02 1.433684271393636855e+00
4.670000000000000000e+02 1.433706530504951004e+00
4.680000000000000000e+02 1.433728786438181579e+00
4.690000000000000000e+02 1.433751039193328580e+00
4.700000000000000000e+02 1.433773288770392007e+00
4.710000000000000000e+02 1.433795535169372082e+00
4.720000000000000000e+02 1.433817778390268582e+00
4.730000000000000000e+02 1.433840018433081731e+00
4.740000000000000000e+02 1.433862255297811084e+00
4.750000000000000000e+02 1.433884488984457084e+00
4.760000000000000000e+02 1.433906719493019732e+00
4.770000000000000000e+02 1.433928946823498585e+00
4.780000000000000000e+02 1.433951170975894085e+00
4.790000000000000000e+02 1.433973391950206233e+00
4.800000000000000000e+02 1.433995609746434585e+00
4.810000000000000000e+02 1.434017824364579585e+00
4.820000000000000000e+02 1.434040035804641011e+00
4.830000000000000000e+02 1.434062244066619085e+00
4.840000000000000000e+02 1.434084449150513585e+00
4.850000000000000000e+02 1.434106651056324511e+00
4.860000000000000000e+02 1.434128849784052084e+00
4.870000000000000000e+02 1.434151045333696084e+00
4.880000000000000000e+02 1.434173237705256509e+00
4.890000000000000000e+02 1.434195426898733361e+00
4.900000000000000000e+02 1.434217612914126860e+00
4.910000000000000000e+02 1.434239795751436786e+00
4.920000000000000000e+02 1.434261975410663359e+00
4.930000000000000000e+02 1.434284151891806136e+00
4.940000000000000000e+02 1.434306325194865783e+00
4.950000000000000000e+02 1.434328495319841634e+00
4.960000000000000000e+02 1.434350662266734133e+00
4.970000000000000000e+02 1.434372826035543058e+00
4.980000000000000000e+02 1.434394986626268409e+00
4.990000000000000000e+02 1.434417144038910408e+00
5.000000000000000000e+02 1.434439298273468832e+00
5.010000000000000000e+02 1.434461449329943683e+00
5.020000000000000000e+02 1.434483597208335182e+00
5.030000000000000000e+02 1.434505741908643106e+00
5.040000000000000000e+02 1.434527883430867456e+00
5.050000000000000000e+02 1.434550021775008455e+00
5.060000000000000000e+02 1.434572156941065657e+00
5.070000000000000000e+02 1.434594288929039729e+00
5.080000000000000000e+02 1.434616417738930005e+00
5.090000000000000000e+02 1.434638543370736929e+00
5.100000000000000000e+02 1.434660665824460279e+00
5.110000000000000000e+02 1.434682785100100277e+00
5.120000000000000000e+02 1.434704901197656701e+00
5.130000000000000000e+02 1.434727014117129551e+00
5.140000000000000000e+02 1.434749123858518827e+00
5.150000000000000000e+02 1.434771230421824750e+00
5.160000000000000000e+02 1.434793333807047100e+00
5.170000000000000000e+02 1.434815434014185875e+00
5.180000000000000000e+02 1.434837531043241299e+00
5.190000000000000000e+02 1.434859624894213148e+00
5.200000000000000000e+02 1.434881715567101645e+00
5.210000000000000000e+02 1.434903803061906347e+00
5.220000000000000000e+02 1.434925887378627696e+00
5.230000000000000000e+02 1.434947968517265693e+00
5.240000000000000000e+02 1.434970046477819894e+00
5.250000000000000000e+02 1.434992121260290743e+00
5.260000000000000000e+02 1.435014192864678018e+00
5.270000000000000000e+02 1.435036261290981940e+00
5.280000000000000000e+02 1.435058326539202289e+00
5.290000000000000000e+02 1.435080388609339064e+00
5.300000000000000000e+02 1.435102447501392486e+00
5.310000000000000000e+02 1.435124503215362335e+00
5.320000000000000000e+02 1.435146555751248609e+00
5.330000000000000000e+02 1.435168605109051310e+00
5.340000000000000000e+02 1.435190651288770658e+00
5.350000000000000000e+02 1.435212694290406432e+00
5.360000000000000000e+02 1.435234734113958854e+00
5.370000000000000000e+02 1.435256770759427702e+00
5.380000000000000000e+02 1.435278804226812976e+00
5.390000000000000000e+02 1.435300834516114676e+00
5.400000000000000000e+02 1.435322861627333024e+00
5.410000000000000000e+02 1.435344885560467798e+00
5.420000000000000000e+02 1.435366906315518998e+00
5.430000000000000000e+02 1.435388923892486845e+00
5.440000000000000000e+02 1.435410938291371119e+00
5.450000000000000000e+02 1.435432949512171819e+00
5.460000000000000000e+02 1.435454957554889166e+00
5.470000000000000000e+02 1.435476962419522939e+00
5.480000000000000000e+02 1.435498964106073139e+00
5.490000000000000000e+02 1.435520962614539986e+00
5.500000000000000000e+02 1.435542957944923259e+00
5.510000000000000000e+02 1.435564950097222958e+00
5.520000000000000000e+02 1.435586939071439083e+00
5.530000000000000000e+02 1.435608924867571856e+00
5.540000000000000000e+02 1.435630907485621055e+00
5.550000000000000000e+02 1.435652886925586902e+00
5.560000000000000000e+02 1.435674863187469175e+00
5.570000000000000000e+02 1.435696836271267873e+00
5.580000000000000000e+02 1.435718806176982998e+00
5.590000000000000000e+02 1.435740772904614770e+00
5.600000000000000000e+02 1.435762736454162969e+00
5.610000000000000000e+02 1.435784696825627815e+00
5.620000000000000000e+02 1.435806654019008866e+00
5.630000000000000000e+02 1.435828608034306786e+00
5.640000000000000000e+02 1.435850558871520910e+00
5.650000000000000000e+02 1.435872506530651682e+00
5.660000000000000000e+02 1.435894451011698880e+00
5.670000000000000000e+02 1.435916392314662504e+00
5.680000000000000000e+02 1.435938330439542776e+00
5.690000000000000000e+02 1.435960265386339474e+00
5.700000000000000000e+02 1.435982197155052598e+00
5.710000000000000000e+02 1.436004125745682147e+00
5.720000000000000000e+02 1.436026051158228345e+00
5.730000000000000000e+02 1.436047973392691190e+00
5.740000000000000000e+02 1.436069892449070240e+00
5.750000000000000000e+02 1.436091808327365937e+00
5.760000000000000000e+02 1.436113721027578061e+00
5.770000000000000000e+02 1.436135630549706832e+00
5.780000000000000000e+02 1.436157536893752029e+00
5.790000000000000000e+02 1.436179440059713652e+00
5.800000000000000000e+02 1.436201340047591701e+00
5.810000000000000000e+02 1.436223236857386398e+00
5.820000000000000000e+02 1.436245130489097521e+00
5.830000000000000000e+02 1.436267020942725292e+00
5.840000000000000000e+02 1.436288908218269267e+00
5.850000000000000000e+02 1.436310792315729890e+00
5.860000000000000000e+02 1.436332673235107160e+00
5.870000000000000000e+02 1.436354550976400635e+00
5.880000000000000000e+02 1.436376425539610757e+00
5.890000000000000000e+02 1.436398296924737528e+00
5.900000000000000000e+02 1.436420165131780502e+00
5.910000000000000000e+02 1.436442030160740124e+00
5.920000000000000000e+02 1.436463892011616394e+00
5.930000000000000000e+02 1.436485750684408869e+00
5.940000000000000000e+02 1.436507606179117991e+00
5.950000000000000000e+02 1.436529458495743539e+00
5.960000000000000000e+02 1.436551307634285735e+00
5.970000000000000000e+02 1.436573153594744356e+00
5.980000000000000000e+02 1.436594996377119404e+00
5.990000000000000000e+02 1.436616835981411100e+00
6.000000000000000000e+02 1.436638672407619000e+00
6.010000000000000000e+02 1.436660505655743769e+00
6.020000000000000000e+02 1.436682335725784743e+00
6.030000000000000000e+02 1.436704162617742364e+00
6.040000000000000000e+02 1.436725986331616411e+00
6.050000000000000000e+02 1.436747806867406885e+00
6.060000000000000000e+02 1.436769624225114006e+00
6.070000000000000000e+02 1.436791438404737553e+00
6.080000000000000000e+02 1.436813249406277748e+00
6.090000000000000000e+02 1.436835057229734147e+00
6.100000000000000000e+02 1.436856861875107194e+00
6.110000000000000000e+02 1.436878663342396889e+00
6.120000000000000000e+02 1.436900461631602788e+00
6.130000000000000000e+02 1.436922256742725335e+00
6.140000000000000000e+02 1.436944048675764529e+00
6.150000000000000000e+02 1.436965837430719928e+00
6.160000000000000000e+02 1.436987623007591974e+00
6.170000000000000000e+02 1.437009405406380447e+00
6.180000000000000000e+02 1.437031184627085567e+00
6.190000000000000000e+02 1.437052960669707113e+00
6.200000000000000000e+02 1.437074733534245086e+00
6.210000000000000000e+02 1.437096503220699706e+00
6.220000000000000000e+02 1.437118269729070530e+00
6.230000000000000000e+02 1.437140033059358224e+00
6.240000000000000000e+02 1.437161793211562122e+00
6.250000000000000000e+02 1.437183550185682668e+00
6.260000000000000000e+02 1.437205303981719640e+00
6.270000000000000000e+02 1.437227054599673037e+00
6.280000000000000000e+02 1.437248802039543083e+00
6.290000000000000000e+02 1.437270546301329555e+00
6.300000000000000000e+02 1.437292287385032674e+00
6.310000000000000000e+02 1.437314025290651998e+00
6.320000000000000000e+02 1.437335760018187969e+00
6.330000000000000000e+02 1.437357491567640588e+00
6.340000000000000000e+02 1.437379219939009412e+00
6.350000000000000000e+02 1.437400945132294883e+00
6.360000000000000000e+02 1.437422667147497002e+00
6.370000000000000000e+02 1.437444385984615325e+00
6.380000000000000000e+02 1.437466101643650296e+00
6.390000000000000000e+02 1.437487814124601693e+00
6.400000000000000000e+02 1.437509523427469738e+00
6.410000000000000000e+02 1.437531229552254208e+00
6.420000000000000000e+02 1.437552932498955105e+00
6.430000000000000000e+02 1.437574632267572650e+00
6.440000000000000000e+02 1.437596328858106398e+00
6.450000000000000000e+02 1.437618022270557017e+00
6.460000000000000000e+02 1.437639712504923839e+00
6.470000000000000000e+02 1.437661399561207309e+00
6.480000000000000000e+02 1.437683083439407206e+00
6.490000000000000000e+02 1.437704764139523528e+00
6.500000000000000000e+02 1.437726441661556498e+00
6.510000000000000000e+02 1.437748116005505894e+00
6.520000000000000000e+02 1.437769787171371938e+00
6.530000000000000000e+02 1.437791455159154186e+00
6.540000000000000000e+02 1.437813119968853082e+00
6.550000000000000000e+02 1.437834781600468625e+00
6.560000000000000000e+02 1.437856440054000373e+00
6.570000000000000000e+02 1.437878095329448769e+00
6.580000000000000000e+02 1.437899747426813812e+00
6.590000000000000000e+02 1.437921396346095060e+00
6.600000000000000000e+02 1.437943042087292955e+00
6.610000000000000000e+02 1.437964684650407499e+00
6.620000000000000000e+02 1.437986324035438246e+00
6.630000000000000000e+02 1.438007960242385641e+00
6.640000000000000000e+02 1.438029593271249462e+00
6.650000000000000000e+02 1.438051223122029931e+00
6.660000000000000000e+02 1.438072849794726826e+00
6.670000000000000000e+02 1.438094473289340147e+00
6.680000000000000000e+02 1.438116093605869894e+00
6.690000000000000000e+02 1.438137710744316289e+00
6.700000000000000000e+02 1.438159324704679110e+00
6.710000000000000000e+02 1.438180935486958578e+00
6.720000000000000000e+02 1.438202543091154251e+00
6.730000000000000000e+02 1.438224147517266571e+00
6.740000000000000000e+02 1.438245748765295540e+00
6.750000000000000000e+02 1.438267346835240934e+00
6.760000000000000000e+02 1.438288941727102754e+00
6.770000000000000000e+02 1.438310533440881001e+00
6.780000000000000000e+02 1.438332121976575895e+00
6.790000000000000000e+02 1.438353707334187215e+00
6.800000000000000000e+02 1.438375289513714961e+00
6.810000000000000000e+02 1.438396868515159355e+00
6.820000000000000000e+02 1.438418444338519953e+00
6.830000000000000000e+02 1.438440016983797420e+00
6.840000000000000000e+02 1.438461586450991092e+00
6.850000000000000000e+02 1.438483152740101412e+00
6.860000000000000000e+02 1.438504715851128157e+00
6.870000000000000000e+02 1.438526275784071551e+00
6.880000000000000000e+02 1.438547832538931370e+00
6.890000000000000000e+02 1.438569386115707616e+00
6.900000000000000000e+02 1.438590936514400287e+00
6.910000000000000000e+02 1.438612483735009606e+00
6.920000000000000000e+02 1.438634027777535351e+00
6.930000000000000000e+02 1.438655568641977744e+00
6.940000000000000000e+02 1.438677106328336563e+00
6.950000000000000000e+02 1.438698640836611808e+00
6.960000000000000000e+02 1.438720172166803479e+00
6.970000000000000000e+02 1.438741700318911798e+00
6.980000000000000000e+02 1.438763225292936543e+00
6.990000000000000000e+02 1.438784747088877713e+00
7.000000000000000000e+02 1.438806265706735532e+00
7.010000000000000000e+02 1.438827781146509777e+00
7.020000000000000000e+02 1.438849293408200447e+00
7.030000000000000000e+02 1.438870802491807765e+00
7.040000000000000000e+02 1.438892308397331510e+00
7.050000000000000000e+02 1.438913811124771680e+00
7.060000000000000000e+02 1.438935310674128498e+00
7.070000000000000000e+02 1.438956807045401742e+00
7.080000000000000000e+02 1.438978300238591412e+00
7.090000000000000000e+02 1.438999790253697508e+00
7.100000000000000000e+02 1.439021277090720252e+00
7.110000000000000000e+02 1.439042760749659422e+00
7.120000000000000000e+02 1.439064241230515240e+00
7.130000000000000000e+02 1.439085718533287483e+00
7.140000000000000000e+02 1.439107192657976153e+00
7.150000000000000000e+02 1.439128663604581249e+00
7.160000000000000000e+02 1.439150131373102992e+00
7.170000000000000000e+02 1.439171595963541161e+00
7.180000000000000000e+02 1.439193057375895757e+00
7.190000000000000000e+02 1.439214515610167000e+00
7.200000000000000000e+02 1.439235970666354669e+00
7.210000000000000000e+02 1.439257422544458986e+00
7.220000000000000000e+02 1.439278871244479507e+00
7.230000000000000000e+02 1.439300316766416676e+00
7.240000000000000000e+02 1.439321759110270493e+00
7.250000000000000000e+02 1.439343198276040514e+00
7.260000000000000000e+02 1.439364634263727183e+00
7.270000000000000000e+02 1.439386067073330278e+00
7.280000000000000000e+02 1.439407496704850020e+00
7.290000000000000000e+02 1.439428923158286189e+00
7.300000000000000000e+02 1.439450346433638783e+00
7.310000000000000000e+02 1.439471766530908026e+00
7.320000000000000000e+02 1.439493183450093694e+00
7.330000000000000000e+02 1.439514597191195788e+00
7.340000000000000000e+02 1.439536007754214308e+00
7.350000000000000000e+02 1.439557415139149477e+00
7.360000000000000000e+02 1.439578819346001071e+00
7.370000000000000000e+02 1.439600220374769313e+00
7.380000000000000000e+02 1.439621618225453759e+00
7.390000000000000000e+02 1.439643012898055074e+00
7.400000000000000000e+02 1.439664404392572594e+00
7.410000000000000000e+02 1.439685792709006762e+00
7.420000000000000000e+02 1.439707177847357356e+00
7.430000000000000000e+02 1.439728559807624375e+00
7.440000000000000000e+02 1.439749938589808043e+00
7.450000000000000000e+02 1.439771314193908136e+00
7.460000000000000000e+02 1.439792686619924655e+00
7.470000000000000000e+02 1.439814055867857823e+00
7.480000000000000000e+02 1.439835421937707416e+00
7.490000000000000000e+02 1.439856784829473435e+00
7.500000000000000000e+02 1.439878144543156102e+00
7.510000000000000000e+02 1.439899501078754973e+00
7.520000000000000000e+02 1.439920854436270714e+00
7.530000000000000000e+02 1.439942204615702659e+00
7.540000000000000000e+02 1.439963551617051252e+00
7.550000000000000000e+02 1.439984895440316270e+00
7.560000000000000000e+02 1.440006236085497937e+00
7.570000000000000000e+02 1.440027573552596030e+00
7.580000000000000000e+02 1.440048907841610548e+00
7.590000000000000000e+02 1.440070238952541493e+00
7.600000000000000000e+02 1.440091566885389085e+00
7.610000000000000000e+02 1.440112891640153103e+00
7.620000000000000000e+02 1.440134213216833547e+00
7.630000000000000000e+02 1.440155531615430640e+00
7.640000000000000000e+02 1.440176846835944158e+00
7.650000000000000000e+02 1.440198158878374324e+00
7.660000000000000000e+02 1.440219467742720694e+00
7.670000000000000000e+02 1.440240773428983712e+00
7.680000000000000000e+02 1.440262075937163377e+00
7.690000000000000000e+02 1.440283375267259247e+00
7.700000000000000000e+02 1.440304671419271765e+00
7.710000000000000000e+02 1.440325964393200930e+00
7.720000000000000000e+02 1.440347254189046300e+00
7.730000000000000000e+02 1.440368540806808317e+00
7.740000000000000000e+02 1.440389824246486761e+00
7.750000000000000000e+02 1.440411104508081852e+00
7.760000000000000000e+02 1.440432381591593369e+00
7.770000000000000000e+02 1.440453655497021312e+00
7.780000000000000000e+02 1.440474926224365682e+00
7.790000000000000000e+02 1.440496193773626699e+00
7.800000000000000000e+02 1.440517458144804142e+00
7.810000000000000000e+02 1.440538719337898232e+00
7.820000000000000000e+02 1.440559977352908749e+00
7.830000000000000000e+02 1.440581232189835692e+00
7.840000000000000000e+02 1.440602483848679061e+00
7.850000000000000000e+02 1.440623732329439077e+00
7.860000000000000000e+02 1.440644977632115520e+00
7.870000000000000000e+02 1.440666219756708388e+00
7.880000000000000000e+02 1.440687458703217905e+00
7.890000000000000000e+02 1.440708694471643847e+00
7.900000000000000000e+02 1.440729927061986215e+00
7.910000000000000000e+02 1.440751156474245231e+00
7.920000000000000000e+02 1.440772382708420674e+00
7.930000000000000000e+02 1.440793605764512542e+00
7.940000000000000000e+02 1.440814825642521058e+00
7.950000000000000000e+02 1.440836042342446000e+00
7.960000000000000000e+02 1.440857255864287367e+00
7.970000000000000000e+02 1.440878466208045383e+00
7.980000000000000000e+02 1.440899673373719603e+00
7.990000000000000000e+02 1.440920877361310692e+00
8.000000000000000000e+02 1.440942078170817986e+00
8.010000000000000000e+02 1.440963275802241927e+00
8.020000000000000000e+02 1.440984470255582295e+00
8.030000000000000000e+02 1.441005661530839310e+00
8.040000000000000000e+02 1.441026849628012529e+00
8.050000000000000000e+02 1.441048034547102397e+00
8.060000000000000000e+02 1.441069216288108912e+00
8.070000000000000000e+02 1.441090394851031853e+00
8.080000000000000000e+02 1.441111570235871220e+00
8.090000000000000000e+02 1.441132742442627013e+00
8.100000000000000000e+02 1.441153911471299454e+00
8.110000000000000000e+02 1.441175077321888320e+00
8.120000000000000000e+02 1.441196239994393613e+00
8.130000000000000000e+02 1.441217399488815554e+00
8.140000000000000000e+02 1.441238555805153920e+00
8.150000000000000000e+02 1.441259708943408713e+00
8.160000000000000000e+02 1.441280858903580153e+00
8.170000000000000000e+02 1.441302005685668020e+00
8.180000000000000000e+02 1.441323149289672312e+00
8.190000000000000000e+02 1.441344289715593030e+00
8.200000000000000000e+02 1.441365426963430396e+00
8.210000000000000000e+02 1.441386561033184188e+00
8.220000000000000000e+02 1.441407691924854628e+00
8.230000000000000000e+02 1.441428819638441494e+00
8.240000000000000000e+02 1.441449944173944786e+00
8.250000000000000000e+02 1.441471065531364504e+00
8.260000000000000000e+02 1.441492183710700870e+00
8.270000000000000000e+02 1.441513298711953661e+00
8.280000000000000000e+02 1.441534410535123101e+00
8.290000000000000000e+02 1.441555519180208744e+00
8.300000000000000000e+02 1.441576624647211258e+00
8.310000000000000000e+02 1.441597726936129975e+00
8.320000000000000000e+02 1.441618826046965340e+00
8.330000000000000000e+02 1.441639921979717132e+00
8.340000000000000000e+02 1.441661014734385349e+00
8.350000000000000000e+02 1.441682104310970214e+00
8.360000000000000000e+02 1.441703190709471505e+00
8.370000000000000000e+02 1.441724273929889222e+00
8.380000000000000000e+02 1.441745353972223587e+00
8.390000000000000000e+02 1.441766430836474155e+00
8.400000000000000000e+02 1.441787504522641594e+00
8.410000000000000000e+02 1.441808575030725237e+00
8.420000000000000000e+02 1.441829642360725527e+00
8.430000000000000000e+02 1.441850706512642244e+00
8.440000000000000000e+02 1.441871767486475608e+00
8.450000000000000000e+02 1.441892825282225399e+00
8.460000000000000000e+02 1.441913879899891615e+00
8.470000000000000000e+02 1.441934931339474257e+00
8.480000000000000000e+02 1.441955979600973548e+00
8.490000000000000000e+02 1.441977024684389264e+00
8.500000000000000000e+02 1.441998066589721628e+00
8.510000000000000000e+02 1.442019105316970196e+00
8.520000000000000000e+02 1.442040140866135411e+00
8.530000000000000000e+02 1.442061173237217275e+00
8.540000000000000000e+02 1.442082202430215565e+00
8.550000000000000000e+02 1.442103228445130281e+00
8.560000000000000000e+02 1.442124251281961422e+00
8.570000000000000000e+02 1.442145270940709212e+00
8.580000000000000000e+02 1.442166287421373427e+00
8.590000000000000000e+02 1.442187300723954069e+00
8.600000000000000000e+02 1.442208310848451136e+00
8.610000000000000000e+02 1.442229317794864851e+00
8.620000000000000000e+02 1.442250321563195214e+00
8.630000000000000000e+02 1.442271322153441782e+00
8.640000000000000000e+02 1.442292319565604997e+00
8.650000000000000000e+02 1.442313313799684638e+00
8.660000000000000000e+02 1.442334304855680926e+00
8.670000000000000000e+02 1.442355292733593641e+00
8.680000000000000000e+02 1.442376277433422782e+00
8.690000000000000000e+02 1.442397258955168349e+00
8.700000000000000000e+02 1.442418237298830563e+00
8.710000000000000000e+02 1.442439212464409204e+00
8.720000000000000000e+02 1.442460184451904492e+00
8.730000000000000000e+02 1.442481153261315985e+00
8.740000000000000000e+02 1.442502118892644347e+00
8.750000000000000000e+02 1.442523081345888913e+00
8.760000000000000000e+02 1.442544040621050128e+00
8.770000000000000000e+02 1.442564996718127768e+00
8.780000000000000000e+02 1.442585949637121834e+00
8.790000000000000000e+02 1.442606899378032548e+00
8.800000000000000000e+02 1.442627845940859688e+00
8.810000000000000000e+02 1.442648789325603254e+00
8.820000000000000000e+02 1.442669729532263467e+00
8.830000000000000000e+02 1.442690666560839885e+00
8.840000000000000000e+02 1.442711600411333173e+00
8.850000000000000000e+02 1.442732531083742664e+00
8.860000000000000000e+02 1.442753458578068804e+00
8.870000000000000000e+02 1.442774382894311369e+00
8.880000000000000000e+02 1.442795304032470582e+00
8.890000000000000000e+02 1.442816221992546222e+00
8.900000000000000000e+02 1.442837136774538287e+00
8.910000000000000000e+02 1.442858048378446778e+00
8.920000000000000000e+02 1.442878956804271917e+00
8.930000000000000000e+02 1.442899862052013482e+00
8.940000000000000000e+02 1.442920764121671695e+00
8.950000000000000000e+02 1.442941663013246334e+00
8.960000000000000000e+02 1.442962558726737399e+00
8.970000000000000000e+02 1.442983451262144889e+00
8.980000000000000000e+02 1.443004340619469028e+00
8.990000000000000000e+02 1.443025226798709593e+00
9.000000000000000000e+02 1.443046109799866583e+00
9.010000000000000000e+02 1.443066989622940222e+00
9.020000000000000000e+02 1.443087866267930286e+00
9.030000000000000000e+02 1.443108739734836776e+00
9.040000000000000000e+02 1.443129610023659914e+00
9.050000000000000000e+02 1.443150477134399479e+00
9.060000000000000000e+02 1.443171341067055469e+00
9.070000000000000000e+02 1.443192201821627885e+00
9.080000000000000000e+02 1.443213059398116949e+00
9.090000000000000000e+02 1.443233913796522661e+00
9.100000000000000000e+02 1.443254765016844576e+00
9.110000000000000000e+02 1.443275613059083140e+00
9.120000000000000000e+02 1.443296457923238130e+00
9.130000000000000000e+02 1.443317299609309767e+00
9.140000000000000000e+02 1.443338138117297609e+00
9.150000000000000000e+02 1.443358973447202320e+00
9.160000000000000000e+02 1.443379805599023236e+00
9.170000000000000000e+02 1.443400634572760799e+00
9.180000000000000000e+02 1.443421460368414788e+00
9.190000000000000000e+02 1.443442282985985203e+00
9.200000000000000000e+02 1.443463102425472266e+00
9.210000000000000000e+02 1.443483918686875755e+00
9.220000000000000000e+02 1.443504731770195670e+00
9.230000000000000000e+02 1.443525541675432233e+00
9.240000000000000000e+02 1.443546348402585222e+00
9.250000000000000000e+02 1.443567151951654637e+00
9.260000000000000000e+02 1.443587952322640700e+00
9.270000000000000000e+02 1.443608749515543188e+00
9.280000000000000000e+02 1.443629543530362103e+00
9.290000000000000000e+02 1.443650334367097665e+00
9.300000000000000000e+02 1.443671122025749654e+00
9.310000000000000000e+02 1.443691906506318068e+00
9.320000000000000000e+02 1.443712687808802908e+00
9.330000000000000000e+02 1.443733465933204396e+00
9.340000000000000000e+02 1.443754240879522310e+00
9.350000000000000000e+02 1.443775012647756872e+00
9.360000000000000000e+02 1.443795781237907860e+00
9.370000000000000000e+02 1.443816546649975274e+00
9.380000000000000000e+02 1.443837308883959114e+00
9.390000000000000000e+02 1.443858067939859602e+00
9.400000000000000000e+02 1.443878823817676516e+00
9.410000000000000000e+02 1.443899576517410077e+00
9.420000000000000000e+02 1.443920326039059843e+00
9.430000000000000000e+02 1.443941072382626256e+00
9.440000000000000000e+02 1.443961815548109318e+00
9.450000000000000000e+02 1.443982555535508583e+00
9.460000000000000000e+02 1.444003292344824496e+00
9.470000000000000000e+02 1.444024025976057057e+00
9.480000000000000000e+02 1.444044756429205822e+00
9.490000000000000000e+02 1.444065483704271236e+00
9.500000000000000000e+02 1.444086207801253297e+00
9.510000000000000000e+02 1.444106928720151561e+00
9.520000000000000000e+02 1.444127646460966474e+00
9.530000000000000000e+02 1.444148361023697813e+00
9.540000000000000000e+02 1.444169072408345800e+00
9.550000000000000000e+02 1.444189780614910212e+00
9.560000000000000000e+02 1.444210485643391051e+00
9.570000000000000000e+02 1.444231187493788315e+00
9.580000000000000000e+02 1.444251886166102228e+00
9.590000000000000000e+02 1.444272581660332566e+00
9.600000000000000000e+02 1.444293273976479552e+00
9.610000000000000000e+02 1.444313963114542965e+00
9.620000000000000000e+02 1.444334649074522803e+00
9.630000000000000000e+02 1.444355331856419067e+00
9.640000000000000000e+02 1.444376011460231979e+00
9.650000000000000000e+02 1.444396687885961317e+00
9.660000000000000000e+02 1.444417361133607081e+00
9.670000000000000000e+02 1.444438031203169492e+00
9.680000000000000000e+02 1.444458698094648330e+00
9.690000000000000000e+02 1.444479361808043594e+00
9.700000000000000000e+02 1.444500022343355505e+00
9.710000000000000000e+02 1.444520679700583843e+00
9.720000000000000000e+02 1.444541333879728606e+00
9.730000000000000000e+02 1.444561984880790018e+00
9.740000000000000000e+02 1.444582632703767633e+00
9.750000000000000000e+02 1.444603277348662118e+00
9.760000000000000000e+02 1.444623918815472807e+00
9.770000000000000000e+02 1.444644557104200144e+00
9.780000000000000000e+02 1.444665192214843907e+00
9.790000000000000000e+02 1.444685824147404318e+00
9.800000000000000000e+02 1.444706452901881155e+00
9.810000000000000000e+02 1.444727078478274418e+00
9.820000000000000000e+02 1.444747700876584107e+00
9.830000000000000000e+02 1.444768320096810443e+00
9.840000000000000000e+02 1.444788936138953206e+00
9.850000000000000000e+02 1.444809549003012616e+00
9.860000000000000000e+02 1.444830158688988231e+00
9.870000000000000000e+02 1.444850765196880493e+00
9.880000000000000000e+02 1.444871368526689404e+00
9.890000000000000000e+02 1.444891968678414518e+00
9.900000000000000000e+02 1.444912565652056280e+00
9.910000000000000000e+02 1.444933159447614690e+00
9.920000000000000000e+02 1.444953750065089304e+00
9.930000000000000000e+02 1.444974337504480566e+00
9.940000000000000000e+02 1.444994921765788476e+00
9.950000000000000000e+02 1.445015502849012590e+00
9.960000000000000000e+02 1.445036080754153351e+00
9.970000000000000000e+02 1.445056655481210539e+00
9.980000000000000000e+02 1.445077227030184375e+00
9.990000000000000000e+02 1.445097795401074636e+00
1.000000000000000000e+03 1.445118360593881324e+00
1.001000000000000000e+03 1.445138922608604437e+00
1.002000000000000000e+03 1.445159481445244198e+00
1.003000000000000000e+03 1.445180037103800386e+00
1.004000000000000000e+03 1.445200589584273221e+00
1.005000000000000000e+03 1.445221138886662482e+00
1.006000000000000000e+03 1.445241685010968169e+00
1.007000000000000000e+03 1.445262227957190282e+00
1.008000000000000000e+03 1.445282767725329043e+00
1.009000000000000000e+03 1.445303304315384230e+00
1.010000000000000000e+03 1.445323837727355842e+00
1.011000000000000000e+03 1.445344367961244103e+00
1.012000000000000000e+03 1.445364895017048790e+00
1.013000000000000000e+03 1.445385418894769902e+00
1.014000000000000000e+03 1.445405939594407663e+00
1.015000000000000000e+03 1.445426457115961849e+00
1.016000000000000000e+03 1.445446971459432461e+00
1.017000000000000000e+03 1.445467482624819722e+00
1.018000000000000000e+03 1.445487990612123408e+00
1.019000000000000000e+03 1.445508495421343520e+00
1.020000000000000000e+03 1.445528997052480280e+00
1.021000000000000000e+03 1.445549495505533244e+00
