# order=14: data_wav [pixel], data_wavsolution [micron]
5.200000000000000000e+01 1.798106457064221342e+00
5.300000000000000000e+01 1.798135825562224843e+00
5.400000000000000000e+01 1.798165190258060209e+00
5.500000000000000000e+01 1.798194551151727660e+00
5.600000000000000000e+01 1.798223908243226976e+00
5.700000000000000000e+01 1.798253261532558378e+00
5.800000000000000000e+01 1.798282611019721866e+00
5.900000000000000000e+01 1.798311956704717440e+00
6.000000000000000000e+01 1.798341298587545101e+00
6.100000000000000000e+01 1.798370636668204625e+00
6.200000000000000000e+01 1.798399970946696236e+00
6.300000000000000000e+01 1.798429301423019711e+00
6.400000000000000000e+01 1.798458628097175493e+00
6.500000000000000000e+01 1.798487950969163141e+00
6.600000000000000000e+01 1.798517270038982874e+00
6.700000000000000000e+01 1.798546585306634471e+00
6.800000000000000000e+01 1.798575896772118154e+00
6.900000000000000000e+01 1.798605204435433924e+00
7.000000000000000000e+01 1.798634508296581780e+00
7.100000000000000000e+01 1.798663808355561722e+00
7.200000000000000000e+01 1.798693104612373528e+00
7.300000000000000000e+01 1.798722397067017420e+00
7.400000000000000000e+01 1.798751685719493176e+00
7.500000000000000000e+01 1.798780970569801241e+00
7.600000000000000000e+01 1.798810251617941169e+00
7.700000000000000000e+01 1.798839528863913184e+00
7.800000000000000000e+01 1.798868802307717063e+00
7.900000000000000000e+01 1.798898071949353250e+00
8.000000000000000000e+01 1.798927337788821301e+00
8.100000000000000000e+01 1.798956599826121217e+00
8.200000000000000000e+01 1.798985858061253440e+00
8.300000000000000000e+01 1.799015112494217528e+00
8.400000000000000000e+01 1.799044363125013701e+00
8.500000000000000000e+01 1.799073609953641961e+00
8.600000000000000000e+01 1.799102852980102085e+00
8.700000000000000000e+01 1.799132092204394295e+00
8.800000000000000000e+01 1.799161327626518592e+00
8.900000000000000000e+01 1.799190559246474752e+00
9.000000000000000000e+01 1.799219787064263221e+00
9.100000000000000000e+01 1.799249011079883553e+00
9.200000000000000000e+01 1.799278231293335972e+00
9.300000000000000000e+01 1.799307447704620255e+00
9.400000000000000000e+01 1.799336660313736624e+00
9.500000000000000000e+01 1.799365869120685080e+00
9.600000000000000000e+01 1.799395074125465621e+00
9.700000000000000000e+01 1.799424275328078027e+00
9.800000000000000000e+01 1.799453472728522518e+00
9.900000000000000000e+01 1.799482666326799096e+00
1.000000000000000000e+02 1.799511856122907760e+00
1.010000000000000000e+02 1.799541042116848288e+00
1.020000000000000000e+02 1.799570224308620903e+00
1.030000000000000000e+02 1.799599402698225603e+00
1.040000000000000000e+02 1.799628577285662168e+00
1.050000000000000000e+02 1.799657748070930818e+00
1.060000000000000000e+02 1.799686915054031555e+00
1.070000000000000000e+02 1.799716078234964378e+00
1.080000000000000000e+02 1.799745237613729065e+00
1.090000000000000000e+02 1.799774393190326061e+00
1.100000000000000000e+02 1.799803544964754698e+00
1.110000000000000000e+02 1.799832692937015644e+00
1.120000000000000000e+02 1.799861837107108453e+00
1.130000000000000000e+02 1.799890977475033349e+00
1.140000000000000000e+02 1.799920114040790331e+00
1.150000000000000000e+02 1.799949246804379399e+00
1.160000000000000000e+02 1.799978375765800331e+00
1.170000000000000000e+02 1.800007500925053350e+00
1.180000000000000000e+02 1.800036622282138232e+00
1.190000000000000000e+02 1.800065739837055423e+00
1.200000000000000000e+02 1.800094853589804478e+00
1.210000000000000000e+02 1.800123963540385619e+00
1.220000000000000000e+02 1.800153069688798624e+00
1.230000000000000000e+02 1.800182172035043937e+00
1.240000000000000000e+02 1.800211270579121114e+00
1.250000000000000000e+02 1.800240365321030156e+00
1.260000000000000000e+02 1.800269456260771506e+00
1.270000000000000000e+02 1.800298543398344719e+00
1.280000000000000000e+02 1.800327626733750019e+00
1.290000000000000000e+02 1.800356706266987405e+00
1.300000000000000000e+02 1.800385781998056656e+00
1.310000000000000000e+02 1.800414853926957992e+00
1.320000000000000000e+02 1.800443922053691415e+00
1.330000000000000000e+02 1.800472986378256923e+00
1.340000000000000000e+02 1.800502046900654296e+00
1.350000000000000000e+02 1.800531103620883755e+00
1.360000000000000000e+02 1.800560156538945300e+00
1.370000000000000000e+02 1.800589205654838709e+00
1.380000000000000000e+02 1.800618250968564427e+00
1.390000000000000000e+02 1.800647292480121786e+00
1.400000000000000000e+02 1.800676330189511454e+00
1.410000000000000000e+02 1.800705364096733208e+00
1.420000000000000000e+02 1.800734394201786825e+00
1.430000000000000000e+02 1.800763420504672530e+00
1.440000000000000000e+02 1.800792443005390098e+00
1.450000000000000000e+02 1.800821461703939752e+00
1.460000000000000000e+02 1.800850476600321493e+00
1.470000000000000000e+02 1.800879487694535319e+00
1.480000000000000000e+02 1.800908494986581232e+00
1.490000000000000000e+02 1.800937498476459009e+00
1.500000000000000000e+02 1.800966498164168872e+00
1.510000000000000000e+02 1.800995494049710821e+00
1.520000000000000000e+02 1.801024486133084634e+00
1.530000000000000000e+02 1.801053474414290534e+00
1.540000000000000000e+02 1.801082458893328520e+00
1.550000000000000000e+02 1.801111439570198591e+00
1.560000000000000000e+02 1.801140416444900527e+00
1.570000000000000000e+02 1.801169389517434549e+00
1.580000000000000000e+02 1.801198358787800657e+00
1.590000000000000000e+02 1.801227324255998630e+00
1.600000000000000000e+02 1.801256285922028910e+00
1.610000000000000000e+02 1.801285243785890833e+00
1.620000000000000000e+02 1.801314197847585064e+00
1.630000000000000000e+02 1.801343148107111380e+00
1.640000000000000000e+02 1.801372094564469561e+00
1.650000000000000000e+02 1.801401037219659829e+00
1.660000000000000000e+02 1.801429976072681960e+00
1.670000000000000000e+02 1.801458911123536399e+00
1.680000000000000000e+02 1.801487842372222703e+00
1.690000000000000000e+02 1.801516769818740871e+00
1.700000000000000000e+02 1.801545693463091347e+00
1.710000000000000000e+02 1.801574613305273687e+00
1.720000000000000000e+02 1.801603529345288113e+00
1.730000000000000000e+02 1.801632441583134625e+00
1.740000000000000000e+02 1.801661350018813001e+00
1.750000000000000000e+02 1.801690254652323464e+00
1.760000000000000000e+02 1.801719155483666013e+00
1.770000000000000000e+02 1.801748052512840648e+00
1.780000000000000000e+02 1.801776945739847147e+00
1.790000000000000000e+02 1.801805835164685732e+00
1.800000000000000000e+02 1.801834720787356403e+00
1.810000000000000000e+02 1.801863602607858938e+00
1.820000000000000000e+02 1.801892480626193782e+00
1.830000000000000000e+02 1.801921354842360490e+00
1.840000000000000000e+02 1.801950225256359062e+00
1.850000000000000000e+02 1.801979091868189942e+00
1.860000000000000000e+02 1.802007954677852686e+00
1.870000000000000000e+02 1.802036813685347516e+00
1.880000000000000000e+02 1.802065668890674210e+00
1.890000000000000000e+02 1.802094520293833213e+00
1.900000000000000000e+02 1.802123367894824080e+00
1.910000000000000000e+02 1.802152211693647033e+00
1.920000000000000000e+02 1.802181051690301850e+00
1.930000000000000000e+02 1.802209887884788753e+00
1.940000000000000000e+02 1.802238720277107742e+00
1.950000000000000000e+02 1.802267548867258817e+00
1.960000000000000000e+02 1.802296373655241757e+00
1.970000000000000000e+02 1.802325194641057005e+00
1.980000000000000000e+02 1.802354011824704116e+00
1.990000000000000000e+02 1.802382825206183092e+00
2.000000000000000000e+02 1.802411634785494154e+00
2.010000000000000000e+02 1.802440440562637525e+00
2.020000000000000000e+02 1.802469242537612537e+00
2.030000000000000000e+02 1.802498040710419858e+00
2.040000000000000000e+02 1.802526835081059042e+00
2.050000000000000000e+02 1.802555625649530313e+00
2.060000000000000000e+02 1.802584412415833670e+00
2.070000000000000000e+02 1.802613195379968891e+00
2.080000000000000000e+02 1.802641974541936198e+00
2.090000000000000000e+02 1.802670749901735592e+00
2.100000000000000000e+02 1.802699521459367071e+00
2.110000000000000000e+02 1.802728289214830415e+00
2.120000000000000000e+02 1.802757053168125845e+00
2.130000000000000000e+02 1.802785813319253361e+00
2.140000000000000000e+02 1.802814569668212963e+00
2.150000000000000000e+02 1.802843322215004429e+00
2.160000000000000000e+02 1.802872070959627981e+00
2.170000000000000000e+02 1.802900815902083620e+00
2.180000000000000000e+02 1.802929557042371123e+00
2.190000000000000000e+02 1.802958294380490711e+00
2.200000000000000000e+02 1.802987027916442386e+00
2.210000000000000000e+02 1.803015757650226147e+00
2.220000000000000000e+02 1.803044483581841773e+00
2.230000000000000000e+02 1.803073205711289484e+00
2.240000000000000000e+02 1.803101924038569281e+00
2.250000000000000000e+02 1.803130638563680943e+00
2.260000000000000000e+02 1.803159349286624913e+00
2.270000000000000000e+02 1.803188056207400747e+00
2.280000000000000000e+02 1.803216759326008445e+00
2.290000000000000000e+02 1.803245458642448451e+00
2.300000000000000000e+02 1.803274154156720321e+00
2.310000000000000000e+02 1.803302845868824278e+00
2.320000000000000000e+02 1.803331533778760321e+00
2.330000000000000000e+02 1.803360217886528227e+00
2.340000000000000000e+02 1.803388898192128220e+00
2.350000000000000000e+02 1.803417574695560299e+00
2.360000000000000000e+02 1.803446247396824242e+00
2.370000000000000000e+02 1.803474916295920494e+00
2.380000000000000000e+02 1.803503581392848609e+00
2.390000000000000000e+02 1.803532242687608589e+00
2.400000000000000000e+02 1.803560900180200877e+00
2.410000000000000000e+02 1.803589553870625029e+00
2.420000000000000000e+02 1.803618203758881267e+00
2.430000000000000000e+02 1.803646849844969591e+00
2.440000000000000000e+02 1.803675492128889779e+00
2.450000000000000000e+02 1.803704130610642054e+00
2.460000000000000000e+02 1.803732765290226414e+00
2.470000000000000000e+02 1.803761396167642639e+00
2.480000000000000000e+02 1.803790023242891172e+00
2.490000000000000000e+02 1.803818646515971569e+00
2.500000000000000000e+02 1.803847265986883830e+00
2.510000000000000000e+02 1.803875881655628399e+00
2.520000000000000000e+02 1.803904493522204833e+00
2.530000000000000000e+02 1.803933101586613352e+00
2.540000000000000000e+02 1.803961705848853736e+00
2.550000000000000000e+02 1.803990306308926428e+00
2.560000000000000000e+02 1.804018902966830984e+00
2.570000000000000000e+02 1.804047495822567626e+00
2.580000000000000000e+02 1.804076084876136132e+00
2.590000000000000000e+02 1.804104670127536947e+00
2.600000000000000000e+02 1.804133251576769625e+00
2.610000000000000000e+02 1.804161829223834168e+00
2.620000000000000000e+02 1.804190403068731019e+00
2.630000000000000000e+02 1.804218973111459734e+00
2.640000000000000000e+02 1.804247539352020535e+00
2.650000000000000000e+02 1.804276101790413422e+00
2.660000000000000000e+02 1.804304660426638174e+00
2.670000000000000000e+02 1.804333215260695011e+00
2.680000000000000000e+02 1.804361766292583935e+00
2.690000000000000000e+02 1.804390313522304723e+00
2.700000000000000000e+02 1.804418856949857819e+00
2.710000000000000000e+02 1.804447396575242779e+00
2.720000000000000000e+02 1.804475932398459603e+00
2.730000000000000000e+02 1.804504464419508736e+00
2.740000000000000000e+02 1.804532992638389732e+00
2.750000000000000000e+02 1.804561517055102815e+00
2.760000000000000000e+02 1.804590037669647984e+00
2.770000000000000000e+02 1.804618554482025017e+00
2.780000000000000000e+02 1.804647067492234136e+00
2.790000000000000000e+02 1.804675576700275341e+00
2.800000000000000000e+02 1.804704082106148411e+00
2.810000000000000000e+02 1.804732583709853788e+00
2.820000000000000000e+02 1.804761081511391030e+00
2.830000000000000000e+02 1.804789575510760136e+00
2.840000000000000000e+02 1.804818065707961550e+00
2.850000000000000000e+02 1.804846552102994828e+00
2.860000000000000000e+02 1.804875034695860192e+00
2.870000000000000000e+02 1.804903513486557642e+00
2.880000000000000000e+02 1.804931988475086957e+00
2.890000000000000000e+02 1.804960459661448358e+00
2.900000000000000000e+02 1.804988927045641844e+00
2.910000000000000000e+02 1.805017390627667417e+00
2.920000000000000000e+02 1.805045850407524854e+00
2.930000000000000000e+02 1.805074306385214378e+00
2.940000000000000000e+02 1.805102758560735987e+00
2.950000000000000000e+02 1.805131206934089461e+00
2.960000000000000000e+02 1.805159651505275020e+00
2.970000000000000000e+02 1.805188092274292666e+00
2.980000000000000000e+02 1.805216529241142398e+00
2.990000000000000000e+02 1.805244962405823994e+00
3.000000000000000000e+02 1.805273391768337676e+00
3.010000000000000000e+02 1.805301817328683445e+00
3.020000000000000000e+02 1.805330239086861299e+00
3.030000000000000000e+02 1.805358657042871018e+00
3.040000000000000000e+02 1.805387071196712823e+00
3.050000000000000000e+02 1.805415481548386714e+00
3.060000000000000000e+02 1.805443888097892469e+00
3.070000000000000000e+02 1.805472290845230532e+00
3.080000000000000000e+02 1.805500689790400237e+00
3.090000000000000000e+02 1.805529084933402251e+00
3.100000000000000000e+02 1.805557476274236350e+00
3.110000000000000000e+02 1.805585863812902314e+00
3.120000000000000000e+02 1.805614247549400142e+00
3.130000000000000000e+02 1.805642627483730278e+00
3.140000000000000000e+02 1.805671003615892278e+00
3.150000000000000000e+02 1.805699375945886365e+00
3.160000000000000000e+02 1.805727744473712537e+00
3.170000000000000000e+02 1.805756109199370796e+00
3.180000000000000000e+02 1.805784470122860919e+00
3.190000000000000000e+02 1.805812827244183127e+00
3.200000000000000000e+02 1.805841180563337200e+00
3.210000000000000000e+02 1.805869530080323582e+00
3.220000000000000000e+02 1.805897875795141827e+00
3.230000000000000000e+02 1.805926217707792159e+00
3.240000000000000000e+02 1.805954555818274354e+00
3.250000000000000000e+02 1.805982890126588858e+00
3.260000000000000000e+02 1.806011220632735226e+00
3.270000000000000000e+02 1.806039547336713458e+00
3.280000000000000000e+02 1.806067870238523998e+00
3.290000000000000000e+02 1.806096189338166402e+00
3.300000000000000000e+02 1.806124504635640893e+00
3.310000000000000000e+02 1.806152816130947469e+00
3.320000000000000000e+02 1.806181123824085910e+00
3.330000000000000000e+02 1.806209427715056437e+00
3.340000000000000000e+02 1.806237727803859050e+00
3.350000000000000000e+02 1.806266024090493749e+00
3.360000000000000000e+02 1.806294316574960312e+00
3.370000000000000000e+02 1.806322605257258962e+00
3.380000000000000000e+02 1.806350890137389698e+00
3.390000000000000000e+02 1.806379171215352297e+00
3.400000000000000000e+02 1.806407448491147205e+00
3.410000000000000000e+02 1.806435721964773755e+00
3.420000000000000000e+02 1.806463991636232613e+00
3.430000000000000000e+02 1.806492257505523558e+00
3.440000000000000000e+02 1.806520519572646366e+00
3.450000000000000000e+02 1.806548777837601261e+00
3.460000000000000000e+02 1.806577032300388019e+00
3.470000000000000000e+02 1.806605282961006864e+00
3.480000000000000000e+02 1.806633529819457795e+00
3.490000000000000000e+02 1.806661772875740812e+00
3.500000000000000000e+02 1.806690012129855916e+00
3.510000000000000000e+02 1.806718247581802883e+00
3.520000000000000000e+02 1.806746479231581937e+00
3.530000000000000000e+02 1.806774707079193076e+00
3.540000000000000000e+02 1.806802931124636080e+00
3.550000000000000000e+02 1.806831151367911170e+00
3.560000000000000000e+02 1.806859367809018346e+00
3.570000000000000000e+02 1.806887580447957609e+00
3.580000000000000000e+02 1.806915789284728735e+00
3.590000000000000000e+02 1.806943994319331948e+00
3.600000000000000000e+02 1.806972195551767246e+00
3.610000000000000000e+02 1.807000392982034409e+00
3.620000000000000000e+02 1.807028586610133658e+00
3.630000000000000000e+02 1.807056776436064993e+00
3.640000000000000000e+02 1.807084962459828414e+00
3.650000000000000000e+02 1.807113144681423922e+00
3.660000000000000000e+02 1.807141323100851293e+00
3.670000000000000000e+02 1.807169497718110751e+00
3.680000000000000000e+02 1.807197668533202073e+00
3.690000000000000000e+02 1.807225835546125481e+00
3.700000000000000000e+02 1.807253998756881197e+00
3.710000000000000000e+02 1.807282158165468555e+00
3.720000000000000000e+02 1.807310313771888222e+00
3.730000000000000000e+02 1.807338465576139752e+00
3.740000000000000000e+02 1.807366613578223369e+00
3.750000000000000000e+02 1.807394757778139072e+00
3.760000000000000000e+02 1.807422898175886639e+00
3.770000000000000000e+02 1.807451034771466292e+00
3.780000000000000000e+02 1.807479167564878031e+00
3.790000000000000000e+02 1.807507296556121856e+00
3.800000000000000000e+02 1.807535421745197546e+00
3.810000000000000000e+02 1.807563543132105321e+00
3.820000000000000000e+02 1.807591660716845183e+00
3.830000000000000000e+02 1.807619774499416909e+00
3.840000000000000000e+02 1.807647884479820943e+00
3.850000000000000000e+02 1.807675990658056842e+00
3.860000000000000000e+02 1.807704093034124604e+00
3.870000000000000000e+02 1.807732191608024674e+00
3.880000000000000000e+02 1.807760286379756609e+00
3.890000000000000000e+02 1.807788377349320630e+00
3.900000000000000000e+02 1.807816464516716515e+00
3.910000000000000000e+02 1.807844547881944708e+00
3.920000000000000000e+02 1.807872627445004765e+00
3.930000000000000000e+02 1.807900703205896908e+00
3.940000000000000000e+02 1.807928775164620916e+00
3.950000000000000000e+02 1.807956843321177010e+00
3.960000000000000000e+02 1.807984907675565189e+00
3.970000000000000000e+02 1.808012968227785455e+00
3.980000000000000000e+02 1.808041024977837585e+00
3.990000000000000000e+02 1.808069077925722024e+00
4.000000000000000000e+02 1.808097127071438104e+00
4.010000000000000000e+02 1.808125172414986492e+00
4.020000000000000000e+02 1.808153213956366745e+00
4.030000000000000000e+02 1.808181251695579084e+00
4.040000000000000000e+02 1.808209285632623509e+00
4.050000000000000000e+02 1.808237315767500020e+00
4.060000000000000000e+02 1.808265342100208395e+00
4.070000000000000000e+02 1.808293364630748856e+00
4.080000000000000000e+02 1.808321383359121404e+00
4.090000000000000000e+02 1.808349398285325815e+00
4.100000000000000000e+02 1.808377409409362313e+00
4.110000000000000000e+02 1.808405416731230897e+00
4.120000000000000000e+02 1.808433420250931567e+00
4.130000000000000000e+02 1.808461419968464101e+00
4.140000000000000000e+02 1.808489415883828721e+00
4.150000000000000000e+02 1.808517407997025428e+00
4.160000000000000000e+02 1.808545396308053999e+00
4.170000000000000000e+02 1.808573380816914877e+00
4.180000000000000000e+02 1.808601361523607620e+00
4.190000000000000000e+02 1.808629338428132227e+00
4.200000000000000000e+02 1.808657311530489142e+00
4.210000000000000000e+02 1.808685280830677922e+00
4.220000000000000000e+02 1.808713246328698787e+00
4.230000000000000000e+02 1.808741208024551739e+00
4.240000000000000000e+02 1.808769165918236554e+00
4.250000000000000000e+02 1.808797120009753456e+00
4.260000000000000000e+02 1.808825070299102444e+00
4.270000000000000000e+02 1.808853016786283296e+00
4.280000000000000000e+02 1.808880959471296457e+00
4.290000000000000000e+02 1.808908898354141481e+00
4.300000000000000000e+02 1.808936833434818370e+00
4.310000000000000000e+02 1.808964764713327567e+00
4.320000000000000000e+02 1.808992692189668627e+00
4.330000000000000000e+02 1.809020615863841774e+00
4.340000000000000000e+02 1.809048535735846785e+00
4.350000000000000000e+02 1.809076451805684105e+00
4.360000000000000000e+02 1.809104364073353288e+00
4.370000000000000000e+02 1.809132272538854558e+00
4.380000000000000000e+02 1.809160177202187691e+00
4.390000000000000000e+02 1.809188078063352911e+00
4.400000000000000000e+02 1.809215975122350217e+00
4.410000000000000000e+02 1.809243868379179609e+00
4.420000000000000000e+02 1.809271757833841088e+00
4.430000000000000000e+02 1.809299643486334430e+00
4.440000000000000000e+02 1.809327525336659859e+00
4.450000000000000000e+02 1.809355403384817151e+00
4.460000000000000000e+02 1.809383277630806752e+00
4.470000000000000000e+02 1.809411148074628217e+00
4.480000000000000000e+02 1.809439014716281768e+00
4.490000000000000000e+02 1.809466877555767184e+00
4.500000000000000000e+02 1.809494736593084685e+00
4.510000000000000000e+02 1.809522591828234273e+00
4.520000000000000000e+02 1.809550443261215946e+00
4.530000000000000000e+02 1.809578290892029706e+00
4.540000000000000000e+02 1.809606134720675330e+00
4.550000000000000000e+02 1.809633974747153040e+00
4.560000000000000000e+02 1.809661810971462614e+00
4.570000000000000000e+02 1.809689643393604497e+00
4.580000000000000000e+02 1.809717472013578243e+00
4.590000000000000000e+02 1.809745296831383854e+00
4.600000000000000000e+02 1.809773117847021773e+00
4.610000000000000000e+02 1.809800935060491556e+00
4.620000000000000000e+02 1.809828748471793425e+00
4.630000000000000000e+02 1.809856558080927380e+00
4.640000000000000000e+02 1.809884363887893199e+00
4.650000000000000000e+02 1.809912165892691327e+00
4.660000000000000000e+02 1.809939964095321319e+00
4.670000000000000000e+02 1.809967758495783174e+00
4.680000000000000000e+02 1.809995549094077338e+00
4.690000000000000000e+02 1.810023335890203366e+00
4.700000000000000000e+02 1.810051118884161259e+00
4.710000000000000000e+02 1.810078898075951459e+00
4.720000000000000000e+02 1.810106673465573524e+00
4.730000000000000000e+02 1.810134445053027674e+00
4.740000000000000000e+02 1.810162212838313911e+00
4.750000000000000000e+02 1.810189976821432234e+00
4.760000000000000000e+02 1.810217737002382421e+00
4.770000000000000000e+02 1.810245493381164694e+00
4.780000000000000000e+02 1.810273245957778832e+00
4.790000000000000000e+02 1.810300994732225277e+00
4.800000000000000000e+02 1.810328739704503587e+00
4.810000000000000000e+02 1.810356480874613982e+00
4.820000000000000000e+02 1.810384218242556242e+00
4.830000000000000000e+02 1.810411951808330588e+00
4.840000000000000000e+02 1.810439681571937021e+00
4.850000000000000000e+02 1.810467407533375539e+00
4.860000000000000000e+02 1.810495129692646143e+00
4.870000000000000000e+02 1.810522848049748612e+00
4.880000000000000000e+02 1.810550562604683167e+00
4.890000000000000000e+02 1.810578273357449586e+00
4.900000000000000000e+02 1.810605980308048313e+00
4.910000000000000000e+02 1.810633683456478904e+00
4.920000000000000000e+02 1.810661382802741581e+00
4.930000000000000000e+02 1.810689078346836123e+00
4.940000000000000000e+02 1.810716770088762972e+00
4.950000000000000000e+02 1.810744458028521686e+00
4.960000000000000000e+02 1.810772142166112264e+00
4.970000000000000000e+02 1.810799822501535150e+00
4.980000000000000000e+02 1.810827499034789900e+00
4.990000000000000000e+02 1.810855171765876737e+00
5.000000000000000000e+02 1.810882840694795659e+00
5.010000000000000000e+02 1.810910505821546446e+00
5.020000000000000000e+02 1.810938167146129318e+00
5.030000000000000000e+02 1.810965824668544277e+00
5.040000000000000000e+02 1.810993478388791100e+00
5.050000000000000000e+02 1.811021128306870231e+00
5.060000000000000000e+02 1.811048774422781227e+00
5.070000000000000000e+02 1.811076416736524086e+00
5.080000000000000000e+02 1.811104055248099254e+00
5.090000000000000000e+02 1.811131689957506286e+00
5.100000000000000000e+02 1.811159320864745403e+00
5.110000000000000000e+02 1.811186947969816607e+00
5.120000000000000000e+02 1.811214571272719676e+00
5.130000000000000000e+02 1.811242190773454830e+00
5.140000000000000000e+02 1.811269806472022070e+00
5.150000000000000000e+02 1.811297418368421397e+00
5.160000000000000000e+02 1.811325026462652588e+00
5.170000000000000000e+02 1.811352630754715864e+00
5.180000000000000000e+02 1.811380231244611227e+00
5.190000000000000000e+02 1.811407827932338455e+00
5.200000000000000000e+02 1.811435420817897768e+00
5.210000000000000000e+02 1.811463009901289167e+00
5.220000000000000000e+02 1.811490595182512653e+00
5.230000000000000000e+02 1.811518176661568003e+00
5.240000000000000000e+02 1.811545754338455660e+00
5.250000000000000000e+02 1.811573328213174960e+00
5.260000000000000000e+02 1.811600898285726569e+00
5.270000000000000000e+02 1.811628464556110041e+00
5.280000000000000000e+02 1.811656027024325599e+00
5.290000000000000000e+02 1.811683585690373244e+00
5.300000000000000000e+02 1.811711140554252975e+00
5.310000000000000000e+02 1.811738691615964569e+00
5.320000000000000000e+02 1.811766238875508250e+00
5.330000000000000000e+02 1.811793782332883795e+00
5.340000000000000000e+02 1.811821321988091649e+00
5.350000000000000000e+02 1.811848857841131366e+00
5.360000000000000000e+02 1.811876389892003170e+00
5.370000000000000000e+02 1.811903918140706837e+00
5.380000000000000000e+02 1.811931442587242813e+00
5.390000000000000000e+02 1.811958963231610653e+00
5.400000000000000000e+02 1.811986480073810357e+00
5.410000000000000000e+02 1.812013993113842369e+00
5.420000000000000000e+02 1.812041502351706246e+00
5.430000000000000000e+02 1.812069007787402208e+00
5.440000000000000000e+02 1.812096509420930257e+00
5.450000000000000000e+02 1.812124007252290170e+00
5.460000000000000000e+02 1.812151501281482169e+00
5.470000000000000000e+02 1.812178991508506254e+00
5.480000000000000000e+02 1.812206477933362425e+00
5.490000000000000000e+02 1.812233960556050461e+00
5.500000000000000000e+02 1.812261439376570582e+00
5.510000000000000000e+02 1.812288914394922790e+00
5.520000000000000000e+02 1.812316385611106861e+00
5.530000000000000000e+02 1.812343853025123019e+00
5.540000000000000000e+02 1.812371316636971263e+00
5.550000000000000000e+02 1.812398776446651594e+00
5.560000000000000000e+02 1.812426232454164010e+00
5.570000000000000000e+02 1.812453684659508291e+00
5.580000000000000000e+02 1.812481133062684435e+00
5.590000000000000000e+02 1.812508577663692888e+00
5.600000000000000000e+02 1.812536018462533205e+00
5.610000000000000000e+02 1.812563455459205608e+00
5.620000000000000000e+02 1.812590888653710097e+00
5.630000000000000000e+02 1.812618318046046673e+00
5.640000000000000000e+02 1.812645743636215112e+00
5.650000000000000000e+02 1.812673165424215638e+00
5.660000000000000000e+02 1.812700583410048250e+00
5.670000000000000000e+02 1.812727997593712725e+00
5.680000000000000000e+02 1.812755407975209287e+00
5.690000000000000000e+02 1.812782814554537936e+00
5.700000000000000000e+02 1.812810217331698670e+00
5.710000000000000000e+02 1.812837616306691269e+00
5.720000000000000000e+02 1.812865011479515953e+00
5.730000000000000000e+02 1.812892402850172724e+00
5.740000000000000000e+02 1.812919790418661359e+00
5.750000000000000000e+02 1.812947174184982080e+00
5.760000000000000000e+02 1.812974554149134887e+00
5.770000000000000000e+02 1.813001930311119780e+00
5.780000000000000000e+02 1.813029302670936760e+00
5.790000000000000000e+02 1.813056671228585603e+00
5.800000000000000000e+02 1.813084035984066533e+00
5.810000000000000000e+02 1.813111396937379327e+00
5.820000000000000000e+02 1.813138754088524207e+00
5.830000000000000000e+02 1.813166107437501395e+00
5.840000000000000000e+02 1.813193456984310226e+00
5.850000000000000000e+02 1.813220802728951364e+00
5.860000000000000000e+02 1.813248144671424367e+00
5.870000000000000000e+02 1.813275482811729455e+00
5.880000000000000000e+02 1.813302817149866630e+00
5.890000000000000000e+02 1.813330147685835669e+00
5.900000000000000000e+02 1.813357474419636794e+00
5.910000000000000000e+02 1.813384797351270006e+00
5.920000000000000000e+02 1.813412116480735303e+00
5.930000000000000000e+02 1.813439431808032465e+00
5.940000000000000000e+02 1.813466743333161713e+00
5.950000000000000000e+02 1.813494051056123046e+00
5.960000000000000000e+02 1.813521354976916244e+00
5.970000000000000000e+02 1.813548655095541751e+00
5.980000000000000000e+02 1.813575951411999121e+00
5.990000000000000000e+02 1.813603243926288355e+00
6.000000000000000000e+02 1.813630532638409898e+00
6.010000000000000000e+02 1.813657817548363305e+00
6.020000000000000000e+02 1.813685098656148798e+00
6.030000000000000000e+02 1.813712375961766154e+00
6.040000000000000000e+02 1.813739649465215820e+00
6.050000000000000000e+02 1.813766919166497349e+00
6.060000000000000000e+02 1.813794185065610964e+00
6.070000000000000000e+02 1.813821447162556444e+00
6.080000000000000000e+02 1.813848705457334010e+00
6.090000000000000000e+02 1.813875959949943661e+00
6.100000000000000000e+02 1.813903210640385399e+00
6.110000000000000000e+02 1.813930457528659002e+00
6.120000000000000000e+02 1.813957700614764912e+00
6.130000000000000000e+02 1.813984939898702464e+00
6.140000000000000000e+02 1.814012175380472325e+00
6.150000000000000000e+02 1.814039407060074049e+00
6.160000000000000000e+02 1.814066634937507860e+00
6.170000000000000000e+02 1.814093859012773757e+00
6.180000000000000000e+02 1.814121079285871740e+00
6.190000000000000000e+02 1.814148295756801588e+00
6.200000000000000000e+02 1.814175508425563521e+00
6.210000000000000000e+02 1.814202717292157541e+00
6.220000000000000000e+02 1.814229922356583424e+00
6.230000000000000000e+02 1.814257123618841394e+00
6.240000000000000000e+02 1.814284321078931450e+00
6.250000000000000000e+02 1.814311514736853592e+00
6.260000000000000000e+02 1.814338704592607598e+00
6.270000000000000000e+02 1.814365890646193691e+00
6.280000000000000000e+02 1.814393072897611869e+00
6.290000000000000000e+02 1.814420251346862134e+00
6.300000000000000000e+02 1.814447425993944263e+00
6.310000000000000000e+02 1.814474596838858478e+00
6.320000000000000000e+02 1.814501763881604779e+00
6.330000000000000000e+02 1.814528927122182944e+00
6.340000000000000000e+02 1.814556086560593196e+00
6.350000000000000000e+02 1.814583242196835533e+00
6.360000000000000000e+02 1.814610394030909957e+00
6.370000000000000000e+02 1.814637542062816244e+00
6.380000000000000000e+02 1.814664686292554618e+00
6.390000000000000000e+02 1.814691826720125079e+00
6.400000000000000000e+02 1.814718963345527403e+00
6.410000000000000000e+02 1.814746096168762035e+00
6.420000000000000000e+02 1.814773225189828532e+00
6.430000000000000000e+02 1.814800350408726892e+00
6.440000000000000000e+02 1.814827471825457561e+00
6.450000000000000000e+02 1.814854589440020094e+00
6.460000000000000000e+02 1.814881703252414713e+00
6.470000000000000000e+02 1.814908813262641418e+00
6.480000000000000000e+02 1.814935919470699988e+00
6.490000000000000000e+02 1.814963021876590643e+00
6.500000000000000000e+02 1.814990120480313385e+00
6.510000000000000000e+02 1.815017215281867990e+00
6.520000000000000000e+02 1.815044306281254904e+00
6.530000000000000000e+02 1.815071393478473682e+00
6.540000000000000000e+02 1.815098476873524325e+00
6.550000000000000000e+02 1.815125556466407275e+00
6.560000000000000000e+02 1.815152632257122089e+00
6.570000000000000000e+02 1.815179704245668990e+00
6.580000000000000000e+02 1.815206772432047755e+00
6.590000000000000000e+02 1.815233836816258828e+00
6.600000000000000000e+02 1.815260897398301765e+00
6.610000000000000000e+02 1.815287954178176788e+00
6.620000000000000000e+02 1.815315007155883675e+00
6.630000000000000000e+02 1.815342056331422871e+00
6.640000000000000000e+02 1.815369101704793930e+00
6.650000000000000000e+02 1.815396143275996854e+00
6.660000000000000000e+02 1.815423181045032086e+00
6.670000000000000000e+02 1.815450215011899182e+00
6.680000000000000000e+02 1.815477245176598364e+00
6.690000000000000000e+02 1.815504271539129411e+00
6.700000000000000000e+02 1.815531294099492765e+00
6.710000000000000000e+02 1.815558312857687984e+00
6.720000000000000000e+02 1.815585327813715288e+00
6.730000000000000000e+02 1.815612338967574457e+00
6.740000000000000000e+02 1.815639346319265934e+00
6.750000000000000000e+02 1.815666349868789275e+00
6.760000000000000000e+02 1.815693349616144481e+00
6.770000000000000000e+02 1.815720345561331994e+00
6.780000000000000000e+02 1.815747337704351372e+00
6.790000000000000000e+02 1.815774326045202836e+00
6.800000000000000000e+02 1.815801310583886163e+00
6.810000000000000000e+02 1.815828291320401799e+00
6.820000000000000000e+02 1.815855268254749300e+00
6.830000000000000000e+02 1.815882241386928886e+00
6.840000000000000000e+02 1.815909210716940336e+00
6.850000000000000000e+02 1.815936176244784095e+00
6.860000000000000000e+02 1.815963137970459718e+00
6.870000000000000000e+02 1.815990095893967204e+00
6.880000000000000000e+02 1.816017050015306999e+00
6.890000000000000000e+02 1.816044000334478659e+00
6.900000000000000000e+02 1.816070946851482404e+00
6.910000000000000000e+02 1.816097889566318235e+00
6.920000000000000000e+02 1.816124828478985931e+00
6.930000000000000000e+02 1.816151763589485713e+00
6.940000000000000000e+02 1.816178694897817580e+00
6.950000000000000000e+02 1.816205622403981312e+00
6.960000000000000000e+02 1.816232546107977353e+00
6.970000000000000000e+02 1.816259466009805257e+00
6.980000000000000000e+02 1.816286382109465025e+00
6.990000000000000000e+02 1.816313294406957102e+00
7.000000000000000000e+02 1.816340202902281042e+00
7.010000000000000000e+02 1.816367107595437069e+00
7.020000000000000000e+02 1.816394008486425182e+00
7.030000000000000000e+02 1.816420905575245159e+00
7.040000000000000000e+02 1.816447798861897223e+00
7.050000000000000000e+02 1.816474688346381372e+00
7.060000000000000000e+02 1.816501574028697608e+00
7.070000000000000000e+02 1.816528455908845707e+00
7.080000000000000000e+02 1.816555333986825893e+00
7.090000000000000000e+02 1.816582208262638165e+00
7.100000000000000000e+02 1.816609078736282301e+00
7.110000000000000000e+02 1.816635945407758523e+00
7.120000000000000000e+02 1.816662808277066832e+00
7.130000000000000000e+02 1.816689667344207226e+00
7.140000000000000000e+02 1.816716522609179485e+00
7.150000000000000000e+02 1.816743374071983830e+00
7.160000000000000000e+02 1.816770221732620261e+00
7.170000000000000000e+02 1.816797065591088778e+00
7.180000000000000000e+02 1.816823905647389159e+00
7.190000000000000000e+02 1.816850741901521626e+00
7.200000000000000000e+02 1.816877574353486180e+00
7.210000000000000000e+02 1.816904403003282598e+00
7.220000000000000000e+02 1.816931227850911101e+00
7.230000000000000000e+02 1.816958048896371691e+00
7.240000000000000000e+02 1.816984866139664367e+00
7.250000000000000000e+02 1.817011679580788908e+00
7.260000000000000000e+02 1.817038489219745756e+00
7.270000000000000000e+02 1.817065295056534246e+00
7.280000000000000000e+02 1.817092097091155045e+00
7.290000000000000000e+02 1.817118895323607708e+00
7.300000000000000000e+02 1.817145689753892457e+00
7.310000000000000000e+02 1.817172480382009292e+00
7.320000000000000000e+02 1.817199267207958213e+00
7.330000000000000000e+02 1.817226050231738999e+00
7.340000000000000000e+02 1.817252829453351870e+00
7.350000000000000000e+02 1.817279604872796606e+00
7.360000000000000000e+02 1.817306376490073649e+00
7.370000000000000000e+02 1.817333144305182557e+00
7.380000000000000000e+02 1.817359908318123551e+00
7.390000000000000000e+02 1.817386668528896410e+00
7.400000000000000000e+02 1.817413424937501576e+00
7.410000000000000000e+02 1.817440177543938606e+00
7.420000000000000000e+02 1.817466926348207501e+00
7.430000000000000000e+02 1.817493671350308704e+00
7.440000000000000000e+02 1.817520412550241771e+00
7.450000000000000000e+02 1.817547149948006924e+00
7.460000000000000000e+02 1.817573883543604163e+00
7.470000000000000000e+02 1.817600613337033266e+00
7.480000000000000000e+02 1.817627339328294456e+00
7.490000000000000000e+02 1.817654061517387731e+00
7.500000000000000000e+02 1.817680779904313093e+00
7.510000000000000000e+02 1.817707494489070319e+00
7.520000000000000000e+02 1.817734205271659631e+00
7.530000000000000000e+02 1.817760912252081029e+00
7.540000000000000000e+02 1.817787615430334291e+00
7.550000000000000000e+02 1.817814314806419640e+00
7.560000000000000000e+02 1.817841010380337075e+00
7.570000000000000000e+02 1.817867702152086595e+00
7.580000000000000000e+02 1.817894390121668202e+00
7.590000000000000000e+02 1.817921074289081673e+00
7.600000000000000000e+02 1.817947754654327008e+00
7.610000000000000000e+02 1.817974431217404652e+00
7.620000000000000000e+02 1.818001103978314159e+00
7.630000000000000000e+02 1.818027772937055753e+00
7.640000000000000000e+02 1.818054438093629432e+00
7.650000000000000000e+02 1.818081099448035198e+00
7.660000000000000000e+02 1.818107757000272828e+00
7.670000000000000000e+02 1.818134410750342544e+00
7.680000000000000000e+02 1.818161060698244347e+00
7.690000000000000000e+02 1.818187706843978013e+00
7.700000000000000000e+02 1.818214349187543766e+00
7.710000000000000000e+02 1.818240987728941604e+00
7.720000000000000000e+02 1.818267622468171529e+00
7.730000000000000000e+02 1.818294253405233318e+00
7.740000000000000000e+02 1.818320880540127193e+00
7.750000000000000000e+02 1.818347503872853155e+00
7.760000000000000000e+02 1.818374123403410980e+00
7.770000000000000000e+02 1.818400739131800892e+00
7.780000000000000000e+02 1.818427351058022889e+00
7.790000000000000000e+02 1.818453959182076973e+00
7.800000000000000000e+02 1.818480563503962921e+00
7.810000000000000000e+02 1.818507164023681177e+00
7.820000000000000000e+02 1.818533760741231076e+00
7.830000000000000000e+02 1.818560353656613282e+00
7.840000000000000000e+02 1.818586942769827353e+00
7.850000000000000000e+02 1.818613528080873509e+00
7.860000000000000000e+02 1.818640109589751752e+00
7.870000000000000000e+02 1.818666687296462081e+00
7.880000000000000000e+02 1.818693261201004274e+00
7.890000000000000000e+02 1.818719831303378553e+00
7.900000000000000000e+02 1.818746397603584919e+00
7.910000000000000000e+02 1.818772960101623148e+00
7.920000000000000000e+02 1.818799518797493464e+00
7.930000000000000000e+02 1.818826073691195866e+00
7.940000000000000000e+02 1.818852624782730354e+00
7.950000000000000000e+02 1.818879172072096706e+00
7.960000000000000000e+02 1.818905715559295144e+00
7.970000000000000000e+02 1.818932255244325669e+00
7.980000000000000000e+02 1.818958791127188057e+00
7.990000000000000000e+02 1.818985323207882754e+00
8.000000000000000000e+02 1.819011851486409315e+00
8.010000000000000000e+02 1.819038375962767740e+00
8.020000000000000000e+02 1.819064896636958473e+00
8.030000000000000000e+02 1.819091413508981070e+00
8.040000000000000000e+02 1.819117926578835753e+00
8.050000000000000000e+02 1.819144435846522301e+00
8.060000000000000000e+02 1.819170941312041156e+00
8.070000000000000000e+02 1.819197442975391876e+00
8.080000000000000000e+02 1.819223940836574460e+00
8.090000000000000000e+02 1.819250434895589352e+00
8.100000000000000000e+02 1.819276925152436108e+00
8.110000000000000000e+02 1.819303411607114951e+00
8.120000000000000000e+02 1.819329894259625879e+00
8.130000000000000000e+02 1.819356373109968672e+00
8.140000000000000000e+02 1.819382848158143551e+00
8.150000000000000000e+02 1.819409319404150516e+00
8.160000000000000000e+02 1.819435786847989567e+00
8.170000000000000000e+02 1.819462250489660482e+00
8.180000000000000000e+02 1.819488710329163483e+00
8.190000000000000000e+02 1.819515166366498571e+00
8.200000000000000000e+02 1.819541618601665744e+00
8.210000000000000000e+02 1.819568067034664782e+00
8.220000000000000000e+02 1.819594511665495906e+00
8.230000000000000000e+02 1.819620952494159116e+00
8.240000000000000000e+02 1.819647389520654190e+00
8.250000000000000000e+02 1.819673822744981351e+00
8.260000000000000000e+02 1.819700252167140597e+00
8.270000000000000000e+02 1.819726677787131930e+00
8.280000000000000000e+02 1.819753099604955127e+00
8.290000000000000000e+02 1.819779517620610410e+00
8.300000000000000000e+02 1.819805931834097779e+00
8.310000000000000000e+02 1.819832342245417012e+00
8.320000000000000000e+02 1.819858748854568553e+00
8.330000000000000000e+02 1.819885151661551959e+00
8.340000000000000000e+02 1.819911550666367228e+00
8.350000000000000000e+02 1.819937945869014806e+00
8.360000000000000000e+02 1.819964337269494248e+00
8.370000000000000000e+02 1.819990724867805776e+00
8.380000000000000000e+02 1.820017108663949168e+00
8.390000000000000000e+02 1.820043488657924868e+00
8.400000000000000000e+02 1.820069864849732433e+00
8.410000000000000000e+02 1.820096237239372083e+00
8.420000000000000000e+02 1.820122605826843598e+00
8.430000000000000000e+02 1.820148970612147199e+00
8.440000000000000000e+02 1.820175331595282886e+00
8.450000000000000000e+02 1.820201688776250659e+00
8.460000000000000000e+02 1.820228042155050519e+00
8.470000000000000000e+02 1.820254391731682242e+00
8.480000000000000000e+02 1.820280737506146052e+00
8.490000000000000000e+02 1.820307079478441725e+00
8.500000000000000000e+02 1.820333417648569707e+00
8.510000000000000000e+02 1.820359752016529553e+00
8.520000000000000000e+02 1.820386082582321485e+00
8.530000000000000000e+02 1.820412409345945282e+00
8.540000000000000000e+02 1.820438732307401164e+00
8.550000000000000000e+02 1.820465051466689133e+00
8.560000000000000000e+02 1.820491366823809187e+00
8.570000000000000000e+02 1.820517678378761328e+00
8.580000000000000000e+02 1.820543986131545333e+00
8.590000000000000000e+02 1.820570290082161424e+00
8.600000000000000000e+02 1.820596590230609380e+00
8.610000000000000000e+02 1.820622886576889643e+00
8.620000000000000000e+02 1.820649179121001771e+00
8.630000000000000000e+02 1.820675467862945762e+00
8.640000000000000000e+02 1.820701752802722062e+00
8.650000000000000000e+02 1.820728033940330226e+00
8.660000000000000000e+02 1.820754311275770476e+00
8.670000000000000000e+02 1.820780584809042812e+00
8.680000000000000000e+02 1.820806854540147013e+00
8.690000000000000000e+02 1.820833120469083521e+00
8.700000000000000000e+02 1.820859382595851894e+00
8.710000000000000000e+02 1.820885640920452131e+00
8.720000000000000000e+02 1.820911895442884454e+00
8.730000000000000000e+02 1.820938146163149085e+00
8.740000000000000000e+02 1.820964393081245358e+00
8.750000000000000000e+02 1.820990636197173940e+00
8.760000000000000000e+02 1.821016875510934385e+00
8.770000000000000000e+02 1.821043111022526917e+00
8.780000000000000000e+02 1.821069342731951535e+00
8.790000000000000000e+02 1.821095570639208017e+00
8.800000000000000000e+02 1.821121794744296807e+00
8.810000000000000000e+02 1.821148015047217239e+00
8.820000000000000000e+02 1.821174231547969979e+00
8.830000000000000000e+02 1.821200444246554806e+00
8.840000000000000000e+02 1.821226653142971497e+00
8.850000000000000000e+02 1.821252858237220051e+00
8.860000000000000000e+02 1.821279059529300914e+00
8.870000000000000000e+02 1.821305257019213641e+00
8.880000000000000000e+02 1.821331450706958455e+00
8.890000000000000000e+02 1.821357640592535354e+00
8.900000000000000000e+02 1.821383826675944118e+00
8.910000000000000000e+02 1.821410008957185189e+00
8.920000000000000000e+02 1.821436187436258125e+00
8.930000000000000000e+02 1.821462362113162925e+00
8.940000000000000000e+02 1.821488532987900033e+00
8.950000000000000000e+02 1.821514700060469005e+00
8.960000000000000000e+02 1.821540863330869842e+00
8.970000000000000000e+02 1.821567022799102986e+00
8.980000000000000000e+02 1.821593178465167995e+00
8.990000000000000000e+02 1.821619330329065090e+00
9.000000000000000000e+02 1.821645478390794270e+00
9.010000000000000000e+02 1.821671622650355538e+00
9.020000000000000000e+02 1.821697763107748669e+00
9.030000000000000000e+02 1.821723899762973886e+00
9.040000000000000000e+02 1.821750032616030968e+00
9.050000000000000000e+02 1.821776161666920357e+00
9.060000000000000000e+02 1.821802286915641611e+00
9.070000000000000000e+02 1.821828408362194951e+00
9.080000000000000000e+02 1.821854526006580155e+00
9.090000000000000000e+02 1.821880639848797445e+00
9.100000000000000000e+02 1.821906749888846822e+00
9.110000000000000000e+02 1.821932856126728284e+00
9.120000000000000000e+02 1.821958958562441833e+00
9.130000000000000000e+02 1.821985057195987245e+00
9.140000000000000000e+02 1.822011152027364744e+00
9.150000000000000000e+02 1.822037243056574107e+00
9.160000000000000000e+02 1.822063330283615779e+00
9.170000000000000000e+02 1.822089413708489314e+00
9.180000000000000000e+02 1.822115493331194935e+00
9.190000000000000000e+02 1.822141569151732421e+00
9.200000000000000000e+02 1.822167641170102215e+00
9.210000000000000000e+02 1.822193709386303873e+00
9.220000000000000000e+02 1.822219773800337395e+00
9.230000000000000000e+02 1.822245834412203225e+00
9.240000000000000000e+02 1.822271891221900919e+00
9.250000000000000000e+02 1.822297944229430700e+00
9.260000000000000000e+02 1.822323993434792566e+00
9.270000000000000000e+02 1.822350038837986297e+00
9.280000000000000000e+02 1.822376080439012114e+00
9.290000000000000000e+02 1.822402118237870017e+00
9.300000000000000000e+02 1.822428152234560006e+00
9.310000000000000000e+02 1.822454182429081859e+00
9.320000000000000000e+02 1.822480208821435799e+00
9.330000000000000000e+02 1.822506231411621824e+00
9.340000000000000000e+02 1.822532250199639714e+00
9.350000000000000000e+02 1.822558265185489690e+00
9.360000000000000000e+02 1.822584276369171752e+00
9.370000000000000000e+02 1.822610283750685900e+00
9.380000000000000000e+02 1.822636287330031912e+00
9.390000000000000000e+02 1.822662287107210011e+00
9.400000000000000000e+02 1.822688283082220195e+00
9.410000000000000000e+02 1.822714275255062466e+00
9.420000000000000000e+02 1.822740263625736601e+00
9.430000000000000000e+02 1.822766248194242822e+00
9.440000000000000000e+02 1.822792228960581129e+00
9.450000000000000000e+02 1.822818205924751300e+00
9.460000000000000000e+02 1.822844179086753780e+00
9.470000000000000000e+02 1.822870148446588123e+00
9.480000000000000000e+02 1.822896114004254331e+00
9.490000000000000000e+02 1.822922075759752847e+00
9.500000000000000000e+02 1.822948033713083227e+00
9.510000000000000000e+02 1.822973987864245693e+00
9.520000000000000000e+02 1.822999938213240023e+00
9.530000000000000000e+02 1.823025884760066440e+00
9.540000000000000000e+02 1.823051827504725164e+00
9.550000000000000000e+02 1.823077766447215531e+00
9.560000000000000000e+02 1.823103701587538206e+00
9.570000000000000000e+02 1.823129632925692745e+00
9.580000000000000000e+02 1.823155560461679370e+00
9.590000000000000000e+02 1.823181484195498081e+00
9.600000000000000000e+02 1.823207404127148656e+00
9.610000000000000000e+02 1.823233320256631318e+00
9.620000000000000000e+02 1.823259232583946066e+00
9.630000000000000000e+02 1.823285141109092899e+00
9.640000000000000000e+02 1.823311045832071597e+00
9.650000000000000000e+02 1.823336946752882382e+00
9.660000000000000000e+02 1.823362843871525252e+00
9.670000000000000000e+02 1.823388737187999986e+00
9.680000000000000000e+02 1.823414626702306807e+00
9.690000000000000000e+02 1.823440512414445713e+00
9.700000000000000000e+02 1.823466394324416706e+00
9.710000000000000000e+02 1.823492272432219563e+00
9.720000000000000000e+02 1.823518146737854728e+00
9.730000000000000000e+02 1.823544017241321535e+00
