# order=6: data_wav [pixel], data_wavsolution [micron]
3.000000000000000000e+00 1.508712509340629948e+00
4.000000000000000000e+00 1.508737541153507333e+00
5.000000000000000000e+00 1.508762569676761034e+00
6.000000000000000000e+00 1.508787594910391494e+00
7.000000000000000000e+00 1.508812616854398492e+00
8.000000000000000000e+00 1.508837635508782249e+00
9.000000000000000000e+00 1.508862650873542544e+00
1.000000000000000000e+01 1.508887662948679376e+00
1.100000000000000000e+01 1.508912671734192745e+00
1.200000000000000000e+01 1.508937677230082652e+00
1.300000000000000000e+01 1.508962679436349319e+00
1.400000000000000000e+01 1.508987678352992523e+00
1.500000000000000000e+01 1.509012673980012265e+00
1.600000000000000000e+01 1.509037666317408766e+00
1.700000000000000000e+01 1.509062655365181804e+00
1.800000000000000000e+01 1.509087641123331380e+00
1.900000000000000000e+01 1.509112623591857494e+00
2.000000000000000000e+01 1.509137602770760367e+00
2.100000000000000000e+01 1.509162578660039777e+00
2.200000000000000000e+01 1.509187551259695725e+00
2.300000000000000000e+01 1.509212520569728211e+00
2.400000000000000000e+01 1.509237486590137456e+00
2.500000000000000000e+01 1.509262449320923238e+00
2.600000000000000000e+01 1.509287408762085558e+00
2.700000000000000000e+01 1.509312364913624638e+00
2.800000000000000000e+01 1.509337317775540255e+00
2.900000000000000000e+01 1.509362267347832409e+00
3.000000000000000000e+01 1.509387213630501101e+00
3.100000000000000000e+01 1.509412156623546553e+00
3.200000000000000000e+01 1.509437096326968319e+00
3.300000000000000000e+01 1.509462032740767068e+00
3.400000000000000000e+01 1.509486965864942132e+00
3.500000000000000000e+01 1.509511895699493955e+00
3.600000000000000000e+01 1.509536822244422316e+00
3.700000000000000000e+01 1.509561745499727214e+00
3.800000000000000000e+01 1.509586665465408650e+00
3.900000000000000000e+01 1.509611582141466846e+00
4.000000000000000000e+01 1.509636495527901578e+00
4.100000000000000000e+01 1.509661405624712849e+00
4.200000000000000000e+01 1.509686312431900879e+00
4.300000000000000000e+01 1.509711215949465224e+00
4.400000000000000000e+01 1.509736116177406551e+00
4.500000000000000000e+01 1.509761013115724193e+00
4.600000000000000000e+01 1.509785906764418373e+00
4.700000000000000000e+01 1.509810797123489312e+00
4.800000000000000000e+01 1.509835684192936789e+00
4.900000000000000000e+01 1.509860567972761025e+00
5.000000000000000000e+01 1.509885448462961577e+00
5.100000000000000000e+01 1.509910325663538888e+00
5.200000000000000000e+01 1.509935199574492959e+00
5.300000000000000000e+01 1.509960070195823345e+00
5.400000000000000000e+01 1.509984937527530491e+00
5.500000000000000000e+01 1.510009801569614174e+00
5.600000000000000000e+01 1.510034662322074395e+00
5.700000000000000000e+01 1.510059519784911375e+00
5.800000000000000000e+01 1.510084373958124671e+00
5.900000000000000000e+01 1.510109224841714948e+00
6.000000000000000000e+01 1.510134072435681540e+00
6.100000000000000000e+01 1.510158916740024670e+00
6.200000000000000000e+01 1.510183757754744560e+00
6.300000000000000000e+01 1.510208595479841209e+00
6.400000000000000000e+01 1.510233429915314174e+00
6.500000000000000000e+01 1.510258261061163898e+00
6.600000000000000000e+01 1.510283088917390160e+00
6.700000000000000000e+01 1.510307913483992959e+00
6.800000000000000000e+01 1.510332734760972295e+00
6.900000000000000000e+01 1.510357552748328391e+00
7.000000000000000000e+01 1.510382367446061025e+00
7.100000000000000000e+01 1.510407178854170196e+00
7.200000000000000000e+01 1.510431986972656127e+00
7.300000000000000000e+01 1.510456791801518595e+00
7.400000000000000000e+01 1.510481593340757600e+00
7.500000000000000000e+01 1.510506391590373143e+00
7.600000000000000000e+01 1.510531186550365446e+00
7.700000000000000000e+01 1.510555978220734286e+00
7.800000000000000000e+01 1.510580766601479663e+00
7.900000000000000000e+01 1.510605551692601578e+00
8.000000000000000000e+01 1.510630333494100253e+00
8.100000000000000000e+01 1.510655112005975464e+00
8.200000000000000000e+01 1.510679887228227214e+00
8.300000000000000000e+01 1.510704659160855723e+00
8.400000000000000000e+01 1.510729427803860547e+00
8.500000000000000000e+01 1.510754193157242131e+00
8.600000000000000000e+01 1.510778955221000475e+00
8.700000000000000000e+01 1.510803713995135134e+00
8.800000000000000000e+01 1.510828469479646552e+00
8.900000000000000000e+01 1.510853221674534508e+00
9.000000000000000000e+01 1.510877970579799223e+00
9.100000000000000000e+01 1.510902716195440254e+00
9.200000000000000000e+01 1.510927458521458044e+00
9.300000000000000000e+01 1.510952197557852372e+00
9.400000000000000000e+01 1.510976933304623460e+00
9.500000000000000000e+01 1.511001665761771084e+00
9.600000000000000000e+01 1.511026394929295247e+00
9.700000000000000000e+01 1.511051120807195947e+00
9.800000000000000000e+01 1.511075843395473184e+00
9.900000000000000000e+01 1.511100562694127181e+00
1.000000000000000000e+02 1.511125278703157715e+00
1.010000000000000000e+02 1.511149991422564787e+00
1.020000000000000000e+02 1.511174700852348618e+00
1.030000000000000000e+02 1.511199406992508987e+00
1.040000000000000000e+02 1.511224109843045893e+00
1.050000000000000000e+02 1.511248809403959337e+00
1.060000000000000000e+02 1.511273505675249540e+00
1.070000000000000000e+02 1.511298198656916281e+00
1.080000000000000000e+02 1.511322888348959559e+00
1.090000000000000000e+02 1.511347574751379597e+00
1.100000000000000000e+02 1.511372257864175950e+00
1.110000000000000000e+02 1.511396937687349062e+00
1.120000000000000000e+02 1.511421614220898935e+00
1.130000000000000000e+02 1.511446287464825122e+00
1.140000000000000000e+02 1.511470957419128069e+00
1.150000000000000000e+02 1.511495624083807554e+00
1.160000000000000000e+02 1.511520287458863576e+00
1.170000000000000000e+02 1.511544947544296358e+00
1.180000000000000000e+02 1.511569604340105677e+00
1.190000000000000000e+02 1.511594257846291534e+00
1.200000000000000000e+02 1.511618908062853928e+00
1.210000000000000000e+02 1.511643554989793081e+00
1.220000000000000000e+02 1.511668198627108772e+00
1.230000000000000000e+02 1.511692838974801001e+00
1.240000000000000000e+02 1.511717476032869989e+00
1.250000000000000000e+02 1.511742109801315292e+00
1.260000000000000000e+02 1.511766740280137356e+00
1.270000000000000000e+02 1.511791367469336178e+00
1.280000000000000000e+02 1.511815991368911316e+00
1.290000000000000000e+02 1.511840611978863214e+00
1.300000000000000000e+02 1.511865229299191649e+00
1.310000000000000000e+02 1.511889843329896621e+00
1.320000000000000000e+02 1.511914454070978353e+00
1.330000000000000000e+02 1.511939061522436623e+00
1.340000000000000000e+02 1.511963665684271430e+00
1.350000000000000000e+02 1.511988266556482774e+00
1.360000000000000000e+02 1.512012864139070878e+00
1.370000000000000000e+02 1.512037458432035519e+00
1.380000000000000000e+02 1.512062049435376698e+00
1.390000000000000000e+02 1.512086637149094637e+00
1.400000000000000000e+02 1.512111221573189113e+00
1.410000000000000000e+02 1.512135802707660126e+00
1.420000000000000000e+02 1.512160380552507677e+00
1.430000000000000000e+02 1.512184955107731765e+00
1.440000000000000000e+02 1.512209526373332613e+00
1.450000000000000000e+02 1.512234094349309999e+00
1.460000000000000000e+02 1.512258659035664143e+00
1.470000000000000000e+02 1.512283220432394604e+00
1.480000000000000000e+02 1.512307778539501824e+00
1.490000000000000000e+02 1.512332333356985581e+00
1.500000000000000000e+02 1.512356884884846098e+00
1.510000000000000000e+02 1.512381433123083152e+00
1.520000000000000000e+02 1.512405978071696744e+00
1.530000000000000000e+02 1.512430519730686873e+00
1.540000000000000000e+02 1.512455058100053540e+00
1.550000000000000000e+02 1.512479593179796966e+00
1.560000000000000000e+02 1.512504124969916930e+00
1.570000000000000000e+02 1.512528653470413431e+00
1.580000000000000000e+02 1.512553178681286692e+00
1.590000000000000000e+02 1.512577700602536490e+00
1.600000000000000000e+02 1.512602219234162826e+00
1.610000000000000000e+02 1.512626734576165699e+00
1.620000000000000000e+02 1.512651246628545332e+00
1.630000000000000000e+02 1.512675755391301502e+00
1.640000000000000000e+02 1.512700260864434210e+00
1.650000000000000000e+02 1.512724763047943455e+00
1.660000000000000000e+02 1.512749261941829459e+00
1.670000000000000000e+02 1.512773757546092002e+00
1.680000000000000000e+02 1.512798249860731081e+00
1.690000000000000000e+02 1.512822738885746920e+00
1.700000000000000000e+02 1.512847224621139297e+00
1.710000000000000000e+02 1.512871707066908211e+00
1.720000000000000000e+02 1.512896186223053663e+00
1.730000000000000000e+02 1.512920662089575874e+00
1.740000000000000000e+02 1.512945134666474623e+00
1.750000000000000000e+02 1.512969603953749909e+00
1.760000000000000000e+02 1.512994069951401732e+00
1.770000000000000000e+02 1.513018532659430315e+00
1.780000000000000000e+02 1.513042992077835436e+00
1.790000000000000000e+02 1.513067448206617094e+00
1.800000000000000000e+02 1.513091901045775289e+00
1.810000000000000000e+02 1.513116350595310244e+00
1.820000000000000000e+02 1.513140796855221737e+00
1.830000000000000000e+02 1.513165239825509767e+00
1.840000000000000000e+02 1.513189679506174556e+00
1.850000000000000000e+02 1.513214115897215883e+00
1.860000000000000000e+02 1.513238548998633748e+00
1.870000000000000000e+02 1.513262978810428150e+00
1.880000000000000000e+02 1.513287405332599311e+00
1.890000000000000000e+02 1.513311828565147010e+00
1.900000000000000000e+02 1.513336248508071247e+00
1.910000000000000000e+02 1.513360665161372021e+00
1.920000000000000000e+02 1.513385078525049554e+00
1.930000000000000000e+02 1.513409488599103625e+00
1.940000000000000000e+02 1.513433895383534233e+00
1.950000000000000000e+02 1.513458298878341379e+00
1.960000000000000000e+02 1.513482699083525285e+00
1.970000000000000000e+02 1.513507095999085728e+00
1.980000000000000000e+02 1.513531489625022708e+00
1.990000000000000000e+02 1.513555879961336448e+00
2.000000000000000000e+02 1.513580267008026725e+00
2.010000000000000000e+02 1.513604650765093540e+00
2.020000000000000000e+02 1.513629031232536892e+00
2.030000000000000000e+02 1.513653408410357004e+00
2.040000000000000000e+02 1.513677782298553653e+00
2.050000000000000000e+02 1.513702152897126840e+00
2.060000000000000000e+02 1.513726520206076565e+00
2.070000000000000000e+02 1.513750884225403048e+00
2.080000000000000000e+02 1.513775244955106070e+00
2.090000000000000000e+02 1.513799602395185628e+00
2.100000000000000000e+02 1.513823956545641947e+00
2.110000000000000000e+02 1.513848307406474580e+00
2.120000000000000000e+02 1.513872654977683974e+00
2.130000000000000000e+02 1.513896999259270126e+00
2.140000000000000000e+02 1.513921340251232595e+00
2.150000000000000000e+02 1.513945677953571822e+00
2.160000000000000000e+02 1.513970012366287587e+00
2.170000000000000000e+02 1.513994343489380112e+00
2.180000000000000000e+02 1.514018671322848952e+00
2.190000000000000000e+02 1.514042995866694552e+00
2.200000000000000000e+02 1.514067317120916689e+00
2.210000000000000000e+02 1.514091635085515586e+00
2.220000000000000000e+02 1.514115949760490798e+00
2.230000000000000000e+02 1.514140261145842770e+00
2.240000000000000000e+02 1.514164569241571501e+00
2.250000000000000000e+02 1.514188874047676547e+00
2.260000000000000000e+02 1.514213175564158353e+00
2.270000000000000000e+02 1.514237473791016697e+00
2.280000000000000000e+02 1.514261768728251578e+00
2.290000000000000000e+02 1.514286060375863219e+00
2.300000000000000000e+02 1.514310348733851397e+00
2.310000000000000000e+02 1.514334633802216112e+00
2.320000000000000000e+02 1.514358915580957365e+00
2.330000000000000000e+02 1.514383194070075378e+00
2.340000000000000000e+02 1.514407469269569928e+00
2.350000000000000000e+02 1.514431741179441016e+00
2.360000000000000000e+02 1.514456009799688641e+00
2.370000000000000000e+02 1.514480275130313025e+00
2.380000000000000000e+02 1.514504537171313947e+00
2.390000000000000000e+02 1.514528795922691407e+00
2.400000000000000000e+02 1.514553051384445626e+00
2.410000000000000000e+02 1.514577303556576382e+00
2.420000000000000000e+02 1.514601552439083676e+00
2.430000000000000000e+02 1.514625798031967507e+00
2.440000000000000000e+02 1.514650040335228098e+00
2.450000000000000000e+02 1.514674279348865227e+00
2.460000000000000000e+02 1.514698515072878893e+00
2.470000000000000000e+02 1.514722747507269096e+00
2.480000000000000000e+02 1.514746976652036059e+00
2.490000000000000000e+02 1.514771202507179559e+00
2.500000000000000000e+02 1.514795425072699597e+00
2.510000000000000000e+02 1.514819644348596173e+00
2.520000000000000000e+02 1.514843860334869508e+00
2.530000000000000000e+02 1.514868073031519380e+00
2.540000000000000000e+02 1.514892282438545790e+00
2.550000000000000000e+02 1.514916488555948959e+00
2.560000000000000000e+02 1.514940691383728666e+00
2.570000000000000000e+02 1.514964890921884910e+00
2.580000000000000000e+02 1.514989087170417692e+00
2.590000000000000000e+02 1.515013280129327233e+00
2.600000000000000000e+02 1.515037469798613312e+00
2.610000000000000000e+02 1.515061656178275928e+00
2.620000000000000000e+02 1.515085839268315082e+00
2.630000000000000000e+02 1.515110019068730995e+00
2.640000000000000000e+02 1.515134195579523446e+00
2.650000000000000000e+02 1.515158368800692434e+00
2.660000000000000000e+02 1.515182538732237960e+00
2.670000000000000000e+02 1.515206705374160245e+00
2.680000000000000000e+02 1.515230868726459068e+00
2.690000000000000000e+02 1.515255028789134428e+00
2.700000000000000000e+02 1.515279185562186548e+00
2.710000000000000000e+02 1.515303339045615205e+00
2.720000000000000000e+02 1.515327489239420400e+00
2.730000000000000000e+02 1.515351636143602132e+00
2.740000000000000000e+02 1.515375779758160624e+00
2.750000000000000000e+02 1.515399920083095653e+00
2.760000000000000000e+02 1.515424057118407219e+00
2.770000000000000000e+02 1.515448190864095324e+00
2.780000000000000000e+02 1.515472321320160187e+00
2.790000000000000000e+02 1.515496448486601588e+00
2.800000000000000000e+02 1.515520572363419527e+00
2.810000000000000000e+02 1.515544692950614225e+00
2.820000000000000000e+02 1.515568810248185239e+00
2.830000000000000000e+02 1.515592924256133234e+00
2.840000000000000000e+02 1.515617034974457544e+00
2.850000000000000000e+02 1.515641142403158392e+00
2.860000000000000000e+02 1.515665246542236000e+00
2.870000000000000000e+02 1.515689347391690145e+00
2.880000000000000000e+02 1.515713444951521049e+00
2.890000000000000000e+02 1.515737539221728269e+00
2.900000000000000000e+02 1.515761630202312249e+00
2.910000000000000000e+02 1.515785717893272766e+00
2.920000000000000000e+02 1.515809802294610042e+00
2.930000000000000000e+02 1.515833883406323856e+00
2.940000000000000000e+02 1.515857961228414208e+00
2.950000000000000000e+02 1.515882035760881097e+00
2.960000000000000000e+02 1.515906107003724523e+00
2.970000000000000000e+02 1.515930174956944709e+00
2.980000000000000000e+02 1.515954239620541433e+00
2.990000000000000000e+02 1.515978300994514694e+00
3.000000000000000000e+02 1.516002359078864714e+00
3.010000000000000000e+02 1.516026413873591272e+00
3.020000000000000000e+02 1.516050465378694367e+00
3.030000000000000000e+02 1.516074513594174000e+00
3.040000000000000000e+02 1.516098558520030393e+00
3.050000000000000000e+02 1.516122600156263323e+00
3.060000000000000000e+02 1.516146638502872790e+00
3.070000000000000000e+02 1.516170673559859017e+00
3.080000000000000000e+02 1.516194705327221559e+00
3.090000000000000000e+02 1.516218733804960861e+00
3.100000000000000000e+02 1.516242758993076922e+00
3.110000000000000000e+02 1.516266780891569299e+00
3.120000000000000000e+02 1.516290799500438435e+00
3.130000000000000000e+02 1.516314814819684109e+00
3.140000000000000000e+02 1.516338826849306320e+00
3.150000000000000000e+02 1.516362835589305291e+00
3.160000000000000000e+02 1.516386841039680800e+00
3.170000000000000000e+02 1.516410843200432845e+00
3.180000000000000000e+02 1.516434842071561429e+00
3.190000000000000000e+02 1.516458837653066771e+00
3.200000000000000000e+02 1.516482829944948652e+00
3.210000000000000000e+02 1.516506818947207069e+00
3.220000000000000000e+02 1.516530804659842024e+00
3.230000000000000000e+02 1.516554787082853739e+00
3.240000000000000000e+02 1.516578766216241991e+00
3.250000000000000000e+02 1.516602742060006781e+00
3.260000000000000000e+02 1.516626714614148330e+00
3.270000000000000000e+02 1.516650683878666417e+00
3.280000000000000000e+02 1.516674649853561041e+00
3.290000000000000000e+02 1.516698612538832203e+00
3.300000000000000000e+02 1.516722571934480124e+00
3.310000000000000000e+02 1.516746528040504582e+00
3.320000000000000000e+02 1.516770480856905579e+00
3.330000000000000000e+02 1.516794430383683112e+00
3.340000000000000000e+02 1.516818376620837405e+00
3.350000000000000000e+02 1.516842319568368236e+00
3.360000000000000000e+02 1.516866259226275604e+00
3.370000000000000000e+02 1.516890195594559732e+00
3.380000000000000000e+02 1.516914128673220175e+00
3.390000000000000000e+02 1.516938058462257377e+00
3.400000000000000000e+02 1.516961984961671339e+00
3.410000000000000000e+02 1.516985908171461617e+00
3.420000000000000000e+02 1.517009828091628654e+00
3.430000000000000000e+02 1.517033744722172228e+00
3.440000000000000000e+02 1.517057658063092562e+00
3.450000000000000000e+02 1.517081568114389212e+00
3.460000000000000000e+02 1.517105474876062621e+00
3.470000000000000000e+02 1.517129378348112567e+00
3.480000000000000000e+02 1.517153278530539273e+00
3.490000000000000000e+02 1.517177175423342295e+00
3.500000000000000000e+02 1.517201069026522076e+00
3.510000000000000000e+02 1.517224959340078616e+00
3.520000000000000000e+02 1.517248846364011472e+00
3.530000000000000000e+02 1.517272730098321087e+00
3.540000000000000000e+02 1.517296610543007240e+00
3.550000000000000000e+02 1.517320487698069931e+00
3.560000000000000000e+02 1.517344361563509381e+00
3.570000000000000000e+02 1.517368232139325368e+00
3.580000000000000000e+02 1.517392099425517893e+00
3.590000000000000000e+02 1.517415963422086955e+00
3.600000000000000000e+02 1.517439824129032777e+00
3.610000000000000000e+02 1.517463681546355136e+00
3.620000000000000000e+02 1.517487535674054033e+00
3.630000000000000000e+02 1.517511386512129468e+00
3.640000000000000000e+02 1.517535234060581661e+00
3.650000000000000000e+02 1.517559078319410393e+00
3.660000000000000000e+02 1.517582919288615662e+00
3.670000000000000000e+02 1.517606756968197690e+00
3.680000000000000000e+02 1.517630591358156034e+00
3.690000000000000000e+02 1.517654422458491137e+00
3.700000000000000000e+02 1.517678250269203000e+00
3.710000000000000000e+02 1.517702074790291178e+00
3.720000000000000000e+02 1.517725896021756116e+00
3.730000000000000000e+02 1.517749713963597591e+00
3.740000000000000000e+02 1.517773528615815826e+00
3.750000000000000000e+02 1.517797339978410376e+00
3.760000000000000000e+02 1.517821148051381686e+00
3.770000000000000000e+02 1.517844952834729533e+00
3.780000000000000000e+02 1.517868754328454139e+00
3.790000000000000000e+02 1.517892552532555284e+00
3.800000000000000000e+02 1.517916347447032965e+00
3.810000000000000000e+02 1.517940139071887184e+00
3.820000000000000000e+02 1.517963927407117941e+00
3.830000000000000000e+02 1.517987712452725457e+00
3.840000000000000000e+02 1.518011494208709511e+00
3.850000000000000000e+02 1.518035272675070324e+00
3.860000000000000000e+02 1.518059047851807453e+00
3.870000000000000000e+02 1.518082819738921341e+00
3.880000000000000000e+02 1.518106588336411766e+00
3.890000000000000000e+02 1.518130353644278951e+00
3.900000000000000000e+02 1.518154115662522452e+00
3.910000000000000000e+02 1.518177874391142712e+00
3.920000000000000000e+02 1.518201629830139510e+00
3.930000000000000000e+02 1.518225381979513067e+00
3.940000000000000000e+02 1.518249130839263161e+00
3.950000000000000000e+02 1.518272876409389793e+00
3.960000000000000000e+02 1.518296618689892963e+00
3.970000000000000000e+02 1.518320357680772670e+00
3.980000000000000000e+02 1.518344093382029136e+00
3.990000000000000000e+02 1.518367825793662140e+00
4.000000000000000000e+02 1.518391554915671904e+00
4.010000000000000000e+02 1.518415280748057983e+00
4.020000000000000000e+02 1.518439003290820821e+00
4.030000000000000000e+02 1.518462722543960197e+00
4.040000000000000000e+02 1.518486438507476333e+00
4.050000000000000000e+02 1.518510151181368784e+00
4.060000000000000000e+02 1.518533860565637994e+00
4.070000000000000000e+02 1.518557566660283964e+00
4.080000000000000000e+02 1.518581269465306249e+00
4.090000000000000000e+02 1.518604968980705294e+00
4.100000000000000000e+02 1.518628665206480877e+00
4.110000000000000000e+02 1.518652358142632997e+00
4.120000000000000000e+02 1.518676047789161876e+00
4.130000000000000000e+02 1.518699734146067293e+00
4.140000000000000000e+02 1.518723417213349247e+00
4.150000000000000000e+02 1.518747096991007739e+00
4.160000000000000000e+02 1.518770773479042990e+00
4.170000000000000000e+02 1.518794446677454779e+00
4.180000000000000000e+02 1.518818116586243105e+00
4.190000000000000000e+02 1.518841783205407969e+00
4.200000000000000000e+02 1.518865446534949593e+00
4.210000000000000000e+02 1.518889106574867753e+00
4.220000000000000000e+02 1.518912763325162452e+00
4.230000000000000000e+02 1.518936416785833909e+00
4.240000000000000000e+02 1.518960066956881683e+00
4.250000000000000000e+02 1.518983713838306215e+00
4.260000000000000000e+02 1.519007357430107508e+00
4.270000000000000000e+02 1.519030997732285115e+00
4.280000000000000000e+02 1.519054634744839483e+00
4.290000000000000000e+02 1.519078268467770387e+00
4.300000000000000000e+02 1.519101898901078052e+00
4.310000000000000000e+02 1.519125526044762031e+00
4.320000000000000000e+02 1.519149149898822770e+00
4.330000000000000000e+02 1.519172770463260047e+00
4.340000000000000000e+02 1.519196387738074083e+00
4.350000000000000000e+02 1.519220001723264435e+00
4.360000000000000000e+02 1.519243612418831546e+00
4.370000000000000000e+02 1.519267219824775417e+00
4.380000000000000000e+02 1.519290823941095603e+00
4.390000000000000000e+02 1.519314424767792548e+00
4.400000000000000000e+02 1.519338022304866032e+00
4.410000000000000000e+02 1.519361616552316052e+00
4.420000000000000000e+02 1.519385207510142832e+00
4.430000000000000000e+02 1.519408795178346150e+00
4.440000000000000000e+02 1.519432379556926005e+00
4.450000000000000000e+02 1.519455960645882397e+00
4.460000000000000000e+02 1.519479538445215550e+00
4.470000000000000000e+02 1.519503112954925239e+00
4.480000000000000000e+02 1.519526684175011466e+00
4.490000000000000000e+02 1.519550252105474453e+00
4.500000000000000000e+02 1.519573816746313755e+00
4.510000000000000000e+02 1.519597378097529816e+00
4.520000000000000000e+02 1.519620936159122637e+00
4.530000000000000000e+02 1.519644490931091774e+00
4.540000000000000000e+02 1.519668042413437670e+00
4.550000000000000000e+02 1.519691590606160103e+00
4.560000000000000000e+02 1.519715135509259074e+00
4.570000000000000000e+02 1.519738677122734805e+00
4.580000000000000000e+02 1.519762215446587073e+00
4.590000000000000000e+02 1.519785750480815878e+00
4.600000000000000000e+02 1.519809282225421221e+00
4.610000000000000000e+02 1.519832810680403323e+00
4.620000000000000000e+02 1.519856335845761963e+00
4.630000000000000000e+02 1.519879857721497141e+00
4.640000000000000000e+02 1.519903376307609078e+00
4.650000000000000000e+02 1.519926891604097330e+00
4.660000000000000000e+02 1.519950403610962342e+00
4.670000000000000000e+02 1.519973912328204113e+00
4.680000000000000000e+02 1.519997417755822200e+00
4.690000000000000000e+02 1.520020919893817046e+00
4.700000000000000000e+02 1.520044418742188430e+00
4.710000000000000000e+02 1.520067914300936351e+00
4.720000000000000000e+02 1.520091406570061032e+00
4.730000000000000000e+02 1.520114895549562251e+00
4.740000000000000000e+02 1.520138381239440006e+00
4.750000000000000000e+02 1.520161863639694300e+00
4.760000000000000000e+02 1.520185342750325352e+00
4.770000000000000000e+02 1.520208818571332943e+00
4.780000000000000000e+02 1.520232291102717070e+00
4.790000000000000000e+02 1.520255760344477958e+00
4.800000000000000000e+02 1.520279226296615382e+00
4.810000000000000000e+02 1.520302688959129345e+00
4.820000000000000000e+02 1.520326148332019844e+00
4.830000000000000000e+02 1.520349604415287104e+00
4.840000000000000000e+02 1.520373057208930678e+00
4.850000000000000000e+02 1.520396506712951012e+00
4.860000000000000000e+02 1.520419952927348106e+00
4.870000000000000000e+02 1.520443395852121515e+00
4.880000000000000000e+02 1.520466835487271684e+00
4.890000000000000000e+02 1.520490271832798390e+00
4.900000000000000000e+02 1.520513704888701856e+00
4.910000000000000000e+02 1.520537134654981859e+00
4.920000000000000000e+02 1.520560561131638400e+00
4.930000000000000000e+02 1.520583984318671478e+00
4.940000000000000000e+02 1.520607404216081093e+00
4.950000000000000000e+02 1.520630820823867468e+00
4.960000000000000000e+02 1.520654234142030381e+00
4.970000000000000000e+02 1.520677644170569831e+00
4.980000000000000000e+02 1.520701050909486041e+00
4.990000000000000000e+02 1.520724454358778788e+00
5.000000000000000000e+02 1.520747854518448072e+00
5.010000000000000000e+02 1.520771251388493894e+00
5.020000000000000000e+02 1.520794644968916476e+00
5.030000000000000000e+02 1.520818035259715595e+00
5.040000000000000000e+02 1.520841422260891251e+00
5.050000000000000000e+02 1.520864805972443667e+00
5.060000000000000000e+02 1.520888186394372399e+00
5.070000000000000000e+02 1.520911563526677890e+00
5.080000000000000000e+02 1.520934937369360140e+00
5.090000000000000000e+02 1.520958307922418706e+00
5.100000000000000000e+02 1.520981675185854032e+00
5.110000000000000000e+02 1.521005039159665895e+00
5.120000000000000000e+02 1.521028399843854295e+00
5.130000000000000000e+02 1.521051757238419455e+00
5.140000000000000000e+02 1.521075111343361153e+00
5.150000000000000000e+02 1.521098462158679387e+00
5.160000000000000000e+02 1.521121809684374160e+00
5.170000000000000000e+02 1.521145153920445692e+00
5.180000000000000000e+02 1.521168494866893761e+00
5.190000000000000000e+02 1.521191832523718368e+00
5.200000000000000000e+02 1.521215166890919512e+00
5.210000000000000000e+02 1.521238497968497416e+00
5.220000000000000000e+02 1.521261825756451858e+00
5.230000000000000000e+02 1.521285150254782836e+00
5.240000000000000000e+02 1.521308471463490575e+00
5.250000000000000000e+02 1.521331789382574851e+00
5.260000000000000000e+02 1.521355104012035664e+00
5.270000000000000000e+02 1.521378415351873015e+00
5.280000000000000000e+02 1.521401723402087125e+00
5.290000000000000000e+02 1.521425028162677773e+00
5.300000000000000000e+02 1.521448329633644958e+00
5.310000000000000000e+02 1.521471627814988681e+00
5.320000000000000000e+02 1.521494922706709163e+00
5.330000000000000000e+02 1.521518214308806183e+00
5.340000000000000000e+02 1.521541502621279740e+00
5.350000000000000000e+02 1.521564787644130057e+00
5.360000000000000000e+02 1.521588069377356689e+00
5.370000000000000000e+02 1.521611347820960081e+00
5.380000000000000000e+02 1.521634622974940232e+00
5.390000000000000000e+02 1.521657894839296699e+00
5.400000000000000000e+02 1.521681163414029925e+00
5.410000000000000000e+02 1.521704428699139688e+00
5.420000000000000000e+02 1.521727690694625990e+00
5.430000000000000000e+02 1.521750949400489050e+00
5.440000000000000000e+02 1.521774204816728648e+00
5.450000000000000000e+02 1.521797456943344784e+00
5.460000000000000000e+02 1.521820705780337457e+00
5.470000000000000000e+02 1.521843951327706890e+00
5.480000000000000000e+02 1.521867193585452860e+00
5.490000000000000000e+02 1.521890432553575367e+00
5.500000000000000000e+02 1.521913668232074635e+00
5.510000000000000000e+02 1.521936900620950439e+00
5.520000000000000000e+02 1.521960129720202781e+00
5.530000000000000000e+02 1.521983355529831661e+00
5.540000000000000000e+02 1.522006578049837078e+00
5.550000000000000000e+02 1.522029797280219254e+00
5.560000000000000000e+02 1.522053013220977968e+00
5.570000000000000000e+02 1.522076225872113442e+00
5.580000000000000000e+02 1.522099435233625231e+00
5.590000000000000000e+02 1.522122641305513779e+00
5.600000000000000000e+02 1.522145844087778865e+00
5.610000000000000000e+02 1.522169043580420711e+00
5.620000000000000000e+02 1.522192239783439094e+00
5.630000000000000000e+02 1.522215432696834014e+00
5.640000000000000000e+02 1.522238622320605472e+00
5.650000000000000000e+02 1.522261808654753468e+00
5.660000000000000000e+02 1.522284991699278223e+00
5.670000000000000000e+02 1.522308171454179515e+00
5.680000000000000000e+02 1.522331347919457567e+00
5.690000000000000000e+02 1.522354521095111934e+00
5.700000000000000000e+02 1.522377690981143061e+00
5.710000000000000000e+02 1.522400857577550726e+00
5.720000000000000000e+02 1.522424020884334928e+00
5.730000000000000000e+02 1.522447180901495889e+00
5.740000000000000000e+02 1.522470337629033388e+00
5.750000000000000000e+02 1.522493491066947424e+00
5.760000000000000000e+02 1.522516641215238220e+00
5.770000000000000000e+02 1.522539788073905331e+00
5.780000000000000000e+02 1.522562931642949202e+00
5.790000000000000000e+02 1.522586071922369833e+00
5.800000000000000000e+02 1.522609208912166778e+00
5.810000000000000000e+02 1.522632342612340484e+00
5.820000000000000000e+02 1.522655473022890726e+00
5.830000000000000000e+02 1.522678600143817507e+00
5.840000000000000000e+02 1.522701723975121046e+00
5.850000000000000000e+02 1.522724844516801124e+00
5.860000000000000000e+02 1.522747961768857738e+00
5.870000000000000000e+02 1.522771075731290891e+00
5.880000000000000000e+02 1.522794186404100802e+00
5.890000000000000000e+02 1.522817293787287252e+00
5.900000000000000000e+02 1.522840397880850238e+00
5.910000000000000000e+02 1.522863498684789985e+00
5.920000000000000000e+02 1.522886596199106046e+00
5.930000000000000000e+02 1.522909690423798867e+00
5.940000000000000000e+02 1.522932781358868448e+00
5.950000000000000000e+02 1.522955869004314344e+00
5.960000000000000000e+02 1.522978953360137000e+00
5.970000000000000000e+02 1.523002034426336193e+00
5.980000000000000000e+02 1.523025112202911924e+00
5.990000000000000000e+02 1.523048186689864414e+00
6.000000000000000000e+02 1.523071257887193442e+00
6.010000000000000000e+02 1.523094325794899007e+00
6.020000000000000000e+02 1.523117390412981109e+00
6.030000000000000000e+02 1.523140451741439971e+00
6.040000000000000000e+02 1.523163509780275371e+00
6.050000000000000000e+02 1.523186564529487308e+00
6.060000000000000000e+02 1.523209615989076005e+00
6.070000000000000000e+02 1.523232664159041017e+00
6.080000000000000000e+02 1.523255709039382788e+00
6.090000000000000000e+02 1.523278750630101319e+00
6.100000000000000000e+02 1.523301788931196166e+00
6.110000000000000000e+02 1.523324823942667772e+00
6.120000000000000000e+02 1.523347855664515915e+00
6.130000000000000000e+02 1.523370884096740818e+00
6.140000000000000000e+02 1.523393909239342037e+00
6.150000000000000000e+02 1.523416931092320015e+00
6.160000000000000000e+02 1.523439949655674530e+00
6.170000000000000000e+02 1.523462964929405805e+00
6.180000000000000000e+02 1.523485976913513396e+00
6.190000000000000000e+02 1.523508985607997746e+00
6.200000000000000000e+02 1.523531991012858855e+00
6.210000000000000000e+02 1.523554993128096280e+00
6.220000000000000000e+02 1.523577991953710464e+00
6.230000000000000000e+02 1.523600987489701186e+00
6.240000000000000000e+02 1.523623979736068446e+00
6.250000000000000000e+02 1.523646968692812464e+00
6.260000000000000000e+02 1.523669954359933021e+00
6.270000000000000000e+02 1.523692936737430115e+00
6.280000000000000000e+02 1.523715915825303746e+00
6.290000000000000000e+02 1.523738891623554137e+00
6.300000000000000000e+02 1.523761864132181065e+00
6.310000000000000000e+02 1.523784833351184531e+00
6.320000000000000000e+02 1.523807799280564534e+00
6.330000000000000000e+02 1.523830761920321297e+00
6.340000000000000000e+02 1.523853721270454598e+00
6.350000000000000000e+02 1.523876677330964435e+00
6.360000000000000000e+02 1.523899630101851033e+00
6.370000000000000000e+02 1.523922579583113945e+00
6.380000000000000000e+02 1.523945525774753618e+00
6.390000000000000000e+02 1.523968468676770049e+00
6.400000000000000000e+02 1.523991408289162797e+00
6.410000000000000000e+02 1.524014344611932303e+00
6.420000000000000000e+02 1.524037277645078348e+00
6.430000000000000000e+02 1.524060207388601151e+00
6.440000000000000000e+02 1.524083133842500271e+00
6.450000000000000000e+02 1.524106057006776149e+00
6.460000000000000000e+02 1.524128976881428565e+00
6.470000000000000000e+02 1.524151893466457741e+00
6.480000000000000000e+02 1.524174806761863454e+00
6.490000000000000000e+02 1.524197716767645705e+00
6.500000000000000000e+02 1.524220623483804493e+00
6.510000000000000000e+02 1.524243526910339819e+00
6.520000000000000000e+02 1.524266427047251904e+00
6.530000000000000000e+02 1.524289323894540527e+00
6.540000000000000000e+02 1.524312217452205909e+00
6.550000000000000000e+02 1.524335107720247606e+00
6.560000000000000000e+02 1.524357994698666063e+00
6.570000000000000000e+02 1.524380878387461058e+00
6.580000000000000000e+02 1.524403758786632812e+00
6.590000000000000000e+02 1.524426635896180882e+00
6.600000000000000000e+02 1.524449509716105711e+00
6.610000000000000000e+02 1.524472380246407077e+00
6.620000000000000000e+02 1.524495247487085203e+00
6.630000000000000000e+02 1.524518111438139867e+00
6.640000000000000000e+02 1.524540972099571068e+00
6.650000000000000000e+02 1.524563829471378806e+00
6.660000000000000000e+02 1.524586683553563082e+00
6.670000000000000000e+02 1.524609534346124118e+00
6.680000000000000000e+02 1.524632381849061691e+00
6.690000000000000000e+02 1.524655226062376023e+00
6.700000000000000000e+02 1.524678066986066671e+00
6.710000000000000000e+02 1.524700904620134079e+00
6.720000000000000000e+02 1.524723738964578024e+00
6.730000000000000000e+02 1.524746570019398728e+00
6.740000000000000000e+02 1.524769397784595748e+00
6.750000000000000000e+02 1.524792222260169527e+00
6.760000000000000000e+02 1.524815043446120066e+00
6.770000000000000000e+02 1.524837861342446921e+00
6.780000000000000000e+02 1.524860675949150535e+00
6.790000000000000000e+02 1.524883487266230686e+00
6.800000000000000000e+02 1.524906295293687375e+00
6.810000000000000000e+02 1.524929100031520823e+00
6.820000000000000000e+02 1.524951901479730809e+00
6.830000000000000000e+02 1.524974699638317333e+00
6.840000000000000000e+02 1.524997494507280393e+00
6.850000000000000000e+02 1.525020286086620214e+00
6.860000000000000000e+02 1.525043074376336572e+00
6.870000000000000000e+02 1.525065859376429467e+00
6.880000000000000000e+02 1.525088641086898900e+00
6.890000000000000000e+02 1.525111419507745092e+00
6.900000000000000000e+02 1.525134194638967822e+00
6.910000000000000000e+02 1.525156966480567089e+00
6.920000000000000000e+02 1.525179735032543116e+00
6.930000000000000000e+02 1.525202500294895458e+00
6.940000000000000000e+02 1.525225262267624560e+00
6.950000000000000000e+02 1.525248020950730421e+00
6.960000000000000000e+02 1.525270776344212598e+00
6.970000000000000000e+02 1.525293528448071534e+00
6.980000000000000000e+02 1.525316277262307008e+00
6.990000000000000000e+02 1.525339022786919241e+00
7.000000000000000000e+02 1.525361765021907789e+00
7.010000000000000000e+02 1.525384503967273098e+00
7.020000000000000000e+02 1.525407239623014943e+00
7.030000000000000000e+02 1.525429971989133549e+00
7.040000000000000000e+02 1.525452701065628469e+00
7.050000000000000000e+02 1.525475426852500149e+00
7.060000000000000000e+02 1.525498149349748589e+00
7.070000000000000000e+02 1.525520868557373344e+00
7.080000000000000000e+02 1.525543584475374859e+00
7.090000000000000000e+02 1.525566297103752911e+00
7.100000000000000000e+02 1.525589006442507500e+00
7.110000000000000000e+02 1.525611712491638849e+00
7.120000000000000000e+02 1.525634415251146736e+00
7.130000000000000000e+02 1.525657114721031160e+00
7.140000000000000000e+02 1.525679810901292122e+00
7.150000000000000000e+02 1.525702503791929843e+00
7.160000000000000000e+02 1.525725193392944101e+00
7.170000000000000000e+02 1.525747879704334897e+00
7.180000000000000000e+02 1.525770562726102231e+00
7.190000000000000000e+02 1.525793242458246324e+00
7.200000000000000000e+02 1.525815918900766954e+00
7.210000000000000000e+02 1.525838592053664122e+00
7.220000000000000000e+02 1.525861261916938050e+00
7.230000000000000000e+02 1.525883928490588515e+00
7.240000000000000000e+02 1.525906591774615517e+00
7.250000000000000000e+02 1.525929251769019057e+00
7.260000000000000000e+02 1.525951908473799357e+00
7.270000000000000000e+02 1.525974561888956194e+00
7.280000000000000000e+02 1.525997212014489568e+00
7.290000000000000000e+02 1.526019858850399480e+00
7.300000000000000000e+02 1.526042502396686151e+00
7.310000000000000000e+02 1.526065142653349360e+00
7.320000000000000000e+02 1.526087779620389107e+00
7.330000000000000000e+02 1.526110413297805612e+00
7.340000000000000000e+02 1.526133043685598434e+00
7.350000000000000000e+02 1.526155670783768015e+00
7.360000000000000000e+02 1.526178294592314355e+00
7.370000000000000000e+02 1.526200915111237011e+00
7.380000000000000000e+02 1.526223532340536426e+00
7.390000000000000000e+02 1.526246146280212379e+00
7.400000000000000000e+02 1.526268756930264869e+00
7.410000000000000000e+02 1.526291364290694119e+00
7.420000000000000000e+02 1.526313968361499906e+00
7.430000000000000000e+02 1.526336569142682231e+00
7.440000000000000000e+02 1.526359166634241094e+00
7.450000000000000000e+02 1.526381760836176715e+00
7.460000000000000000e+02 1.526404351748488875e+00
7.470000000000000000e+02 1.526426939371177571e+00
7.480000000000000000e+02 1.526449523704243028e+00
7.490000000000000000e+02 1.526472104747685021e+00
7.500000000000000000e+02 1.526494682501503553e+00
7.510000000000000000e+02 1.526517256965698621e+00
7.520000000000000000e+02 1.526539828140270227e+00
7.530000000000000000e+02 1.526562396025218593e+00
7.540000000000000000e+02 1.526584960620543496e+00
7.550000000000000000e+02 1.526607521926245159e+00
7.560000000000000000e+02 1.526630079942323137e+00
7.570000000000000000e+02 1.526652634668777875e+00
7.580000000000000000e+02 1.526675186105609150e+00
7.590000000000000000e+02 1.526697734252817185e+00
7.600000000000000000e+02 1.526720279110401535e+00
7.610000000000000000e+02 1.526742820678362644e+00
7.620000000000000000e+02 1.526765358956700513e+00
7.630000000000000000e+02 1.526787893945414698e+00
7.640000000000000000e+02 1.526810425644505642e+00
7.650000000000000000e+02 1.526832954053973124e+00
7.660000000000000000e+02 1.526855479173817143e+00
7.670000000000000000e+02 1.526878001004037921e+00
7.680000000000000000e+02 1.526900519544635237e+00
7.690000000000000000e+02 1.526923034795609091e+00
7.700000000000000000e+02 1.526945546756959482e+00
7.710000000000000000e+02 1.526968055428686633e+00
7.720000000000000000e+02 1.526990560810790321e+00
7.730000000000000000e+02 1.527013062903270546e+00
7.740000000000000000e+02 1.527035561706127309e+00
7.750000000000000000e+02 1.527058057219360832e+00
7.760000000000000000e+02 1.527080549442970892e+00
7.770000000000000000e+02 1.527103038376957489e+00
7.780000000000000000e+02 1.527125524021320846e+00
7.790000000000000000e+02 1.527148006376060740e+00
7.800000000000000000e+02 1.527170485441177172e+00
7.810000000000000000e+02 1.527192961216670142e+00
7.820000000000000000e+02 1.527215433702539871e+00
7.830000000000000000e+02 1.527237902898786137e+00
7.840000000000000000e+02 1.527260368805408941e+00
7.850000000000000000e+02 1.527282831422408282e+00
7.860000000000000000e+02 1.527305290749784383e+00
7.870000000000000000e+02 1.527327746787537022e+00
7.880000000000000000e+02 1.527350199535666198e+00
7.890000000000000000e+02 1.527372648994171911e+00
7.900000000000000000e+02 1.527395095163054384e+00
7.910000000000000000e+02 1.527417538042313394e+00
7.920000000000000000e+02 1.527439977631948942e+00
7.930000000000000000e+02 1.527462413931961249e+00
7.940000000000000000e+02 1.527484846942350094e+00
7.950000000000000000e+02 1.527507276663115476e+00
7.960000000000000000e+02 1.527529703094257396e+00
7.970000000000000000e+02 1.527552126235776075e+00
7.980000000000000000e+02 1.527574546087671070e+00
7.990000000000000000e+02 1.527596962649943046e+00
8.000000000000000000e+02 1.527619375922591338e+00
8.010000000000000000e+02 1.527641785905616389e+00
8.020000000000000000e+02 1.527664192599017978e+00
8.030000000000000000e+02 1.527686596002796104e+00
8.040000000000000000e+02 1.527708996116950768e+00
8.050000000000000000e+02 1.527731392941482191e+00
8.060000000000000000e+02 1.527753786476390152e+00
8.070000000000000000e+02 1.527776176721674650e+00
8.080000000000000000e+02 1.527798563677335908e+00
8.090000000000000000e+02 1.527820947343373703e+00
8.100000000000000000e+02 1.527843327719788036e+00
8.110000000000000000e+02 1.527865704806578906e+00
8.120000000000000000e+02 1.527888078603746536e+00
8.130000000000000000e+02 1.527910449111290703e+00
8.140000000000000000e+02 1.527932816329211407e+00
8.150000000000000000e+02 1.527955180257508649e+00
8.160000000000000000e+02 1.527977540896182651e+00
8.170000000000000000e+02 1.527999898245233190e+00
8.180000000000000000e+02 1.528022252304660267e+00
8.190000000000000000e+02 1.528044603074464103e+00
8.200000000000000000e+02 1.528066950554644254e+00
8.210000000000000000e+02 1.528089294745201165e+00
8.220000000000000000e+02 1.528111635646134836e+00
8.230000000000000000e+02 1.528133973257444822e+00
8.240000000000000000e+02 1.528156307579131568e+00
8.250000000000000000e+02 1.528178638611194851e+00
8.260000000000000000e+02 1.528200966353634893e+00
8.270000000000000000e+02 1.528223290806451251e+00
8.280000000000000000e+02 1.528245611969644369e+00
8.290000000000000000e+02 1.528267929843214024e+00
8.300000000000000000e+02 1.528290244427160438e+00
8.310000000000000000e+02 1.528312555721483168e+00
8.320000000000000000e+02 1.528334863726182657e+00
8.330000000000000000e+02 1.528357168441258906e+00
8.340000000000000000e+02 1.528379469866711471e+00
8.350000000000000000e+02 1.528401768002540795e+00
8.360000000000000000e+02 1.528424062848746656e+00
8.370000000000000000e+02 1.528446354405329055e+00
8.380000000000000000e+02 1.528468642672288214e+00
8.390000000000000000e+02 1.528490927649623909e+00
8.400000000000000000e+02 1.528513209337336143e+00
8.410000000000000000e+02 1.528535487735424914e+00
8.420000000000000000e+02 1.528557762843890444e+00
8.430000000000000000e+02 1.528580034662732512e+00
8.440000000000000000e+02 1.528602303191951117e+00
8.450000000000000000e+02 1.528624568431546260e+00
8.460000000000000000e+02 1.528646830381518162e+00
8.470000000000000000e+02 1.528669089041866602e+00
8.480000000000000000e+02 1.528691344412591580e+00
8.490000000000000000e+02 1.528713596493693316e+00
8.500000000000000000e+02 1.528735845285171591e+00
8.510000000000000000e+02 1.528758090787026402e+00
8.520000000000000000e+02 1.528780332999257752e+00
8.530000000000000000e+02 1.528802571921865860e+00
8.540000000000000000e+02 1.528824807554850507e+00
8.550000000000000000e+02 1.528847039898211690e+00
8.560000000000000000e+02 1.528869268951949412e+00
8.570000000000000000e+02 1.528891494716063892e+00
8.580000000000000000e+02 1.528913717190554911e+00
8.590000000000000000e+02 1.528935936375422466e+00
8.600000000000000000e+02 1.528958152270666560e+00
8.610000000000000000e+02 1.528980364876287412e+00
8.620000000000000000e+02 1.529002574192284802e+00
8.630000000000000000e+02 1.529024780218658730e+00
8.640000000000000000e+02 1.529046982955409417e+00
8.650000000000000000e+02 1.529069182402536642e+00
8.660000000000000000e+02 1.529091378560040404e+00
8.670000000000000000e+02 1.529113571427920704e+00
8.680000000000000000e+02 1.529135761006177763e+00
8.690000000000000000e+02 1.529157947294811359e+00
8.700000000000000000e+02 1.529180130293821493e+00
8.710000000000000000e+02 1.529202310003208165e+00
8.720000000000000000e+02 1.529224486422971596e+00
8.730000000000000000e+02 1.529246659553111565e+00
8.740000000000000000e+02 1.529268829393628071e+00
8.750000000000000000e+02 1.529290995944521114e+00
8.760000000000000000e+02 1.529313159205790917e+00
8.770000000000000000e+02 1.529335319177437258e+00
8.780000000000000000e+02 1.529357475859460358e+00
8.790000000000000000e+02 1.529379629251859773e+00
8.800000000000000000e+02 1.529401779354635948e+00
8.810000000000000000e+02 1.529423926167788661e+00
8.820000000000000000e+02 1.529446069691317911e+00
8.830000000000000000e+02 1.529468209925223920e+00
8.840000000000000000e+02 1.529490346869506467e+00
8.850000000000000000e+02 1.529512480524165552e+00
8.860000000000000000e+02 1.529534610889201174e+00
8.870000000000000000e+02 1.529556737964613555e+00
8.880000000000000000e+02 1.529578861750402474e+00
8.890000000000000000e+02 1.529600982246567931e+00
8.900000000000000000e+02 1.529623099453110147e+00
8.910000000000000000e+02 1.529645213370028900e+00
8.920000000000000000e+02 1.529667323997324191e+00
8.930000000000000000e+02 1.529689431334996019e+00
8.940000000000000000e+02 1.529711535383044385e+00
8.950000000000000000e+02 1.529733636141469511e+00
8.960000000000000000e+02 1.529755733610271173e+00
8.970000000000000000e+02 1.529777827789449596e+00
8.980000000000000000e+02 1.529799918679004334e+00
8.990000000000000000e+02 1.529822006278935831e+00
9.000000000000000000e+02 1.529844090589243866e+00
9.010000000000000000e+02 1.529866171609928660e+00
9.020000000000000000e+02 1.529888249340989992e+00
9.030000000000000000e+02 1.529910323782427861e+00
9.040000000000000000e+02 1.529932394934242268e+00
9.050000000000000000e+02 1.529954462796433212e+00
9.060000000000000000e+02 1.529976527369000916e+00
9.070000000000000000e+02 1.529998588651945157e+00
9.080000000000000000e+02 1.530020646645266158e+00
9.090000000000000000e+02 1.530042701348963474e+00
9.100000000000000000e+02 1.530064752763037550e+00
9.110000000000000000e+02 1.530086800887488163e+00
9.120000000000000000e+02 1.530108845722315314e+00
9.130000000000000000e+02 1.530130887267519224e+00
9.140000000000000000e+02 1.530152925523099672e+00
9.150000000000000000e+02 1.530174960489056657e+00
9.160000000000000000e+02 1.530196992165390402e+00
9.170000000000000000e+02 1.530219020552100462e+00
9.180000000000000000e+02 1.530241045649187281e+00
9.190000000000000000e+02 1.530263067456650861e+00
9.200000000000000000e+02 1.530285085974490755e+00
9.210000000000000000e+02 1.530307101202707409e+00
9.220000000000000000e+02 1.530329113141300601e+00
9.230000000000000000e+02 1.530351121790270330e+00
9.240000000000000000e+02 1.530373127149616819e+00
9.250000000000000000e+02 1.530395129219339845e+00
9.260000000000000000e+02 1.530417127999439408e+00
9.270000000000000000e+02 1.530439123489915509e+00
9.280000000000000000e+02 1.530461115690768370e+00
9.290000000000000000e+02 1.530483104601997768e+00
9.300000000000000000e+02 1.530505090223603704e+00
9.310000000000000000e+02 1.530527072555586399e+00
9.320000000000000000e+02 1.530549051597945409e+00
9.330000000000000000e+02 1.530571027350681179e+00
9.340000000000000000e+02 1.530592999813793709e+00
9.350000000000000000e+02 1.530614968987282554e+00
9.360000000000000000e+02 1.530636934871148158e+00
9.370000000000000000e+02 1.530658897465390300e+00
9.380000000000000000e+02 1.530680856770008980e+00
9.390000000000000000e+02 1.530702812785004419e+00
9.400000000000000000e+02 1.530724765510376395e+00
9.410000000000000000e+02 1.530746714946124909e+00
9.420000000000000000e+02 1.530768661092249960e+00
9.430000000000000000e+02 1.530790603948751771e+00
9.440000000000000000e+02 1.530812543515630120e+00
9.450000000000000000e+02 1.530834479792885006e+00
9.460000000000000000e+02 1.530856412780516651e+00
9.470000000000000000e+02 1.530878342478524834e+00
9.480000000000000000e+02 1.530900268886909554e+00
9.490000000000000000e+02 1.530922192005670812e+00
9.500000000000000000e+02 1.530944111834808607e+00
9.510000000000000000e+02 1.530966028374323162e+00
9.520000000000000000e+02 1.530987941624214255e+00
9.530000000000000000e+02 1.531009851584482107e+00
9.540000000000000000e+02 1.531031758255126274e+00
9.550000000000000000e+02 1.531053661636147201e+00
9.560000000000000000e+02 1.531075561727544665e+00
9.570000000000000000e+02 1.531097458529318889e+00
9.580000000000000000e+02 1.531119352041469428e+00
9.590000000000000000e+02 1.531141242263996727e+00
9.600000000000000000e+02 1.531163129196900785e+00
9.610000000000000000e+02 1.531185012840181159e+00
9.620000000000000000e+02 1.531206893193838292e+00
9.630000000000000000e+02 1.531228770257871963e+00
9.640000000000000000e+02 1.531250644032282171e+00
9.650000000000000000e+02 1.531272514517069139e+00
9.660000000000000000e+02 1.531294381712232644e+00
9.670000000000000000e+02 1.531316245617772687e+00
9.680000000000000000e+02 1.531338106233689267e+00
9.690000000000000000e+02 1.531359963559982607e+00
9.700000000000000000e+02 1.531381817596652484e+00
9.710000000000000000e+02 1.531403668343698898e+00
9.720000000000000000e+02 1.531425515801121851e+00
9.730000000000000000e+02 1.531447359968921562e+00
9.740000000000000000e+02 1.531469200847097811e+00
9.750000000000000000e+02 1.531491038435650598e+00
9.760000000000000000e+02 1.531512872734580144e+00
9.770000000000000000e+02 1.531534703743886228e+00
9.780000000000000000e+02 1.531556531463568849e+00
9.790000000000000000e+02 1.531578355893628007e+00
9.800000000000000000e+02 1.531600177034063925e+00
9.810000000000000000e+02 1.531621994884876159e+00
9.820000000000000000e+02 1.531643809446065152e+00
9.830000000000000000e+02 1.531665620717630905e+00
9.840000000000000000e+02 1.531687428699573195e+00
9.850000000000000000e+02 1.531709233391891800e+00
9.860000000000000000e+02 1.531731034794587387e+00
9.870000000000000000e+02 1.531752832907659290e+00
9.880000000000000000e+02 1.531774627731107952e+00
9.890000000000000000e+02 1.531796419264933151e+00
9.900000000000000000e+02 1.531818207509134888e+00
9.910000000000000000e+02 1.531839992463713385e+00
9.920000000000000000e+02 1.531861774128668197e+00
9.930000000000000000e+02 1.531883552503999990e+00
9.940000000000000000e+02 1.531905327589708099e+00
9.950000000000000000e+02 1.531927099385792745e+00
9.960000000000000000e+02 1.531948867892254151e+00
9.970000000000000000e+02 1.531970633109092095e+00
9.980000000000000000e+02 1.531992395036306798e+00
9.990000000000000000e+02 1.532014153673897816e+00
1.000000000000000000e+03 1.532035909021865594e+00
1.001000000000000000e+03 1.532057661080210131e+00
1.002000000000000000e+03 1.532079409848930984e+00
1.003000000000000000e+03 1.532101155328028597e+00
1.004000000000000000e+03 1.532122897517502746e+00
1.005000000000000000e+03 1.532144636417353434e+00
1.006000000000000000e+03 1.532166372027580881e+00
1.007000000000000000e+03 1.532188104348184865e+00
1.008000000000000000e+03 1.532209833379165387e+00
1.009000000000000000e+03 1.532231559120522446e+00
1.010000000000000000e+03 1.532253281572256265e+00
1.011000000000000000e+03 1.532275000734366399e+00
1.012000000000000000e+03 1.532296716606853515e+00
1.013000000000000000e+03 1.532318429189716946e+00
1.014000000000000000e+03 1.532340138482957137e+00
1.015000000000000000e+03 1.532361844486573865e+00
1.016000000000000000e+03 1.532383547200567131e+00
1.017000000000000000e+03 1.532405246624936934e+00
1.018000000000000000e+03 1.532426942759683497e+00
1.019000000000000000e+03 1.532448635604806597e+00
1.020000000000000000e+03 1.532470325160306235e+00
1.021000000000000000e+03 1.532492011426182632e+00
