# order=11: data_wav [pixel], data_wavsolution [micron]
3.000000000000000000e+00 1.692595283181769883e+00
4.000000000000000000e+00 1.692616040097667529e+00
5.000000000000000000e+00 1.692636788252972257e+00
6.000000000000000000e+00 1.692657527647683402e+00
7.000000000000000000e+00 1.692678258281801629e+00
8.000000000000000000e+00 1.692698980155326494e+00
9.000000000000000000e+00 1.692719693268258219e+00
1.000000000000000000e+01 1.692740397620596804e+00
1.100000000000000000e+01 1.692761093212342027e+00
1.200000000000000000e+01 1.692781780043494333e+00
1.300000000000000000e+01 1.692802458114053277e+00
1.400000000000000000e+01 1.692823127424018859e+00
1.500000000000000000e+01 1.692843787973391301e+00
1.600000000000000000e+01 1.692864439762170825e+00
1.700000000000000000e+01 1.692885082790356766e+00
1.800000000000000000e+01 1.692905717057949788e+00
1.900000000000000000e+01 1.692926342564949449e+00
2.000000000000000000e+01 1.692946959311355970e+00
2.100000000000000000e+01 1.692967567297169351e+00
2.200000000000000000e+01 1.692988166522389371e+00
2.300000000000000000e+01 1.693008756987016250e+00
2.400000000000000000e+01 1.693029338691049990e+00
2.500000000000000000e+01 1.693049911634490368e+00
2.600000000000000000e+01 1.693070475817337828e+00
2.700000000000000000e+01 1.693091031239591704e+00
2.800000000000000000e+01 1.693111577901252662e+00
2.900000000000000000e+01 1.693132115802320481e+00
3.000000000000000000e+01 1.693152644942794938e+00
3.100000000000000000e+01 1.693173165322676033e+00
3.200000000000000000e+01 1.693193676941964210e+00
3.300000000000000000e+01 1.693214179800659025e+00
3.400000000000000000e+01 1.693234673898760700e+00
3.500000000000000000e+01 1.693255159236269236e+00
3.600000000000000000e+01 1.693275635813184410e+00
3.700000000000000000e+01 1.693296103629506444e+00
3.800000000000000000e+01 1.693316562685235338e+00
3.900000000000000000e+01 1.693337012980371092e+00
4.000000000000000000e+01 1.693357454514913485e+00
4.100000000000000000e+01 1.693377887288862738e+00
4.200000000000000000e+01 1.693398311302218850e+00
4.300000000000000000e+01 1.693418726554981601e+00
4.400000000000000000e+01 1.693439133047151213e+00
4.500000000000000000e+01 1.693459530778727684e+00
4.600000000000000000e+01 1.693479919749711016e+00
4.700000000000000000e+01 1.693500299960100985e+00
4.800000000000000000e+01 1.693520671409897815e+00
4.900000000000000000e+01 1.693541034099101505e+00
5.000000000000000000e+01 1.693561388027712056e+00
5.100000000000000000e+01 1.693581733195729244e+00
5.200000000000000000e+01 1.693602069603153293e+00
5.300000000000000000e+01 1.693622397249983980e+00
5.400000000000000000e+01 1.693642716136221749e+00
5.500000000000000000e+01 1.693663026261866156e+00
5.600000000000000000e+01 1.693683327626917201e+00
5.700000000000000000e+01 1.693703620231375329e+00
5.800000000000000000e+01 1.693723904075240094e+00
5.900000000000000000e+01 1.693744179158511720e+00
6.000000000000000000e+01 1.693764445481190206e+00
6.100000000000000000e+01 1.693784703043275330e+00
6.200000000000000000e+01 1.693804951844767315e+00
6.300000000000000000e+01 1.693825191885666159e+00
6.400000000000000000e+01 1.693845423165971864e+00
6.500000000000000000e+01 1.693865645685684207e+00
6.600000000000000000e+01 1.693885859444803410e+00
6.700000000000000000e+01 1.693906064443329251e+00
6.800000000000000000e+01 1.693926260681262175e+00
6.900000000000000000e+01 1.693946448158601736e+00
7.000000000000000000e+01 1.693966626875348158e+00
7.100000000000000000e+01 1.693986796831501218e+00
7.200000000000000000e+01 1.694006958027061360e+00
7.300000000000000000e+01 1.694027110462028141e+00
7.400000000000000000e+01 1.694047254136401559e+00
7.500000000000000000e+01 1.694067389050182060e+00
7.600000000000000000e+01 1.694087515203369199e+00
7.700000000000000000e+01 1.694107632595963198e+00
7.800000000000000000e+01 1.694127741227963835e+00
7.900000000000000000e+01 1.694147841099371554e+00
8.000000000000000000e+01 1.694167932210185912e+00
8.100000000000000000e+01 1.694188014560406907e+00
8.200000000000000000e+01 1.694208088150034985e+00
8.300000000000000000e+01 1.694228152979069701e+00
8.400000000000000000e+01 1.694248209047511278e+00
8.500000000000000000e+01 1.694268256355359492e+00
8.600000000000000000e+01 1.694288294902614789e+00
8.700000000000000000e+01 1.694308324689276724e+00
8.800000000000000000e+01 1.694328345715345518e+00
8.900000000000000000e+01 1.694348357980820952e+00
9.000000000000000000e+01 1.694368361485703245e+00
9.100000000000000000e+01 1.694388356229992398e+00
9.200000000000000000e+01 1.694408342213688412e+00
9.300000000000000000e+01 1.694428319436791064e+00
9.400000000000000000e+01 1.694448287899300576e+00
9.500000000000000000e+01 1.694468247601216948e+00
9.600000000000000000e+01 1.694488198542540180e+00
9.700000000000000000e+01 1.694508140723270051e+00
9.800000000000000000e+01 1.694528074143406782e+00
9.900000000000000000e+01 1.694547998802950151e+00
1.000000000000000000e+02 1.694567914701900602e+00
1.010000000000000000e+02 1.694587821840257691e+00
1.020000000000000000e+02 1.694607720218021640e+00
1.030000000000000000e+02 1.694627609835192228e+00
1.040000000000000000e+02 1.694647490691769898e+00
1.050000000000000000e+02 1.694667362787753984e+00
1.060000000000000000e+02 1.694687226123145152e+00
1.070000000000000000e+02 1.694707080697943180e+00
1.080000000000000000e+02 1.694726926512147847e+00
1.090000000000000000e+02 1.694746763565759373e+00
1.100000000000000000e+02 1.694766591858777538e+00
1.110000000000000000e+02 1.694786411391202563e+00
1.120000000000000000e+02 1.694806222163034448e+00
1.130000000000000000e+02 1.694826024174273194e+00
1.140000000000000000e+02 1.694845817424918799e+00
1.150000000000000000e+02 1.694865601914971043e+00
1.160000000000000000e+02 1.694885377644430147e+00
1.170000000000000000e+02 1.694905144613295889e+00
1.180000000000000000e+02 1.694924902821568713e+00
1.190000000000000000e+02 1.694944652269248175e+00
1.200000000000000000e+02 1.694964392956334276e+00
1.210000000000000000e+02 1.694984124882827459e+00
1.220000000000000000e+02 1.695003848048727280e+00
1.230000000000000000e+02 1.695023562454033961e+00
1.240000000000000000e+02 1.695043268098747502e+00
1.250000000000000000e+02 1.695062964982867681e+00
1.260000000000000000e+02 1.695082653106394721e+00
1.270000000000000000e+02 1.695102332469328621e+00
1.280000000000000000e+02 1.695122003071669159e+00
1.290000000000000000e+02 1.695141664913416557e+00
1.300000000000000000e+02 1.695161317994570815e+00
1.310000000000000000e+02 1.695180962315131934e+00
1.320000000000000000e+02 1.695200597875099691e+00
1.330000000000000000e+02 1.695220224674474307e+00
1.340000000000000000e+02 1.695239842713255785e+00
1.350000000000000000e+02 1.695259451991444122e+00
1.360000000000000000e+02 1.695279052509039097e+00
1.370000000000000000e+02 1.695298644266040933e+00
1.380000000000000000e+02 1.695318227262449629e+00
1.390000000000000000e+02 1.695337801498264962e+00
1.400000000000000000e+02 1.695357366973487157e+00
1.410000000000000000e+02 1.695376923688116211e+00
1.420000000000000000e+02 1.695396471642152125e+00
1.430000000000000000e+02 1.695416010835594678e+00
1.440000000000000000e+02 1.695435541268444091e+00
1.450000000000000000e+02 1.695455062940700364e+00
1.460000000000000000e+02 1.695474575852363275e+00
1.470000000000000000e+02 1.695494080003433046e+00
1.480000000000000000e+02 1.695513575393909678e+00
1.490000000000000000e+02 1.695533062023793169e+00
1.500000000000000000e+02 1.695552539893083299e+00
1.510000000000000000e+02 1.695572009001780289e+00
1.520000000000000000e+02 1.695591469349884139e+00
1.530000000000000000e+02 1.695610920937394628e+00
1.540000000000000000e+02 1.695630363764311976e+00
1.550000000000000000e+02 1.695649797830636185e+00
1.560000000000000000e+02 1.695669223136367254e+00
1.570000000000000000e+02 1.695688639681504961e+00
1.580000000000000000e+02 1.695708047466049528e+00
1.590000000000000000e+02 1.695727446490000956e+00
1.600000000000000000e+02 1.695746836753359021e+00
1.610000000000000000e+02 1.695766218256124169e+00
1.620000000000000000e+02 1.695785590998295733e+00
1.630000000000000000e+02 1.695804954979874379e+00
1.640000000000000000e+02 1.695824310200859664e+00
1.650000000000000000e+02 1.695843656661252030e+00
1.660000000000000000e+02 1.695862994361050813e+00
1.670000000000000000e+02 1.695882323300256678e+00
1.680000000000000000e+02 1.695901643478869181e+00
1.690000000000000000e+02 1.695920954896888544e+00
1.700000000000000000e+02 1.695940257554314767e+00
1.710000000000000000e+02 1.695959551451147629e+00
1.720000000000000000e+02 1.695978836587387351e+00
1.730000000000000000e+02 1.695998112963033932e+00
1.740000000000000000e+02 1.696017380578087375e+00
1.750000000000000000e+02 1.696036639432547455e+00
1.760000000000000000e+02 1.696055889526414395e+00
1.770000000000000000e+02 1.696075130859687974e+00
1.780000000000000000e+02 1.696094363432368635e+00
1.790000000000000000e+02 1.696113587244455934e+00
1.800000000000000000e+02 1.696132802295950093e+00
1.810000000000000000e+02 1.696152008586850890e+00
1.820000000000000000e+02 1.696171206117158770e+00
1.830000000000000000e+02 1.696190394886873287e+00
1.840000000000000000e+02 1.696209574895994443e+00
1.850000000000000000e+02 1.696228746144522681e+00
1.860000000000000000e+02 1.696247908632457557e+00
1.870000000000000000e+02 1.696267062359799294e+00
1.880000000000000000e+02 1.696286207326547668e+00
1.890000000000000000e+02 1.696305343532703125e+00
1.900000000000000000e+02 1.696324470978265220e+00
1.910000000000000000e+02 1.696343589663234175e+00
1.920000000000000000e+02 1.696362699587609768e+00
1.930000000000000000e+02 1.696381800751392221e+00
1.940000000000000000e+02 1.696400893154581535e+00
1.950000000000000000e+02 1.696419976797177709e+00
1.960000000000000000e+02 1.696439051679180521e+00
1.970000000000000000e+02 1.696458117800590193e+00
1.980000000000000000e+02 1.696477175161406725e+00
1.990000000000000000e+02 1.696496223761629896e+00
2.000000000000000000e+02 1.696515263601260148e+00
2.010000000000000000e+02 1.696534294680297039e+00
2.020000000000000000e+02 1.696553316998740568e+00
2.030000000000000000e+02 1.696572330556591179e+00
2.040000000000000000e+02 1.696591335353848429e+00
2.050000000000000000e+02 1.696610331390512538e+00
2.060000000000000000e+02 1.696629318666583286e+00
2.070000000000000000e+02 1.696648297182060894e+00
2.080000000000000000e+02 1.696667266936945362e+00
2.090000000000000000e+02 1.696686227931236690e+00
2.100000000000000000e+02 1.696705180164934657e+00
2.110000000000000000e+02 1.696724123638039483e+00
2.120000000000000000e+02 1.696743058350551170e+00
2.130000000000000000e+02 1.696761984302469717e+00
2.140000000000000000e+02 1.696780901493794902e+00
2.150000000000000000e+02 1.696799809924526947e+00
2.160000000000000000e+02 1.696818709594665853e+00
2.170000000000000000e+02 1.696837600504211396e+00
2.180000000000000000e+02 1.696856482653163800e+00
2.190000000000000000e+02 1.696875356041523064e+00
2.200000000000000000e+02 1.696894220669289188e+00
2.210000000000000000e+02 1.696913076536461951e+00
2.220000000000000000e+02 1.696931923643041573e+00
2.230000000000000000e+02 1.696950761989028056e+00
2.240000000000000000e+02 1.696969591574421177e+00
2.250000000000000000e+02 1.696988412399221158e+00
2.260000000000000000e+02 1.697007224463427999e+00
2.270000000000000000e+02 1.697026027767041700e+00
2.280000000000000000e+02 1.697044822310062040e+00
2.290000000000000000e+02 1.697063608092489240e+00
2.300000000000000000e+02 1.697082385114323300e+00
2.310000000000000000e+02 1.697101153375564220e+00
2.320000000000000000e+02 1.697119912876211778e+00
2.330000000000000000e+02 1.697138663616266196e+00
2.340000000000000000e+02 1.697157405595727253e+00
2.350000000000000000e+02 1.697176138814595392e+00
2.360000000000000000e+02 1.697194863272870169e+00
2.370000000000000000e+02 1.697213578970551806e+00
2.380000000000000000e+02 1.697232285907640081e+00
2.390000000000000000e+02 1.697250984084135217e+00
2.400000000000000000e+02 1.697269673500037213e+00
2.410000000000000000e+02 1.697288354155346068e+00
2.420000000000000000e+02 1.697307026050061562e+00
2.430000000000000000e+02 1.697325689184183917e+00
2.440000000000000000e+02 1.697344343557713131e+00
2.450000000000000000e+02 1.697362989170649206e+00
2.460000000000000000e+02 1.697381626022991918e+00
2.470000000000000000e+02 1.697400254114741491e+00
2.480000000000000000e+02 1.697418873445897924e+00
2.490000000000000000e+02 1.697437484016460996e+00
2.500000000000000000e+02 1.697456085826430927e+00
2.510000000000000000e+02 1.697474678875807719e+00
2.520000000000000000e+02 1.697493263164591371e+00
2.530000000000000000e+02 1.697511838692781660e+00
2.540000000000000000e+02 1.697530405460378811e+00
2.550000000000000000e+02 1.697548963467382821e+00
2.560000000000000000e+02 1.697567512713793469e+00
2.570000000000000000e+02 1.697586053199610978e+00
2.580000000000000000e+02 1.697604584924835347e+00
2.590000000000000000e+02 1.697623107889466576e+00
2.600000000000000000e+02 1.697641622093504443e+00
2.610000000000000000e+02 1.697660127536949171e+00
2.620000000000000000e+02 1.697678624219800758e+00
2.630000000000000000e+02 1.697697112142058984e+00
2.640000000000000000e+02 1.697715591303724292e+00
2.650000000000000000e+02 1.697734061704796016e+00
2.660000000000000000e+02 1.697752523345274822e+00
2.670000000000000000e+02 1.697770976225160267e+00
2.680000000000000000e+02 1.697789420344452571e+00
2.690000000000000000e+02 1.697807855703151736e+00
2.700000000000000000e+02 1.697826282301257761e+00
2.710000000000000000e+02 1.697844700138770424e+00
2.720000000000000000e+02 1.697863109215689947e+00
2.730000000000000000e+02 1.697881509532016331e+00
2.740000000000000000e+02 1.697899901087749353e+00
2.750000000000000000e+02 1.697918283882889234e+00
2.760000000000000000e+02 1.697936657917435976e+00
2.770000000000000000e+02 1.697955023191389357e+00
2.780000000000000000e+02 1.697973379704749819e+00
2.790000000000000000e+02 1.697991727457516697e+00
2.800000000000000000e+02 1.698010066449690658e+00
2.810000000000000000e+02 1.698028396681271479e+00
2.820000000000000000e+02 1.698046718152258938e+00
2.830000000000000000e+02 1.698065030862653257e+00
2.840000000000000000e+02 1.698083334812454215e+00
2.850000000000000000e+02 1.698101630001662032e+00
2.860000000000000000e+02 1.698119916430276710e+00
2.870000000000000000e+02 1.698138194098298248e+00
2.880000000000000000e+02 1.698156463005726424e+00
2.890000000000000000e+02 1.698174723152561683e+00
2.900000000000000000e+02 1.698192974538803357e+00
2.910000000000000000e+02 1.698211217164452114e+00
2.920000000000000000e+02 1.698229451029507509e+00
2.930000000000000000e+02 1.698247676133969764e+00
2.940000000000000000e+02 1.698265892477838879e+00
2.950000000000000000e+02 1.698284100061114854e+00
2.960000000000000000e+02 1.698302298883797468e+00
2.970000000000000000e+02 1.698320488945886941e+00
2.980000000000000000e+02 1.698338670247383053e+00
2.990000000000000000e+02 1.698356842788286247e+00
3.000000000000000000e+02 1.698375006568596080e+00
3.010000000000000000e+02 1.698393161588312550e+00
3.020000000000000000e+02 1.698411307847436102e+00
3.030000000000000000e+02 1.698429445345966293e+00
3.040000000000000000e+02 1.698447574083903344e+00
3.050000000000000000e+02 1.698465694061247255e+00
3.060000000000000000e+02 1.698483805277997805e+00
3.070000000000000000e+02 1.698501907734155214e+00
3.080000000000000000e+02 1.698520001429719484e+00
3.090000000000000000e+02 1.698538086364690392e+00
3.100000000000000000e+02 1.698556162539068382e+00
3.110000000000000000e+02 1.698574229952853010e+00
3.120000000000000000e+02 1.698592288606044276e+00
3.130000000000000000e+02 1.698610338498642625e+00
3.140000000000000000e+02 1.698628379630647611e+00
3.150000000000000000e+02 1.698646412002059236e+00
3.160000000000000000e+02 1.698664435612877943e+00
3.170000000000000000e+02 1.698682450463103288e+00
3.180000000000000000e+02 1.698700456552735494e+00
3.190000000000000000e+02 1.698718453881774559e+00
3.200000000000000000e+02 1.698736442450220263e+00
3.210000000000000000e+02 1.698754422258072827e+00
3.220000000000000000e+02 1.698772393305332251e+00
3.230000000000000000e+02 1.698790355591998535e+00
3.240000000000000000e+02 1.698808309118071458e+00
3.250000000000000000e+02 1.698826253883551241e+00
3.260000000000000000e+02 1.698844189888437883e+00
3.270000000000000000e+02 1.698862117132731164e+00
3.280000000000000000e+02 1.698880035616431528e+00
3.290000000000000000e+02 1.698897945339538307e+00
3.300000000000000000e+02 1.698915846302052168e+00
3.310000000000000000e+02 1.698933738503972668e+00
3.320000000000000000e+02 1.698951621945300028e+00
3.330000000000000000e+02 1.698969496626034248e+00
3.340000000000000000e+02 1.698987362546175328e+00
3.350000000000000000e+02 1.699005219705723047e+00
3.360000000000000000e+02 1.699023068104677625e+00
3.370000000000000000e+02 1.699040907743038842e+00
3.380000000000000000e+02 1.699058738620807141e+00
3.390000000000000000e+02 1.699076560737982078e+00
3.400000000000000000e+02 1.699094374094563653e+00
3.410000000000000000e+02 1.699112178690552311e+00
3.420000000000000000e+02 1.699129974525947606e+00
3.430000000000000000e+02 1.699147761600749762e+00
3.440000000000000000e+02 1.699165539914958778e+00
3.450000000000000000e+02 1.699183309468574432e+00
3.460000000000000000e+02 1.699201070261596946e+00
3.470000000000000000e+02 1.699218822294026321e+00
3.480000000000000000e+02 1.699236565565862556e+00
3.490000000000000000e+02 1.699254300077105428e+00
3.500000000000000000e+02 1.699272025827755161e+00
3.510000000000000000e+02 1.699289742817811533e+00
3.520000000000000000e+02 1.699307451047274986e+00
3.530000000000000000e+02 1.699325150516145078e+00
3.540000000000000000e+02 1.699342841224422029e+00
3.550000000000000000e+02 1.699360523172105619e+00
3.560000000000000000e+02 1.699378196359196291e+00
3.570000000000000000e+02 1.699395860785693602e+00
3.580000000000000000e+02 1.699413516451597550e+00
3.590000000000000000e+02 1.699431163356908581e+00
3.600000000000000000e+02 1.699448801501626249e+00
3.610000000000000000e+02 1.699466430885750778e+00
3.620000000000000000e+02 1.699484051509281946e+00
3.630000000000000000e+02 1.699501663372220195e+00
3.640000000000000000e+02 1.699519266474565082e+00
3.650000000000000000e+02 1.699536860816316608e+00
3.660000000000000000e+02 1.699554446397475216e+00
3.670000000000000000e+02 1.699572023218040462e+00
3.680000000000000000e+02 1.699589591278012568e+00
3.690000000000000000e+02 1.699607150577391312e+00
3.700000000000000000e+02 1.699624701116177139e+00
3.710000000000000000e+02 1.699642242894369604e+00
3.720000000000000000e+02 1.699659775911968929e+00
3.730000000000000000e+02 1.699677300168974892e+00
3.740000000000000000e+02 1.699694815665387715e+00
3.750000000000000000e+02 1.699712322401207398e+00
3.760000000000000000e+02 1.699729820376433942e+00
3.770000000000000000e+02 1.699747309591067124e+00
3.780000000000000000e+02 1.699764790045107166e+00
3.790000000000000000e+02 1.699782261738554068e+00
3.800000000000000000e+02 1.699799724671407830e+00
3.810000000000000000e+02 1.699817178843668231e+00
3.820000000000000000e+02 1.699834624255335491e+00
3.830000000000000000e+02 1.699852060906409390e+00
3.840000000000000000e+02 1.699869488796890371e+00
3.850000000000000000e+02 1.699886907926777990e+00
3.860000000000000000e+02 1.699904318296072470e+00
3.870000000000000000e+02 1.699921719904773587e+00
3.880000000000000000e+02 1.699939112752881787e+00
3.890000000000000000e+02 1.699956496840396403e+00
3.900000000000000000e+02 1.699973872167318101e+00
3.910000000000000000e+02 1.699991238733646659e+00
3.920000000000000000e+02 1.700008596539381855e+00
3.930000000000000000e+02 1.700025945584523912e+00
3.940000000000000000e+02 1.700043285869072607e+00
3.950000000000000000e+02 1.700060617393028162e+00
3.960000000000000000e+02 1.700077940156390577e+00
3.970000000000000000e+02 1.700095254159159852e+00
3.980000000000000000e+02 1.700112559401335988e+00
3.990000000000000000e+02 1.700129855882918761e+00
4.000000000000000000e+02 1.700147143603908395e+00
4.010000000000000000e+02 1.700164422564304667e+00
4.020000000000000000e+02 1.700181692764108021e+00
4.030000000000000000e+02 1.700198954203318014e+00
4.040000000000000000e+02 1.700216206881934644e+00
4.050000000000000000e+02 1.700233450799958357e+00
4.060000000000000000e+02 1.700250685957388708e+00
4.070000000000000000e+02 1.700267912354225919e+00
4.080000000000000000e+02 1.700285129990469768e+00
4.090000000000000000e+02 1.700302338866120699e+00
4.100000000000000000e+02 1.700319538981178269e+00
4.110000000000000000e+02 1.700336730335642699e+00
4.120000000000000000e+02 1.700353912929513767e+00
4.130000000000000000e+02 1.700371086762791695e+00
4.140000000000000000e+02 1.700388251835476483e+00
4.150000000000000000e+02 1.700405408147568131e+00
4.160000000000000000e+02 1.700422555699066418e+00
4.170000000000000000e+02 1.700439694489971565e+00
4.180000000000000000e+02 1.700456824520283572e+00
4.190000000000000000e+02 1.700473945790002439e+00
4.200000000000000000e+02 1.700491058299127944e+00
4.210000000000000000e+02 1.700508162047660310e+00
4.220000000000000000e+02 1.700525257035599536e+00
4.230000000000000000e+02 1.700542343262945399e+00
4.240000000000000000e+02 1.700559420729698124e+00
4.250000000000000000e+02 1.700576489435857708e+00
4.260000000000000000e+02 1.700593549381424152e+00
4.270000000000000000e+02 1.700610600566397235e+00
4.280000000000000000e+02 1.700627642990777177e+00
4.290000000000000000e+02 1.700644676654563758e+00
4.300000000000000000e+02 1.700661701557757421e+00
4.310000000000000000e+02 1.700678717700357723e+00
4.320000000000000000e+02 1.700695725082364884e+00
4.330000000000000000e+02 1.700712723703778906e+00
4.340000000000000000e+02 1.700729713564599566e+00
4.350000000000000000e+02 1.700746694664827086e+00
4.360000000000000000e+02 1.700763667004461466e+00
4.370000000000000000e+02 1.700780630583502484e+00
4.380000000000000000e+02 1.700797585401950363e+00
4.390000000000000000e+02 1.700814531459805101e+00
4.400000000000000000e+02 1.700831468757066700e+00
4.410000000000000000e+02 1.700848397293734937e+00
4.420000000000000000e+02 1.700865317069810034e+00
4.430000000000000000e+02 1.700882228085291992e+00
4.440000000000000000e+02 1.700899130340180587e+00
4.450000000000000000e+02 1.700916023834476043e+00
4.460000000000000000e+02 1.700932908568178359e+00
4.470000000000000000e+02 1.700949784541287535e+00
4.480000000000000000e+02 1.700966651753803349e+00
4.490000000000000000e+02 1.700983510205726024e+00
4.500000000000000000e+02 1.701000359897055558e+00
4.510000000000000000e+02 1.701017200827791953e+00
4.520000000000000000e+02 1.701034032997934986e+00
4.530000000000000000e+02 1.701050856407484879e+00
4.540000000000000000e+02 1.701067671056441633e+00
4.550000000000000000e+02 1.701084476944805024e+00
4.560000000000000000e+02 1.701101274072575276e+00
4.570000000000000000e+02 1.701118062439752388e+00
4.580000000000000000e+02 1.701134842046336137e+00
4.590000000000000000e+02 1.701151612892326970e+00
4.600000000000000000e+02 1.701168374977724440e+00
4.610000000000000000e+02 1.701185128302528549e+00
4.620000000000000000e+02 1.701201872866739739e+00
4.630000000000000000e+02 1.701218608670357568e+00
4.640000000000000000e+02 1.701235335713382257e+00
4.650000000000000000e+02 1.701252053995813585e+00
4.660000000000000000e+02 1.701268763517651994e+00
4.670000000000000000e+02 1.701285464278897042e+00
4.680000000000000000e+02 1.701302156279548727e+00
4.690000000000000000e+02 1.701318839519607495e+00
4.700000000000000000e+02 1.701335513999072901e+00
4.710000000000000000e+02 1.701352179717945168e+00
4.720000000000000000e+02 1.701368836676224072e+00
4.730000000000000000e+02 1.701385484873910059e+00
4.740000000000000000e+02 1.701402124311002684e+00
4.750000000000000000e+02 1.701418754987502169e+00
4.760000000000000000e+02 1.701435376903408292e+00
4.770000000000000000e+02 1.701451990058721275e+00
4.780000000000000000e+02 1.701468594453441119e+00
4.790000000000000000e+02 1.701485190087567823e+00
4.800000000000000000e+02 1.701501776961101164e+00
4.810000000000000000e+02 1.701518355074041366e+00
4.820000000000000000e+02 1.701534924426388429e+00
4.830000000000000000e+02 1.701551485018142129e+00
4.840000000000000000e+02 1.701568036849302912e+00
4.850000000000000000e+02 1.701584579919870333e+00
4.860000000000000000e+02 1.701601114229844391e+00
4.870000000000000000e+02 1.701617639779225533e+00
4.880000000000000000e+02 1.701634156568013312e+00
4.890000000000000000e+02 1.701650664596207729e+00
4.900000000000000000e+02 1.701667163863809229e+00
4.910000000000000000e+02 1.701683654370817367e+00
4.920000000000000000e+02 1.701700136117232365e+00
4.930000000000000000e+02 1.701716609103054223e+00
4.940000000000000000e+02 1.701733073328282719e+00
4.950000000000000000e+02 1.701749528792918076e+00
4.960000000000000000e+02 1.701765975496960293e+00
4.970000000000000000e+02 1.701782413440409369e+00
4.980000000000000000e+02 1.701798842623265084e+00
4.990000000000000000e+02 1.701815263045527660e+00
5.000000000000000000e+02 1.701831674707197095e+00
5.010000000000000000e+02 1.701848077608273169e+00
5.020000000000000000e+02 1.701864471748756102e+00
5.030000000000000000e+02 1.701880857128645896e+00
5.040000000000000000e+02 1.701897233747942551e+00
5.050000000000000000e+02 1.701913601606645843e+00
5.060000000000000000e+02 1.701929960704755995e+00
5.070000000000000000e+02 1.701946311042273008e+00
5.080000000000000000e+02 1.701962652619196659e+00
5.090000000000000000e+02 1.701978985435527170e+00
5.100000000000000000e+02 1.701995309491264541e+00
5.110000000000000000e+02 1.702011624786408772e+00
5.120000000000000000e+02 1.702027931320959642e+00
5.130000000000000000e+02 1.702044229094917371e+00
5.140000000000000000e+02 1.702060518108281961e+00
5.150000000000000000e+02 1.702076798361053189e+00
5.160000000000000000e+02 1.702093069853231500e+00
5.170000000000000000e+02 1.702109332584816448e+00
5.180000000000000000e+02 1.702125586555808034e+00
5.190000000000000000e+02 1.702141831766206703e+00
5.200000000000000000e+02 1.702158068216012010e+00
5.210000000000000000e+02 1.702174295905223955e+00
5.220000000000000000e+02 1.702190514833842983e+00
5.230000000000000000e+02 1.702206725001868648e+00
5.240000000000000000e+02 1.702222926409301174e+00
5.250000000000000000e+02 1.702239119056140559e+00
5.260000000000000000e+02 1.702255302942386583e+00
5.270000000000000000e+02 1.702271478068039468e+00
5.280000000000000000e+02 1.702287644433099212e+00
5.290000000000000000e+02 1.702303802037565816e+00
5.300000000000000000e+02 1.702319950881439059e+00
5.310000000000000000e+02 1.702336090964719162e+00
5.320000000000000000e+02 1.702352222287406125e+00
5.330000000000000000e+02 1.702368344849499726e+00
5.340000000000000000e+02 1.702384458651000188e+00
5.350000000000000000e+02 1.702400563691907509e+00
5.360000000000000000e+02 1.702416659972221691e+00
5.370000000000000000e+02 1.702432747491942511e+00
5.380000000000000000e+02 1.702448826251070191e+00
5.390000000000000000e+02 1.702464896249604731e+00
5.400000000000000000e+02 1.702480957487545910e+00
5.410000000000000000e+02 1.702497009964893948e+00
5.420000000000000000e+02 1.702513053681648847e+00
5.430000000000000000e+02 1.702529088637810606e+00
5.440000000000000000e+02 1.702545114833379003e+00
5.450000000000000000e+02 1.702561132268354260e+00
5.460000000000000000e+02 1.702577140942736378e+00
5.470000000000000000e+02 1.702593140856525133e+00
5.480000000000000000e+02 1.702609132009720749e+00
5.490000000000000000e+02 1.702625114402323225e+00
5.500000000000000000e+02 1.702641088034332562e+00
5.510000000000000000e+02 1.702657052905748536e+00
5.520000000000000000e+02 1.702673009016571370e+00
5.530000000000000000e+02 1.702688956366801065e+00
5.540000000000000000e+02 1.702704894956437620e+00
5.550000000000000000e+02 1.702720824785480813e+00
5.560000000000000000e+02 1.702736745853930866e+00
5.570000000000000000e+02 1.702752658161787558e+00
5.580000000000000000e+02 1.702768561709051331e+00
5.590000000000000000e+02 1.702784456495721743e+00
5.600000000000000000e+02 1.702800342521799015e+00
5.610000000000000000e+02 1.702816219787282925e+00
5.620000000000000000e+02 1.702832088292173696e+00
5.630000000000000000e+02 1.702847948036471326e+00
5.640000000000000000e+02 1.702863799020175817e+00
5.650000000000000000e+02 1.702879641243286946e+00
5.660000000000000000e+02 1.702895474705805157e+00
5.670000000000000000e+02 1.702911299407729784e+00
5.680000000000000000e+02 1.702927115349061493e+00
5.690000000000000000e+02 1.702942922529799841e+00
5.700000000000000000e+02 1.702958720949945048e+00
5.710000000000000000e+02 1.702974510609497116e+00
5.720000000000000000e+02 1.702990291508455822e+00
5.730000000000000000e+02 1.703006063646821389e+00
5.740000000000000000e+02 1.703021827024593815e+00
5.750000000000000000e+02 1.703037581641773102e+00
5.760000000000000000e+02 1.703053327498359026e+00
5.770000000000000000e+02 1.703069064594351811e+00
5.780000000000000000e+02 1.703084792929751456e+00
5.790000000000000000e+02 1.703100512504557740e+00
5.800000000000000000e+02 1.703116223318771105e+00
5.810000000000000000e+02 1.703131925372390887e+00
5.820000000000000000e+02 1.703147618665417751e+00
5.830000000000000000e+02 1.703163303197851253e+00
5.840000000000000000e+02 1.703178978969691615e+00
5.850000000000000000e+02 1.703194645980938837e+00
5.860000000000000000e+02 1.703210304231592920e+00
5.870000000000000000e+02 1.703225953721653640e+00
5.880000000000000000e+02 1.703241594451121221e+00
5.890000000000000000e+02 1.703257226419995440e+00
5.900000000000000000e+02 1.703272849628276742e+00
5.910000000000000000e+02 1.703288464075964681e+00
5.920000000000000000e+02 1.703304069763059481e+00
5.930000000000000000e+02 1.703319666689560918e+00
5.940000000000000000e+02 1.703335254855469216e+00
5.950000000000000000e+02 1.703350834260784374e+00
5.960000000000000000e+02 1.703366404905506393e+00
5.970000000000000000e+02 1.703381966789635049e+00
5.980000000000000000e+02 1.703397519913170566e+00
5.990000000000000000e+02 1.703413064276112943e+00
6.000000000000000000e+02 1.703428599878462180e+00
6.010000000000000000e+02 1.703444126720218055e+00
6.020000000000000000e+02 1.703459644801380790e+00
6.030000000000000000e+02 1.703475154121950386e+00
6.040000000000000000e+02 1.703490654681926619e+00
6.050000000000000000e+02 1.703506146481309713e+00
6.060000000000000000e+02 1.703521629520099667e+00
6.070000000000000000e+02 1.703537103798296481e+00
6.080000000000000000e+02 1.703552569315899934e+00
6.090000000000000000e+02 1.703568026072910246e+00
6.100000000000000000e+02 1.703583474069327419e+00
6.110000000000000000e+02 1.703598913305151230e+00
6.120000000000000000e+02 1.703614343780381901e+00
6.130000000000000000e+02 1.703629765495019432e+00
6.140000000000000000e+02 1.703645178449063824e+00
6.150000000000000000e+02 1.703660582642514854e+00
6.160000000000000000e+02 1.703675978075372743e+00
6.170000000000000000e+02 1.703691364747637493e+00
6.180000000000000000e+02 1.703706742659308881e+00
6.190000000000000000e+02 1.703722111810387352e+00
6.200000000000000000e+02 1.703737472200872238e+00
6.210000000000000000e+02 1.703752823830764207e+00
6.220000000000000000e+02 1.703768166700062814e+00
6.230000000000000000e+02 1.703783500808768281e+00
6.240000000000000000e+02 1.703798826156880608e+00
6.250000000000000000e+02 1.703814142744399796e+00
6.260000000000000000e+02 1.703829450571325621e+00
6.270000000000000000e+02 1.703844749637658307e+00
6.280000000000000000e+02 1.703860039943397853e+00
6.290000000000000000e+02 1.703875321488544037e+00
6.300000000000000000e+02 1.703890594273097081e+00
6.310000000000000000e+02 1.703905858297056986e+00
6.320000000000000000e+02 1.703921113560423528e+00
6.330000000000000000e+02 1.703936360063197153e+00
6.340000000000000000e+02 1.703951597805377416e+00
6.350000000000000000e+02 1.703966826786964317e+00
6.360000000000000000e+02 1.703982047007958300e+00
6.370000000000000000e+02 1.703997258468358922e+00
6.380000000000000000e+02 1.704012461168166404e+00
6.390000000000000000e+02 1.704027655107380523e+00
6.400000000000000000e+02 1.704042840286001503e+00
6.410000000000000000e+02 1.704058016704029344e+00
6.420000000000000000e+02 1.704073184361464044e+00
6.430000000000000000e+02 1.704088343258305382e+00
6.440000000000000000e+02 1.704103493394553803e+00
6.450000000000000000e+02 1.704118634770208640e+00
6.460000000000000000e+02 1.704133767385270559e+00
6.470000000000000000e+02 1.704148891239739116e+00
6.480000000000000000e+02 1.704164006333614534e+00
6.490000000000000000e+02 1.704179112666896811e+00
6.500000000000000000e+02 1.704194210239585949e+00
6.510000000000000000e+02 1.704209299051681725e+00
6.520000000000000000e+02 1.704224379103184361e+00
6.530000000000000000e+02 1.704239450394093636e+00
6.540000000000000000e+02 1.704254512924409992e+00
6.550000000000000000e+02 1.704269566694132987e+00
6.560000000000000000e+02 1.704284611703262620e+00
6.570000000000000000e+02 1.704299647951799335e+00
6.580000000000000000e+02 1.704314675439742688e+00
6.590000000000000000e+02 1.704329694167092901e+00
6.600000000000000000e+02 1.704344704133849975e+00
6.610000000000000000e+02 1.704359705340013686e+00
6.620000000000000000e+02 1.704374697785584258e+00
6.630000000000000000e+02 1.704389681470561690e+00
6.640000000000000000e+02 1.704404656394945761e+00
6.650000000000000000e+02 1.704419622558736913e+00
6.660000000000000000e+02 1.704434579961934482e+00
6.670000000000000000e+02 1.704449528604539132e+00
6.680000000000000000e+02 1.704464468486550643e+00
6.690000000000000000e+02 1.704479399607968793e+00
6.700000000000000000e+02 1.704494321968793580e+00
6.710000000000000000e+02 1.704509235569025449e+00
6.720000000000000000e+02 1.704524140408663957e+00
6.730000000000000000e+02 1.704539036487709325e+00
6.740000000000000000e+02 1.704553923806161553e+00
6.750000000000000000e+02 1.704568802364020419e+00
6.760000000000000000e+02 1.704583672161286145e+00
6.770000000000000000e+02 1.704598533197958732e+00
6.780000000000000000e+02 1.704613385474038179e+00
6.790000000000000000e+02 1.704628228989524263e+00
6.800000000000000000e+02 1.704643063744417208e+00
6.810000000000000000e+02 1.704657889738717014e+00
6.820000000000000000e+02 1.704672706972423457e+00
6.830000000000000000e+02 1.704687515445536761e+00
6.840000000000000000e+02 1.704702315158056924e+00
6.850000000000000000e+02 1.704717106109983948e+00
6.860000000000000000e+02 1.704731888301317611e+00
6.870000000000000000e+02 1.704746661732058133e+00
6.880000000000000000e+02 1.704761426402205515e+00
6.890000000000000000e+02 1.704776182311759758e+00
6.900000000000000000e+02 1.704790929460720639e+00
6.910000000000000000e+02 1.704805667849088380e+00
6.920000000000000000e+02 1.704820397476862759e+00
6.930000000000000000e+02 1.704835118344044220e+00
6.940000000000000000e+02 1.704849830450632320e+00
6.950000000000000000e+02 1.704864533796627057e+00
6.960000000000000000e+02 1.704879228382028877e+00
6.970000000000000000e+02 1.704893914206837335e+00
6.980000000000000000e+02 1.704908591271052654e+00
6.990000000000000000e+02 1.704923259574674832e+00
7.000000000000000000e+02 1.704937919117703649e+00
7.010000000000000000e+02 1.704952569900139325e+00
7.020000000000000000e+02 1.704967211921981862e+00
7.030000000000000000e+02 1.704981845183231037e+00
7.040000000000000000e+02 1.704996469683887295e+00
7.050000000000000000e+02 1.705011085423950190e+00
7.060000000000000000e+02 1.705025692403419724e+00
7.070000000000000000e+02 1.705040290622296340e+00
7.080000000000000000e+02 1.705054880080579593e+00
7.090000000000000000e+02 1.705069460778269708e+00
7.100000000000000000e+02 1.705084032715366460e+00
7.110000000000000000e+02 1.705098595891870294e+00
7.120000000000000000e+02 1.705113150307780767e+00
7.130000000000000000e+02 1.705127695963097878e+00
7.140000000000000000e+02 1.705142232857822071e+00
7.150000000000000000e+02 1.705156760991952902e+00
7.160000000000000000e+02 1.705171280365490594e+00
7.170000000000000000e+02 1.705185790978434923e+00
7.180000000000000000e+02 1.705200292830786335e+00
7.190000000000000000e+02 1.705214785922544385e+00
7.200000000000000000e+02 1.705229270253709073e+00
7.210000000000000000e+02 1.705243745824280843e+00
7.220000000000000000e+02 1.705258212634259252e+00
7.230000000000000000e+02 1.705272670683644520e+00
7.240000000000000000e+02 1.705287119972436427e+00
7.250000000000000000e+02 1.705301560500635416e+00
7.260000000000000000e+02 1.705315992268241043e+00
7.270000000000000000e+02 1.705330415275253531e+00
7.280000000000000000e+02 1.705344829521672656e+00
7.290000000000000000e+02 1.705359235007498642e+00
7.300000000000000000e+02 1.705373631732731488e+00
7.310000000000000000e+02 1.705388019697371194e+00
7.320000000000000000e+02 1.705402398901417538e+00
7.330000000000000000e+02 1.705416769344870742e+00
7.340000000000000000e+02 1.705431131027730807e+00
7.350000000000000000e+02 1.705445483949997509e+00
7.360000000000000000e+02 1.705459828111671294e+00
7.370000000000000000e+02 1.705474163512751717e+00
7.380000000000000000e+02 1.705488490153238779e+00
7.390000000000000000e+02 1.705502808033132922e+00
7.400000000000000000e+02 1.705517117152433704e+00
7.410000000000000000e+02 1.705531417511141345e+00
7.420000000000000000e+02 1.705545709109255625e+00
7.430000000000000000e+02 1.705559991946776766e+00
7.440000000000000000e+02 1.705574266023704766e+00
7.450000000000000000e+02 1.705588531340039626e+00
7.460000000000000000e+02 1.705602787895781125e+00
7.470000000000000000e+02 1.705617035690929706e+00
7.480000000000000000e+02 1.705631274725484703e+00
7.490000000000000000e+02 1.705645504999446782e+00
7.500000000000000000e+02 1.705659726512815499e+00
7.510000000000000000e+02 1.705673939265591077e+00
7.520000000000000000e+02 1.705688143257773515e+00
7.530000000000000000e+02 1.705702338489362591e+00
7.540000000000000000e+02 1.705716524960358749e+00
7.550000000000000000e+02 1.705730702670761545e+00
7.560000000000000000e+02 1.705744871620570979e+00
7.570000000000000000e+02 1.705759031809787274e+00
7.580000000000000000e+02 1.705773183238410429e+00
7.590000000000000000e+02 1.705787325906440444e+00
7.600000000000000000e+02 1.705801459813877319e+00
7.610000000000000000e+02 1.705815584960720832e+00
7.620000000000000000e+02 1.705829701346971206e+00
7.630000000000000000e+02 1.705843808972628217e+00
7.640000000000000000e+02 1.705857907837692311e+00
7.650000000000000000e+02 1.705871997942163043e+00
7.660000000000000000e+02 1.705886079286040635e+00
7.670000000000000000e+02 1.705900151869324866e+00
7.680000000000000000e+02 1.705914215692015956e+00
7.690000000000000000e+02 1.705928270754113907e+00
7.700000000000000000e+02 1.705942317055618718e+00
7.710000000000000000e+02 1.705956354596530167e+00
7.720000000000000000e+02 1.705970383376848476e+00
7.730000000000000000e+02 1.705984403396573645e+00
7.740000000000000000e+02 1.705998414655705675e+00
7.750000000000000000e+02 1.706012417154244343e+00
7.760000000000000000e+02 1.706026410892189871e+00
7.770000000000000000e+02 1.706040395869542037e+00
7.780000000000000000e+02 1.706054372086301285e+00
7.790000000000000000e+02 1.706068339542467172e+00
7.800000000000000000e+02 1.706082298238039918e+00
7.810000000000000000e+02 1.706096248173019303e+00
7.820000000000000000e+02 1.706110189347405770e+00
7.830000000000000000e+02 1.706124121761198875e+00
7.840000000000000000e+02 1.706138045414398619e+00
7.850000000000000000e+02 1.706151960307005444e+00
7.860000000000000000e+02 1.706165866439018908e+00
7.870000000000000000e+02 1.706179763810439232e+00
7.880000000000000000e+02 1.706193652421266194e+00
7.890000000000000000e+02 1.706207532271500238e+00
7.900000000000000000e+02 1.706221403361140920e+00
7.910000000000000000e+02 1.706235265690188241e+00
7.920000000000000000e+02 1.706249119258642644e+00
7.930000000000000000e+02 1.706262964066503685e+00
7.940000000000000000e+02 1.706276800113771586e+00
7.950000000000000000e+02 1.706290627400446347e+00
7.960000000000000000e+02 1.706304445926527746e+00
7.970000000000000000e+02 1.706318255692016006e+00
7.980000000000000000e+02 1.706332056696911126e+00
7.990000000000000000e+02 1.706345848941212884e+00
8.000000000000000000e+02 1.706359632424921502e+00
8.010000000000000000e+02 1.706373407148036980e+00
8.020000000000000000e+02 1.706387173110559319e+00
8.030000000000000000e+02 1.706400930312488295e+00
8.040000000000000000e+02 1.706414678753824132e+00
8.050000000000000000e+02 1.706428418434566829e+00
8.060000000000000000e+02 1.706442149354716387e+00
8.070000000000000000e+02 1.706455871514272582e+00
8.080000000000000000e+02 1.706469584913235638e+00
8.090000000000000000e+02 1.706483289551605331e+00
8.100000000000000000e+02 1.706496985429382107e+00
8.110000000000000000e+02 1.706510672546565521e+00
8.120000000000000000e+02 1.706524350903155796e+00
8.130000000000000000e+02 1.706538020499152708e+00
8.140000000000000000e+02 1.706551681334556703e+00
8.150000000000000000e+02 1.706565333409367335e+00
8.160000000000000000e+02 1.706578976723584606e+00
8.170000000000000000e+02 1.706592611277208960e+00
8.180000000000000000e+02 1.706606237070239951e+00
8.190000000000000000e+02 1.706619854102677802e+00
8.200000000000000000e+02 1.706633462374522292e+00
8.210000000000000000e+02 1.706647061885773642e+00
8.220000000000000000e+02 1.706660652636431852e+00
8.230000000000000000e+02 1.706674234626496922e+00
8.240000000000000000e+02 1.706687807855968853e+00
8.250000000000000000e+02 1.706701372324847421e+00
8.260000000000000000e+02 1.706714928033132850e+00
8.270000000000000000e+02 1.706728474980824917e+00
8.280000000000000000e+02 1.706742013167924066e+00
8.290000000000000000e+02 1.706755542594429853e+00
8.300000000000000000e+02 1.706769063260342278e+00
8.310000000000000000e+02 1.706782575165661786e+00
8.320000000000000000e+02 1.706796078310387932e+00
8.330000000000000000e+02 1.706809572694520938e+00
8.340000000000000000e+02 1.706823058318060582e+00
8.350000000000000000e+02 1.706836535181007308e+00
8.360000000000000000e+02 1.706850003283360673e+00
8.370000000000000000e+02 1.706863462625120897e+00
8.380000000000000000e+02 1.706876913206287760e+00
8.390000000000000000e+02 1.706890355026861483e+00
8.400000000000000000e+02 1.706903788086842066e+00
8.410000000000000000e+02 1.706917212386229510e+00
8.420000000000000000e+02 1.706930627925023591e+00
8.430000000000000000e+02 1.706944034703224533e+00
8.440000000000000000e+02 1.706957432720832335e+00
8.450000000000000000e+02 1.706970821977846997e+00
8.460000000000000000e+02 1.706984202474268297e+00
8.470000000000000000e+02 1.706997574210096458e+00
8.480000000000000000e+02 1.707010937185331478e+00
8.490000000000000000e+02 1.707024291399973137e+00
8.500000000000000000e+02 1.707037636854021656e+00
8.510000000000000000e+02 1.707050973547477035e+00
8.520000000000000000e+02 1.707064301480339275e+00
8.530000000000000000e+02 1.707077620652608152e+00
8.540000000000000000e+02 1.707090931064283890e+00
8.550000000000000000e+02 1.707104232715366265e+00
8.560000000000000000e+02 1.707117525605855723e+00
8.570000000000000000e+02 1.707130809735751820e+00
8.580000000000000000e+02 1.707144085105054776e+00
8.590000000000000000e+02 1.707157351713764371e+00
8.600000000000000000e+02 1.707170609561881047e+00
8.610000000000000000e+02 1.707183858649404362e+00
8.620000000000000000e+02 1.707197098976334537e+00
8.630000000000000000e+02 1.707210330542671350e+00
8.640000000000000000e+02 1.707223553348415024e+00
8.650000000000000000e+02 1.707236767393565557e+00
8.660000000000000000e+02 1.707249972678122951e+00
8.670000000000000000e+02 1.707263169202086983e+00
8.680000000000000000e+02 1.707276356965457875e+00
8.690000000000000000e+02 1.707289535968235628e+00
8.700000000000000000e+02 1.707302706210420018e+00
8.710000000000000000e+02 1.707315867692011269e+00
8.720000000000000000e+02 1.707329020413009379e+00
8.730000000000000000e+02 1.707342164373414350e+00
8.740000000000000000e+02 1.707355299573225960e+00
8.750000000000000000e+02 1.707368426012444429e+00
8.760000000000000000e+02 1.707381543691069758e+00
8.770000000000000000e+02 1.707394652609101948e+00
8.780000000000000000e+02 1.707407752766540776e+00
8.790000000000000000e+02 1.707420844163386464e+00
8.800000000000000000e+02 1.707433926799639012e+00
8.810000000000000000e+02 1.707447000675298199e+00
8.820000000000000000e+02 1.707460065790364245e+00
8.830000000000000000e+02 1.707473122144837152e+00
8.840000000000000000e+02 1.707486169738716697e+00
8.850000000000000000e+02 1.707499208572003324e+00
8.860000000000000000e+02 1.707512238644696589e+00
8.870000000000000000e+02 1.707525259956796493e+00
8.880000000000000000e+02 1.707538272508303479e+00
8.890000000000000000e+02 1.707551276299217102e+00
8.900000000000000000e+02 1.707564271329537586e+00
8.910000000000000000e+02 1.707577257599264708e+00
8.920000000000000000e+02 1.707590235108398913e+00
8.930000000000000000e+02 1.707603203856939755e+00
8.940000000000000000e+02 1.707616163844887236e+00
8.950000000000000000e+02 1.707629115072241799e+00
8.960000000000000000e+02 1.707642057539003000e+00
8.970000000000000000e+02 1.707654991245171061e+00
8.980000000000000000e+02 1.707667916190745760e+00
8.990000000000000000e+02 1.707680832375727542e+00
9.000000000000000000e+02 1.707693739800115962e+00
9.010000000000000000e+02 1.707706638463911020e+00
9.020000000000000000e+02 1.707719528367113160e+00
9.030000000000000000e+02 1.707732409509721938e+00
9.040000000000000000e+02 1.707745281891737577e+00
9.050000000000000000e+02 1.707758145513160075e+00
9.060000000000000000e+02 1.707771000373989212e+00
9.070000000000000000e+02 1.707783846474225209e+00
9.080000000000000000e+02 1.707796683813868066e+00
9.090000000000000000e+02 1.707809512392917561e+00
9.100000000000000000e+02 1.707822332211374139e+00
9.110000000000000000e+02 1.707835143269237133e+00
9.120000000000000000e+02 1.707847945566507208e+00
9.130000000000000000e+02 1.707860739103183922e+00
9.140000000000000000e+02 1.707873523879267719e+00
9.150000000000000000e+02 1.707886299894757931e+00
9.160000000000000000e+02 1.707899067149655226e+00
9.170000000000000000e+02 1.707911825643959158e+00
9.180000000000000000e+02 1.707924575377669951e+00
9.190000000000000000e+02 1.707937316350787604e+00
9.200000000000000000e+02 1.707950048563311896e+00
9.210000000000000000e+02 1.707962772015243047e+00
9.220000000000000000e+02 1.707975486706581059e+00
9.230000000000000000e+02 1.707988192637325930e+00
9.240000000000000000e+02 1.708000889807477440e+00
9.250000000000000000e+02 1.708013578217035811e+00
9.260000000000000000e+02 1.708026257866001041e+00
9.270000000000000000e+02 1.708038928754372909e+00
9.280000000000000000e+02 1.708051590882151638e+00
9.290000000000000000e+02 1.708064244249337227e+00
9.300000000000000000e+02 1.708076888855929676e+00
9.310000000000000000e+02 1.708089524701928763e+00
9.320000000000000000e+02 1.708102151787334710e+00
9.330000000000000000e+02 1.708114770112147518e+00
9.340000000000000000e+02 1.708127379676366964e+00
9.350000000000000000e+02 1.708139980479993270e+00
9.360000000000000000e+02 1.708152572523026436e+00
9.370000000000000000e+02 1.708165155805466462e+00
9.380000000000000000e+02 1.708177730327313126e+00
9.390000000000000000e+02 1.708190296088566651e+00
9.400000000000000000e+02 1.708202853089227036e+00
9.410000000000000000e+02 1.708215401329294059e+00
9.420000000000000000e+02 1.708227940808768164e+00
9.430000000000000000e+02 1.708240471527648685e+00
9.440000000000000000e+02 1.708252993485936289e+00
9.450000000000000000e+02 1.708265506683630530e+00
9.460000000000000000e+02 1.708278011120731854e+00
9.470000000000000000e+02 1.708290506797239594e+00
9.480000000000000000e+02 1.708302993713154416e+00
9.490000000000000000e+02 1.708315471868475877e+00
9.500000000000000000e+02 1.708327941263204197e+00
9.510000000000000000e+02 1.708340401897339378e+00
9.520000000000000000e+02 1.708352853770881197e+00
9.530000000000000000e+02 1.708365296883829876e+00
9.540000000000000000e+02 1.708377731236185415e+00
9.550000000000000000e+02 1.708390156827947814e+00
9.560000000000000000e+02 1.708402573659116852e+00
9.570000000000000000e+02 1.708414981729692750e+00
9.580000000000000000e+02 1.708427381039675286e+00
9.590000000000000000e+02 1.708439771589064904e+00
9.600000000000000000e+02 1.708452153377861160e+00
9.610000000000000000e+02 1.708464526406064277e+00
9.620000000000000000e+02 1.708476890673674031e+00
9.630000000000000000e+02 1.708489246180690868e+00
9.640000000000000000e+02 1.708501592927114343e+00
9.650000000000000000e+02 1.708513930912944456e+00
9.660000000000000000e+02 1.708526260138181652e+00
9.670000000000000000e+02 1.708538580602825485e+00
9.680000000000000000e+02 1.708550892306876179e+00
9.690000000000000000e+02 1.708563195250333511e+00
9.700000000000000000e+02 1.708575489433197925e+00
9.710000000000000000e+02 1.708587774855468977e+00
9.720000000000000000e+02 1.708600051517146889e+00
9.730000000000000000e+02 1.708612319418231440e+00
9.740000000000000000e+02 1.708624578558722851e+00
9.750000000000000000e+02 1.708636828938621122e+00
9.760000000000000000e+02 1.708649070557926253e+00
9.770000000000000000e+02 1.708661303416638022e+00
9.780000000000000000e+02 1.708673527514756652e+00
9.790000000000000000e+02 1.708685742852282141e+00
9.800000000000000000e+02 1.708697949429214269e+00
9.810000000000000000e+02 1.708710147245553479e+00
9.820000000000000000e+02 1.708722336301299327e+00
9.830000000000000000e+02 1.708734516596451813e+00
9.840000000000000000e+02 1.708746688131011382e+00
9.850000000000000000e+02 1.708758850904977589e+00
9.860000000000000000e+02 1.708771004918350433e+00
9.870000000000000000e+02 1.708783150171130361e+00
9.880000000000000000e+02 1.708795286663316926e+00
9.890000000000000000e+02 1.708807414394910351e+00
9.900000000000000000e+02 1.708819533365910637e+00
9.910000000000000000e+02 1.708831643576317560e+00
9.920000000000000000e+02 1.708843745026131344e+00
9.930000000000000000e+02 1.708855837715351988e+00
9.940000000000000000e+02 1.708867921643979493e+00
9.950000000000000000e+02 1.708879996812013635e+00
9.960000000000000000e+02 1.708892063219454638e+00
9.970000000000000000e+02 1.708904120866302501e+00
9.980000000000000000e+02 1.708916169752557002e+00
9.990000000000000000e+02 1.708928209878218363e+00
1.000000000000000000e+03 1.708940241243286584e+00
1.001000000000000000e+03 1.708952263847761666e+00
1.002000000000000000e+03 1.708964277691643385e+00
1.003000000000000000e+03 1.708976282774931965e+00
1.004000000000000000e+03 1.708988279097627405e+00
1.005000000000000000e+03 1.709000266659729483e+00
1.006000000000000000e+03 1.709012245461238422e+00
1.007000000000000000e+03 1.709024215502154220e+00
1.008000000000000000e+03 1.709036176782476879e+00
1.009000000000000000e+03 1.709048129302206176e+00
1.010000000000000000e+03 1.709060073061342333e+00
1.011000000000000000e+03 1.709072008059885350e+00
1.012000000000000000e+03 1.709083934297835006e+00
1.013000000000000000e+03 1.709095851775191743e+00
1.014000000000000000e+03 1.709107760491955119e+00
1.015000000000000000e+03 1.709119660448125133e+00
1.016000000000000000e+03 1.709131551643702229e+00
1.017000000000000000e+03 1.709143434078685964e+00
1.018000000000000000e+03 1.709155307753076336e+00
1.019000000000000000e+03 1.709167172666873791e+00
1.020000000000000000e+03 1.709179028820077884e+00
1.021000000000000000e+03 1.709190876212688837e+00
