# order=17: data_wav [pixel], data_wavsolution [micron]
1.200000000000000000e+01 1.918505373079021359e+00
1.300000000000000000e+01 1.918536962081875075e+00
1.400000000000000000e+01 1.918568546787132956e+00
1.500000000000000000e+01 1.918600127195138949e+00
1.600000000000000000e+01 1.918631703306237224e+00
1.700000000000000000e+01 1.918663275120772171e+00
1.800000000000000000e+01 1.918694842639087961e+00
1.900000000000000000e+01 1.918726405861528761e+00
2.000000000000000000e+01 1.918757964788438963e+00
2.100000000000000000e+01 1.918789519420162737e+00
2.200000000000000000e+01 1.918821069757044251e+00
2.300000000000000000e+01 1.918852615799427674e+00
2.400000000000000000e+01 1.918884157547657621e+00
2.500000000000000000e+01 1.918915695002077815e+00
2.600000000000000000e+01 1.918947228163032870e+00
2.700000000000000000e+01 1.918978757030866733e+00
2.800000000000000000e+01 1.919010281605923796e+00
2.900000000000000000e+01 1.919041801888548449e+00
3.000000000000000000e+01 1.919073317879084639e+00
3.100000000000000000e+01 1.919104829577876536e+00
3.200000000000000000e+01 1.919136336985268754e+00
3.300000000000000000e+01 1.919167840101605460e+00
3.400000000000000000e+01 1.919199338927230603e+00
3.500000000000000000e+01 1.919230833462488350e+00
3.600000000000000000e+01 1.919262323707723539e+00
3.700000000000000000e+01 1.919293809663279671e+00
3.800000000000000000e+01 1.919325291329501582e+00
3.900000000000000000e+01 1.919356768706732996e+00
4.000000000000000000e+01 1.919388241795318528e+00
4.100000000000000000e+01 1.919419710595602346e+00
4.200000000000000000e+01 1.919451175107928620e+00
4.300000000000000000e+01 1.919482635332641518e+00
4.400000000000000000e+01 1.919514091270085210e+00
4.500000000000000000e+01 1.919545542920604086e+00
4.600000000000000000e+01 1.919576990284542539e+00
4.700000000000000000e+01 1.919608433362244515e+00
4.800000000000000000e+01 1.919639872154054405e+00
4.900000000000000000e+01 1.919671306660316157e+00
5.000000000000000000e+01 1.919702736881374383e+00
5.100000000000000000e+01 1.919734162817573253e+00
5.200000000000000000e+01 1.919765584469256714e+00
5.300000000000000000e+01 1.919797001836769379e+00
5.400000000000000000e+01 1.919828414920455195e+00
5.500000000000000000e+01 1.919859823720658332e+00
5.600000000000000000e+01 1.919891228237723402e+00
5.700000000000000000e+01 1.919922628471994352e+00
5.800000000000000000e+01 1.919954024423815575e+00
5.900000000000000000e+01 1.919985416093531239e+00
6.000000000000000000e+01 1.920016803481485290e+00
6.100000000000000000e+01 1.920048186588022565e+00
6.200000000000000000e+01 1.920079565413486788e+00
6.300000000000000000e+01 1.920110939958222351e+00
6.400000000000000000e+01 1.920142310222573423e+00
6.500000000000000000e+01 1.920173676206884394e+00
6.600000000000000000e+01 1.920205037911499435e+00
6.700000000000000000e+01 1.920236395336762936e+00
6.800000000000000000e+01 1.920267748483018622e+00
6.900000000000000000e+01 1.920299097350611328e+00
7.000000000000000000e+01 1.920330441939884780e+00
7.100000000000000000e+01 1.920361782251183591e+00
7.200000000000000000e+01 1.920393118284851930e+00
7.300000000000000000e+01 1.920424450041233744e+00
7.400000000000000000e+01 1.920455777520673646e+00
7.500000000000000000e+01 1.920487100723515805e+00
7.600000000000000000e+01 1.920518419650104169e+00
7.700000000000000000e+01 1.920549734300783129e+00
7.800000000000000000e+01 1.920581044675897076e+00
7.900000000000000000e+01 1.920612350775789956e+00
8.000000000000000000e+01 1.920643652600806162e+00
8.100000000000000000e+01 1.920674950151290084e+00
8.200000000000000000e+01 1.920706243427585669e+00
8.300000000000000000e+01 1.920737532430037309e+00
8.400000000000000000e+01 1.920768817158989172e+00
8.500000000000000000e+01 1.920800097614785651e+00
8.600000000000000000e+01 1.920831373797770691e+00
8.700000000000000000e+01 1.920862645708288685e+00
8.800000000000000000e+01 1.920893913346684023e+00
8.900000000000000000e+01 1.920925176713300653e+00
9.000000000000000000e+01 1.920956435808482965e+00
9.100000000000000000e+01 1.920987690632575129e+00
9.200000000000000000e+01 1.921018941185921314e+00
9.300000000000000000e+01 1.921050187468866133e+00
9.400000000000000000e+01 1.921081429481753311e+00
9.500000000000000000e+01 1.921112667224927462e+00
9.600000000000000000e+01 1.921143900698732532e+00
9.700000000000000000e+01 1.921175129903512913e+00
9.800000000000000000e+01 1.921206354839612773e+00
9.900000000000000000e+01 1.921237575507376505e+00
1.000000000000000000e+02 1.921268791907148277e+00
1.010000000000000000e+02 1.921300004039272036e+00
1.020000000000000000e+02 1.921331211904092395e+00
1.030000000000000000e+02 1.921362415501953524e+00
1.040000000000000000e+02 1.921393614833199370e+00
1.050000000000000000e+02 1.921424809898174546e+00
1.060000000000000000e+02 1.921456000697222999e+00
1.070000000000000000e+02 1.921487187230689120e+00
1.080000000000000000e+02 1.921518369498917078e+00
1.090000000000000000e+02 1.921549547502251043e+00
1.100000000000000000e+02 1.921580721241035405e+00
1.110000000000000000e+02 1.921611890715614335e+00
1.120000000000000000e+02 1.921643055926332222e+00
1.130000000000000000e+02 1.921674216873532792e+00
1.140000000000000000e+02 1.921705373557560881e+00
1.150000000000000000e+02 1.921736525978760435e+00
1.160000000000000000e+02 1.921767674137475623e+00
1.170000000000000000e+02 1.921798818034050615e+00
1.180000000000000000e+02 1.921829957668830025e+00
1.190000000000000000e+02 1.921861093042157798e+00
1.200000000000000000e+02 1.921892224154378104e+00
1.210000000000000000e+02 1.921923351005835556e+00
1.220000000000000000e+02 1.921954473596873880e+00
1.230000000000000000e+02 1.921985591927837689e+00
1.240000000000000000e+02 1.922016705999071151e+00
1.250000000000000000e+02 1.922047815810918214e+00
1.260000000000000000e+02 1.922078921363723492e+00
1.270000000000000000e+02 1.922110022657830930e+00
1.280000000000000000e+02 1.922141119693585143e+00
1.290000000000000000e+02 1.922172212471329855e+00
1.300000000000000000e+02 1.922203300991409680e+00
1.310000000000000000e+02 1.922234385254168565e+00
1.320000000000000000e+02 1.922265465259951123e+00
1.330000000000000000e+02 1.922296541009101301e+00
1.340000000000000000e+02 1.922327612501963268e+00
1.350000000000000000e+02 1.922358679738881637e+00
1.360000000000000000e+02 1.922389742720200134e+00
1.370000000000000000e+02 1.922420801446263372e+00
1.380000000000000000e+02 1.922451855917415520e+00
1.390000000000000000e+02 1.922482906134000746e+00
1.400000000000000000e+02 1.922513952096363221e+00
1.410000000000000000e+02 1.922544993804847335e+00
1.420000000000000000e+02 1.922576031259797036e+00
1.430000000000000000e+02 1.922607064461556936e+00
1.440000000000000000e+02 1.922638093410471205e+00
1.450000000000000000e+02 1.922669118106883790e+00
1.460000000000000000e+02 1.922700138551139082e+00
1.470000000000000000e+02 1.922731154743581250e+00
1.480000000000000000e+02 1.922762166684554908e+00
1.490000000000000000e+02 1.922793174374403780e+00
1.500000000000000000e+02 1.922824177813472257e+00
1.510000000000000000e+02 1.922855177002104732e+00
1.520000000000000000e+02 1.922886171940645372e+00
1.530000000000000000e+02 1.922917162629438126e+00
1.540000000000000000e+02 1.922948149068827828e+00
1.550000000000000000e+02 1.922979131259157981e+00
1.560000000000000000e+02 1.923010109200773421e+00
1.570000000000000000e+02 1.923041082894018095e+00
1.580000000000000000e+02 1.923072052339236393e+00
1.590000000000000000e+02 1.923103017536772263e+00
1.600000000000000000e+02 1.923133978486970319e+00
1.610000000000000000e+02 1.923164935190174507e+00
1.620000000000000000e+02 1.923195887646728997e+00
1.630000000000000000e+02 1.923226835856978401e+00
1.640000000000000000e+02 1.923257779821266666e+00
1.650000000000000000e+02 1.923288719539937963e+00
1.660000000000000000e+02 1.923319655013336682e+00
1.670000000000000000e+02 1.923350586241807214e+00
1.680000000000000000e+02 1.923381513225693507e+00
1.690000000000000000e+02 1.923412435965339728e+00
1.700000000000000000e+02 1.923443354461090493e+00
1.710000000000000000e+02 1.923474268713289748e+00
1.720000000000000000e+02 1.923505178722281661e+00
1.730000000000000000e+02 1.923536084488410847e+00
1.740000000000000000e+02 1.923566986012021029e+00
1.750000000000000000e+02 1.923597883293456823e+00
1.760000000000000000e+02 1.923628776333062396e+00
1.770000000000000000e+02 1.923659665131181695e+00
1.780000000000000000e+02 1.923690549688159557e+00
1.790000000000000000e+02 1.923721430004339483e+00
1.800000000000000000e+02 1.923752306080066310e+00
1.810000000000000000e+02 1.923783177915683984e+00
1.820000000000000000e+02 1.923814045511536674e+00
1.830000000000000000e+02 1.923844908867968773e+00
1.840000000000000000e+02 1.923875767985324448e+00
1.850000000000000000e+02 1.923906622863947868e+00
1.860000000000000000e+02 1.923937473504183648e+00
1.870000000000000000e+02 1.923968319906375513e+00
1.880000000000000000e+02 1.923999162070867852e+00
1.890000000000000000e+02 1.924029999998004836e+00
1.900000000000000000e+02 1.924060833688131078e+00
1.910000000000000000e+02 1.924091663141590525e+00
1.920000000000000000e+02 1.924122488358727345e+00
1.930000000000000000e+02 1.924153309339885709e+00
1.940000000000000000e+02 1.924184126085410229e+00
1.950000000000000000e+02 1.924214938595644853e+00
1.960000000000000000e+02 1.924245746870933749e+00
1.970000000000000000e+02 1.924276550911621309e+00
1.980000000000000000e+02 1.924307350718051923e+00
1.990000000000000000e+02 1.924338146290569318e+00
2.000000000000000000e+02 1.924368937629518328e+00
2.010000000000000000e+02 1.924399724735242678e+00
2.020000000000000000e+02 1.924430507608086982e+00
2.030000000000000000e+02 1.924461286248395187e+00
2.040000000000000000e+02 1.924492060656511683e+00
2.050000000000000000e+02 1.924522830832780640e+00
2.060000000000000000e+02 1.924553596777546449e+00
2.070000000000000000e+02 1.924584358491153058e+00
2.080000000000000000e+02 1.924615115973944857e+00
2.090000000000000000e+02 1.924645869226266237e+00
2.100000000000000000e+02 1.924676618248461146e+00
2.110000000000000000e+02 1.924707363040873975e+00
2.120000000000000000e+02 1.924738103603848893e+00
2.130000000000000000e+02 1.924768839937730291e+00
2.140000000000000000e+02 1.924799572042862117e+00
2.150000000000000000e+02 1.924830299919588983e+00
2.160000000000000000e+02 1.924861023568254836e+00
2.170000000000000000e+02 1.924891742989203847e+00
2.180000000000000000e+02 1.924922458182780405e+00
2.190000000000000000e+02 1.924953169149328902e+00
2.200000000000000000e+02 1.924983875889193063e+00
2.210000000000000000e+02 1.925014578402717724e+00
2.220000000000000000e+02 1.925045276690246832e+00
2.230000000000000000e+02 1.925075970752124555e+00
2.240000000000000000e+02 1.925106660588695284e+00
2.250000000000000000e+02 1.925137346200302968e+00
2.260000000000000000e+02 1.925168027587292219e+00
2.270000000000000000e+02 1.925198704750006984e+00
2.280000000000000000e+02 1.925229377688791654e+00
2.290000000000000000e+02 1.925260046403990621e+00
2.300000000000000000e+02 1.925290710895947610e+00
2.310000000000000000e+02 1.925321371165007234e+00
2.320000000000000000e+02 1.925352027211513883e+00
2.330000000000000000e+02 1.925382679035811284e+00
2.340000000000000000e+02 1.925413326638244049e+00
2.350000000000000000e+02 1.925443970019156348e+00
2.360000000000000000e+02 1.925474609178892127e+00
2.370000000000000000e+02 1.925505244117796222e+00
2.380000000000000000e+02 1.925535874836212358e+00
2.390000000000000000e+02 1.925566501334484704e+00
2.400000000000000000e+02 1.925597123612958095e+00
2.410000000000000000e+02 1.925627741671976034e+00
2.420000000000000000e+02 1.925658355511883357e+00
2.430000000000000000e+02 1.925688965133023789e+00
2.440000000000000000e+02 1.925719570535741942e+00
2.450000000000000000e+02 1.925750171720381987e+00
2.460000000000000000e+02 1.925780768687288091e+00
2.470000000000000000e+02 1.925811361436804425e+00
2.480000000000000000e+02 1.925841949969275380e+00
2.490000000000000000e+02 1.925872534285044901e+00
2.500000000000000000e+02 1.925903114384457604e+00
2.510000000000000000e+02 1.925933690267857434e+00
2.520000000000000000e+02 1.925964261935588784e+00
2.530000000000000000e+02 1.925994829387995821e+00
2.540000000000000000e+02 1.926025392625422716e+00
2.550000000000000000e+02 1.926055951648213638e+00
2.560000000000000000e+02 1.926086506456713199e+00
2.570000000000000000e+02 1.926117057051265347e+00
2.580000000000000000e+02 1.926147603432214250e+00
2.590000000000000000e+02 1.926178145599904301e+00
2.600000000000000000e+02 1.926208683554679668e+00
2.610000000000000000e+02 1.926239217296884743e+00
2.620000000000000000e+02 1.926269746826863472e+00
2.630000000000000000e+02 1.926300272144960246e+00
2.640000000000000000e+02 1.926330793251519236e+00
2.650000000000000000e+02 1.926361310146884609e+00
2.660000000000000000e+02 1.926391822831400980e+00
2.670000000000000000e+02 1.926422331305412072e+00
2.680000000000000000e+02 1.926452835569262501e+00
2.690000000000000000e+02 1.926483335623296433e+00
2.700000000000000000e+02 1.926513831467857818e+00
2.710000000000000000e+02 1.926544323103291267e+00
2.720000000000000000e+02 1.926574810529940729e+00
2.730000000000000000e+02 1.926605293748150594e+00
2.740000000000000000e+02 1.926635772758265031e+00
2.750000000000000000e+02 1.926666247560628431e+00
2.760000000000000000e+02 1.926696718155584742e+00
2.770000000000000000e+02 1.926727184543478355e+00
2.780000000000000000e+02 1.926757646724653439e+00
2.790000000000000000e+02 1.926788104699454385e+00
2.800000000000000000e+02 1.926818558468225362e+00
2.810000000000000000e+02 1.926849008031310539e+00
2.820000000000000000e+02 1.926879453389054087e+00
2.830000000000000000e+02 1.926909894541800394e+00
2.840000000000000000e+02 1.926940331489893632e+00
2.850000000000000000e+02 1.926970764233677968e+00
2.860000000000000000e+02 1.927001192773497795e+00
2.870000000000000000e+02 1.927031617109697059e+00
2.880000000000000000e+02 1.927062037242620374e+00
2.890000000000000000e+02 1.927092453172611686e+00
2.900000000000000000e+02 1.927122864900015387e+00
2.910000000000000000e+02 1.927153272425175645e+00
2.920000000000000000e+02 1.927183675748436853e+00
2.930000000000000000e+02 1.927214074870142957e+00
2.940000000000000000e+02 1.927244469790638126e+00
2.950000000000000000e+02 1.927274860510266974e+00
2.960000000000000000e+02 1.927305247029373669e+00
2.970000000000000000e+02 1.927335629348302160e+00
2.980000000000000000e+02 1.927366007467396836e+00
2.990000000000000000e+02 1.927396381387001867e+00
3.000000000000000000e+02 1.927426751107461644e+00
3.010000000000000000e+02 1.927457116629120337e+00
3.020000000000000000e+02 1.927487477952322337e+00
3.030000000000000000e+02 1.927517835077411368e+00
3.040000000000000000e+02 1.927548188004732266e+00
3.050000000000000000e+02 1.927578536734628756e+00
3.060000000000000000e+02 1.927608881267445451e+00
3.070000000000000000e+02 1.927639221603526520e+00
3.080000000000000000e+02 1.927669557743215911e+00
3.090000000000000000e+02 1.927699889686858237e+00
3.100000000000000000e+02 1.927730217434797444e+00
3.110000000000000000e+02 1.927760540987377924e+00
3.120000000000000000e+02 1.927790860344943846e+00
3.130000000000000000e+02 1.927821175507839602e+00
3.140000000000000000e+02 1.927851486476409137e+00
3.150000000000000000e+02 1.927881793250996845e+00
3.160000000000000000e+02 1.927912095831946893e+00
3.170000000000000000e+02 1.927942394219603672e+00
3.180000000000000000e+02 1.927972688414311353e+00
3.190000000000000000e+02 1.928002978416413882e+00
3.200000000000000000e+02 1.928033264226256094e+00
3.210000000000000000e+02 1.928063545844181492e+00
3.220000000000000000e+02 1.928093823270534912e+00
3.230000000000000000e+02 1.928124096505660301e+00
3.240000000000000000e+02 1.928154365549902050e+00
3.250000000000000000e+02 1.928184630403604327e+00
3.260000000000000000e+02 1.928214891067111081e+00
3.270000000000000000e+02 1.928245147540766924e+00
3.280000000000000000e+02 1.928275399824916025e+00
3.290000000000000000e+02 1.928305647919902555e+00
3.300000000000000000e+02 1.928335891826070680e+00
3.310000000000000000e+02 1.928366131543764794e+00
3.320000000000000000e+02 1.928396367073329065e+00
3.330000000000000000e+02 1.928426598415107440e+00
3.340000000000000000e+02 1.928456825569444533e+00
3.350000000000000000e+02 1.928487048536684512e+00
3.360000000000000000e+02 1.928517267317171546e+00
3.370000000000000000e+02 1.928547481911250028e+00
3.380000000000000000e+02 1.928577692319263903e+00
3.390000000000000000e+02 1.928607898541557342e+00
3.400000000000000000e+02 1.928638100578474956e+00
3.410000000000000000e+02 1.928668298430360917e+00
3.420000000000000000e+02 1.928698492097559170e+00
3.430000000000000000e+02 1.928728681580414106e+00
3.440000000000000000e+02 1.928758866879270117e+00
3.450000000000000000e+02 1.928789047994471151e+00
3.460000000000000000e+02 1.928819224926361597e+00
3.470000000000000000e+02 1.928849397675285848e+00
3.480000000000000000e+02 1.928879566241587851e+00
3.490000000000000000e+02 1.928909730625611774e+00
3.500000000000000000e+02 1.928939890827702230e+00
3.510000000000000000e+02 1.928970046848203168e+00
3.520000000000000000e+02 1.929000198687458978e+00
3.530000000000000000e+02 1.929030346345813829e+00
3.540000000000000000e+02 1.929060489823611890e+00
3.550000000000000000e+02 1.929090629121197553e+00
3.560000000000000000e+02 1.929120764238914765e+00
3.570000000000000000e+02 1.929150895177107916e+00
3.580000000000000000e+02 1.929181021936121398e+00
3.590000000000000000e+02 1.929211144516299381e+00
3.600000000000000000e+02 1.929241262917985811e+00
3.610000000000000000e+02 1.929271377141525301e+00
3.620000000000000000e+02 1.929301487187261799e+00
3.630000000000000000e+02 1.929331593055539695e+00
3.640000000000000000e+02 1.929361694746703382e+00
3.650000000000000000e+02 1.929391792261096583e+00
3.660000000000000000e+02 1.929421885599064135e+00
3.670000000000000000e+02 1.929451974760949762e+00
3.680000000000000000e+02 1.929482059747098077e+00
3.690000000000000000e+02 1.929512140557853028e+00
3.700000000000000000e+02 1.929542217193559006e+00
3.710000000000000000e+02 1.929572289654560402e+00
3.720000000000000000e+02 1.929602357941201163e+00
3.730000000000000000e+02 1.929632422053825458e+00
3.740000000000000000e+02 1.929662481992777900e+00
3.750000000000000000e+02 1.929692537758402215e+00
3.760000000000000000e+02 1.929722589351043238e+00
3.770000000000000000e+02 1.929752636771044694e+00
3.780000000000000000e+02 1.929782680018751195e+00
3.790000000000000000e+02 1.929812719094506690e+00
3.800000000000000000e+02 1.929842753998655347e+00
3.810000000000000000e+02 1.929872784731541779e+00
3.820000000000000000e+02 1.929902811293509934e+00
3.830000000000000000e+02 1.929932833684904203e+00
3.840000000000000000e+02 1.929962851906068755e+00
3.850000000000000000e+02 1.929992865957347759e+00
3.860000000000000000e+02 1.930022875839085383e+00
3.870000000000000000e+02 1.930052881551626021e+00
3.880000000000000000e+02 1.930082883095313839e+00
3.890000000000000000e+02 1.930112880470493231e+00
3.900000000000000000e+02 1.930142873677508142e+00
3.910000000000000000e+02 1.930172862716702964e+00
3.920000000000000000e+02 1.930202847588422088e+00
3.930000000000000000e+02 1.930232828293009462e+00
3.940000000000000000e+02 1.930262804830809253e+00
3.950000000000000000e+02 1.930292777202166077e+00
3.960000000000000000e+02 1.930322745407423879e+00
3.970000000000000000e+02 1.930352709446927051e+00
3.980000000000000000e+02 1.930382669321019762e+00
3.990000000000000000e+02 1.930412625030046181e+00
4.000000000000000000e+02 1.930442576574350699e+00
4.010000000000000000e+02 1.930472523954277486e+00
4.020000000000000000e+02 1.930502467170170489e+00
4.030000000000000000e+02 1.930532406222374320e+00
4.040000000000000000e+02 1.930562341111233149e+00
4.050000000000000000e+02 1.930592271837091145e+00
4.060000000000000000e+02 1.930622198400292477e+00
4.070000000000000000e+02 1.930652120801181315e+00
4.080000000000000000e+02 1.930682039040102271e+00
4.090000000000000000e+02 1.930711953117399071e+00
4.100000000000000000e+02 1.930741863033416328e+00
4.110000000000000000e+02 1.930771768788498211e+00
4.120000000000000000e+02 1.930801670382988888e+00
4.130000000000000000e+02 1.930831567817232530e+00
4.140000000000000000e+02 1.930861461091573528e+00
4.150000000000000000e+02 1.930891350206355828e+00
4.160000000000000000e+02 1.930921235161924043e+00
4.170000000000000000e+02 1.930951115958622122e+00
4.180000000000000000e+02 1.930980992596794454e+00
4.190000000000000000e+02 1.931010865076785210e+00
4.200000000000000000e+02 1.931040733398938780e+00
4.210000000000000000e+02 1.931070597563599112e+00
4.220000000000000000e+02 1.931100457571110374e+00
4.230000000000000000e+02 1.931130313421817402e+00
4.240000000000000000e+02 1.931160165116063698e+00
4.250000000000000000e+02 1.931190012654193877e+00
4.260000000000000000e+02 1.931219856036552329e+00
4.270000000000000000e+02 1.931249695263483002e+00
4.280000000000000000e+02 1.931279530335330064e+00
4.290000000000000000e+02 1.931309361252437906e+00
4.300000000000000000e+02 1.931339188015150921e+00
4.310000000000000000e+02 1.931369010623813054e+00
4.320000000000000000e+02 1.931398829078768697e+00
4.330000000000000000e+02 1.931428643380362020e+00
4.340000000000000000e+02 1.931458453528937191e+00
4.350000000000000000e+02 1.931488259524838602e+00
4.360000000000000000e+02 1.931518061368410422e+00
4.370000000000000000e+02 1.931547859059996819e+00
4.380000000000000000e+02 1.931577652599942185e+00
4.390000000000000000e+02 1.931607441988590690e+00
4.400000000000000000e+02 1.931637227226286280e+00
4.410000000000000000e+02 1.931667008313373790e+00
4.420000000000000000e+02 1.931696785250196724e+00
4.430000000000000000e+02 1.931726558037099917e+00
4.440000000000000000e+02 1.931756326674427315e+00
4.450000000000000000e+02 1.931786091162523311e+00
4.460000000000000000e+02 1.931815851501731851e+00
4.470000000000000000e+02 1.931845607692397548e+00
4.480000000000000000e+02 1.931875359734864350e+00
4.490000000000000000e+02 1.931905107629476648e+00
4.500000000000000000e+02 1.931934851376578610e+00
4.510000000000000000e+02 1.931964590976514407e+00
4.520000000000000000e+02 1.931994326429628206e+00
4.530000000000000000e+02 1.932024057736264622e+00
4.540000000000000000e+02 1.932053784896767601e+00
4.550000000000000000e+02 1.932083507911481313e+00
4.560000000000000000e+02 1.932113226780750148e+00
4.570000000000000000e+02 1.932142941504918277e+00
4.580000000000000000e+02 1.932172652084329867e+00
4.590000000000000000e+02 1.932202358519329310e+00
4.600000000000000000e+02 1.932232060810260776e+00
4.610000000000000000e+02 1.932261758957468434e+00
4.620000000000000000e+02 1.932291452961296452e+00
4.630000000000000000e+02 1.932321142822089222e+00
4.640000000000000000e+02 1.932350828540191134e+00
4.650000000000000000e+02 1.932380510115945915e+00
4.660000000000000000e+02 1.932410187549698399e+00
4.670000000000000000e+02 1.932439860841792312e+00
4.680000000000000000e+02 1.932469529992572044e+00
4.690000000000000000e+02 1.932499195002381986e+00
4.700000000000000000e+02 1.932528855871566309e+00
4.710000000000000000e+02 1.932558512600469180e+00
4.720000000000000000e+02 1.932588165189434770e+00
4.730000000000000000e+02 1.932617813638807469e+00
4.740000000000000000e+02 1.932647457948931446e+00
4.750000000000000000e+02 1.932677098120150871e+00
4.760000000000000000e+02 1.932706734152809913e+00
4.770000000000000000e+02 1.932736366047253185e+00
4.780000000000000000e+02 1.932765993803824411e+00
4.790000000000000000e+02 1.932795617422868206e+00
4.800000000000000000e+02 1.932825236904728738e+00
4.810000000000000000e+02 1.932854852249749955e+00
4.820000000000000000e+02 1.932884463458276469e+00
4.830000000000000000e+02 1.932914070530652229e+00
4.840000000000000000e+02 1.932943673467221846e+00
4.850000000000000000e+02 1.932973272268329046e+00
4.860000000000000000e+02 1.933002866934318442e+00
4.870000000000000000e+02 1.933032457465533982e+00
4.880000000000000000e+02 1.933062043862320278e+00
4.890000000000000000e+02 1.933091626125021278e+00
4.900000000000000000e+02 1.933121204253981151e+00
4.910000000000000000e+02 1.933150778249544288e+00
4.920000000000000000e+02 1.933180348112055080e+00
4.930000000000000000e+02 1.933209913841857475e+00
4.940000000000000000e+02 1.933239475439295640e+00
4.950000000000000000e+02 1.933269032904714191e+00
4.960000000000000000e+02 1.933298586238457073e+00
4.970000000000000000e+02 1.933328135440868678e+00
4.980000000000000000e+02 1.933357680512292953e+00
4.990000000000000000e+02 1.933387221453074512e+00
5.000000000000000000e+02 1.933416758263557300e+00
5.010000000000000000e+02 1.933446290944085710e+00
5.020000000000000000e+02 1.933475819495003911e+00
5.030000000000000000e+02 1.933505343916656072e+00
5.040000000000000000e+02 1.933534864209386583e+00
5.050000000000000000e+02 1.933564380373539615e+00
5.060000000000000000e+02 1.933593892409459336e+00
5.070000000000000000e+02 1.933623400317489915e+00
5.080000000000000000e+02 1.933652904097975744e+00
5.090000000000000000e+02 1.933682403751261214e+00
5.100000000000000000e+02 1.933711899277690272e+00
5.110000000000000000e+02 1.933741390677607086e+00
5.120000000000000000e+02 1.933770877951356049e+00
5.130000000000000000e+02 1.933800361099281551e+00
5.140000000000000000e+02 1.933829840121727539e+00
5.150000000000000000e+02 1.933859315019038405e+00
5.160000000000000000e+02 1.933888785791558318e+00
5.170000000000000000e+02 1.933918252439631669e+00
5.180000000000000000e+02 1.933947714963602404e+00
5.190000000000000000e+02 1.933977173363814916e+00
5.200000000000000000e+02 1.934006627640613374e+00
5.210000000000000000e+02 1.934036077794342168e+00
5.220000000000000000e+02 1.934065523825345467e+00
5.230000000000000000e+02 1.934094965733967442e+00
5.240000000000000000e+02 1.934124403520552260e+00
5.250000000000000000e+02 1.934153837185444313e+00
5.260000000000000000e+02 1.934183266728987771e+00
5.270000000000000000e+02 1.934212692151526802e+00
5.280000000000000000e+02 1.934242113453405798e+00
5.290000000000000000e+02 1.934271530634968927e+00
5.300000000000000000e+02 1.934300943696560138e+00
5.310000000000000000e+02 1.934330352638524264e+00
5.320000000000000000e+02 1.934359757461205032e+00
5.330000000000000000e+02 1.934389158164946831e+00
5.340000000000000000e+02 1.934418554750093833e+00
5.350000000000000000e+02 1.934447947216990427e+00
5.360000000000000000e+02 1.934477335565980782e+00
5.370000000000000000e+02 1.934506719797409069e+00
5.380000000000000000e+02 1.934536099911619456e+00
5.390000000000000000e+02 1.934565475908956556e+00
5.400000000000000000e+02 1.934594847789764094e+00
5.410000000000000000e+02 1.934624215554386684e+00
5.420000000000000000e+02 1.934653579203168272e+00
5.430000000000000000e+02 1.934682938736453250e+00
5.440000000000000000e+02 1.934712294154585788e+00
5.450000000000000000e+02 1.934741645457910275e+00
5.460000000000000000e+02 1.934770992646770882e+00
5.470000000000000000e+02 1.934800335721511777e+00
5.480000000000000000e+02 1.934829674682477130e+00
5.490000000000000000e+02 1.934859009530011109e+00
5.500000000000000000e+02 1.934888340264458328e+00
5.510000000000000000e+02 1.934917666886162735e+00
5.520000000000000000e+02 1.934946989395468497e+00
5.530000000000000000e+02 1.934976307792720229e+00
5.540000000000000000e+02 1.935005622078261656e+00
5.550000000000000000e+02 1.935034932252437390e+00
5.560000000000000000e+02 1.935064238315591378e+00
5.570000000000000000e+02 1.935093540268068013e+00
5.580000000000000000e+02 1.935122838110211685e+00
5.590000000000000000e+02 1.935152131842366341e+00
5.600000000000000000e+02 1.935181421464876372e+00
5.610000000000000000e+02 1.935210706978085948e+00
5.620000000000000000e+02 1.935239988382339238e+00
5.630000000000000000e+02 1.935269265677980854e+00
5.640000000000000000e+02 1.935298538865354523e+00
5.650000000000000000e+02 1.935327807944804634e+00
5.660000000000000000e+02 1.935357072916675580e+00
5.670000000000000000e+02 1.935386333781311530e+00
5.680000000000000000e+02 1.935415590539056652e+00
5.690000000000000000e+02 1.935444843190255337e+00
5.700000000000000000e+02 1.935474091735251534e+00
5.710000000000000000e+02 1.935503336174389633e+00
5.720000000000000000e+02 1.935532576508013802e+00
5.730000000000000000e+02 1.935561812736468656e+00
5.740000000000000000e+02 1.935591044860097920e+00
5.750000000000000000e+02 1.935620272879245984e+00
5.760000000000000000e+02 1.935649496794257018e+00
5.770000000000000000e+02 1.935678716605475636e+00
5.780000000000000000e+02 1.935707932313245561e+00
5.790000000000000000e+02 1.935737143917911407e+00
5.800000000000000000e+02 1.935766351419817122e+00
5.810000000000000000e+02 1.935795554819307096e+00
5.820000000000000000e+02 1.935824754116725721e+00
5.830000000000000000e+02 1.935853949312416944e+00
5.840000000000000000e+02 1.935883140406724934e+00
5.850000000000000000e+02 1.935912327399994304e+00
5.860000000000000000e+02 1.935941510292569001e+00
5.870000000000000000e+02 1.935970689084793417e+00
5.880000000000000000e+02 1.935999863777011720e+00
5.890000000000000000e+02 1.936029034369567858e+00
5.900000000000000000e+02 1.936058200862806666e+00
5.910000000000000000e+02 1.936087363257071869e+00
5.920000000000000000e+02 1.936116521552707859e+00
5.930000000000000000e+02 1.936145675750059025e+00
5.940000000000000000e+02 1.936174825849469316e+00
5.950000000000000000e+02 1.936203971851283345e+00
5.960000000000000000e+02 1.936233113755844837e+00
5.970000000000000000e+02 1.936262251563498404e+00
5.980000000000000000e+02 1.936291385274588217e+00
5.990000000000000000e+02 1.936320514889458444e+00
6.000000000000000000e+02 1.936349640408453476e+00
6.010000000000000000e+02 1.936378761831917261e+00
6.020000000000000000e+02 1.936407879160194190e+00
6.030000000000000000e+02 1.936436992393628431e+00
6.040000000000000000e+02 1.936466101532564377e+00
6.050000000000000000e+02 1.936495206577346195e+00
6.060000000000000000e+02 1.936524307528318056e+00
6.070000000000000000e+02 1.936553404385824129e+00
6.080000000000000000e+02 1.936582497150208804e+00
6.090000000000000000e+02 1.936611585821816250e+00
6.100000000000000000e+02 1.936640670400990638e+00
6.110000000000000000e+02 1.936669750888076358e+00
6.120000000000000000e+02 1.936698827283417579e+00
6.130000000000000000e+02 1.936727899587358470e+00
6.140000000000000000e+02 1.936756967800243423e+00
6.150000000000000000e+02 1.936786031922416385e+00
6.160000000000000000e+02 1.936815091954221746e+00
6.170000000000000000e+02 1.936844147896003898e+00
6.180000000000000000e+02 1.936873199748106789e+00
6.190000000000000000e+02 1.936902247510874808e+00
6.200000000000000000e+02 1.936931291184652126e+00
6.210000000000000000e+02 1.936960330769783134e+00
6.220000000000000000e+02 1.936989366266611778e+00
6.230000000000000000e+02 1.937018397675482673e+00
6.240000000000000000e+02 1.937047424996739542e+00
6.250000000000000000e+02 1.937076448230727221e+00
6.260000000000000000e+02 1.937105467377789436e+00
6.270000000000000000e+02 1.937134482438270799e+00
6.280000000000000000e+02 1.937163493412515258e+00
6.290000000000000000e+02 1.937192500300867204e+00
6.300000000000000000e+02 1.937221503103670806e+00
6.310000000000000000e+02 1.937250501821270232e+00
6.320000000000000000e+02 1.937279496454010097e+00
6.330000000000000000e+02 1.937308487002233903e+00
6.340000000000000000e+02 1.937337473466286708e+00
6.350000000000000000e+02 1.937366455846512014e+00
6.360000000000000000e+02 1.937395434143254658e+00
6.370000000000000000e+02 1.937424408356858585e+00
6.380000000000000000e+02 1.937453378487667965e+00
6.390000000000000000e+02 1.937482344536027190e+00
6.400000000000000000e+02 1.937511306502280206e+00
6.410000000000000000e+02 1.937540264386771627e+00
6.420000000000000000e+02 1.937569218189845621e+00
6.430000000000000000e+02 1.937598167911846136e+00
6.440000000000000000e+02 1.937627113553117786e+00
6.450000000000000000e+02 1.937656055114004516e+00
6.460000000000000000e+02 1.937684992594850497e+00
6.470000000000000000e+02 1.937713925996000341e+00
6.480000000000000000e+02 1.937742855317797996e+00
6.490000000000000000e+02 1.937771780560587631e+00
6.500000000000000000e+02 1.937800701724713859e+00
6.510000000000000000e+02 1.937829618810520405e+00
6.520000000000000000e+02 1.937858531818351882e+00
6.530000000000000000e+02 1.937887440748552459e+00
6.540000000000000000e+02 1.937916345601466306e+00
6.550000000000000000e+02 1.937945246377437591e+00
6.560000000000000000e+02 1.937974143076810707e+00
6.570000000000000000e+02 1.938003035699929599e+00
6.580000000000000000e+02 1.938031924247138882e+00
6.590000000000000000e+02 1.938060808718782502e+00
6.600000000000000000e+02 1.938089689115204850e+00
6.610000000000000000e+02 1.938118565436750096e+00
6.620000000000000000e+02 1.938147437683762409e+00
6.630000000000000000e+02 1.938176305856586179e+00
6.640000000000000000e+02 1.938205169955565577e+00
6.650000000000000000e+02 1.938234029981044770e+00
6.660000000000000000e+02 1.938262885933368151e+00
6.670000000000000000e+02 1.938291737812879667e+00
6.680000000000000000e+02 1.938320585619923930e+00
6.690000000000000000e+02 1.938349429354844888e+00
6.700000000000000000e+02 1.938378269017986710e+00
6.710000000000000000e+02 1.938407104609694009e+00
6.720000000000000000e+02 1.938435936130310511e+00
6.730000000000000000e+02 1.938464763580180827e+00
6.740000000000000000e+02 1.938493586959649129e+00
6.750000000000000000e+02 1.938522406269059584e+00
6.760000000000000000e+02 1.938551221508756583e+00
6.770000000000000000e+02 1.938580032679084075e+00
6.780000000000000000e+02 1.938608839780386450e+00
6.790000000000000000e+02 1.938637642813008100e+00
6.800000000000000000e+02 1.938666441777292748e+00
6.810000000000000000e+02 1.938695236673585232e+00
6.820000000000000000e+02 1.938724027502229497e+00
6.830000000000000000e+02 1.938752814263569713e+00
6.840000000000000000e+02 1.938781596957950271e+00
6.850000000000000000e+02 1.938810375585715340e+00
6.860000000000000000e+02 1.938839150147209311e+00
6.870000000000000000e+02 1.938867920642775911e+00
6.880000000000000000e+02 1.938896687072759972e+00
6.890000000000000000e+02 1.938925449437505444e+00
6.900000000000000000e+02 1.938954207737356494e+00
6.910000000000000000e+02 1.938982961972657515e+00
6.920000000000000000e+02 1.939011712143752675e+00
6.930000000000000000e+02 1.939040458250986365e+00
6.940000000000000000e+02 1.939069200294702533e+00
6.950000000000000000e+02 1.939097938275245347e+00
6.960000000000000000e+02 1.939126672192959422e+00
6.970000000000000000e+02 1.939155402048188925e+00
6.980000000000000000e+02 1.939184127841277805e+00
6.990000000000000000e+02 1.939212849572570452e+00
7.000000000000000000e+02 1.939241567242411257e+00
7.010000000000000000e+02 1.939270280851144168e+00
7.020000000000000000e+02 1.939298990399113576e+00
7.030000000000000000e+02 1.939327695886663649e+00
7.040000000000000000e+02 1.939356397314138780e+00
7.050000000000000000e+02 1.939385094681883137e+00
7.060000000000000000e+02 1.939413787990240667e+00
7.070000000000000000e+02 1.939442477239555984e+00
7.080000000000000000e+02 1.939471162430173257e+00
7.090000000000000000e+02 1.939499843562436654e+00
7.100000000000000000e+02 1.939528520636690123e+00
7.110000000000000000e+02 1.939557193653278500e+00
7.120000000000000000e+02 1.939585862612545508e+00
7.130000000000000000e+02 1.939614527514835540e+00
7.140000000000000000e+02 1.939643188360492987e+00
7.150000000000000000e+02 1.939671845149861795e+00
7.160000000000000000e+02 1.939700497883286356e+00
7.170000000000000000e+02 1.939729146561111062e+00
7.180000000000000000e+02 1.939757791183679858e+00
7.190000000000000000e+02 1.939786431751336915e+00
7.200000000000000000e+02 1.939815068264426845e+00
7.210000000000000000e+02 1.939843700723293818e+00
7.220000000000000000e+02 1.939872329128281780e+00
7.230000000000000000e+02 1.939900953479735124e+00
7.240000000000000000e+02 1.939929573777998018e+00
7.250000000000000000e+02 1.939958190023414852e+00
7.260000000000000000e+02 1.939986802216329798e+00
7.270000000000000000e+02 1.940015410357087022e+00
7.280000000000000000e+02 1.940044014446030696e+00
7.290000000000000000e+02 1.940072614483505209e+00
7.300000000000000000e+02 1.940101210469854731e+00
7.310000000000000000e+02 1.940129802405423431e+00
7.320000000000000000e+02 1.940158390290555701e+00
7.330000000000000000e+02 1.940186974125595709e+00
7.340000000000000000e+02 1.940215553910887625e+00
7.350000000000000000e+02 1.940244129646775617e+00
7.360000000000000000e+02 1.940272701333604077e+00
7.370000000000000000e+02 1.940301268971717397e+00
7.380000000000000000e+02 1.940329832561459300e+00
7.390000000000000000e+02 1.940358392103174401e+00
7.400000000000000000e+02 1.940386947597206868e+00
7.410000000000000000e+02 1.940415499043901093e+00
7.420000000000000000e+02 1.940444046443600801e+00
7.430000000000000000e+02 1.940472589796650826e+00
7.440000000000000000e+02 1.940501129103394895e+00
7.450000000000000000e+02 1.940529664364177620e+00
7.460000000000000000e+02 1.940558195579343170e+00
7.470000000000000000e+02 1.940586722749235493e+00
7.480000000000000000e+02 1.940615245874199202e+00
7.490000000000000000e+02 1.940643764954578243e+00
7.500000000000000000e+02 1.940672279990717009e+00
7.510000000000000000e+02 1.940700790982959667e+00
7.520000000000000000e+02 1.940729297931650610e+00
7.530000000000000000e+02 1.940757800837133784e+00
7.540000000000000000e+02 1.940786299699753581e+00
7.550000000000000000e+02 1.940814794519854170e+00
7.560000000000000000e+02 1.940843285297779941e+00
7.570000000000000000e+02 1.940871772033874842e+00
7.580000000000000000e+02 1.940900254728483487e+00
7.590000000000000000e+02 1.940928733381949822e+00
7.600000000000000000e+02 1.940957207994618239e+00
7.610000000000000000e+02 1.940985678566832906e+00
7.620000000000000000e+02 1.941014145098937993e+00
7.630000000000000000e+02 1.941042607591277891e+00
7.640000000000000000e+02 1.941071066044196547e+00
7.650000000000000000e+02 1.941099520458038574e+00
7.660000000000000000e+02 1.941127970833147920e+00
7.670000000000000000e+02 1.941156417169868975e+00
7.680000000000000000e+02 1.941184859468545687e+00
7.690000000000000000e+02 1.941213297729522891e+00
7.700000000000000000e+02 1.941241731953144090e+00
7.710000000000000000e+02 1.941270162139754119e+00
7.720000000000000000e+02 1.941298588289696703e+00
7.730000000000000000e+02 1.941327010403316455e+00
7.740000000000000000e+02 1.941355428480957546e+00
7.750000000000000000e+02 1.941383842522964143e+00
7.760000000000000000e+02 1.941412252529680416e+00
7.770000000000000000e+02 1.941440658501450756e+00
7.780000000000000000e+02 1.941469060438619332e+00
7.790000000000000000e+02 1.941497458341530313e+00
7.800000000000000000e+02 1.941525852210527869e+00
7.810000000000000000e+02 1.941554242045956391e+00
7.820000000000000000e+02 1.941582627848160048e+00
7.830000000000000000e+02 1.941611009617483230e+00
7.840000000000000000e+02 1.941639387354269886e+00
7.850000000000000000e+02 1.941667761058864405e+00
7.860000000000000000e+02 1.941696130731611181e+00
7.870000000000000000e+02 1.941724496372853936e+00
7.880000000000000000e+02 1.941752857982937508e+00
7.890000000000000000e+02 1.941781215562205842e+00
7.900000000000000000e+02 1.941809569111003109e+00
7.910000000000000000e+02 1.941837918629673476e+00
7.920000000000000000e+02 1.941866264118561558e+00
7.930000000000000000e+02 1.941894605578011301e+00
7.940000000000000000e+02 1.941922943008366875e+00
7.950000000000000000e+02 1.941951276409972671e+00
7.960000000000000000e+02 1.941979605783173080e+00
7.970000000000000000e+02 1.942007931128311826e+00
7.980000000000000000e+02 1.942036252445733746e+00
7.990000000000000000e+02 1.942064569735782564e+00
8.000000000000000000e+02 1.942092882998802894e+00
8.010000000000000000e+02 1.942121192235138682e+00
8.020000000000000000e+02 1.942149497445134321e+00
8.030000000000000000e+02 1.942177798629133978e+00
8.040000000000000000e+02 1.942206095787481823e+00
8.050000000000000000e+02 1.942234388920522470e+00
8.060000000000000000e+02 1.942262678028599643e+00
8.070000000000000000e+02 1.942290963112057733e+00
8.080000000000000000e+02 1.942319244171241133e+00
8.090000000000000000e+02 1.942347521206494010e+00
8.100000000000000000e+02 1.942375794218160534e+00
8.110000000000000000e+02 1.942404063206585096e+00
8.120000000000000000e+02 1.942432328172111644e+00
8.130000000000000000e+02 1.942460589115084790e+00
8.140000000000000000e+02 1.942488846035848260e+00
8.150000000000000000e+02 1.942517098934746667e+00
8.160000000000000000e+02 1.942545347812124179e+00
8.170000000000000000e+02 1.942573592668325189e+00
8.180000000000000000e+02 1.942601833503693420e+00
8.190000000000000000e+02 1.942630070318573710e+00
8.200000000000000000e+02 1.942658303113310003e+00
8.210000000000000000e+02 1.942686531888246249e+00
8.220000000000000000e+02 1.942714756643727281e+00
8.230000000000000000e+02 1.942742977380096825e+00
8.240000000000000000e+02 1.942771194097699494e+00
8.250000000000000000e+02 1.942799406796879236e+00
8.260000000000000000e+02 1.942827615477980441e+00
8.270000000000000000e+02 1.942855820141347278e+00
8.280000000000000000e+02 1.942884020787323918e+00
8.290000000000000000e+02 1.942912217416254750e+00
8.300000000000000000e+02 1.942940410028483944e+00
8.310000000000000000e+02 1.942968598624355669e+00
8.320000000000000000e+02 1.942996783204214317e+00
8.330000000000000000e+02 1.943024963768403834e+00
8.340000000000000000e+02 1.943053140317268834e+00
8.350000000000000000e+02 1.943081312851153264e+00
8.360000000000000000e+02 1.943109481370401292e+00
8.370000000000000000e+02 1.943137645875357533e+00
8.380000000000000000e+02 1.943165806366365933e+00
8.390000000000000000e+02 1.943193962843770661e+00
8.400000000000000000e+02 1.943222115307916109e+00
8.410000000000000000e+02 1.943250263759146668e+00
8.420000000000000000e+02 1.943278408197806284e+00
8.430000000000000000e+02 1.943306548624239127e+00
8.440000000000000000e+02 1.943334685038789589e+00
8.450000000000000000e+02 1.943362817441802060e+00
8.460000000000000000e+02 1.943390945833620487e+00
8.470000000000000000e+02 1.943419070214589262e+00
8.480000000000000000e+02 1.943447190585052775e+00
8.490000000000000000e+02 1.943475306945354752e+00
8.500000000000000000e+02 1.943503419295840029e+00
8.510000000000000000e+02 1.943531527636852330e+00
8.520000000000000000e+02 1.943559631968736268e+00
8.530000000000000000e+02 1.943587732291835790e+00
8.540000000000000000e+02 1.943615828606495510e+00
8.550000000000000000e+02 1.943643920913059153e+00
8.560000000000000000e+02 1.943672009211871332e+00
8.570000000000000000e+02 1.943700093503275994e+00
8.580000000000000000e+02 1.943728173787617752e+00
8.590000000000000000e+02 1.943756250065240554e+00
8.600000000000000000e+02 1.943784322336488790e+00
8.610000000000000000e+02 1.943812390601706408e+00
8.620000000000000000e+02 1.943840454861238021e+00
8.630000000000000000e+02 1.943868515115427575e+00
8.640000000000000000e+02 1.943896571364619463e+00
8.650000000000000000e+02 1.943924623609157853e+00
8.660000000000000000e+02 1.943952671849386915e+00
8.670000000000000000e+02 1.943980716085651039e+00
8.680000000000000000e+02 1.944008756318294395e+00
8.690000000000000000e+02 1.944036792547661152e+00
8.700000000000000000e+02 1.944064824774095701e+00
8.710000000000000000e+02 1.944092852997942211e+00
8.720000000000000000e+02 1.944120877219544630e+00
8.730000000000000000e+02 1.944148897439247570e+00
8.740000000000000000e+02 1.944176913657395200e+00
8.750000000000000000e+02 1.944204925874331469e+00
8.760000000000000000e+02 1.944232934090400988e+00
8.770000000000000000e+02 1.944260938305947706e+00
8.780000000000000000e+02 1.944288938521316012e+00
8.790000000000000000e+02 1.944316934736850300e+00
8.800000000000000000e+02 1.944344926952894292e+00
8.810000000000000000e+02 1.944372915169792826e+00
8.820000000000000000e+02 1.944400899387889625e+00
8.830000000000000000e+02 1.944428879607529304e+00
8.840000000000000000e+02 1.944456855829055808e+00
8.850000000000000000e+02 1.944484828052813530e+00
8.860000000000000000e+02 1.944512796279146638e+00
8.870000000000000000e+02 1.944540760508399524e+00
8.880000000000000000e+02 1.944568720740916135e+00
8.890000000000000000e+02 1.944596676977040861e+00
8.900000000000000000e+02 1.944624629217118095e+00
8.910000000000000000e+02 1.944652577461491783e+00
8.920000000000000000e+02 1.944680521710506316e+00
8.930000000000000000e+02 1.944708461964505863e+00
8.940000000000000000e+02 1.944736398223834817e+00
8.950000000000000000e+02 1.944764330488837345e+00
8.960000000000000000e+02 1.944792258759857395e+00
8.970000000000000000e+02 1.944820183037239580e+00
8.980000000000000000e+02 1.944848103321327848e+00
8.990000000000000000e+02 1.944876019612466589e+00
9.000000000000000000e+02 1.944903931911000194e+00
9.010000000000000000e+02 1.944931840217272612e+00
9.020000000000000000e+02 1.944959744531628232e+00
9.030000000000000000e+02 1.944987644854411002e+00
9.040000000000000000e+02 1.945015541185965757e+00
9.050000000000000000e+02 1.945043433526636001e+00
9.060000000000000000e+02 1.945071321876766568e+00
9.070000000000000000e+02 1.945099206236701406e+00
9.080000000000000000e+02 1.945127086606784683e+00
9.090000000000000000e+02 1.945154962987361014e+00
9.100000000000000000e+02 1.945182835378774122e+00
9.110000000000000000e+02 1.945210703781368400e+00
9.120000000000000000e+02 1.945238568195488460e+00
9.130000000000000000e+02 1.945266428621478028e+00
9.140000000000000000e+02 1.945294285059681494e+00
9.150000000000000000e+02 1.945322137510443472e+00
9.160000000000000000e+02 1.945349985974107465e+00
9.170000000000000000e+02 1.945377830451018308e+00
9.180000000000000000e+02 1.945405670941520171e+00
9.190000000000000000e+02 1.945433507445957000e+00
9.200000000000000000e+02 1.945461339964673186e+00
9.210000000000000000e+02 1.945489168498012900e+00
9.220000000000000000e+02 1.945516993046320531e+00
9.230000000000000000e+02 1.945544813609940027e+00
9.240000000000000000e+02 1.945572630189216001e+00
9.250000000000000000e+02 1.945600442784492401e+00
9.260000000000000000e+02 1.945628251396113617e+00
9.270000000000000000e+02 1.945656056024423819e+00
9.280000000000000000e+02 1.945683856669767176e+00
9.290000000000000000e+02 1.945711653332488078e+00
9.300000000000000000e+02 1.945739446012930696e+00
9.310000000000000000e+02 1.945767234711439198e+00
9.320000000000000000e+02 1.945795019428357753e+00
9.330000000000000000e+02 1.945822800164030753e+00
9.340000000000000000e+02 1.945850576918802366e+00
9.350000000000000000e+02 1.945878349693016762e+00
9.360000000000000000e+02 1.945906118487018333e+00
9.370000000000000000e+02 1.945933883301151246e+00
9.380000000000000000e+02 1.945961644135759672e+00
9.390000000000000000e+02 1.945989400991188001e+00
9.400000000000000000e+02 1.946017153867780181e+00
9.410000000000000000e+02 1.946044902765880602e+00
9.420000000000000000e+02 1.946072647685833656e+00
9.430000000000000000e+02 1.946100388627983291e+00
9.440000000000000000e+02 1.946128125592673896e+00
9.450000000000000000e+02 1.946155858580249642e+00
9.460000000000000000e+02 1.946183587591054920e+00
9.470000000000000000e+02 1.946211312625433898e+00
9.480000000000000000e+02 1.946239033683730746e+00
9.490000000000000000e+02 1.946266750766289633e+00
9.500000000000000000e+02 1.946294463873454950e+00
9.510000000000000000e+02 1.946322173005570644e+00
9.520000000000000000e+02 1.946349878162981328e+00
9.530000000000000000e+02 1.946377579346031172e+00
9.540000000000000000e+02 1.946405276555064123e+00
9.550000000000000000e+02 1.946432969790424572e+00
9.560000000000000000e+02 1.946460659052456910e+00
9.570000000000000000e+02 1.946488344341505083e+00
9.580000000000000000e+02 1.946516025657913707e+00
9.590000000000000000e+02 1.946543703002026504e+00
9.600000000000000000e+02 1.946571376374188311e+00
9.610000000000000000e+02 1.946599045774742853e+00
9.620000000000000000e+02 1.946626711204034521e+00
9.630000000000000000e+02 1.946654372662407484e+00
9.640000000000000000e+02 1.946682030150206355e+00
9.650000000000000000e+02 1.946709683667774859e+00
9.660000000000000000e+02 1.946737333215457388e+00
9.670000000000000000e+02 1.946764978793598333e+00
9.680000000000000000e+02 1.946792620402541862e+00
9.690000000000000000e+02 1.946820258042632146e+00
9.700000000000000000e+02 1.946847891714213574e+00
9.710000000000000000e+02 1.946875521417630095e+00
9.720000000000000000e+02 1.946903147153226321e+00
9.730000000000000000e+02 1.946930768921345978e+00
9.740000000000000000e+02 1.946958386722333678e+00
9.750000000000000000e+02 1.946986000556533591e+00
9.760000000000000000e+02 1.947013610424290109e+00
9.770000000000000000e+02 1.947041216325946955e+00
9.780000000000000000e+02 1.947068818261848966e+00
9.790000000000000000e+02 1.947096416232339866e+00
9.800000000000000000e+02 1.947124010237764269e+00
9.810000000000000000e+02 1.947151600278466343e+00
9.820000000000000000e+02 1.947179186354790037e+00
9.830000000000000000e+02 1.947206768467079963e+00
9.840000000000000000e+02 1.947234346615680067e+00
9.850000000000000000e+02 1.947261920800934742e+00
9.860000000000000000e+02 1.947289491023188157e+00
9.870000000000000000e+02 1.947317057282784480e+00
9.880000000000000000e+02 1.947344619580068104e+00
9.890000000000000000e+02 1.947372177915383196e+00
9.900000000000000000e+02 1.947399732289073926e+00
9.910000000000000000e+02 1.947427282701484463e+00
9.920000000000000000e+02 1.947454829152959421e+00
9.930000000000000000e+02 1.947482371643842525e+00
9.940000000000000000e+02 1.947509910174478387e+00
9.950000000000000000e+02 1.947537444745210955e+00
9.960000000000000000e+02 1.947564975356384842e+00
9.970000000000000000e+02 1.947592502008343995e+00
9.980000000000000000e+02 1.947620024701432584e+00
9.990000000000000000e+02 1.947647543435994999e+00
1.000000000000000000e+03 1.947675058212375410e+00
1.001000000000000000e+03 1.947702569030918207e+00
1.002000000000000000e+03 1.947730075891967338e+00
1.003000000000000000e+03 1.947757578795867417e+00
1.004000000000000000e+03 1.947785077742962168e+00
1.005000000000000000e+03 1.947812572733596204e+00
1.006000000000000000e+03 1.947840063768113694e+00
1.007000000000000000e+03 1.947867550846858808e+00
1.008000000000000000e+03 1.947895033970175938e+00
1.009000000000000000e+03 1.947922513138409029e+00
1.010000000000000000e+03 1.947949988351902695e+00
1.011000000000000000e+03 1.947977459611000661e+00
