# order=4: data_wav [pixel], data_wavsolution [micron]
3.000000000000000000e+00 1.426204958184981164e+00
4.000000000000000000e+00 1.426229146720582541e+00
5.000000000000000000e+00 1.426253332267514162e+00
6.000000000000000000e+00 1.426277514825776249e+00
7.000000000000000000e+00 1.426301694395369024e+00
8.000000000000000000e+00 1.426325870976292043e+00
9.000000000000000000e+00 1.426350044568545528e+00
1.000000000000000000e+01 1.426374215172129256e+00
1.100000000000000000e+01 1.426398382787043673e+00
1.200000000000000000e+01 1.426422547413288333e+00
1.300000000000000000e+01 1.426446709050863682e+00
1.400000000000000000e+01 1.426470867699769274e+00
1.500000000000000000e+01 1.426495023360005332e+00
1.600000000000000000e+01 1.426519176031571634e+00
1.700000000000000000e+01 1.426543325714468624e+00
1.800000000000000000e+01 1.426567472408696080e+00
1.900000000000000000e+01 1.426591616114253780e+00
2.000000000000000000e+01 1.426615756831141946e+00
2.100000000000000000e+01 1.426639894559360577e+00
2.200000000000000000e+01 1.426664029298909675e+00
2.300000000000000000e+01 1.426688161049789239e+00
2.400000000000000000e+01 1.426712289811999046e+00
2.500000000000000000e+01 1.426736415585539541e+00
2.600000000000000000e+01 1.426760538370410281e+00
2.700000000000000000e+01 1.426784658166611486e+00
2.800000000000000000e+01 1.426808774974143157e+00
2.900000000000000000e+01 1.426832888793005294e+00
3.000000000000000000e+01 1.426856999623197897e+00
3.100000000000000000e+01 1.426881107464720744e+00
3.200000000000000000e+01 1.426905212317574057e+00
3.300000000000000000e+01 1.426929314181758057e+00
3.400000000000000000e+01 1.426953413057272302e+00
3.500000000000000000e+01 1.426977508944117012e+00
3.600000000000000000e+01 1.427001601842291967e+00
3.700000000000000000e+01 1.427025691751797609e+00
3.800000000000000000e+01 1.427049778672633495e+00
3.900000000000000000e+01 1.427073862604800070e+00
4.000000000000000000e+01 1.427097943548296888e+00
4.100000000000000000e+01 1.427122021503124172e+00
4.200000000000000000e+01 1.427146096469281700e+00
4.300000000000000000e+01 1.427170168446769916e+00
4.400000000000000000e+01 1.427194237435588375e+00
4.500000000000000000e+01 1.427218303435737523e+00
4.600000000000000000e+01 1.427242366447216915e+00
4.700000000000000000e+01 1.427266426470026772e+00
4.800000000000000000e+01 1.427290483504167096e+00
4.900000000000000000e+01 1.427314537549637885e+00
5.000000000000000000e+01 1.427338588606438918e+00
5.100000000000000000e+01 1.427362636674570640e+00
5.200000000000000000e+01 1.427386681754032605e+00
5.300000000000000000e+01 1.427410723844825036e+00
5.400000000000000000e+01 1.427434762946947933e+00
5.500000000000000000e+01 1.427458799060401295e+00
5.600000000000000000e+01 1.427482832185184902e+00
5.700000000000000000e+01 1.427506862321299197e+00
5.800000000000000000e+01 1.427530889468743736e+00
5.900000000000000000e+01 1.427554913627518740e+00
6.000000000000000000e+01 1.427578934797624211e+00
6.100000000000000000e+01 1.427602952979060147e+00
6.200000000000000000e+01 1.427626968171826549e+00
6.300000000000000000e+01 1.427650980375923195e+00
6.400000000000000000e+01 1.427674989591350529e+00
6.500000000000000000e+01 1.427698995818108108e+00
6.600000000000000000e+01 1.427722999056196151e+00
6.700000000000000000e+01 1.427746999305614661e+00
6.800000000000000000e+01 1.427770996566363637e+00
6.900000000000000000e+01 1.427794990838443079e+00
7.000000000000000000e+01 1.427818982121852764e+00
7.100000000000000000e+01 1.427842970416592916e+00
7.200000000000000000e+01 1.427866955722663755e+00
7.300000000000000000e+01 1.427890938040064839e+00
7.400000000000000000e+01 1.427914917368796166e+00
7.500000000000000000e+01 1.427938893708858181e+00
7.600000000000000000e+01 1.427962867060250662e+00
7.700000000000000000e+01 1.427986837422973387e+00
7.800000000000000000e+01 1.428010804797026578e+00
7.900000000000000000e+01 1.428034769182410235e+00
8.000000000000000000e+01 1.428058730579124358e+00
8.100000000000000000e+01 1.428082688987168947e+00
8.200000000000000000e+01 1.428106644406544001e+00
8.300000000000000000e+01 1.428130596837249300e+00
8.400000000000000000e+01 1.428154546279285064e+00
8.500000000000000000e+01 1.428178492732651517e+00
8.600000000000000000e+01 1.428202436197348213e+00
8.700000000000000000e+01 1.428226376673375375e+00
8.800000000000000000e+01 1.428250314160732781e+00
8.900000000000000000e+01 1.428274248659420875e+00
9.000000000000000000e+01 1.428298180169439213e+00
9.100000000000000000e+01 1.428322108690788017e+00
9.200000000000000000e+01 1.428346034223467287e+00
9.300000000000000000e+01 1.428369956767477023e+00
9.400000000000000000e+01 1.428393876322817224e+00
9.500000000000000000e+01 1.428417792889487892e+00
9.600000000000000000e+01 1.428441706467488803e+00
9.700000000000000000e+01 1.428465617056820403e+00
9.800000000000000000e+01 1.428489524657482246e+00
9.900000000000000000e+01 1.428513429269474555e+00
1.000000000000000000e+02 1.428537330892797330e+00
1.010000000000000000e+02 1.428561229527450349e+00
1.020000000000000000e+02 1.428585125173434056e+00
1.030000000000000000e+02 1.428609017830748007e+00
1.040000000000000000e+02 1.428632907499392424e+00
1.050000000000000000e+02 1.428656794179367306e+00
1.060000000000000000e+02 1.428680677870672655e+00
1.070000000000000000e+02 1.428704558573308470e+00
1.080000000000000000e+02 1.428728436287274750e+00
1.090000000000000000e+02 1.428752311012571274e+00
1.100000000000000000e+02 1.428776182749198487e+00
1.110000000000000000e+02 1.428800051497155943e+00
1.120000000000000000e+02 1.428823917256443865e+00
1.130000000000000000e+02 1.428847780027062253e+00
1.140000000000000000e+02 1.428871639809010885e+00
1.150000000000000000e+02 1.428895496602290205e+00
1.160000000000000000e+02 1.428919350406899769e+00
1.170000000000000000e+02 1.428943201222839798e+00
1.180000000000000000e+02 1.428967049050110294e+00
1.190000000000000000e+02 1.428990893888711255e+00
1.200000000000000000e+02 1.429014735738642683e+00
1.210000000000000000e+02 1.429038574599904576e+00
1.220000000000000000e+02 1.429062410472496714e+00
1.230000000000000000e+02 1.429086243356419317e+00
1.240000000000000000e+02 1.429110073251672608e+00
1.250000000000000000e+02 1.429133900158256143e+00
1.260000000000000000e+02 1.429157724076169922e+00
1.270000000000000000e+02 1.429181545005414389e+00
1.280000000000000000e+02 1.429205362945989322e+00
1.290000000000000000e+02 1.429229177897894498e+00
1.300000000000000000e+02 1.429252989861130141e+00
1.310000000000000000e+02 1.429276798835696249e+00
1.320000000000000000e+02 1.429300604821592824e+00
1.330000000000000000e+02 1.429324407818819864e+00
1.340000000000000000e+02 1.429348207827377371e+00
1.350000000000000000e+02 1.429372004847265121e+00
1.360000000000000000e+02 1.429395798878483337e+00
1.370000000000000000e+02 1.429419589921032019e+00
1.380000000000000000e+02 1.429443377974911167e+00
1.390000000000000000e+02 1.429467163040120781e+00
1.400000000000000000e+02 1.429490945116660860e+00
1.410000000000000000e+02 1.429514724204531184e+00
1.420000000000000000e+02 1.429538500303732196e+00
1.430000000000000000e+02 1.429562273414263451e+00
1.440000000000000000e+02 1.429586043536125173e+00
1.450000000000000000e+02 1.429609810669317360e+00
1.460000000000000000e+02 1.429633574813840013e+00
1.470000000000000000e+02 1.429657335969692911e+00
1.480000000000000000e+02 1.429681094136876496e+00
1.490000000000000000e+02 1.429704849315390325e+00
1.500000000000000000e+02 1.429728601505234620e+00
1.510000000000000000e+02 1.429752350706409381e+00
1.520000000000000000e+02 1.429776096918914607e+00
1.530000000000000000e+02 1.429799840142750300e+00
1.540000000000000000e+02 1.429823580377916237e+00
1.550000000000000000e+02 1.429847317624412639e+00
1.560000000000000000e+02 1.429871051882239730e+00
1.570000000000000000e+02 1.429894783151397064e+00
1.580000000000000000e+02 1.429918511431884864e+00
1.590000000000000000e+02 1.429942236723702909e+00
1.600000000000000000e+02 1.429965959026851641e+00
1.610000000000000000e+02 1.429989678341330617e+00
1.620000000000000000e+02 1.430013394667140281e+00
1.630000000000000000e+02 1.430037108004280189e+00
1.640000000000000000e+02 1.430060818352750562e+00
1.650000000000000000e+02 1.430084525712551402e+00
1.660000000000000000e+02 1.430108230083682486e+00
1.670000000000000000e+02 1.430131931466144257e+00
1.680000000000000000e+02 1.430155629859936273e+00
1.690000000000000000e+02 1.430179325265058754e+00
1.700000000000000000e+02 1.430203017681511701e+00
1.710000000000000000e+02 1.430226707109295115e+00
1.720000000000000000e+02 1.430250393548408994e+00
1.730000000000000000e+02 1.430274076998853339e+00
1.740000000000000000e+02 1.430297757460627928e+00
1.750000000000000000e+02 1.430321434933732982e+00
1.760000000000000000e+02 1.430345109418168503e+00
1.770000000000000000e+02 1.430368780913934490e+00
1.780000000000000000e+02 1.430392449421030943e+00
1.790000000000000000e+02 1.430416114939457861e+00
1.800000000000000000e+02 1.430439777469215024e+00
1.810000000000000000e+02 1.430463437010302874e+00
1.820000000000000000e+02 1.430487093562720968e+00
1.830000000000000000e+02 1.430510747126469528e+00
1.840000000000000000e+02 1.430534397701548555e+00
1.850000000000000000e+02 1.430558045287957825e+00
1.860000000000000000e+02 1.430581689885697783e+00
1.870000000000000000e+02 1.430605331494767984e+00
1.880000000000000000e+02 1.430628970115168874e+00
1.890000000000000000e+02 1.430652605746900008e+00
1.900000000000000000e+02 1.430676238389961608e+00
1.910000000000000000e+02 1.430699868044353673e+00
1.920000000000000000e+02 1.430723494710075983e+00
1.930000000000000000e+02 1.430747118387128980e+00
1.940000000000000000e+02 1.430770739075512221e+00
1.950000000000000000e+02 1.430794356775225928e+00
1.960000000000000000e+02 1.430817971486270102e+00
1.970000000000000000e+02 1.430841583208644741e+00
1.980000000000000000e+02 1.430865191942349846e+00
1.990000000000000000e+02 1.430888797687385416e+00
2.000000000000000000e+02 1.430912400443751231e+00
2.010000000000000000e+02 1.430936000211447512e+00
2.020000000000000000e+02 1.430959596990474259e+00
2.030000000000000000e+02 1.430983190780831471e+00
2.040000000000000000e+02 1.431006781582519150e+00
2.050000000000000000e+02 1.431030369395537294e+00
2.060000000000000000e+02 1.431053954219885682e+00
2.070000000000000000e+02 1.431077536055564536e+00
2.080000000000000000e+02 1.431101114902574079e+00
2.090000000000000000e+02 1.431124690760913865e+00
2.100000000000000000e+02 1.431148263630584117e+00
2.110000000000000000e+02 1.431171833511584612e+00
2.120000000000000000e+02 1.431195400403915796e+00
2.130000000000000000e+02 1.431218964307577224e+00
2.140000000000000000e+02 1.431242525222569340e+00
2.150000000000000000e+02 1.431266083148891699e+00
2.160000000000000000e+02 1.431289638086544524e+00
2.170000000000000000e+02 1.431313190035527594e+00
2.180000000000000000e+02 1.431336738995841351e+00
2.190000000000000000e+02 1.431360284967485352e+00
2.200000000000000000e+02 1.431383827950460041e+00
2.210000000000000000e+02 1.431407367944764975e+00
2.220000000000000000e+02 1.431430904950400373e+00
2.230000000000000000e+02 1.431454438967366238e+00
2.240000000000000000e+02 1.431477969995662569e+00
2.250000000000000000e+02 1.431501498035289144e+00
2.260000000000000000e+02 1.431525023086246406e+00
2.270000000000000000e+02 1.431548545148533913e+00
2.280000000000000000e+02 1.431572064222151885e+00
2.290000000000000000e+02 1.431595580307100324e+00
2.300000000000000000e+02 1.431619093403379228e+00
2.310000000000000000e+02 1.431642603510988376e+00
2.320000000000000000e+02 1.431666110629928212e+00
2.330000000000000000e+02 1.431689614760198292e+00
2.340000000000000000e+02 1.431713115901798838e+00
2.350000000000000000e+02 1.431736614054729850e+00
2.360000000000000000e+02 1.431760109218991328e+00
2.370000000000000000e+02 1.431783601394583272e+00
2.380000000000000000e+02 1.431807090581505459e+00
2.390000000000000000e+02 1.431830576779758335e+00
2.400000000000000000e+02 1.431854059989341454e+00
2.410000000000000000e+02 1.431877540210255040e+00
2.420000000000000000e+02 1.431901017442499091e+00
2.430000000000000000e+02 1.431924491686073608e+00
2.440000000000000000e+02 1.431947962940978369e+00
2.450000000000000000e+02 1.431971431207213818e+00
2.460000000000000000e+02 1.431994896484779511e+00
2.470000000000000000e+02 1.432018358773675670e+00
2.480000000000000000e+02 1.432041818073902295e+00
2.490000000000000000e+02 1.432065274385459386e+00
2.500000000000000000e+02 1.432088727708346942e+00
2.510000000000000000e+02 1.432112178042564743e+00
2.520000000000000000e+02 1.432135625388113231e+00
2.530000000000000000e+02 1.432159069744991964e+00
2.540000000000000000e+02 1.432182511113201162e+00
2.550000000000000000e+02 1.432205949492740826e+00
2.560000000000000000e+02 1.432229384883610956e+00
2.570000000000000000e+02 1.432252817285811330e+00
2.580000000000000000e+02 1.432276246699342392e+00
2.590000000000000000e+02 1.432299673124203698e+00
2.600000000000000000e+02 1.432323096560395470e+00
2.610000000000000000e+02 1.432346517007917708e+00
2.620000000000000000e+02 1.432369934466770411e+00
2.630000000000000000e+02 1.432393348936953581e+00
2.640000000000000000e+02 1.432416760418466994e+00
2.650000000000000000e+02 1.432440168911311096e+00
2.660000000000000000e+02 1.432463574415485441e+00
2.670000000000000000e+02 1.432486976930990252e+00
2.680000000000000000e+02 1.432510376457825529e+00
2.690000000000000000e+02 1.432533772995991272e+00
2.700000000000000000e+02 1.432557166545487259e+00
2.710000000000000000e+02 1.432580557106313934e+00
2.720000000000000000e+02 1.432603944678470853e+00
2.730000000000000000e+02 1.432627329261958238e+00
2.740000000000000000e+02 1.432650710856776088e+00
2.750000000000000000e+02 1.432674089462924405e+00
2.760000000000000000e+02 1.432697465080403187e+00
2.770000000000000000e+02 1.432720837709212214e+00
2.780000000000000000e+02 1.432744207349351928e+00
2.790000000000000000e+02 1.432767574000821886e+00
2.800000000000000000e+02 1.432790937663622310e+00
2.810000000000000000e+02 1.432814298337753200e+00
2.820000000000000000e+02 1.432837656023214556e+00
2.830000000000000000e+02 1.432861010720006156e+00
2.840000000000000000e+02 1.432884362428128444e+00
2.850000000000000000e+02 1.432907711147580976e+00
2.860000000000000000e+02 1.432931056878363973e+00
2.870000000000000000e+02 1.432954399620477437e+00
2.880000000000000000e+02 1.432977739373921366e+00
2.890000000000000000e+02 1.433001076138695762e+00
2.900000000000000000e+02 1.433024409914800401e+00
2.910000000000000000e+02 1.433047740702235728e+00
2.920000000000000000e+02 1.433071068501001299e+00
2.930000000000000000e+02 1.433094393311097337e+00
2.940000000000000000e+02 1.433117715132523839e+00
2.950000000000000000e+02 1.433141033965280808e+00
2.960000000000000000e+02 1.433164349809368021e+00
2.970000000000000000e+02 1.433187662664785922e+00
2.980000000000000000e+02 1.433210972531534066e+00
2.990000000000000000e+02 1.433234279409612677e+00
3.000000000000000000e+02 1.433257583299021753e+00
3.010000000000000000e+02 1.433280884199761296e+00
3.020000000000000000e+02 1.433304182111831304e+00
3.030000000000000000e+02 1.433327477035231556e+00
3.040000000000000000e+02 1.433350768969962274e+00
3.050000000000000000e+02 1.433374057916023681e+00
3.060000000000000000e+02 1.433397343873415331e+00
3.070000000000000000e+02 1.433420626842137446e+00
3.080000000000000000e+02 1.433443906822189806e+00
3.090000000000000000e+02 1.433467183813572854e+00
3.100000000000000000e+02 1.433490457816286145e+00
3.110000000000000000e+02 1.433513728830330125e+00
3.120000000000000000e+02 1.433536996855704349e+00
3.130000000000000000e+02 1.433560261892409038e+00
3.140000000000000000e+02 1.433583523940444193e+00
3.150000000000000000e+02 1.433606782999809592e+00
3.160000000000000000e+02 1.433630039070505680e+00
3.170000000000000000e+02 1.433653292152532011e+00
3.180000000000000000e+02 1.433676542245888808e+00
3.190000000000000000e+02 1.433699789350576070e+00
3.200000000000000000e+02 1.433723033466593799e+00
3.210000000000000000e+02 1.433746274593941994e+00
3.220000000000000000e+02 1.433769512732620655e+00
3.230000000000000000e+02 1.433792747882629559e+00
3.240000000000000000e+02 1.433815980043968930e+00
3.250000000000000000e+02 1.433839209216638766e+00
3.260000000000000000e+02 1.433862435400639068e+00
3.270000000000000000e+02 1.433885658595969836e+00
3.280000000000000000e+02 1.433908878802631071e+00
3.290000000000000000e+02 1.433932096020622549e+00
3.300000000000000000e+02 1.433955310249944715e+00
3.310000000000000000e+02 1.433978521490597124e+00
3.320000000000000000e+02 1.434001729742580000e+00
3.330000000000000000e+02 1.434024935005893342e+00
3.340000000000000000e+02 1.434048137280537150e+00
3.350000000000000000e+02 1.434071336566511201e+00
3.360000000000000000e+02 1.434094532863815941e+00
3.370000000000000000e+02 1.434117726172450924e+00
3.380000000000000000e+02 1.434140916492416373e+00
3.390000000000000000e+02 1.434164103823712288e+00
3.400000000000000000e+02 1.434187288166338670e+00
3.410000000000000000e+02 1.434210469520295295e+00
3.420000000000000000e+02 1.434233647885582608e+00
3.430000000000000000e+02 1.434256823262200164e+00
3.440000000000000000e+02 1.434279995650148187e+00
3.450000000000000000e+02 1.434303165049426898e+00
3.460000000000000000e+02 1.434326331460035631e+00
3.470000000000000000e+02 1.434349494881975051e+00
3.480000000000000000e+02 1.434372655315244938e+00
3.490000000000000000e+02 1.434395812759845068e+00
3.500000000000000000e+02 1.434418967215775664e+00
3.510000000000000000e+02 1.434442118683036949e+00
3.520000000000000000e+02 1.434465267161628255e+00
3.530000000000000000e+02 1.434488412651550249e+00
3.540000000000000000e+02 1.434511555152802709e+00
3.550000000000000000e+02 1.434534694665385413e+00
3.560000000000000000e+02 1.434557831189298804e+00
3.570000000000000000e+02 1.434580964724542440e+00
3.580000000000000000e+02 1.434604095271116542e+00
3.590000000000000000e+02 1.434627222829021109e+00
3.600000000000000000e+02 1.434650347398256143e+00
3.610000000000000000e+02 1.434673468978821420e+00
3.620000000000000000e+02 1.434696587570717385e+00
3.630000000000000000e+02 1.434719703173943595e+00
3.640000000000000000e+02 1.434742815788500270e+00
3.650000000000000000e+02 1.434765925414387411e+00
3.660000000000000000e+02 1.434789032051605018e+00
3.670000000000000000e+02 1.434812135700152869e+00
3.680000000000000000e+02 1.434835236360031407e+00
3.690000000000000000e+02 1.434858334031240190e+00
3.700000000000000000e+02 1.434881428713779439e+00
3.710000000000000000e+02 1.434904520407649153e+00
3.720000000000000000e+02 1.434927609112849334e+00
3.730000000000000000e+02 1.434950694829379980e+00
3.740000000000000000e+02 1.434973777557241092e+00
3.750000000000000000e+02 1.434996857296432449e+00
3.760000000000000000e+02 1.435019934046954271e+00
3.770000000000000000e+02 1.435043007808806559e+00
3.780000000000000000e+02 1.435066078581989313e+00
3.790000000000000000e+02 1.435089146366502533e+00
3.800000000000000000e+02 1.435112211162346219e+00
3.810000000000000000e+02 1.435135272969520148e+00
3.820000000000000000e+02 1.435158331788024544e+00
3.830000000000000000e+02 1.435181387617859627e+00
3.840000000000000000e+02 1.435204440459024955e+00
3.850000000000000000e+02 1.435227490311520526e+00
3.860000000000000000e+02 1.435250537175346786e+00
3.870000000000000000e+02 1.435273581050503511e+00
3.880000000000000000e+02 1.435296621936990480e+00
3.890000000000000000e+02 1.435319659834807915e+00
3.900000000000000000e+02 1.435342694743956038e+00
3.910000000000000000e+02 1.435365726664434183e+00
3.920000000000000000e+02 1.435388755596243016e+00
3.930000000000000000e+02 1.435411781539382314e+00
3.940000000000000000e+02 1.435434804493851857e+00
3.950000000000000000e+02 1.435457824459652088e+00
3.960000000000000000e+02 1.435480841436782562e+00
3.970000000000000000e+02 1.435503855425243502e+00
3.980000000000000000e+02 1.435526866425034909e+00
3.990000000000000000e+02 1.435549874436156559e+00
4.000000000000000000e+02 1.435572879458608897e+00
4.010000000000000000e+02 1.435595881492391479e+00
4.020000000000000000e+02 1.435618880537504749e+00
4.030000000000000000e+02 1.435641876593948263e+00
4.040000000000000000e+02 1.435664869661722243e+00
4.050000000000000000e+02 1.435687859740826466e+00
4.060000000000000000e+02 1.435710846831261378e+00
4.070000000000000000e+02 1.435733830933026534e+00
4.080000000000000000e+02 1.435756812046122377e+00
4.090000000000000000e+02 1.435779790170548464e+00
4.100000000000000000e+02 1.435802765306305018e+00
4.110000000000000000e+02 1.435825737453392037e+00
4.120000000000000000e+02 1.435848706611809522e+00
4.130000000000000000e+02 1.435871672781557251e+00
4.140000000000000000e+02 1.435894635962635446e+00
4.150000000000000000e+02 1.435917596155044329e+00
4.160000000000000000e+02 1.435940553358783456e+00
4.170000000000000000e+02 1.435963507573853049e+00
4.180000000000000000e+02 1.435986458800252885e+00
4.190000000000000000e+02 1.436009407037983410e+00
4.200000000000000000e+02 1.436032352287044400e+00
4.210000000000000000e+02 1.436055294547435635e+00
4.220000000000000000e+02 1.436078233819157335e+00
4.230000000000000000e+02 1.436101170102209501e+00
4.240000000000000000e+02 1.436124103396592133e+00
4.250000000000000000e+02 1.436147033702305231e+00
4.260000000000000000e+02 1.436169961019348573e+00
4.270000000000000000e+02 1.436192885347722381e+00
4.280000000000000000e+02 1.436215806687426877e+00
4.290000000000000000e+02 1.436238725038461617e+00
4.300000000000000000e+02 1.436261640400826822e+00
4.310000000000000000e+02 1.436284552774522272e+00
4.320000000000000000e+02 1.436307462159548409e+00
4.330000000000000000e+02 1.436330368555905013e+00
4.340000000000000000e+02 1.436353271963591860e+00
4.350000000000000000e+02 1.436376172382609173e+00
4.360000000000000000e+02 1.436399069812956952e+00
4.370000000000000000e+02 1.436421964254635197e+00
4.380000000000000000e+02 1.436444855707643908e+00
4.390000000000000000e+02 1.436467744171982863e+00
4.400000000000000000e+02 1.436490629647652284e+00
4.410000000000000000e+02 1.436513512134652393e+00
4.420000000000000000e+02 1.436536391632982745e+00
4.430000000000000000e+02 1.436559268142643564e+00
4.440000000000000000e+02 1.436582141663634626e+00
4.450000000000000000e+02 1.436605012195956377e+00
4.460000000000000000e+02 1.436627879739608371e+00
4.470000000000000000e+02 1.436650744294591053e+00
4.480000000000000000e+02 1.436673605860903979e+00
4.490000000000000000e+02 1.436696464438547372e+00
4.500000000000000000e+02 1.436719320027521229e+00
4.510000000000000000e+02 1.436742172627825331e+00
4.520000000000000000e+02 1.436765022239460121e+00
4.530000000000000000e+02 1.436787868862425155e+00
4.540000000000000000e+02 1.436810712496720877e+00
4.550000000000000000e+02 1.436833553142346842e+00
4.560000000000000000e+02 1.436856390799303052e+00
4.570000000000000000e+02 1.436879225467589949e+00
4.580000000000000000e+02 1.436902057147207312e+00
4.590000000000000000e+02 1.436924885838154919e+00
4.600000000000000000e+02 1.436947711540433215e+00
4.610000000000000000e+02 1.436970534254041754e+00
4.620000000000000000e+02 1.436993353978980759e+00
4.630000000000000000e+02 1.437016170715250230e+00
4.640000000000000000e+02 1.437038984462849944e+00
4.650000000000000000e+02 1.437061795221780347e+00
4.660000000000000000e+02 1.437084602992040994e+00
4.670000000000000000e+02 1.437107407773632106e+00
4.680000000000000000e+02 1.437130209566553685e+00
4.690000000000000000e+02 1.437153008370805729e+00
4.700000000000000000e+02 1.437175804186388239e+00
4.710000000000000000e+02 1.437198597013301216e+00
4.720000000000000000e+02 1.437221386851544436e+00
4.730000000000000000e+02 1.437244173701118122e+00
4.740000000000000000e+02 1.437266957562022274e+00
4.750000000000000000e+02 1.437289738434256892e+00
4.760000000000000000e+02 1.437312516317821975e+00
4.770000000000000000e+02 1.437335291212717525e+00
4.780000000000000000e+02 1.437358063118943319e+00
4.790000000000000000e+02 1.437380832036499800e+00
4.800000000000000000e+02 1.437403597965386526e+00
4.810000000000000000e+02 1.437426360905603717e+00
4.820000000000000000e+02 1.437449120857151375e+00
4.830000000000000000e+02 1.437471877820029498e+00
4.840000000000000000e+02 1.437494631794237865e+00
4.850000000000000000e+02 1.437517382779776920e+00
4.860000000000000000e+02 1.437540130776646219e+00
4.870000000000000000e+02 1.437562875784845984e+00
4.880000000000000000e+02 1.437585617804376215e+00
4.890000000000000000e+02 1.437608356835236911e+00
4.900000000000000000e+02 1.437631092877428074e+00
4.910000000000000000e+02 1.437653825930949480e+00
4.920000000000000000e+02 1.437676555995801353e+00
4.930000000000000000e+02 1.437699283071983913e+00
4.940000000000000000e+02 1.437722007159496718e+00
4.950000000000000000e+02 1.437744728258339988e+00
4.960000000000000000e+02 1.437767446368513502e+00
4.970000000000000000e+02 1.437790161490017704e+00
4.980000000000000000e+02 1.437812873622852150e+00
4.990000000000000000e+02 1.437835582767017284e+00
5.000000000000000000e+02 1.437858288922512662e+00
5.010000000000000000e+02 1.437880992089338505e+00
5.020000000000000000e+02 1.437903692267494593e+00
5.030000000000000000e+02 1.437926389456981369e+00
5.040000000000000000e+02 1.437949083657798610e+00
5.050000000000000000e+02 1.437971774869946096e+00
5.060000000000000000e+02 1.437994463093424047e+00
5.070000000000000000e+02 1.438017148328232464e+00
5.080000000000000000e+02 1.438039830574371347e+00
5.090000000000000000e+02 1.438062509831840696e+00
5.100000000000000000e+02 1.438085186100640289e+00
5.110000000000000000e+02 1.438107859380770570e+00
5.120000000000000000e+02 1.438130529672231095e+00
5.130000000000000000e+02 1.438153196975022086e+00
5.140000000000000000e+02 1.438175861289143542e+00
5.150000000000000000e+02 1.438198522614595465e+00
5.160000000000000000e+02 1.438221180951377853e+00
5.170000000000000000e+02 1.438243836299490486e+00
5.180000000000000000e+02 1.438266488658933584e+00
5.190000000000000000e+02 1.438289138029707370e+00
5.200000000000000000e+02 1.438311784411811400e+00
5.210000000000000000e+02 1.438334427805245674e+00
5.220000000000000000e+02 1.438357068210010636e+00
5.230000000000000000e+02 1.438379705626106064e+00
5.240000000000000000e+02 1.438402340053531736e+00
5.250000000000000000e+02 1.438424971492287874e+00
5.260000000000000000e+02 1.438447599942374699e+00
5.270000000000000000e+02 1.438470225403791769e+00
5.280000000000000000e+02 1.438492847876539082e+00
5.290000000000000000e+02 1.438515467360617084e+00
5.300000000000000000e+02 1.438538083856025329e+00
5.310000000000000000e+02 1.438560697362764262e+00
5.320000000000000000e+02 1.438583307880833440e+00
5.330000000000000000e+02 1.438605915410233083e+00
5.340000000000000000e+02 1.438628519950963192e+00
5.350000000000000000e+02 1.438651121503023766e+00
5.360000000000000000e+02 1.438673720066414585e+00
5.370000000000000000e+02 1.438696315641136092e+00
5.380000000000000000e+02 1.438718908227187843e+00
5.390000000000000000e+02 1.438741497824570059e+00
5.400000000000000000e+02 1.438764084433282742e+00
5.410000000000000000e+02 1.438786668053325890e+00
5.420000000000000000e+02 1.438809248684699282e+00
5.430000000000000000e+02 1.438831826327403363e+00
5.440000000000000000e+02 1.438854400981437687e+00
5.450000000000000000e+02 1.438876972646802477e+00
5.460000000000000000e+02 1.438899541323497733e+00
5.470000000000000000e+02 1.438922107011523455e+00
5.480000000000000000e+02 1.438944669710879642e+00
5.490000000000000000e+02 1.438967229421566074e+00
5.500000000000000000e+02 1.438989786143583194e+00
5.510000000000000000e+02 1.439012339876930557e+00
5.520000000000000000e+02 1.439034890621608387e+00
5.530000000000000000e+02 1.439057438377616682e+00
5.540000000000000000e+02 1.439079983144955444e+00
5.550000000000000000e+02 1.439102524923624671e+00
5.560000000000000000e+02 1.439125063713624142e+00
5.570000000000000000e+02 1.439147599514954079e+00
5.580000000000000000e+02 1.439170132327614482e+00
5.590000000000000000e+02 1.439192662151605351e+00
5.600000000000000000e+02 1.439215188986926686e+00
5.610000000000000000e+02 1.439237712833578486e+00
5.620000000000000000e+02 1.439260233691560753e+00
5.630000000000000000e+02 1.439282751560873264e+00
5.640000000000000000e+02 1.439305266441516240e+00
5.650000000000000000e+02 1.439327778333489682e+00
5.660000000000000000e+02 1.439350287236793591e+00
5.670000000000000000e+02 1.439372793151427965e+00
5.680000000000000000e+02 1.439395296077392805e+00
5.690000000000000000e+02 1.439417796014687889e+00
5.700000000000000000e+02 1.439440292963313439e+00
5.710000000000000000e+02 1.439462786923269677e+00
5.720000000000000000e+02 1.439485277894556159e+00
5.730000000000000000e+02 1.439507765877172885e+00
5.740000000000000000e+02 1.439530250871120298e+00
5.750000000000000000e+02 1.439552732876398178e+00
5.760000000000000000e+02 1.439575211893006301e+00
5.770000000000000000e+02 1.439597687920944891e+00
5.780000000000000000e+02 1.439620160960213946e+00
5.790000000000000000e+02 1.439642631010813467e+00
5.800000000000000000e+02 1.439665098072743454e+00
5.810000000000000000e+02 1.439687562146003907e+00
5.820000000000000000e+02 1.439710023230594604e+00
5.830000000000000000e+02 1.439732481326515767e+00
5.840000000000000000e+02 1.439754936433767618e+00
5.850000000000000000e+02 1.439777388552349713e+00
5.860000000000000000e+02 1.439799837682262051e+00
5.870000000000000000e+02 1.439822283823505078e+00
5.880000000000000000e+02 1.439844726976078571e+00
5.890000000000000000e+02 1.439867167139982307e+00
5.900000000000000000e+02 1.439889604315216509e+00
5.910000000000000000e+02 1.439912038501781177e+00
5.920000000000000000e+02 1.439934469699676312e+00
5.930000000000000000e+02 1.439956897908901912e+00
5.940000000000000000e+02 1.439979323129457978e+00
5.950000000000000000e+02 1.440001745361344287e+00
5.960000000000000000e+02 1.440024164604561063e+00
5.970000000000000000e+02 1.440046580859108527e+00
5.980000000000000000e+02 1.440068994124986235e+00
5.990000000000000000e+02 1.440091404402194186e+00
6.000000000000000000e+02 1.440113811690732826e+00
6.010000000000000000e+02 1.440136215990601931e+00
6.020000000000000000e+02 1.440158617301801280e+00
6.030000000000000000e+02 1.440181015624331096e+00
6.040000000000000000e+02 1.440203410958191377e+00
6.050000000000000000e+02 1.440225803303382124e+00
6.060000000000000000e+02 1.440248192659903337e+00
6.070000000000000000e+02 1.440270579027755016e+00
6.080000000000000000e+02 1.440292962406936939e+00
6.090000000000000000e+02 1.440315342797449327e+00
6.100000000000000000e+02 1.440337720199292404e+00
6.110000000000000000e+02 1.440360094612465724e+00
6.120000000000000000e+02 1.440382466036969289e+00
6.130000000000000000e+02 1.440404834472803541e+00
6.140000000000000000e+02 1.440427199919968260e+00
6.150000000000000000e+02 1.440449562378463222e+00
6.160000000000000000e+02 1.440471921848288650e+00
6.170000000000000000e+02 1.440494278329444544e+00
6.180000000000000000e+02 1.440516631821930904e+00
6.190000000000000000e+02 1.440538982325747730e+00
6.200000000000000000e+02 1.440561329840894800e+00
6.210000000000000000e+02 1.440583674367372558e+00
6.220000000000000000e+02 1.440606015905180559e+00
6.230000000000000000e+02 1.440628354454319027e+00
6.240000000000000000e+02 1.440650690014787960e+00
6.250000000000000000e+02 1.440673022586587360e+00
6.260000000000000000e+02 1.440695352169717225e+00
6.270000000000000000e+02 1.440717678764177334e+00
6.280000000000000000e+02 1.440740002369968131e+00
6.290000000000000000e+02 1.440762322987089172e+00
6.300000000000000000e+02 1.440784640615540679e+00
6.310000000000000000e+02 1.440806955255322652e+00
6.320000000000000000e+02 1.440829266906435091e+00
6.330000000000000000e+02 1.440851575568877774e+00
6.340000000000000000e+02 1.440873881242651144e+00
6.350000000000000000e+02 1.440896183927754759e+00
6.360000000000000000e+02 1.440918483624188839e+00
6.370000000000000000e+02 1.440940780331953386e+00
6.380000000000000000e+02 1.440963074051048398e+00
6.390000000000000000e+02 1.440985364781473876e+00
6.400000000000000000e+02 1.441007652523229599e+00
6.410000000000000000e+02 1.441029937276315787e+00
6.420000000000000000e+02 1.441052219040732663e+00
6.430000000000000000e+02 1.441074497816479782e+00
6.440000000000000000e+02 1.441096773603557368e+00
6.450000000000000000e+02 1.441119046401965198e+00
6.460000000000000000e+02 1.441141316211703716e+00
6.470000000000000000e+02 1.441163583032772477e+00
6.480000000000000000e+02 1.441185846865171927e+00
6.490000000000000000e+02 1.441208107708901620e+00
6.500000000000000000e+02 1.441230365563961779e+00
6.510000000000000000e+02 1.441252620430352183e+00
6.520000000000000000e+02 1.441274872308073274e+00
6.530000000000000000e+02 1.441297121197124831e+00
6.540000000000000000e+02 1.441319367097506632e+00
6.550000000000000000e+02 1.441341610009218899e+00
6.560000000000000000e+02 1.441363849932261632e+00
6.570000000000000000e+02 1.441386086866634830e+00
6.580000000000000000e+02 1.441408320812338495e+00
6.590000000000000000e+02 1.441430551769372403e+00
6.600000000000000000e+02 1.441452779737737000e+00
6.610000000000000000e+02 1.441475004717431840e+00
6.620000000000000000e+02 1.441497226708457147e+00
6.630000000000000000e+02 1.441519445710812919e+00
6.640000000000000000e+02 1.441541661724499157e+00
6.650000000000000000e+02 1.441563874749515861e+00
6.660000000000000000e+02 1.441586084785862809e+00
6.670000000000000000e+02 1.441608291833540445e+00
6.680000000000000000e+02 1.441630495892548325e+00
6.690000000000000000e+02 1.441652696962886671e+00
6.700000000000000000e+02 1.441674895044555482e+00
6.710000000000000000e+02 1.441697090137554538e+00
6.720000000000000000e+02 1.441719282241884281e+00
6.730000000000000000e+02 1.441741471357544269e+00
6.740000000000000000e+02 1.441763657484534944e+00
6.750000000000000000e+02 1.441785840622855863e+00
6.760000000000000000e+02 1.441808020772507248e+00
6.770000000000000000e+02 1.441830197933489099e+00
6.780000000000000000e+02 1.441852372105801194e+00
6.790000000000000000e+02 1.441874543289443977e+00
6.800000000000000000e+02 1.441896711484417004e+00
6.810000000000000000e+02 1.441918876690720497e+00
6.820000000000000000e+02 1.441941038908354455e+00
6.830000000000000000e+02 1.441963198137318880e+00
6.840000000000000000e+02 1.441985354377613771e+00
6.850000000000000000e+02 1.442007507629238905e+00
6.860000000000000000e+02 1.442029657892194727e+00
6.870000000000000000e+02 1.442051805166480793e+00
6.880000000000000000e+02 1.442073949452097326e+00
6.890000000000000000e+02 1.442096090749044324e+00
6.900000000000000000e+02 1.442118229057321788e+00
6.910000000000000000e+02 1.442140364376929718e+00
6.920000000000000000e+02 1.442162496707867891e+00
6.930000000000000000e+02 1.442184626050136531e+00
6.940000000000000000e+02 1.442206752403735859e+00
6.950000000000000000e+02 1.442228875768665430e+00
6.960000000000000000e+02 1.442250996144925246e+00
6.970000000000000000e+02 1.442273113532515749e+00
6.980000000000000000e+02 1.442295227931436719e+00
6.990000000000000000e+02 1.442317339341687932e+00
7.000000000000000000e+02 1.442339447763269611e+00
7.010000000000000000e+02 1.442361553196181978e+00
7.020000000000000000e+02 1.442383655640424367e+00
7.030000000000000000e+02 1.442405755095997444e+00
7.040000000000000000e+02 1.442427851562900987e+00
7.050000000000000000e+02 1.442449945041134773e+00
7.060000000000000000e+02 1.442472035530699248e+00
7.070000000000000000e+02 1.442494123031593967e+00
7.080000000000000000e+02 1.442516207543819151e+00
7.090000000000000000e+02 1.442538289067374802e+00
7.100000000000000000e+02 1.442560367602260696e+00
7.110000000000000000e+02 1.442582443148477278e+00
7.120000000000000000e+02 1.442604515706024104e+00
7.130000000000000000e+02 1.442626585274901618e+00
7.140000000000000000e+02 1.442648651855109376e+00
7.150000000000000000e+02 1.442670715446647600e+00
7.160000000000000000e+02 1.442692776049516068e+00
7.170000000000000000e+02 1.442714833663715224e+00
7.180000000000000000e+02 1.442736888289244845e+00
7.190000000000000000e+02 1.442758939926104711e+00
7.200000000000000000e+02 1.442780988574295042e+00
7.210000000000000000e+02 1.442803034233815840e+00
7.220000000000000000e+02 1.442825076904667103e+00
7.230000000000000000e+02 1.442847116586848832e+00
7.240000000000000000e+02 1.442869153280360806e+00
7.250000000000000000e+02 1.442891186985203467e+00
7.260000000000000000e+02 1.442913217701376372e+00
7.270000000000000000e+02 1.442935245428879742e+00
7.280000000000000000e+02 1.442957270167713579e+00
7.290000000000000000e+02 1.442979291917877882e+00
7.300000000000000000e+02 1.443001310679372429e+00
7.310000000000000000e+02 1.443023326452197663e+00
7.320000000000000000e+02 1.443045339236353142e+00
7.330000000000000000e+02 1.443067349031839086e+00
7.340000000000000000e+02 1.443089355838655496e+00
7.350000000000000000e+02 1.443111359656802373e+00
7.360000000000000000e+02 1.443133360486279715e+00
7.370000000000000000e+02 1.443155358327087301e+00
7.380000000000000000e+02 1.443177353179225575e+00
7.390000000000000000e+02 1.443199345042694093e+00
7.400000000000000000e+02 1.443221333917493077e+00
7.410000000000000000e+02 1.443243319803622526e+00
7.420000000000000000e+02 1.443265302701082442e+00
7.430000000000000000e+02 1.443287282609872602e+00
7.440000000000000000e+02 1.443309259529993449e+00
7.450000000000000000e+02 1.443331233461444540e+00
7.460000000000000000e+02 1.443353204404226098e+00
7.470000000000000000e+02 1.443375172358338121e+00
7.480000000000000000e+02 1.443397137323780610e+00
7.490000000000000000e+02 1.443419099300553565e+00
7.500000000000000000e+02 1.443441058288656764e+00
7.510000000000000000e+02 1.443463014288090651e+00
7.520000000000000000e+02 1.443484967298854782e+00
7.530000000000000000e+02 1.443506917320949379e+00
7.540000000000000000e+02 1.443528864354374441e+00
7.550000000000000000e+02 1.443550808399129970e+00
7.560000000000000000e+02 1.443572749455215742e+00
7.570000000000000000e+02 1.443594687522632203e+00
7.580000000000000000e+02 1.443616622601378907e+00
7.590000000000000000e+02 1.443638554691456077e+00
7.600000000000000000e+02 1.443660483792863714e+00
7.610000000000000000e+02 1.443682409905601816e+00
7.620000000000000000e+02 1.443704333029670384e+00
7.630000000000000000e+02 1.443726253165069195e+00
7.640000000000000000e+02 1.443748170311798695e+00
7.650000000000000000e+02 1.443770084469858439e+00
7.660000000000000000e+02 1.443791995639248649e+00
7.670000000000000000e+02 1.443813903819969324e+00
7.680000000000000000e+02 1.443835809012020466e+00
7.690000000000000000e+02 1.443857711215401851e+00
7.700000000000000000e+02 1.443879610430113924e+00
7.710000000000000000e+02 1.443901506656156242e+00
7.720000000000000000e+02 1.443923399893529025e+00
7.730000000000000000e+02 1.443945290142232274e+00
7.740000000000000000e+02 1.443967177402265989e+00
7.750000000000000000e+02 1.443989061673630170e+00
7.760000000000000000e+02 1.444010942956324595e+00
7.770000000000000000e+02 1.444032821250349707e+00
7.780000000000000000e+02 1.444054696555705064e+00
7.790000000000000000e+02 1.444076568872390887e+00
7.800000000000000000e+02 1.444098438200407175e+00
7.810000000000000000e+02 1.444120304539753707e+00
7.820000000000000000e+02 1.444142167890430928e+00
7.830000000000000000e+02 1.444164028252438392e+00
7.840000000000000000e+02 1.444185885625776544e+00
7.850000000000000000e+02 1.444207740010444940e+00
7.860000000000000000e+02 1.444229591406443802e+00
7.870000000000000000e+02 1.444251439813773130e+00
7.880000000000000000e+02 1.444273285232432702e+00
7.890000000000000000e+02 1.444295127662422962e+00
7.900000000000000000e+02 1.444316967103743465e+00
7.910000000000000000e+02 1.444338803556394657e+00
7.920000000000000000e+02 1.444360637020376092e+00
7.930000000000000000e+02 1.444382467495687772e+00
7.940000000000000000e+02 1.444404294982330139e+00
7.950000000000000000e+02 1.444426119480302972e+00
7.960000000000000000e+02 1.444447940989606050e+00
7.970000000000000000e+02 1.444469759510239815e+00
7.980000000000000000e+02 1.444491575042203824e+00
7.990000000000000000e+02 1.444513387585498299e+00
8.000000000000000000e+02 1.444535197140123017e+00
8.010000000000000000e+02 1.444557003706078424e+00
8.020000000000000000e+02 1.444578807283364297e+00
8.030000000000000000e+02 1.444600607871980413e+00
8.040000000000000000e+02 1.444622405471926996e+00
8.050000000000000000e+02 1.444644200083204044e+00
8.060000000000000000e+02 1.444665991705811559e+00
8.070000000000000000e+02 1.444687780339749539e+00
8.080000000000000000e+02 1.444709565985017763e+00
8.090000000000000000e+02 1.444731348641616675e+00
8.100000000000000000e+02 1.444753128309545831e+00
8.110000000000000000e+02 1.444774904988805453e+00
8.120000000000000000e+02 1.444796678679395541e+00
8.130000000000000000e+02 1.444818449381316094e+00
8.140000000000000000e+02 1.444840217094567114e+00
8.150000000000000000e+02 1.444861981819148378e+00
8.160000000000000000e+02 1.444883743555060329e+00
8.170000000000000000e+02 1.444905502302302525e+00
8.180000000000000000e+02 1.444927258060875186e+00
8.190000000000000000e+02 1.444949010830778313e+00
8.200000000000000000e+02 1.444970760612011684e+00
8.210000000000000000e+02 1.444992507404575743e+00
8.220000000000000000e+02 1.445014251208470046e+00
8.230000000000000000e+02 1.445035992023695037e+00
8.240000000000000000e+02 1.445057729850250272e+00
8.250000000000000000e+02 1.445079464688135973e+00
8.260000000000000000e+02 1.445101196537352140e+00
8.270000000000000000e+02 1.445122925397898550e+00
8.280000000000000000e+02 1.445144651269775649e+00
8.290000000000000000e+02 1.445166374152982991e+00
8.300000000000000000e+02 1.445188094047520799e+00
8.310000000000000000e+02 1.445209810953389074e+00
8.320000000000000000e+02 1.445231524870587814e+00
8.330000000000000000e+02 1.445253235799117020e+00
8.340000000000000000e+02 1.445274943738976692e+00
8.350000000000000000e+02 1.445296648690166608e+00
8.360000000000000000e+02 1.445318350652686989e+00
8.370000000000000000e+02 1.445340049626537837e+00
8.380000000000000000e+02 1.445361745611719151e+00
8.390000000000000000e+02 1.445383438608230930e+00
8.400000000000000000e+02 1.445405128616073176e+00
8.410000000000000000e+02 1.445426815635245665e+00
8.420000000000000000e+02 1.445448499665748843e+00
8.430000000000000000e+02 1.445470180707582264e+00
8.440000000000000000e+02 1.445491858760746151e+00
8.450000000000000000e+02 1.445513533825240504e+00
8.460000000000000000e+02 1.445535205901065101e+00
8.470000000000000000e+02 1.445556874988220386e+00
8.480000000000000000e+02 1.445578541086705915e+00
8.490000000000000000e+02 1.445600204196522132e+00
8.500000000000000000e+02 1.445621864317668592e+00
8.510000000000000000e+02 1.445643521450145519e+00
8.520000000000000000e+02 1.445665175593952911e+00
8.530000000000000000e+02 1.445686826749090548e+00
8.540000000000000000e+02 1.445708474915558872e+00
8.550000000000000000e+02 1.445730120093357440e+00
8.560000000000000000e+02 1.445751762282486474e+00
8.570000000000000000e+02 1.445773401482945975e+00
8.580000000000000000e+02 1.445795037694735941e+00
8.590000000000000000e+02 1.445816670917856372e+00
8.600000000000000000e+02 1.445838301152307048e+00
8.610000000000000000e+02 1.445859928398088412e+00
8.620000000000000000e+02 1.445881552655200020e+00
8.630000000000000000e+02 1.445903173923642093e+00
8.640000000000000000e+02 1.445924792203414633e+00
8.650000000000000000e+02 1.445946407494517638e+00
8.660000000000000000e+02 1.445968019796950887e+00
8.670000000000000000e+02 1.445989629110714825e+00
8.680000000000000000e+02 1.446011235435809006e+00
8.690000000000000000e+02 1.446032838772233653e+00
8.700000000000000000e+02 1.446054439119988766e+00
8.710000000000000000e+02 1.446076036479074345e+00
8.720000000000000000e+02 1.446097630849490390e+00
8.730000000000000000e+02 1.446119222231236900e+00
8.740000000000000000e+02 1.446140810624313655e+00
8.750000000000000000e+02 1.446162396028720876e+00
8.760000000000000000e+02 1.446183978444458562e+00
8.770000000000000000e+02 1.446205557871526715e+00
8.780000000000000000e+02 1.446227134309925333e+00
8.790000000000000000e+02 1.446248707759654417e+00
8.800000000000000000e+02 1.446270278220713745e+00
8.810000000000000000e+02 1.446291845693103761e+00
8.820000000000000000e+02 1.446313410176824021e+00
8.830000000000000000e+02 1.446334971671874747e+00
8.840000000000000000e+02 1.446356530178255939e+00
8.850000000000000000e+02 1.446378085695967375e+00
8.860000000000000000e+02 1.446399638225009499e+00
8.870000000000000000e+02 1.446421187765381866e+00
8.880000000000000000e+02 1.446442734317084700e+00
8.890000000000000000e+02 1.446464277880118221e+00
8.900000000000000000e+02 1.446485818454481764e+00
8.910000000000000000e+02 1.446507356040175996e+00
8.920000000000000000e+02 1.446528890637200693e+00
8.930000000000000000e+02 1.446550422245555634e+00
8.940000000000000000e+02 1.446571950865241263e+00
8.950000000000000000e+02 1.446593476496257136e+00
8.960000000000000000e+02 1.446614999138603475e+00
8.970000000000000000e+02 1.446636518792280279e+00
8.980000000000000000e+02 1.446658035457287328e+00
8.990000000000000000e+02 1.446679549133625065e+00
9.000000000000000000e+02 1.446701059821293045e+00
9.010000000000000000e+02 1.446722567520291713e+00
9.020000000000000000e+02 1.446744072230620626e+00
9.030000000000000000e+02 1.446765573952280004e+00
9.040000000000000000e+02 1.446787072685269626e+00
9.050000000000000000e+02 1.446808568429589936e+00
9.060000000000000000e+02 1.446830061185240490e+00
9.070000000000000000e+02 1.446851550952221732e+00
9.080000000000000000e+02 1.446873037730533218e+00
9.090000000000000000e+02 1.446894521520175170e+00
9.100000000000000000e+02 1.446916002321147587e+00
9.110000000000000000e+02 1.446937480133450249e+00
9.120000000000000000e+02 1.446958954957083598e+00
9.130000000000000000e+02 1.446980426792047192e+00
9.140000000000000000e+02 1.447001895638341473e+00
9.150000000000000000e+02 1.447023361495965998e+00
9.160000000000000000e+02 1.447044824364920990e+00
9.170000000000000000e+02 1.447066284245206225e+00
9.180000000000000000e+02 1.447087741136822148e+00
9.190000000000000000e+02 1.447109195039768315e+00
9.200000000000000000e+02 1.447130645954045169e+00
9.210000000000000000e+02 1.447152093879652268e+00
9.220000000000000000e+02 1.447173538816589833e+00
9.230000000000000000e+02 1.447194980764857863e+00
9.240000000000000000e+02 1.447216419724456138e+00
9.250000000000000000e+02 1.447237855695385100e+00
9.260000000000000000e+02 1.447259288677644307e+00
9.270000000000000000e+02 1.447280718671233979e+00
9.280000000000000000e+02 1.447302145676154339e+00
9.290000000000000000e+02 1.447323569692404721e+00
9.300000000000000000e+02 1.447344990719985791e+00
9.310000000000000000e+02 1.447366408758897327e+00
9.320000000000000000e+02 1.447387823809139107e+00
9.330000000000000000e+02 1.447409235870711575e+00
9.340000000000000000e+02 1.447430644943614286e+00
9.350000000000000000e+02 1.447452051027847464e+00
9.360000000000000000e+02 1.447473454123411107e+00
9.370000000000000000e+02 1.447494854230304995e+00
9.380000000000000000e+02 1.447516251348529570e+00
9.390000000000000000e+02 1.447537645478084389e+00
9.400000000000000000e+02 1.447559036618969674e+00
9.410000000000000000e+02 1.447580424771185426e+00
9.420000000000000000e+02 1.447601809934731643e+00
9.430000000000000000e+02 1.447623192109608325e+00
9.440000000000000000e+02 1.447644571295815474e+00
9.450000000000000000e+02 1.447665947493352867e+00
9.460000000000000000e+02 1.447687320702220726e+00
9.470000000000000000e+02 1.447708690922419272e+00
9.480000000000000000e+02 1.447730058153947841e+00
9.490000000000000000e+02 1.447751422396807097e+00
9.500000000000000000e+02 1.447772783650996820e+00
9.510000000000000000e+02 1.447794141916517008e+00
9.520000000000000000e+02 1.447815497193367440e+00
9.530000000000000000e+02 1.447836849481548338e+00
9.540000000000000000e+02 1.447858198781059702e+00
9.550000000000000000e+02 1.447879545091901532e+00
9.560000000000000000e+02 1.447900888414073828e+00
9.570000000000000000e+02 1.447922228747576368e+00
9.580000000000000000e+02 1.447943566092409595e+00
9.590000000000000000e+02 1.447964900448573067e+00
9.600000000000000000e+02 1.447986231816067004e+00
9.610000000000000000e+02 1.448007560194891408e+00
9.620000000000000000e+02 1.448028885585046277e+00
9.630000000000000000e+02 1.448050207986531612e+00
9.640000000000000000e+02 1.448071527399347191e+00
9.650000000000000000e+02 1.448092843823493459e+00
9.660000000000000000e+02 1.448114157258969970e+00
9.670000000000000000e+02 1.448135467705776946e+00
9.680000000000000000e+02 1.448156775163914389e+00
9.690000000000000000e+02 1.448178079633382076e+00
9.700000000000000000e+02 1.448199381114180451e+00
9.710000000000000000e+02 1.448220679606309069e+00
9.720000000000000000e+02 1.448241975109768376e+00
9.730000000000000000e+02 1.448263267624557926e+00
9.740000000000000000e+02 1.448284557150677943e+00
9.750000000000000000e+02 1.448305843688128425e+00
9.760000000000000000e+02 1.448327127236909151e+00
9.770000000000000000e+02 1.448348407797020565e+00
9.780000000000000000e+02 1.448369685368462223e+00
9.790000000000000000e+02 1.448390959951234347e+00
9.800000000000000000e+02 1.448412231545336937e+00
9.810000000000000000e+02 1.448433500150769992e+00
9.820000000000000000e+02 1.448454765767533514e+00
9.830000000000000000e+02 1.448476028395627502e+00
9.840000000000000000e+02 1.448497288035051733e+00
9.850000000000000000e+02 1.448518544685806431e+00
9.860000000000000000e+02 1.448539798347891594e+00
9.870000000000000000e+02 1.448561049021307223e+00
9.880000000000000000e+02 1.448582296706053318e+00
9.890000000000000000e+02 1.448603541402129880e+00
9.900000000000000000e+02 1.448624783109536684e+00
9.910000000000000000e+02 1.448646021828274177e+00
9.920000000000000000e+02 1.448667257558341914e+00
9.930000000000000000e+02 1.448688490299740117e+00
9.940000000000000000e+02 1.448709720052468786e+00
9.950000000000000000e+02 1.448730946816527920e+00
9.960000000000000000e+02 1.448752170591917299e+00
9.970000000000000000e+02 1.448773391378637365e+00
9.980000000000000000e+02 1.448794609176687676e+00
9.990000000000000000e+02 1.448815823986068452e+00
1.000000000000000000e+03 1.448837035806779694e+00
1.001000000000000000e+03 1.448858244638821402e+00
1.002000000000000000e+03 1.448879450482193354e+00
1.003000000000000000e+03 1.448900653336895994e+00
1.004000000000000000e+03 1.448921853202928878e+00
1.005000000000000000e+03 1.448943050080292227e+00
1.006000000000000000e+03 1.448964243968986043e+00
1.007000000000000000e+03 1.448985434869010325e+00
1.008000000000000000e+03 1.449006622780365072e+00
1.009000000000000000e+03 1.449027807703050286e+00
1.010000000000000000e+03 1.449048989637065743e+00
1.011000000000000000e+03 1.449070168582411666e+00
1.012000000000000000e+03 1.449091344539088055e+00
1.013000000000000000e+03 1.449112517507094910e+00
1.014000000000000000e+03 1.449133687486432231e+00
1.015000000000000000e+03 1.449154854477100018e+00
1.016000000000000000e+03 1.449176018479098049e+00
1.017000000000000000e+03 1.449197179492426768e+00
1.018000000000000000e+03 1.449218337517085731e+00
1.019000000000000000e+03 1.449239492553075159e+00
1.020000000000000000e+03 1.449260644600395054e+00
1.021000000000000000e+03 1.449281793659045192e+00
