# order=25: data_wav [pixel], data_wavsolution [micron]
3.000000000000000000e+00 2.434668091546784652e+00
4.000000000000000000e+00 2.434707398010452994e+00
5.000000000000000000e+00 2.434746700542494313e+00
6.000000000000000000e+00 2.434785999140811175e+00
7.000000000000000000e+00 2.434825293803303481e+00
8.000000000000000000e+00 2.434864584527873355e+00
9.000000000000000000e+00 2.434903871312421586e+00
1.000000000000000000e+01 2.434943154154849410e+00
1.100000000000000000e+01 2.434982433053058504e+00
1.200000000000000000e+01 2.435021708004949659e+00
1.300000000000000000e+01 2.435060979008424109e+00
1.400000000000000000e+01 2.435100246061383533e+00
1.500000000000000000e+01 2.435139509161728277e+00
1.600000000000000000e+01 2.435178768307360464e+00
1.700000000000000000e+01 2.435218023496180884e+00
1.800000000000000000e+01 2.435257274726090770e+00
1.900000000000000000e+01 2.435296521994991803e+00
2.000000000000000000e+01 2.435335765300784328e+00
2.100000000000000000e+01 2.435375004641370467e+00
2.200000000000000000e+01 2.435414240014651011e+00
2.300000000000000000e+01 2.435453471418527194e+00
2.400000000000000000e+01 2.435492698850900251e+00
2.500000000000000000e+01 2.435531922309671415e+00
2.600000000000000000e+01 2.435571141792741923e+00
2.700000000000000000e+01 2.435610357298013007e+00
2.800000000000000000e+01 2.435649568823386346e+00
2.900000000000000000e+01 2.435688776366762287e+00
3.000000000000000000e+01 2.435727979926042508e+00
3.100000000000000000e+01 2.435767179499128243e+00
3.200000000000000000e+01 2.435806375083920727e+00
3.300000000000000000e+01 2.435845566678321195e+00
3.400000000000000000e+01 2.435884754280230879e+00
3.500000000000000000e+01 2.435923937887551016e+00
3.600000000000000000e+01 2.435963117498182839e+00
3.700000000000000000e+01 2.436002293110027583e+00
3.800000000000000000e+01 2.436041464720986038e+00
3.900000000000000000e+01 2.436080632328960327e+00
4.000000000000000000e+01 2.436119795931850796e+00
4.100000000000000000e+01 2.436158955527559122e+00
4.200000000000000000e+01 2.436198111113986542e+00
4.300000000000000000e+01 2.436237262689033845e+00
4.400000000000000000e+01 2.436276410250603153e+00
4.500000000000000000e+01 2.436315553796594813e+00
4.600000000000000000e+01 2.436354693324910059e+00
4.700000000000000000e+01 2.436393828833451014e+00
4.800000000000000000e+01 2.436432960320118024e+00
4.900000000000000000e+01 2.436472087782812768e+00
5.000000000000000000e+01 2.436511211219436479e+00
5.100000000000000000e+01 2.436550330627889949e+00
5.200000000000000000e+01 2.436589446006074855e+00
5.300000000000000000e+01 2.436628557351892432e+00
5.400000000000000000e+01 2.436667664663243471e+00
5.500000000000000000e+01 2.436706767938029206e+00
5.600000000000000000e+01 2.436745867174151758e+00
5.700000000000000000e+01 2.436784962369511476e+00
5.800000000000000000e+01 2.436824053522009592e+00
5.900000000000000000e+01 2.436863140629547786e+00
6.000000000000000000e+01 2.436902223690026847e+00
6.100000000000000000e+01 2.436941302701348455e+00
6.200000000000000000e+01 2.436980377661413844e+00
6.300000000000000000e+01 2.437019448568123803e+00
6.400000000000000000e+01 2.437058515419379567e+00
6.500000000000000000e+01 2.437097578213082816e+00
6.600000000000000000e+01 2.437136636947134338e+00
6.700000000000000000e+01 2.437175691619435369e+00
6.800000000000000000e+01 2.437214742227887587e+00
6.900000000000000000e+01 2.437253788770392227e+00
7.000000000000000000e+01 2.437292831244849634e+00
7.100000000000000000e+01 2.437331869649161931e+00
7.200000000000000000e+01 2.437370903981230352e+00
7.300000000000000000e+01 2.437409934238955245e+00
7.400000000000000000e+01 2.437448960420238731e+00
7.500000000000000000e+01 2.437487982522982044e+00
7.600000000000000000e+01 2.437527000545085532e+00
7.700000000000000000e+01 2.437566014484451316e+00
7.800000000000000000e+01 2.437605024338980186e+00
7.900000000000000000e+01 2.437644030106573378e+00
8.000000000000000000e+01 2.437683031785132126e+00
8.100000000000000000e+01 2.437722029372558108e+00
8.200000000000000000e+01 2.437761022866751670e+00
8.300000000000000000e+01 2.437800012265614935e+00
8.400000000000000000e+01 2.437838997567048693e+00
8.500000000000000000e+01 2.437877978768954179e+00
8.600000000000000000e+01 2.437916955869232627e+00
8.700000000000000000e+01 2.437955928865785271e+00
8.800000000000000000e+01 2.437994897756513790e+00
8.900000000000000000e+01 2.438033862539318530e+00
9.000000000000000000e+01 2.438072823212101170e+00
9.100000000000000000e+01 2.438111779772763388e+00
9.200000000000000000e+01 2.438150732219205530e+00
9.300000000000000000e+01 2.438189680549329275e+00
9.400000000000000000e+01 2.438228624761036301e+00
9.500000000000000000e+01 2.438267564852226954e+00
9.600000000000000000e+01 2.438306500820802913e+00
9.700000000000000000e+01 2.438345432664665413e+00
9.800000000000000000e+01 2.438384360381716132e+00
9.900000000000000000e+01 2.438423283969855415e+00
1.000000000000000000e+02 2.438462203426984498e+00
1.010000000000000000e+02 2.438501118751005503e+00
1.020000000000000000e+02 2.438540029939819220e+00
1.030000000000000000e+02 2.438578936991326440e+00
1.040000000000000000e+02 2.438617839903428841e+00
1.050000000000000000e+02 2.438656738674027658e+00
1.060000000000000000e+02 2.438695633301024124e+00
1.070000000000000000e+02 2.438734523782319030e+00
1.080000000000000000e+02 2.438773410115814055e+00
1.090000000000000000e+02 2.438812292299410434e+00
1.100000000000000000e+02 2.438851170331009399e+00
1.110000000000000000e+02 2.438890044208512187e+00
1.120000000000000000e+02 2.438928913929819586e+00
1.130000000000000000e+02 2.438967779492832832e+00
1.140000000000000000e+02 2.439006640895454048e+00
1.150000000000000000e+02 2.439045498135583578e+00
1.160000000000000000e+02 2.439084351211122659e+00
1.170000000000000000e+02 2.439123200119973411e+00
1.180000000000000000e+02 2.439162044860035738e+00
1.190000000000000000e+02 2.439200885429212207e+00
1.200000000000000000e+02 2.439239721825403162e+00
1.210000000000000000e+02 2.439278554046509839e+00
1.220000000000000000e+02 2.439317382090433917e+00
1.230000000000000000e+02 2.439356205955076629e+00
1.240000000000000000e+02 2.439395025638338765e+00
1.250000000000000000e+02 2.439433841138121561e+00
1.260000000000000000e+02 2.439472652452326695e+00
1.270000000000000000e+02 2.439511459578855401e+00
1.280000000000000000e+02 2.439550262515608470e+00
1.290000000000000000e+02 2.439589061260487135e+00
1.300000000000000000e+02 2.439627855811392632e+00
1.310000000000000000e+02 2.439666646166226638e+00
1.320000000000000000e+02 2.439705432322890388e+00
1.330000000000000000e+02 2.439744214279284673e+00
1.340000000000000000e+02 2.439782992033310727e+00
1.350000000000000000e+02 2.439821765582869784e+00
1.360000000000000000e+02 2.439860534925863522e+00
1.370000000000000000e+02 2.439899300060192733e+00
1.380000000000000000e+02 2.439938060983758650e+00
1.390000000000000000e+02 2.439976817694462508e+00
1.400000000000000000e+02 2.440015570190205985e+00
1.410000000000000000e+02 2.440054318468889871e+00
1.420000000000000000e+02 2.440093062528415402e+00
1.430000000000000000e+02 2.440131802366683811e+00
1.440000000000000000e+02 2.440170537981596777e+00
1.450000000000000000e+02 2.440209269371055090e+00
1.460000000000000000e+02 2.440247996532959540e+00
1.470000000000000000e+02 2.440286719465212251e+00
1.480000000000000000e+02 2.440325438165714012e+00
1.490000000000000000e+02 2.440364152632366501e+00
1.500000000000000000e+02 2.440402862863070066e+00
1.510000000000000000e+02 2.440441568855726384e+00
1.520000000000000000e+02 2.440480270608236690e+00
1.530000000000000000e+02 2.440518968118502663e+00
1.540000000000000000e+02 2.440557661384424648e+00
1.550000000000000000e+02 2.440596350403904324e+00
1.560000000000000000e+02 2.440635035174843370e+00
1.570000000000000000e+02 2.440673715695142132e+00
1.580000000000000000e+02 2.440712391962702288e+00
1.590000000000000000e+02 2.440751063975425517e+00
1.600000000000000000e+02 2.440789731731212164e+00
1.610000000000000000e+02 2.440828395227963910e+00
1.620000000000000000e+02 2.440867054463581987e+00
1.630000000000000000e+02 2.440905709435967186e+00
1.640000000000000000e+02 2.440944360143021630e+00
1.650000000000000000e+02 2.440983006582646109e+00
1.660000000000000000e+02 2.441021648752741413e+00
1.670000000000000000e+02 2.441060286651209221e+00
1.680000000000000000e+02 2.441098920275950768e+00
1.690000000000000000e+02 2.441137549624866843e+00
1.700000000000000000e+02 2.441176174695859569e+00
1.710000000000000000e+02 2.441214795486829292e+00
1.720000000000000000e+02 2.441253411995677691e+00
1.730000000000000000e+02 2.441292024220306001e+00
1.740000000000000000e+02 2.441330632158615010e+00
1.750000000000000000e+02 2.441369235808506399e+00
1.760000000000000000e+02 2.441407835167881402e+00
1.770000000000000000e+02 2.441446430234640808e+00
1.780000000000000000e+02 2.441485021006686296e+00
1.790000000000000000e+02 2.441523607481918656e+00
1.800000000000000000e+02 2.441562189658239568e+00
1.810000000000000000e+02 2.441600767533550265e+00
1.820000000000000000e+02 2.441639341105751537e+00
1.830000000000000000e+02 2.441677910372745064e+00
1.840000000000000000e+02 2.441716475332432079e+00
1.850000000000000000e+02 2.441755035982713373e+00
1.860000000000000000e+02 2.441793592321490181e+00
1.870000000000000000e+02 2.441832144346664180e+00
1.880000000000000000e+02 2.441870692056136161e+00
1.890000000000000000e+02 2.441909235447807802e+00
1.900000000000000000e+02 2.441947774519579895e+00
1.910000000000000000e+02 2.441986309269354116e+00
1.920000000000000000e+02 2.442024839695031257e+00
1.930000000000000000e+02 2.442063365794512997e+00
1.940000000000000000e+02 2.442101887565699680e+00
1.950000000000000000e+02 2.442140405006493875e+00
1.960000000000000000e+02 2.442178918114795483e+00
1.970000000000000000e+02 2.442217426888506626e+00
1.980000000000000000e+02 2.442255931325528095e+00
1.990000000000000000e+02 2.442294431423761569e+00
2.000000000000000000e+02 2.442332927181107838e+00
2.010000000000000000e+02 2.442371418595468135e+00
2.020000000000000000e+02 2.442409905664743697e+00
2.030000000000000000e+02 2.442448388386836200e+00
2.040000000000000000e+02 2.442486866759645991e+00
2.050000000000000000e+02 2.442525340781075194e+00
2.060000000000000000e+02 2.442563810449025041e+00
2.070000000000000000e+02 2.442602275761395880e+00
2.080000000000000000e+02 2.442640736716089389e+00
2.090000000000000000e+02 2.442679193311007246e+00
2.100000000000000000e+02 2.442717645544050242e+00
2.110000000000000000e+02 2.442756093413119611e+00
2.120000000000000000e+02 2.442794536916116144e+00
2.130000000000000000e+02 2.442832976050941962e+00
2.140000000000000000e+02 2.442871410815498301e+00
2.150000000000000000e+02 2.442909841207685506e+00
2.160000000000000000e+02 2.442948267225405257e+00
2.170000000000000000e+02 2.442986688866558787e+00
2.180000000000000000e+02 2.443025106129047330e+00
2.190000000000000000e+02 2.443063519010772122e+00
2.200000000000000000e+02 2.443101927509634397e+00
2.210000000000000000e+02 2.443140331623535388e+00
2.220000000000000000e+02 2.443178731350376331e+00
2.230000000000000000e+02 2.443217126688058460e+00
2.240000000000000000e+02 2.443255517634483009e+00
2.250000000000000000e+02 2.443293904187551213e+00
2.260000000000000000e+02 2.443332286345163862e+00
2.270000000000000000e+02 2.443370664105222634e+00
2.280000000000000000e+02 2.443409037465629208e+00
2.290000000000000000e+02 2.443447406424283930e+00
2.300000000000000000e+02 2.443485770979088478e+00
2.310000000000000000e+02 2.443524131127943644e+00
2.320000000000000000e+02 2.443562486868751549e+00
2.330000000000000000e+02 2.443600838199412539e+00
2.340000000000000000e+02 2.443639185117828294e+00
2.350000000000000000e+02 2.443677527621899603e+00
2.360000000000000000e+02 2.443715865709528590e+00
2.370000000000000000e+02 2.443754199378615599e+00
2.380000000000000000e+02 2.443792528627061866e+00
2.390000000000000000e+02 2.443830853452769514e+00
2.400000000000000000e+02 2.443869173853638888e+00
2.410000000000000000e+02 2.443907489827571222e+00
2.420000000000000000e+02 2.443945801372468196e+00
2.430000000000000000e+02 2.443984108486231044e+00
2.440000000000000000e+02 2.444022411166761000e+00
2.450000000000000000e+02 2.444060709411958854e+00
2.460000000000000000e+02 2.444099003219725841e+00
2.470000000000000000e+02 2.444137292587963639e+00
2.480000000000000000e+02 2.444175577514573483e+00
2.490000000000000000e+02 2.444213857997456163e+00
2.500000000000000000e+02 2.444252134034513357e+00
2.510000000000000000e+02 2.444290405623645857e+00
2.520000000000000000e+02 2.444328672762754895e+00
2.530000000000000000e+02 2.444366935449742151e+00
2.540000000000000000e+02 2.444405193682508415e+00
2.550000000000000000e+02 2.444443447458955365e+00
2.560000000000000000e+02 2.444481696776983792e+00
2.570000000000000000e+02 2.444519941634495375e+00
2.580000000000000000e+02 2.444558182029390903e+00
2.590000000000000000e+02 2.444596417959571610e+00
2.600000000000000000e+02 2.444634649422938732e+00
2.610000000000000000e+02 2.444672876417393947e+00
2.620000000000000000e+02 2.444711098940838045e+00
2.630000000000000000e+02 2.444749316991172705e+00
2.640000000000000000e+02 2.444787530566298717e+00
2.650000000000000000e+02 2.444825739664116870e+00
2.660000000000000000e+02 2.444863944282529733e+00
2.670000000000000000e+02 2.444902144419437207e+00
2.680000000000000000e+02 2.444940340072741414e+00
2.690000000000000000e+02 2.444978531240342701e+00
2.700000000000000000e+02 2.445016717920143190e+00
2.710000000000000000e+02 2.445054900110043672e+00
2.720000000000000000e+02 2.445093077807945825e+00
2.730000000000000000e+02 2.445131251011749995e+00
2.740000000000000000e+02 2.445169419719357862e+00
2.750000000000000000e+02 2.445207583928671102e+00
2.760000000000000000e+02 2.445245743637590063e+00
2.770000000000000000e+02 2.445283898844016868e+00
2.780000000000000000e+02 2.445322049545852305e+00
2.790000000000000000e+02 2.445360195740997611e+00
2.800000000000000000e+02 2.445398337427353574e+00
2.810000000000000000e+02 2.445436474602822319e+00
2.820000000000000000e+02 2.445474607265304634e+00
2.830000000000000000e+02 2.445512735412701311e+00
2.840000000000000000e+02 2.445550859042914471e+00
2.850000000000000000e+02 2.445588978153844462e+00
2.860000000000000000e+02 2.445627092743393405e+00
2.870000000000000000e+02 2.445665202809461647e+00
2.880000000000000000e+02 2.445703308349950866e+00
2.890000000000000000e+02 2.445741409362762298e+00
2.900000000000000000e+02 2.445779505845797175e+00
2.910000000000000000e+02 2.445817597796956733e+00
2.920000000000000000e+02 2.445855685214142206e+00
2.930000000000000000e+02 2.445893768095254384e+00
2.940000000000000000e+02 2.445931846438194945e+00
2.950000000000000000e+02 2.445969920240865125e+00
2.960000000000000000e+02 2.446007989501166158e+00
2.970000000000000000e+02 2.446046054216998833e+00
2.980000000000000000e+02 2.446084114386264829e+00
2.990000000000000000e+02 2.446122170006865382e+00
3.000000000000000000e+02 2.446160221076701724e+00
3.010000000000000000e+02 2.446198267593674647e+00
3.020000000000000000e+02 2.446236309555685828e+00
3.030000000000000000e+02 2.446274346960636059e+00
3.040000000000000000e+02 2.446312379806427018e+00
3.050000000000000000e+02 2.446350408090959938e+00
3.060000000000000000e+02 2.446388431812135611e+00
3.070000000000000000e+02 2.446426450967855715e+00
3.080000000000000000e+02 2.446464465556021484e+00
3.090000000000000000e+02 2.446502475574533708e+00
3.100000000000000000e+02 2.446540481021293623e+00
3.110000000000000000e+02 2.446578481894202906e+00
3.120000000000000000e+02 2.446616478191162791e+00
3.130000000000000000e+02 2.446654469910074070e+00
3.140000000000000000e+02 2.446692457048838421e+00
3.150000000000000000e+02 2.446730439605356189e+00
3.160000000000000000e+02 2.446768417577529942e+00
3.170000000000000000e+02 2.446806390963260025e+00
3.180000000000000000e+02 2.446844359760447674e+00
3.190000000000000000e+02 2.446882323966994122e+00
3.200000000000000000e+02 2.446920283580801048e+00
3.210000000000000000e+02 2.446958238599769686e+00
3.220000000000000000e+02 2.446996189021800383e+00
3.230000000000000000e+02 2.447034134844795261e+00
3.240000000000000000e+02 2.447072076066655555e+00
3.250000000000000000e+02 2.447110012685281610e+00
3.260000000000000000e+02 2.447147944698575550e+00
3.270000000000000000e+02 2.447185872104438165e+00
3.280000000000000000e+02 2.447223794900771132e+00
3.290000000000000000e+02 2.447261713085474799e+00
3.300000000000000000e+02 2.447299626656451288e+00
3.310000000000000000e+02 2.447337535611601389e+00
3.320000000000000000e+02 2.447375439948826337e+00
3.330000000000000000e+02 2.447413339666027365e+00
3.340000000000000000e+02 2.447451234761106154e+00
3.350000000000000000e+02 2.447489125231963492e+00
3.360000000000000000e+02 2.447527011076500170e+00
3.370000000000000000e+02 2.447564892292618310e+00
3.380000000000000000e+02 2.447602768878218704e+00
3.390000000000000000e+02 2.447640640831202585e+00
3.400000000000000000e+02 2.447678508149471188e+00
3.410000000000000000e+02 2.447716370830925747e+00
3.420000000000000000e+02 2.447754228873467497e+00
3.430000000000000000e+02 2.447792082274997671e+00
3.440000000000000000e+02 2.447829931033417505e+00
3.450000000000000000e+02 2.447867775146628233e+00
3.460000000000000000e+02 2.447905614612531089e+00
3.470000000000000000e+02 2.447943449429027307e+00
3.480000000000000000e+02 2.447981279594018122e+00
3.490000000000000000e+02 2.448019105105404769e+00
3.500000000000000000e+02 2.448056925961088481e+00
3.510000000000000000e+02 2.448094742158970050e+00
3.520000000000000000e+02 2.448132553696951597e+00
3.530000000000000000e+02 2.448170360572933468e+00
3.540000000000000000e+02 2.448208162784817343e+00
3.550000000000000000e+02 2.448245960330504456e+00
3.560000000000000000e+02 2.448283753207896041e+00
3.570000000000000000e+02 2.448321541414892888e+00
3.580000000000000000e+02 2.448359324949396676e+00
3.590000000000000000e+02 2.448397103809308639e+00
3.600000000000000000e+02 2.448434877992530012e+00
3.610000000000000000e+02 2.448472647496961585e+00
3.620000000000000000e+02 2.448510412320505480e+00
3.630000000000000000e+02 2.448548172461061601e+00
3.640000000000000000e+02 2.448585927916532512e+00
3.650000000000000000e+02 2.448623678684818561e+00
3.660000000000000000e+02 2.448661424763821426e+00
3.670000000000000000e+02 2.448699166151441897e+00
3.680000000000000000e+02 2.448736902845581653e+00
3.690000000000000000e+02 2.448774634844141929e+00
3.700000000000000000e+02 2.448812362145023513e+00
3.710000000000000000e+02 2.448850084746128086e+00
3.720000000000000000e+02 2.448887802645356437e+00
3.730000000000000000e+02 2.448925515840610245e+00
3.740000000000000000e+02 2.448963224329790300e+00
3.750000000000000000e+02 2.449000928110798281e+00
3.760000000000000000e+02 2.449038627181534977e+00
3.770000000000000000e+02 2.449076321539902068e+00
3.780000000000000000e+02 2.449114011183800343e+00
3.790000000000000000e+02 2.449151696111131482e+00
3.800000000000000000e+02 2.449189376319796274e+00
3.810000000000000000e+02 2.449227051807696398e+00
3.820000000000000000e+02 2.449264722572732200e+00
3.830000000000000000e+02 2.449302388612806247e+00
3.840000000000000000e+02 2.449340049925818441e+00
3.850000000000000000e+02 2.449377706509670904e+00
3.860000000000000000e+02 2.449415358362264428e+00
3.870000000000000000e+02 2.449453005481500689e+00
3.880000000000000000e+02 2.449490647865280479e+00
3.890000000000000000e+02 2.449528285511505032e+00
3.900000000000000000e+02 2.449565918418075583e+00
3.910000000000000000e+02 2.449603546582893809e+00
3.920000000000000000e+02 2.449641170003860058e+00
3.930000000000000000e+02 2.449678788678876451e+00
3.940000000000000000e+02 2.449716402605844223e+00
3.950000000000000000e+02 2.449754011782663721e+00
3.960000000000000000e+02 2.449791616207236622e+00
3.970000000000000000e+02 2.449829215877464605e+00
3.980000000000000000e+02 2.449866810791248461e+00
3.990000000000000000e+02 2.449904400946489424e+00
4.000000000000000000e+02 2.449941986341088729e+00
4.010000000000000000e+02 2.449979566972947609e+00
4.020000000000000000e+02 2.450017142839967299e+00
4.030000000000000000e+02 2.450054713940049034e+00
4.040000000000000000e+02 2.450092280271094491e+00
4.050000000000000000e+02 2.450129841831004018e+00
4.060000000000000000e+02 2.450167398617679293e+00
4.070000000000000000e+02 2.450204950629021550e+00
4.080000000000000000e+02 2.450242497862932467e+00
4.090000000000000000e+02 2.450280040317312391e+00
4.100000000000000000e+02 2.450317577990063000e+00
4.110000000000000000e+02 2.450355110879085530e+00
4.120000000000000000e+02 2.450392638982281213e+00
4.130000000000000000e+02 2.450430162297551284e+00
4.140000000000000000e+02 2.450467680822796535e+00
4.150000000000000000e+02 2.450505194555919086e+00
4.160000000000000000e+02 2.450542703494819285e+00
4.170000000000000000e+02 2.450580207637398811e+00
4.180000000000000000e+02 2.450617706981558896e+00
4.190000000000000000e+02 2.450655201525200777e+00
4.200000000000000000e+02 2.450692691266225687e+00
4.210000000000000000e+02 2.450730176202534416e+00
4.220000000000000000e+02 2.450767656332028643e+00
4.230000000000000000e+02 2.450805131652609603e+00
4.240000000000000000e+02 2.450842602162178530e+00
4.250000000000000000e+02 2.450880067858636213e+00
4.260000000000000000e+02 2.450917528739884332e+00
4.270000000000000000e+02 2.450954984803824122e+00
4.280000000000000000e+02 2.450992436048356371e+00
4.290000000000000000e+02 2.451029882471382759e+00
4.300000000000000000e+02 2.451067324070804077e+00
4.310000000000000000e+02 2.451104760844522001e+00
4.320000000000000000e+02 2.451142192790437768e+00
4.330000000000000000e+02 2.451179619906452167e+00
4.340000000000000000e+02 2.451217042190466877e+00
4.350000000000000000e+02 2.451254459640382688e+00
4.360000000000000000e+02 2.451291872254101278e+00
4.370000000000000000e+02 2.451329280029523883e+00
4.380000000000000000e+02 2.451366682964551291e+00
4.390000000000000000e+02 2.451404081057084738e+00
4.400000000000000000e+02 2.451441474305025903e+00
4.410000000000000000e+02 2.451478862706275574e+00
4.420000000000000000e+02 2.451516246258735432e+00
4.430000000000000000e+02 2.451553624960306266e+00
4.440000000000000000e+02 2.451590998808889310e+00
4.450000000000000000e+02 2.451628367802386244e+00
4.460000000000000000e+02 2.451665731938697856e+00
4.470000000000000000e+02 2.451703091215725827e+00
4.480000000000000000e+02 2.451740445631370946e+00
4.490000000000000000e+02 2.451777795183534447e+00
4.500000000000000000e+02 2.451815139870118010e+00
4.510000000000000000e+02 2.451852479689022424e+00
4.520000000000000000e+02 2.451889814638148923e+00
4.530000000000000000e+02 2.451927144715398743e+00
4.540000000000000000e+02 2.451964469918673561e+00
4.550000000000000000e+02 2.452001790245873725e+00
4.560000000000000000e+02 2.452039105694901355e+00
4.570000000000000000e+02 2.452076416263657688e+00
4.580000000000000000e+02 2.452113721950043068e+00
4.590000000000000000e+02 2.452151022751959175e+00
4.600000000000000000e+02 2.452188318667307687e+00
4.610000000000000000e+02 2.452225609693989394e+00
4.620000000000000000e+02 2.452262895829905531e+00
4.630000000000000000e+02 2.452300177072957332e+00
4.640000000000000000e+02 2.452337453421046032e+00
4.650000000000000000e+02 2.452374724872072864e+00
4.660000000000000000e+02 2.452411991423939064e+00
4.670000000000000000e+02 2.452449253074545865e+00
4.680000000000000000e+02 2.452486509821794947e+00
4.690000000000000000e+02 2.452523761663586654e+00
4.700000000000000000e+02 2.452561008597822667e+00
4.710000000000000000e+02 2.452598250622404219e+00
4.720000000000000000e+02 2.452635487735232545e+00
4.730000000000000000e+02 2.452672719934208878e+00
4.740000000000000000e+02 2.452709947217234454e+00
4.750000000000000000e+02 2.452747169582210507e+00
4.760000000000000000e+02 2.452784387027038271e+00
4.770000000000000000e+02 2.452821599549618981e+00
4.780000000000000000e+02 2.452858807147853426e+00
4.790000000000000000e+02 2.452896009819643286e+00
4.800000000000000000e+02 2.452933207562890239e+00
4.810000000000000000e+02 2.452970400375494631e+00
4.820000000000000000e+02 2.453007588255357696e+00
4.830000000000000000e+02 2.453044771200381557e+00
4.840000000000000000e+02 2.453081949208466561e+00
4.850000000000000000e+02 2.453119122277514386e+00
4.860000000000000000e+02 2.453156290405426265e+00
4.870000000000000000e+02 2.453193453590102990e+00
4.880000000000000000e+02 2.453230611829446239e+00
4.890000000000000000e+02 2.453267765121357247e+00
4.900000000000000000e+02 2.453304913463737247e+00
4.910000000000000000e+02 2.453342056854487030e+00
4.920000000000000000e+02 2.453379195291508275e+00
4.930000000000000000e+02 2.453416328772701771e+00
4.940000000000000000e+02 2.453453457295969198e+00
4.950000000000000000e+02 2.453490580859211789e+00
4.960000000000000000e+02 2.453527699460330336e+00
4.970000000000000000e+02 2.453564813097226072e+00
4.980000000000000000e+02 2.453601921767801120e+00
4.990000000000000000e+02 2.453639025469955381e+00
5.000000000000000000e+02 2.453676124201591424e+00
5.010000000000000000e+02 2.453713217960609150e+00
5.020000000000000000e+02 2.453750306744911125e+00
5.030000000000000000e+02 2.453787390552397252e+00
5.040000000000000000e+02 2.453824469380969653e+00
5.050000000000000000e+02 2.453861543228529563e+00
5.060000000000000000e+02 2.453898612092977771e+00
5.070000000000000000e+02 2.453935675972215513e+00
5.080000000000000000e+02 2.453972734864144467e+00
5.090000000000000000e+02 2.454009788766665423e+00
5.100000000000000000e+02 2.454046837677679616e+00
5.110000000000000000e+02 2.454083881595088723e+00
5.120000000000000000e+02 2.454120920516793536e+00
5.130000000000000000e+02 2.454157954440695733e+00
5.140000000000000000e+02 2.454194983364695659e+00
5.150000000000000000e+02 2.454232007286695438e+00
5.160000000000000000e+02 2.454269026204595860e+00
5.170000000000000000e+02 2.454306040116298604e+00
5.180000000000000000e+02 2.454343049019704015e+00
5.190000000000000000e+02 2.454380052912714216e+00
5.200000000000000000e+02 2.454417051793229998e+00
5.210000000000000000e+02 2.454454045659152595e+00
5.220000000000000000e+02 2.454491034508383684e+00
5.230000000000000000e+02 2.454528018338823614e+00
5.240000000000000000e+02 2.454564997148374506e+00
5.250000000000000000e+02 2.454601970934936706e+00
5.260000000000000000e+02 2.454638939696412336e+00
5.270000000000000000e+02 2.454675903430702189e+00
5.280000000000000000e+02 2.454712862135707496e+00
5.290000000000000000e+02 2.454749815809329494e+00
5.300000000000000000e+02 2.454786764449469416e+00
5.310000000000000000e+02 2.454823708054028497e+00
5.320000000000000000e+02 2.454860646620907971e+00
5.330000000000000000e+02 2.454897580148009073e+00
5.340000000000000000e+02 2.454934508633233037e+00
5.350000000000000000e+02 2.454971432074480653e+00
5.360000000000000000e+02 2.455008350469654044e+00
5.370000000000000000e+02 2.455045263816654000e+00
5.380000000000000000e+02 2.455082172113381755e+00
5.390000000000000000e+02 2.455119075357738101e+00
5.400000000000000000e+02 2.455155973547624715e+00
5.410000000000000000e+02 2.455192866680943276e+00
5.420000000000000000e+02 2.455229754755594129e+00
5.430000000000000000e+02 2.455266637769478955e+00
5.440000000000000000e+02 2.455303515720498542e+00
5.450000000000000000e+02 2.455340388606555013e+00
5.460000000000000000e+02 2.455377256425548715e+00
5.470000000000000000e+02 2.455414119175381327e+00
5.480000000000000000e+02 2.455450976853954081e+00
5.490000000000000000e+02 2.455487829459167770e+00
5.500000000000000000e+02 2.455524676988924071e+00
5.510000000000000000e+02 2.455561519441124219e+00
5.520000000000000000e+02 2.455598356813669447e+00
5.530000000000000000e+02 2.455635189104460547e+00
5.540000000000000000e+02 2.455672016311399197e+00
5.550000000000000000e+02 2.455708838432386187e+00
5.560000000000000000e+02 2.455745655465323196e+00
5.570000000000000000e+02 2.455782467408111458e+00
5.580000000000000000e+02 2.455819274258651763e+00
5.590000000000000000e+02 2.455856076014845790e+00
5.600000000000000000e+02 2.455892872674594329e+00
5.610000000000000000e+02 2.455929664235799059e+00
5.620000000000000000e+02 2.455966450696361214e+00
5.630000000000000000e+02 2.456003232054181140e+00
5.640000000000000000e+02 2.456040008307161404e+00
5.650000000000000000e+02 2.456076779453202352e+00
5.660000000000000000e+02 2.456113545490205219e+00
5.670000000000000000e+02 2.456150306416071682e+00
5.680000000000000000e+02 2.456187062228702533e+00
5.690000000000000000e+02 2.456223812925999450e+00
5.700000000000000000e+02 2.456260558505863223e+00
5.710000000000000000e+02 2.456297298966195086e+00
5.720000000000000000e+02 2.456334034304896718e+00
5.730000000000000000e+02 2.456370764519868910e+00
5.740000000000000000e+02 2.456407489609012895e+00
5.750000000000000000e+02 2.456444209570230353e+00
5.760000000000000000e+02 2.456480924401422072e+00
5.770000000000000000e+02 2.456517634100489289e+00
5.780000000000000000e+02 2.456554338665333237e+00
5.790000000000000000e+02 2.456591038093855595e+00
5.800000000000000000e+02 2.456627732383957152e+00
5.810000000000000000e+02 2.456664421533539144e+00
5.820000000000000000e+02 2.456701105540503249e+00
5.830000000000000000e+02 2.456737784402749813e+00
5.840000000000000000e+02 2.456774458118180959e+00
5.850000000000000000e+02 2.456811126684697477e+00
5.860000000000000000e+02 2.456847790100200601e+00
5.870000000000000000e+02 2.456884448362591566e+00
5.880000000000000000e+02 2.456921101469771607e+00
5.890000000000000000e+02 2.456957749419642401e+00
5.900000000000000000e+02 2.456994392210104294e+00
5.910000000000000000e+02 2.457031029839059411e+00
5.920000000000000000e+02 2.457067662304408096e+00
5.930000000000000000e+02 2.457104289604052472e+00
5.940000000000000000e+02 2.457140911735892885e+00
5.950000000000000000e+02 2.457177528697831459e+00
5.960000000000000000e+02 2.457214140487768539e+00
5.970000000000000000e+02 2.457250747103606248e+00
5.980000000000000000e+02 2.457287348543244931e+00
5.990000000000000000e+02 2.457323944804586713e+00
6.000000000000000000e+02 2.457360535885531938e+00
6.010000000000000000e+02 2.457397121783982286e+00
6.020000000000000000e+02 2.457433702497838990e+00
6.030000000000000000e+02 2.457470278025003285e+00
6.040000000000000000e+02 2.457506848363376406e+00
6.050000000000000000e+02 2.457543413510859143e+00
6.060000000000000000e+02 2.457579973465353618e+00
6.070000000000000000e+02 2.457616528224760177e+00
6.080000000000000000e+02 2.457653077786980500e+00
6.090000000000000000e+02 2.457689622149915376e+00
6.100000000000000000e+02 2.457726161311466928e+00
6.110000000000000000e+02 2.457762695269535502e+00
6.120000000000000000e+02 2.457799224022022777e+00
6.130000000000000000e+02 2.457835747566829987e+00
6.140000000000000000e+02 2.457872265901857922e+00
6.150000000000000000e+02 2.457908779025008261e+00
6.160000000000000000e+02 2.457945286934182239e+00
6.170000000000000000e+02 2.457981789627280644e+00
6.180000000000000000e+02 2.458018287102205157e+00
6.190000000000000000e+02 2.458054779356857011e+00
6.200000000000000000e+02 2.458091266389136997e+00
6.210000000000000000e+02 2.458127748196946349e+00
6.220000000000000000e+02 2.458164224778187190e+00
6.230000000000000000e+02 2.458200696130759866e+00
6.240000000000000000e+02 2.458237162252565611e+00
6.250000000000000000e+02 2.458273623141506103e+00
6.260000000000000000e+02 2.458310078795482134e+00
6.270000000000000000e+02 2.458346529212395382e+00
6.280000000000000000e+02 2.458382974390146636e+00
6.290000000000000000e+02 2.458419414326637575e+00
6.300000000000000000e+02 2.458455849019768991e+00
6.310000000000000000e+02 2.458492278467442560e+00
6.320000000000000000e+02 2.458528702667559074e+00
6.330000000000000000e+02 2.458565121618019766e+00
6.340000000000000000e+02 2.458601535316726316e+00
6.350000000000000000e+02 2.458637943761579514e+00
6.360000000000000000e+02 2.458674346950481038e+00
6.370000000000000000e+02 2.458710744881331234e+00
6.380000000000000000e+02 2.458747137552032669e+00
6.390000000000000000e+02 2.458783524960485245e+00
6.400000000000000000e+02 2.458819907104591085e+00
6.410000000000000000e+02 2.458856283982250979e+00
6.420000000000000000e+02 2.458892655591366161e+00
6.430000000000000000e+02 2.458929021929837866e+00
6.440000000000000000e+02 2.458965382995567772e+00
6.450000000000000000e+02 2.459001738786456226e+00
6.460000000000000000e+02 2.459038089300405350e+00
6.470000000000000000e+02 2.459074434535316378e+00
6.480000000000000000e+02 2.459110774489089657e+00
6.490000000000000000e+02 2.459147109159626865e+00
6.500000000000000000e+02 2.459183438544829681e+00
6.510000000000000000e+02 2.459219762642598450e+00
6.520000000000000000e+02 2.459256081450835296e+00
6.530000000000000000e+02 2.459292394967441009e+00
6.540000000000000000e+02 2.459328703190316823e+00
6.550000000000000000e+02 2.459365006117363972e+00
6.560000000000000000e+02 2.459401303746483691e+00
6.570000000000000000e+02 2.459437596075576771e+00
6.580000000000000000e+02 2.459473883102545333e+00
6.590000000000000000e+02 2.459510164825290168e+00
6.600000000000000000e+02 2.459546441241712511e+00
6.610000000000000000e+02 2.459582712349713596e+00
6.620000000000000000e+02 2.459618978147194213e+00
6.630000000000000000e+02 2.459655238632056484e+00
6.640000000000000000e+02 2.459691493802200757e+00
6.650000000000000000e+02 2.459727743655529153e+00
6.660000000000000000e+02 2.459763988189942019e+00
6.670000000000000000e+02 2.459800227403341033e+00
6.680000000000000000e+02 2.459836461293627430e+00
6.690000000000000000e+02 2.459872689858702444e+00
6.700000000000000000e+02 2.459908913096466865e+00
6.710000000000000000e+02 2.459945131004822372e+00
6.720000000000000000e+02 2.459981343581670199e+00
6.730000000000000000e+02 2.460017550824911581e+00
6.740000000000000000e+02 2.460053752732447752e+00
6.750000000000000000e+02 2.460089949302179502e+00
6.760000000000000000e+02 2.460126140532008510e+00
6.770000000000000000e+02 2.460162326419836010e+00
6.780000000000000000e+02 2.460198506963562792e+00
6.790000000000000000e+02 2.460234682161090536e+00
6.800000000000000000e+02 2.460270852010320031e+00
6.810000000000000000e+02 2.460307016509153399e+00
6.820000000000000000e+02 2.460343175655490544e+00
6.830000000000000000e+02 2.460379329447234031e+00
6.840000000000000000e+02 2.460415477882284208e+00
6.850000000000000000e+02 2.460451620958542307e+00
6.860000000000000000e+02 2.460487758673910008e+00
6.870000000000000000e+02 2.460523891026288545e+00
6.880000000000000000e+02 2.460560018013578709e+00
6.890000000000000000e+02 2.460596139633682178e+00
6.900000000000000000e+02 2.460632255884499742e+00
6.910000000000000000e+02 2.460668366763932635e+00
6.920000000000000000e+02 2.460704472269882537e+00
6.930000000000000000e+02 2.460740572400250681e+00
6.940000000000000000e+02 2.460776667152937858e+00
6.950000000000000000e+02 2.460812756525845302e+00
6.960000000000000000e+02 2.460848840516874692e+00
6.970000000000000000e+02 2.460884919123926817e+00
6.980000000000000000e+02 2.460920992344902913e+00
6.990000000000000000e+02 2.460957060177704658e+00
7.000000000000000000e+02 2.460993122620232842e+00
7.010000000000000000e+02 2.461029179670388700e+00
7.020000000000000000e+02 2.461065231326073910e+00
7.030000000000000000e+02 2.461101277585188818e+00
7.040000000000000000e+02 2.461137318445635991e+00
7.050000000000000000e+02 2.461173353905315331e+00
7.060000000000000000e+02 2.461209383962128960e+00
7.070000000000000000e+02 2.461245408613977226e+00
7.080000000000000000e+02 2.461281427858762250e+00
7.090000000000000000e+02 2.461317441694384822e+00
7.100000000000000000e+02 2.461353450118746622e+00
7.110000000000000000e+02 2.461389453129747995e+00
7.120000000000000000e+02 2.461425450725291064e+00
7.130000000000000000e+02 2.461461442903276620e+00
7.140000000000000000e+02 2.461497429661605452e+00
7.150000000000000000e+02 2.461533410998179683e+00
7.160000000000000000e+02 2.461569386910900104e+00
7.170000000000000000e+02 2.461605357397667948e+00
7.180000000000000000e+02 2.461641322456384451e+00
7.190000000000000000e+02 2.461677282084950846e+00
7.200000000000000000e+02 2.461713236281268369e+00
7.210000000000000000e+02 2.461749185043238253e+00
7.220000000000000000e+02 2.461785128368761733e+00
7.230000000000000000e+02 2.461821066255740043e+00
7.240000000000000000e+02 2.461856998702074417e+00
7.250000000000000000e+02 2.461892925705666091e+00
7.260000000000000000e+02 2.461928847264416298e+00
7.270000000000000000e+02 2.461964763376225829e+00
7.280000000000000000e+02 2.462000674038996806e+00
7.290000000000000000e+02 2.462036579250629575e+00
7.300000000000000000e+02 2.462072479009025816e+00
7.310000000000000000e+02 2.462108373312086762e+00
7.320000000000000000e+02 2.462144262157713648e+00
7.330000000000000000e+02 2.462180145543807708e+00
7.340000000000000000e+02 2.462216023468269732e+00
7.350000000000000000e+02 2.462251895929001400e+00
7.360000000000000000e+02 2.462287762923903944e+00
7.370000000000000000e+02 2.462323624450878601e+00
7.380000000000000000e+02 2.462359480507826159e+00
7.390000000000000000e+02 2.462395331092648298e+00
7.400000000000000000e+02 2.462431176203246252e+00
7.410000000000000000e+02 2.462467015837520812e+00
7.420000000000000000e+02 2.462502849993373655e+00
7.430000000000000000e+02 2.462538678668706016e+00
7.440000000000000000e+02 2.462574501861418685e+00
7.450000000000000000e+02 2.462610319569413342e+00
7.460000000000000000e+02 2.462646131790590776e+00
7.470000000000000000e+02 2.462681938522852665e+00
7.480000000000000000e+02 2.462717739764100244e+00
7.490000000000000000e+02 2.462753535512234304e+00
7.500000000000000000e+02 2.462789325765156523e+00
7.510000000000000000e+02 2.462825110520767691e+00
7.520000000000000000e+02 2.462860889776969486e+00
7.530000000000000000e+02 2.462896663531662700e+00
7.540000000000000000e+02 2.462932431782748566e+00
7.550000000000000000e+02 2.462968194528128762e+00
7.560000000000000000e+02 2.463003951765704524e+00
7.570000000000000000e+02 2.463039703493376642e+00
7.580000000000000000e+02 2.463075449709046350e+00
7.590000000000000000e+02 2.463111190410615325e+00
7.600000000000000000e+02 2.463146925595984360e+00
7.610000000000000000e+02 2.463182655263054688e+00
7.620000000000000000e+02 2.463218379409727987e+00
7.630000000000000000e+02 2.463254098033905048e+00
7.640000000000000000e+02 2.463289811133487106e+00
7.650000000000000000e+02 2.463325518706375838e+00
7.660000000000000000e+02 2.463361220750472036e+00
7.670000000000000000e+02 2.463396917263676933e+00
7.680000000000000000e+02 2.463432608243891764e+00
7.690000000000000000e+02 2.463468293689018207e+00
7.700000000000000000e+02 2.463503973596956609e+00
7.710000000000000000e+02 2.463539647965609092e+00
7.720000000000000000e+02 2.463575316792876890e+00
7.730000000000000000e+02 2.463610980076660351e+00
7.740000000000000000e+02 2.463646637814861151e+00
7.750000000000000000e+02 2.463682290005380970e+00
7.760000000000000000e+02 2.463717936646120155e+00
7.770000000000000000e+02 2.463753577734980826e+00
7.780000000000000000e+02 2.463789213269863776e+00
7.790000000000000000e+02 2.463824843248670238e+00
7.800000000000000000e+02 2.463860467669301446e+00
7.810000000000000000e+02 2.463896086529658636e+00
7.820000000000000000e+02 2.463931699827643040e+00
7.830000000000000000e+02 2.463967307561155895e+00
7.840000000000000000e+02 2.464002909728098434e+00
7.850000000000000000e+02 2.464038506326371891e+00
7.860000000000000000e+02 2.464074097353877502e+00
7.870000000000000000e+02 2.464109682808516055e+00
7.880000000000000000e+02 2.464145262688189675e+00
7.890000000000000000e+02 2.464180836990799150e+00
7.900000000000000000e+02 2.464216405714245273e+00
7.910000000000000000e+02 2.464251968856430164e+00
7.920000000000000000e+02 2.464287526415254170e+00
7.930000000000000000e+02 2.464323078388618971e+00
7.940000000000000000e+02 2.464358624774425799e+00
7.950000000000000000e+02 2.464394165570575890e+00
7.960000000000000000e+02 2.464429700774970033e+00
7.970000000000000000e+02 2.464465230385510353e+00
7.980000000000000000e+02 2.464500754400097193e+00
7.990000000000000000e+02 2.464536272816631790e+00
8.000000000000000000e+02 2.464571785633016265e+00
8.010000000000000000e+02 2.464607292847150966e+00
8.020000000000000000e+02 2.464642794456937569e+00
8.030000000000000000e+02 2.464678290460277310e+00
8.040000000000000000e+02 2.464713780855070979e+00
8.050000000000000000e+02 2.464749265639220255e+00
8.060000000000000000e+02 2.464784744810625927e+00
8.070000000000000000e+02 2.464820218367189675e+00
8.080000000000000000e+02 2.464855686306812732e+00
8.090000000000000000e+02 2.464891148627396333e+00
8.100000000000000000e+02 2.464926605326840825e+00
8.110000000000000000e+02 2.464962056403048773e+00
8.120000000000000000e+02 2.464997501853920525e+00
8.130000000000000000e+02 2.465032941677357314e+00
8.140000000000000000e+02 2.465068375871260820e+00
8.150000000000000000e+02 2.465103804433532275e+00
8.160000000000000000e+02 2.465139227362072472e+00
8.170000000000000000e+02 2.465174644654782643e+00
8.180000000000000000e+02 2.465210056309564468e+00
8.190000000000000000e+02 2.465245462324318737e+00
8.200000000000000000e+02 2.465280862696947128e+00
8.210000000000000000e+02 2.465316257425350432e+00
8.220000000000000000e+02 2.465351646507430328e+00
8.230000000000000000e+02 2.465387029941087604e+00
8.240000000000000000e+02 2.465422407724223497e+00
8.250000000000000000e+02 2.465457779854739240e+00
8.260000000000000000e+02 2.465493146330536511e+00
8.270000000000000000e+02 2.465528507149516102e+00
8.280000000000000000e+02 2.465563862309579690e+00
8.290000000000000000e+02 2.465599211808627622e+00
8.300000000000000000e+02 2.465634555644562020e+00
8.310000000000000000e+02 2.465669893815283675e+00
8.320000000000000000e+02 2.465705226318694265e+00
8.330000000000000000e+02 2.465740553152694137e+00
8.340000000000000000e+02 2.465775874315185412e+00
8.350000000000000000e+02 2.465811189804068881e+00
8.360000000000000000e+02 2.465846499617245779e+00
8.370000000000000000e+02 2.465881803752617341e+00
8.380000000000000000e+02 2.465917102208084799e+00
8.390000000000000000e+02 2.465952394981549833e+00
8.400000000000000000e+02 2.465987682070912790e+00
8.410000000000000000e+02 2.466022963474075791e+00
8.420000000000000000e+02 2.466058239188939627e+00
8.430000000000000000e+02 2.466093509213405088e+00
8.440000000000000000e+02 2.466128773545374298e+00
8.450000000000000000e+02 2.466164032182748045e+00
8.460000000000000000e+02 2.466199285123427565e+00
8.470000000000000000e+02 2.466234532365313648e+00
8.480000000000000000e+02 2.466269773906308416e+00
8.490000000000000000e+02 2.466305009744312660e+00
8.500000000000000000e+02 2.466340239877227170e+00
8.510000000000000000e+02 2.466375464302954068e+00
8.520000000000000000e+02 2.466410683019393701e+00
8.530000000000000000e+02 2.466445896024447748e+00
8.540000000000000000e+02 2.466481103316017442e+00
8.550000000000000000e+02 2.466516304892004019e+00
8.560000000000000000e+02 2.466551500750308712e+00
8.570000000000000000e+02 2.466586690888832756e+00
8.580000000000000000e+02 2.466621875305476941e+00
8.590000000000000000e+02 2.466657053998142946e+00
8.600000000000000000e+02 2.466692226964732004e+00
8.610000000000000000e+02 2.466727394203145352e+00
8.620000000000000000e+02 2.466762555711283778e+00
8.630000000000000000e+02 2.466797711487049405e+00
8.640000000000000000e+02 2.466832861528342136e+00
8.650000000000000000e+02 2.466868005833064537e+00
8.660000000000000000e+02 2.466903144399116954e+00
8.670000000000000000e+02 2.466938277224401066e+00
8.680000000000000000e+02 2.466973404306818107e+00
8.690000000000000000e+02 2.467008525644268868e+00
8.700000000000000000e+02 2.467043641234655027e+00
8.710000000000000000e+02 2.467078751075877374e+00
8.720000000000000000e+02 2.467113855165837588e+00
8.730000000000000000e+02 2.467148953502436903e+00
8.740000000000000000e+02 2.467184046083576110e+00
8.750000000000000000e+02 2.467219132907156887e+00
8.760000000000000000e+02 2.467254213971080024e+00
8.770000000000000000e+02 2.467289289273246755e+00
8.780000000000000000e+02 2.467324358811558760e+00
8.790000000000000000e+02 2.467359422583917272e+00
8.800000000000000000e+02 2.467394480588223082e+00
8.810000000000000000e+02 2.467429532822377869e+00
8.820000000000000000e+02 2.467464579284282422e+00
8.830000000000000000e+02 2.467499619971837976e+00
8.840000000000000000e+02 2.467534654882946210e+00
8.850000000000000000e+02 2.467569684015507914e+00
8.860000000000000000e+02 2.467604707367424322e+00
8.870000000000000000e+02 2.467639724936597112e+00
8.880000000000000000e+02 2.467674736720927076e+00
8.890000000000000000e+02 2.467709742718315447e+00
8.900000000000000000e+02 2.467744742926663903e+00
8.910000000000000000e+02 2.467779737343873236e+00
8.920000000000000000e+02 2.467814725967844680e+00
8.930000000000000000e+02 2.467849708796479913e+00
8.940000000000000000e+02 2.467884685827679725e+00
8.950000000000000000e+02 2.467919657059345351e+00
8.960000000000000000e+02 2.467954622489378025e+00
8.970000000000000000e+02 2.467989582115678981e+00
8.980000000000000000e+02 2.468024535936149455e+00
8.990000000000000000e+02 2.468059483948691124e+00
9.000000000000000000e+02 2.468094426151204779e+00
9.010000000000000000e+02 2.468129362541591654e+00
9.020000000000000000e+02 2.468164293117752983e+00
9.030000000000000000e+02 2.468199217877590002e+00
9.040000000000000000e+02 2.468234136819003943e+00
9.050000000000000000e+02 2.468269049939896043e+00
9.060000000000000000e+02 2.468303957238167534e+00
9.070000000000000000e+02 2.468338858711720096e+00
9.080000000000000000e+02 2.468373754358454075e+00
9.090000000000000000e+02 2.468408644176271149e+00
9.100000000000000000e+02 2.468443528163072997e+00
9.110000000000000000e+02 2.468478406316759965e+00
9.120000000000000000e+02 2.468513278635233732e+00
9.130000000000000000e+02 2.468548145116395531e+00
9.140000000000000000e+02 2.468583005758146598e+00
9.150000000000000000e+02 2.468617860558388166e+00
9.160000000000000000e+02 2.468652709515021471e+00
9.170000000000000000e+02 2.468687552625947301e+00
9.180000000000000000e+02 2.468722389889067781e+00
9.190000000000000000e+02 2.468757221302283256e+00
9.200000000000000000e+02 2.468792046863495404e+00
9.210000000000000000e+02 2.468826866570605461e+00
9.220000000000000000e+02 2.468861680421514659e+00
9.230000000000000000e+02 2.468896488414123791e+00
9.240000000000000000e+02 2.468931290546334534e+00
9.250000000000000000e+02 2.468966086816048122e+00
9.260000000000000000e+02 2.469000877221165791e+00
9.270000000000000000e+02 2.469035661759588329e+00
9.280000000000000000e+02 2.469070440429217417e+00
9.290000000000000000e+02 2.469105213227954287e+00
9.300000000000000000e+02 2.469139980153700176e+00
9.310000000000000000e+02 2.469174741204355872e+00
9.320000000000000000e+02 2.469209496377822610e+00
9.330000000000000000e+02 2.469244245672002513e+00
9.340000000000000000e+02 2.469278989084795484e+00
9.350000000000000000e+02 2.469313726614104088e+00
9.360000000000000000e+02 2.469348458257828671e+00
9.370000000000000000e+02 2.469383184013870469e+00
9.380000000000000000e+02 2.469417903880131160e+00
9.390000000000000000e+02 2.469452617854511978e+00
9.400000000000000000e+02 2.469487325934913713e+00
9.410000000000000000e+02 2.469522028119238044e+00
9.420000000000000000e+02 2.469556724405385761e+00
9.430000000000000000e+02 2.469591414791258099e+00
9.440000000000000000e+02 2.469626099274756736e+00
9.450000000000000000e+02 2.469660777853782463e+00
9.460000000000000000e+02 2.469695450526236957e+00
9.470000000000000000e+02 2.469730117290021010e+00
9.480000000000000000e+02 2.469764778143036299e+00
9.490000000000000000e+02 2.469799433083183615e+00
9.500000000000000000e+02 2.469834082108364193e+00
9.510000000000000000e+02 2.469868725216479266e+00
9.520000000000000000e+02 2.469903362405430514e+00
9.530000000000000000e+02 2.469937993673118726e+00
9.540000000000000000e+02 2.469972619017445581e+00
9.550000000000000000e+02 2.470007238436311425e+00
9.560000000000000000e+02 2.470041851927618382e+00
9.570000000000000000e+02 2.470076459489267240e+00
9.580000000000000000e+02 2.470111061119159679e+00
9.590000000000000000e+02 2.470145656815196045e+00
9.600000000000000000e+02 2.470180246575278460e+00
9.610000000000000000e+02 2.470214830397307715e+00
9.620000000000000000e+02 2.470249408279185044e+00
9.630000000000000000e+02 2.470283980218811681e+00
9.640000000000000000e+02 2.470318546214088862e+00
9.650000000000000000e+02 2.470353106262917819e+00
9.660000000000000000e+02 2.470387660363200233e+00
9.670000000000000000e+02 2.470422208512836448e+00
9.680000000000000000e+02 2.470456750709728588e+00
9.690000000000000000e+02 2.470491286951776999e+00
9.700000000000000000e+02 2.470525817236883803e+00
9.710000000000000000e+02 2.470560341562949791e+00
9.720000000000000000e+02 2.470594859927875753e+00
9.730000000000000000e+02 2.470629372329563811e+00
9.740000000000000000e+02 2.470663878765914312e+00
9.750000000000000000e+02 2.470698379234829378e+00
9.760000000000000000e+02 2.470732873734209356e+00
9.770000000000000000e+02 2.470767362261956368e+00
9.780000000000000000e+02 2.470801844815970760e+00
9.790000000000000000e+02 2.470836321394154211e+00
9.800000000000000000e+02 2.470870791994407956e+00
9.810000000000000000e+02 2.470905256614632783e+00
9.820000000000000000e+02 2.470939715252730817e+00
9.830000000000000000e+02 2.470974167906602403e+00
9.840000000000000000e+02 2.471008614574149664e+00
9.850000000000000000e+02 2.471043055253272946e+00
9.860000000000000000e+02 2.471077489941873484e+00
9.870000000000000000e+02 2.471111918637853400e+00
9.880000000000000000e+02 2.471146341339113039e+00
9.890000000000000000e+02 2.471180758043554082e+00
9.900000000000000000e+02 2.471215168749077762e+00
9.910000000000000000e+02 2.471249573453584869e+00
9.920000000000000000e+02 2.471283972154977082e+00
9.930000000000000000e+02 2.471318364851155636e+00
9.940000000000000000e+02 2.471352751540021320e+00
9.950000000000000000e+02 2.471387132219475813e+00
9.960000000000000000e+02 2.471421506887420350e+00
9.970000000000000000e+02 2.471455875541755720e+00
9.980000000000000000e+02 2.471490238180383159e+00
9.990000000000000000e+02 2.471524594801204788e+00
1.000000000000000000e+03 2.471558945402120511e+00
1.001000000000000000e+03 2.471593289981032893e+00
1.002000000000000000e+03 2.471627628535842280e+00
1.003000000000000000e+03 2.471661961064449908e+00
1.004000000000000000e+03 2.471696287564757455e+00
1.005000000000000000e+03 2.471730608034665710e+00
1.006000000000000000e+03 2.471764922472076353e+00
1.007000000000000000e+03 2.471799230874890174e+00
1.008000000000000000e+03 2.471833533241008407e+00
1.009000000000000000e+03 2.471867829568332731e+00
1.010000000000000000e+03 2.471902119854764379e+00
1.011000000000000000e+03 2.471936404098203699e+00
1.012000000000000000e+03 2.471970682296552813e+00
1.013000000000000000e+03 2.472004954447712954e+00
1.014000000000000000e+03 2.472039220549584471e+00
1.015000000000000000e+03 2.472073480600069484e+00
1.016000000000000000e+03 2.472107734597069228e+00
1.017000000000000000e+03 2.472141982538484051e+00
1.018000000000000000e+03 2.472176224422216073e+00
1.019000000000000000e+03 2.472210460246166086e+00
1.020000000000000000e+03 2.472244690008235324e+00
1.021000000000000000e+03 2.472278913706325465e+00
