# order=16: data_wav [pixel], data_wavsolution [micron]
3.000000000000000000e+00 1.886494350785076879e+00
4.000000000000000000e+00 1.886525681624536155e+00
5.000000000000000000e+00 1.886557007850885981e+00
6.000000000000000000e+00 1.886588329464126357e+00
7.000000000000000000e+00 1.886619646464257283e+00
8.000000000000000000e+00 1.886650958851278981e+00
9.000000000000000000e+00 1.886682266625191007e+00
1.000000000000000000e+01 1.886713569785993583e+00
1.100000000000000000e+01 1.886744868333686931e+00
1.200000000000000000e+01 1.886776162268270607e+00
1.300000000000000000e+01 1.886807451589745055e+00
1.400000000000000000e+01 1.886838736298109831e+00
1.500000000000000000e+01 1.886870016393365379e+00
1.600000000000000000e+01 1.886901291875511255e+00
1.700000000000000000e+01 1.886932562744547903e+00
1.800000000000000000e+01 1.886963829000475101e+00
1.900000000000000000e+01 1.886995090643292849e+00
2.000000000000000000e+01 1.887026347673000926e+00
2.100000000000000000e+01 1.887057600089599774e+00
2.200000000000000000e+01 1.887088847893089172e+00
2.300000000000000000e+01 1.887120091083469120e+00
2.400000000000000000e+01 1.887151329660739618e+00
2.500000000000000000e+01 1.887182563624900666e+00
2.600000000000000000e+01 1.887213792975952265e+00
2.700000000000000000e+01 1.887245017713894635e+00
2.800000000000000000e+01 1.887276237838727333e+00
2.900000000000000000e+01 1.887307453350450581e+00
3.000000000000000000e+01 1.887338664249064379e+00
3.100000000000000000e+01 1.887369870534568950e+00
3.200000000000000000e+01 1.887401072206963848e+00
3.300000000000000000e+01 1.887432269266249518e+00
3.400000000000000000e+01 1.887463461712425516e+00
3.500000000000000000e+01 1.887494649545492287e+00
3.600000000000000000e+01 1.887525832765449385e+00
3.700000000000000000e+01 1.887557011372297255e+00
3.800000000000000000e+01 1.887588185366035676e+00
3.900000000000000000e+01 1.887619354746664424e+00
4.000000000000000000e+01 1.887650519514183944e+00
4.100000000000000000e+01 1.887681679668594015e+00
4.200000000000000000e+01 1.887712835209894635e+00
4.300000000000000000e+01 1.887743986138085805e+00
4.400000000000000000e+01 1.887775132453167526e+00
4.500000000000000000e+01 1.887806274155139796e+00
4.600000000000000000e+01 1.887837411244002617e+00
4.700000000000000000e+01 1.887868543719755987e+00
4.800000000000000000e+01 1.887899671582399908e+00
4.900000000000000000e+01 1.887930794831934378e+00
5.000000000000000000e+01 1.887961913468359620e+00
5.100000000000000000e+01 1.887993027491675191e+00
5.200000000000000000e+01 1.888024136901881311e+00
5.300000000000000000e+01 1.888055241698978204e+00
5.400000000000000000e+01 1.888086341882965424e+00
5.500000000000000000e+01 1.888117437453843417e+00
5.600000000000000000e+01 1.888148528411611737e+00
5.700000000000000000e+01 1.888179614756270830e+00
5.800000000000000000e+01 1.888210696487820472e+00
5.900000000000000000e+01 1.888241773606260443e+00
6.000000000000000000e+01 1.888272846111591186e+00
6.100000000000000000e+01 1.888303914003812478e+00
6.200000000000000000e+01 1.888334977282924321e+00
6.300000000000000000e+01 1.888366035948926713e+00
6.400000000000000000e+01 1.888397090001819656e+00
6.500000000000000000e+01 1.888428139441603149e+00
6.600000000000000000e+01 1.888459184268277191e+00
6.700000000000000000e+01 1.888490224481841784e+00
6.800000000000000000e+01 1.888521260082296926e+00
6.900000000000000000e+01 1.888552291069642619e+00
7.000000000000000000e+01 1.888583317443878862e+00
7.100000000000000000e+01 1.888614339205005654e+00
7.200000000000000000e+01 1.888645356353023219e+00
7.300000000000000000e+01 1.888676368887931112e+00
7.400000000000000000e+01 1.888707376809729777e+00
7.500000000000000000e+01 1.888738380118418769e+00
7.600000000000000000e+01 1.888769378813998534e+00
7.700000000000000000e+01 1.888800372896468627e+00
7.800000000000000000e+01 1.888831362365829492e+00
7.900000000000000000e+01 1.888862347222080684e+00
8.000000000000000000e+01 1.888893327465222649e+00
8.100000000000000000e+01 1.888924303095255164e+00
8.200000000000000000e+01 1.888955274112178229e+00
8.300000000000000000e+01 1.888986240515991843e+00
8.400000000000000000e+01 1.889017202306696008e+00
8.500000000000000000e+01 1.889048159484290723e+00
8.600000000000000000e+01 1.889079112048775988e+00
8.700000000000000000e+01 1.889110060000151803e+00
8.800000000000000000e+01 1.889141003338418168e+00
8.900000000000000000e+01 1.889171942063575083e+00
9.000000000000000000e+01 1.889202876175622547e+00
9.100000000000000000e+01 1.889233805674560562e+00
9.200000000000000000e+01 1.889264730560389349e+00
9.300000000000000000e+01 1.889295650833108464e+00
9.400000000000000000e+01 1.889326566492718129e+00
9.500000000000000000e+01 1.889357477539218566e+00
9.600000000000000000e+01 1.889388383972609331e+00
9.700000000000000000e+01 1.889419285792890868e+00
9.800000000000000000e+01 1.889450183000062733e+00
9.900000000000000000e+01 1.889481075594125370e+00
1.000000000000000000e+02 1.889511963575078557e+00
1.010000000000000000e+02 1.889542846942922072e+00
1.020000000000000000e+02 1.889573725697656359e+00
1.030000000000000000e+02 1.889604599839281196e+00
1.040000000000000000e+02 1.889635469367796583e+00
1.050000000000000000e+02 1.889666334283202520e+00
1.060000000000000000e+02 1.889697194585499007e+00
1.070000000000000000e+02 1.889728050274686044e+00
1.080000000000000000e+02 1.889758901350763631e+00
1.090000000000000000e+02 1.889789747813731768e+00
1.100000000000000000e+02 1.889820589663590455e+00
1.110000000000000000e+02 1.889851426900339693e+00
1.120000000000000000e+02 1.889882259523979702e+00
1.130000000000000000e+02 1.889913087534510039e+00
1.140000000000000000e+02 1.889943910931930926e+00
1.150000000000000000e+02 1.889974729716242585e+00
1.160000000000000000e+02 1.890005543887444572e+00
1.170000000000000000e+02 1.890036353445537332e+00
1.180000000000000000e+02 1.890067158390520419e+00
1.190000000000000000e+02 1.890097958722394278e+00
1.200000000000000000e+02 1.890128754441158465e+00
1.210000000000000000e+02 1.890159545546813424e+00
1.220000000000000000e+02 1.890190332039358934e+00
1.230000000000000000e+02 1.890221113918794993e+00
1.240000000000000000e+02 1.890251891185121380e+00
1.250000000000000000e+02 1.890282663838338539e+00
1.260000000000000000e+02 1.890313431878446249e+00
1.270000000000000000e+02 1.890344195305444508e+00
1.280000000000000000e+02 1.890374954119333317e+00
1.290000000000000000e+02 1.890405708320112677e+00
1.300000000000000000e+02 1.890436457907782586e+00
1.310000000000000000e+02 1.890467202882343267e+00
1.320000000000000000e+02 1.890497943243794277e+00
1.330000000000000000e+02 1.890528678992135836e+00
1.340000000000000000e+02 1.890559410127367945e+00
1.350000000000000000e+02 1.890590136649490827e+00
1.360000000000000000e+02 1.890620858558504036e+00
1.370000000000000000e+02 1.890651575854408017e+00
1.380000000000000000e+02 1.890682288537202327e+00
1.390000000000000000e+02 1.890712996606887408e+00
1.400000000000000000e+02 1.890743700063462818e+00
1.410000000000000000e+02 1.890774398906928999e+00
1.420000000000000000e+02 1.890805093137285731e+00
1.430000000000000000e+02 1.890835782754532790e+00
1.440000000000000000e+02 1.890866467758670622e+00
1.450000000000000000e+02 1.890897148149699003e+00
1.460000000000000000e+02 1.890927823927617935e+00
1.470000000000000000e+02 1.890958495092427416e+00
1.480000000000000000e+02 1.890989161644127448e+00
1.490000000000000000e+02 1.891019823582718029e+00
1.500000000000000000e+02 1.891050480908199161e+00
1.510000000000000000e+02 1.891081133620570842e+00
1.520000000000000000e+02 1.891111781719833074e+00
1.530000000000000000e+02 1.891142425205986077e+00
1.540000000000000000e+02 1.891173064079029409e+00
1.550000000000000000e+02 1.891203698338963290e+00
1.560000000000000000e+02 1.891234327985787944e+00
1.570000000000000000e+02 1.891264953019502926e+00
1.580000000000000000e+02 1.891295573440108679e+00
1.590000000000000000e+02 1.891326189247604761e+00
1.600000000000000000e+02 1.891356800441991615e+00
1.610000000000000000e+02 1.891387407023268796e+00
1.620000000000000000e+02 1.891418008991436750e+00
1.630000000000000000e+02 1.891448606346495254e+00
1.640000000000000000e+02 1.891479199088444085e+00
1.650000000000000000e+02 1.891509787217283689e+00
1.660000000000000000e+02 1.891540370733013843e+00
1.670000000000000000e+02 1.891570949635634546e+00
1.680000000000000000e+02 1.891601523925145800e+00
1.690000000000000000e+02 1.891632093601547604e+00
1.700000000000000000e+02 1.891662658664839958e+00
1.710000000000000000e+02 1.891693219115022861e+00
1.720000000000000000e+02 1.891723774952096315e+00
1.730000000000000000e+02 1.891754326176060319e+00
1.740000000000000000e+02 1.891784872786915095e+00
1.750000000000000000e+02 1.891815414784660199e+00
1.760000000000000000e+02 1.891845952169295852e+00
1.770000000000000000e+02 1.891876484940822278e+00
1.780000000000000000e+02 1.891907013099239032e+00
1.790000000000000000e+02 1.891937536644546558e+00
1.800000000000000000e+02 1.891968055576744412e+00
1.810000000000000000e+02 1.891998569895833038e+00
1.820000000000000000e+02 1.892029079601811992e+00
1.830000000000000000e+02 1.892059584694681718e+00
1.840000000000000000e+02 1.892090085174441993e+00
1.850000000000000000e+02 1.892120581041092597e+00
1.860000000000000000e+02 1.892151072294633973e+00
1.870000000000000000e+02 1.892181558935065899e+00
1.880000000000000000e+02 1.892212040962388375e+00
1.890000000000000000e+02 1.892242518376601401e+00
1.900000000000000000e+02 1.892272991177704977e+00
1.910000000000000000e+02 1.892303459365699103e+00
1.920000000000000000e+02 1.892333922940583779e+00
1.930000000000000000e+02 1.892364381902359005e+00
1.940000000000000000e+02 1.892394836251025003e+00
1.950000000000000000e+02 1.892425285986581329e+00
1.960000000000000000e+02 1.892455731109028205e+00
1.970000000000000000e+02 1.892486171618365853e+00
1.980000000000000000e+02 1.892516607514593829e+00
1.990000000000000000e+02 1.892547038797712355e+00
2.000000000000000000e+02 1.892577465467721654e+00
2.010000000000000000e+02 1.892607887524621280e+00
2.020000000000000000e+02 1.892638304968411678e+00
2.030000000000000000e+02 1.892668717799092626e+00
2.040000000000000000e+02 1.892699126016663902e+00
2.050000000000000000e+02 1.892729529621125950e+00
2.060000000000000000e+02 1.892759928612478548e+00
2.070000000000000000e+02 1.892790322990721696e+00
2.080000000000000000e+02 1.892820712755855395e+00
2.090000000000000000e+02 1.892851097907879421e+00
2.100000000000000000e+02 1.892881478446794219e+00
2.110000000000000000e+02 1.892911854372599789e+00
2.120000000000000000e+02 1.892942225685295687e+00
2.130000000000000000e+02 1.892972592384882136e+00
2.140000000000000000e+02 1.893002954471359134e+00
2.150000000000000000e+02 1.893033311944726682e+00
2.160000000000000000e+02 1.893063664804984780e+00
2.170000000000000000e+02 1.893094013052133651e+00
2.180000000000000000e+02 1.893124356686172849e+00
2.190000000000000000e+02 1.893154695707102597e+00
2.200000000000000000e+02 1.893185030114923117e+00
2.210000000000000000e+02 1.893215359909633966e+00
2.220000000000000000e+02 1.893245685091235586e+00
2.230000000000000000e+02 1.893276005659727756e+00
2.240000000000000000e+02 1.893306321615110255e+00
2.250000000000000000e+02 1.893336632957383525e+00
2.260000000000000000e+02 1.893366939686547346e+00
2.270000000000000000e+02 1.893397241802601494e+00
2.280000000000000000e+02 1.893427539305546414e+00
2.290000000000000000e+02 1.893457832195381885e+00
2.300000000000000000e+02 1.893488120472107905e+00
2.310000000000000000e+02 1.893518404135724476e+00
2.320000000000000000e+02 1.893548683186231596e+00
2.330000000000000000e+02 1.893578957623629266e+00
2.340000000000000000e+02 1.893609227447917487e+00
2.350000000000000000e+02 1.893639492659096479e+00
2.360000000000000000e+02 1.893669753257165800e+00
2.370000000000000000e+02 1.893700009242125670e+00
2.380000000000000000e+02 1.893730260613976091e+00
2.390000000000000000e+02 1.893760507372717283e+00
2.400000000000000000e+02 1.893790749518348804e+00
2.410000000000000000e+02 1.893820987050871096e+00
2.420000000000000000e+02 1.893851219970283717e+00
2.430000000000000000e+02 1.893881448276587109e+00
2.440000000000000000e+02 1.893911671969780830e+00
2.450000000000000000e+02 1.893941891049865323e+00
2.460000000000000000e+02 1.893972105516840365e+00
2.470000000000000000e+02 1.894002315370705736e+00
2.480000000000000000e+02 1.894032520611461878e+00
2.490000000000000000e+02 1.894062721239108571e+00
2.500000000000000000e+02 1.894092917253645814e+00
2.510000000000000000e+02 1.894123108655073606e+00
2.520000000000000000e+02 1.894153295443391949e+00
2.530000000000000000e+02 1.894183477618600842e+00
2.540000000000000000e+02 1.894213655180700284e+00
2.550000000000000000e+02 1.894243828129690277e+00
2.560000000000000000e+02 1.894273996465570820e+00
2.570000000000000000e+02 1.894304160188342134e+00
2.580000000000000000e+02 1.894334319298003777e+00
2.590000000000000000e+02 1.894364473794555970e+00
2.600000000000000000e+02 1.894394623677998934e+00
2.610000000000000000e+02 1.894424768948332227e+00
2.620000000000000000e+02 1.894454909605556292e+00
2.630000000000000000e+02 1.894485045649670685e+00
2.640000000000000000e+02 1.894515177080675850e+00
2.650000000000000000e+02 1.894545303898571342e+00
2.660000000000000000e+02 1.894575426103357607e+00
2.670000000000000000e+02 1.894605543695034422e+00
2.680000000000000000e+02 1.894635656673601787e+00
2.690000000000000000e+02 1.894665765039059480e+00
2.700000000000000000e+02 1.894695868791407944e+00
2.710000000000000000e+02 1.894725967930646959e+00
2.720000000000000000e+02 1.894756062456776524e+00
2.730000000000000000e+02 1.894786152369796639e+00
2.740000000000000000e+02 1.894816237669707304e+00
2.750000000000000000e+02 1.894846318356508519e+00
2.760000000000000000e+02 1.894876394430200284e+00
2.770000000000000000e+02 1.894906465890782821e+00
2.780000000000000000e+02 1.894936532738255686e+00
2.790000000000000000e+02 1.894966594972619101e+00
2.800000000000000000e+02 1.894996652593873288e+00
2.810000000000000000e+02 1.895026705602017802e+00
2.820000000000000000e+02 1.895056753997052867e+00
2.830000000000000000e+02 1.895086797778978704e+00
2.840000000000000000e+02 1.895116836947794869e+00
2.850000000000000000e+02 1.895146871503501806e+00
2.860000000000000000e+02 1.895176901446099293e+00
2.870000000000000000e+02 1.895206926775587108e+00
2.880000000000000000e+02 1.895236947491965696e+00
2.890000000000000000e+02 1.895266963595234833e+00
2.900000000000000000e+02 1.895296975085394520e+00
2.910000000000000000e+02 1.895326981962444757e+00
2.920000000000000000e+02 1.895356984226385322e+00
2.930000000000000000e+02 1.895386981877216659e+00
2.940000000000000000e+02 1.895416974914938546e+00
2.950000000000000000e+02 1.895446963339551205e+00
2.960000000000000000e+02 1.895476947151054192e+00
2.970000000000000000e+02 1.895506926349447729e+00
2.980000000000000000e+02 1.895536900934731817e+00
2.990000000000000000e+02 1.895566870906906454e+00
3.000000000000000000e+02 1.895596836265971863e+00
3.010000000000000000e+02 1.895626797011927600e+00
3.020000000000000000e+02 1.895656753144773887e+00
3.030000000000000000e+02 1.895686704664510946e+00
3.040000000000000000e+02 1.895716651571138334e+00
3.050000000000000000e+02 1.895746593864656493e+00
3.060000000000000000e+02 1.895776531545064980e+00
3.070000000000000000e+02 1.895806464612364239e+00
3.080000000000000000e+02 1.895836393066554049e+00
3.090000000000000000e+02 1.895866316907634408e+00
3.100000000000000000e+02 1.895896236135605095e+00
3.110000000000000000e+02 1.895926150750466554e+00
3.120000000000000000e+02 1.895956060752218564e+00
3.130000000000000000e+02 1.895985966140861123e+00
3.140000000000000000e+02 1.896015866916394232e+00
3.150000000000000000e+02 1.896045763078817892e+00
3.160000000000000000e+02 1.896075654628132101e+00
3.170000000000000000e+02 1.896105541564336860e+00
3.180000000000000000e+02 1.896135423887432170e+00
3.190000000000000000e+02 1.896165301597418251e+00
3.200000000000000000e+02 1.896195174694294661e+00
3.210000000000000000e+02 1.896225043178061620e+00
3.220000000000000000e+02 1.896254907048719351e+00
3.230000000000000000e+02 1.896284766306267411e+00
3.240000000000000000e+02 1.896314620950706242e+00
3.250000000000000000e+02 1.896344470982035402e+00
3.260000000000000000e+02 1.896374316400255333e+00
3.270000000000000000e+02 1.896404157205365593e+00
3.280000000000000000e+02 1.896433993397366624e+00
3.290000000000000000e+02 1.896463824976258206e+00
3.300000000000000000e+02 1.896493651942040115e+00
3.310000000000000000e+02 1.896523474294712797e+00
3.320000000000000000e+02 1.896553292034276028e+00
3.330000000000000000e+02 1.896583105160729810e+00
3.340000000000000000e+02 1.896612913674074141e+00
3.350000000000000000e+02 1.896642717574309023e+00
3.360000000000000000e+02 1.896672516861434454e+00
3.370000000000000000e+02 1.896702311535450436e+00
3.380000000000000000e+02 1.896732101596356967e+00
3.390000000000000000e+02 1.896761887044154049e+00
3.400000000000000000e+02 1.896791667878841903e+00
3.410000000000000000e+02 1.896821444100420084e+00
3.420000000000000000e+02 1.896851215708888816e+00
3.430000000000000000e+02 1.896880982704248320e+00
3.440000000000000000e+02 1.896910745086498151e+00
3.450000000000000000e+02 1.896940502855638533e+00
3.460000000000000000e+02 1.896970256011669687e+00
3.470000000000000000e+02 1.897000004554591390e+00
3.480000000000000000e+02 1.897029748484403422e+00
3.490000000000000000e+02 1.897059487801106226e+00
3.500000000000000000e+02 1.897089222504699579e+00
3.510000000000000000e+02 1.897118952595183261e+00
3.520000000000000000e+02 1.897148678072557715e+00
3.530000000000000000e+02 1.897178398936822719e+00
3.540000000000000000e+02 1.897208115187978272e+00
3.550000000000000000e+02 1.897237826826024376e+00
3.560000000000000000e+02 1.897267533850961030e+00
3.570000000000000000e+02 1.897297236262788234e+00
3.580000000000000000e+02 1.897326934061505987e+00
3.590000000000000000e+02 1.897356627247114291e+00
3.600000000000000000e+02 1.897386315819613145e+00
3.610000000000000000e+02 1.897415999779002771e+00
3.620000000000000000e+02 1.897445679125282725e+00
3.630000000000000000e+02 1.897475353858453229e+00
3.640000000000000000e+02 1.897505023978514505e+00
3.650000000000000000e+02 1.897534689485466108e+00
3.660000000000000000e+02 1.897564350379308484e+00
3.670000000000000000e+02 1.897594006660041188e+00
3.680000000000000000e+02 1.897623658327664664e+00
3.690000000000000000e+02 1.897653305382178468e+00
3.700000000000000000e+02 1.897682947823583044e+00
3.710000000000000000e+02 1.897712585651878170e+00
3.720000000000000000e+02 1.897742218867063846e+00
3.730000000000000000e+02 1.897771847469139850e+00
3.740000000000000000e+02 1.897801471458106626e+00
3.750000000000000000e+02 1.897831090833963952e+00
3.760000000000000000e+02 1.897860705596711828e+00
3.770000000000000000e+02 1.897890315746350254e+00
3.780000000000000000e+02 1.897919921282879230e+00
3.790000000000000000e+02 1.897949522206298756e+00
3.800000000000000000e+02 1.897979118516608832e+00
3.810000000000000000e+02 1.898008710213809680e+00
3.820000000000000000e+02 1.898038297297900856e+00
3.830000000000000000e+02 1.898067879768882582e+00
3.840000000000000000e+02 1.898097457626755080e+00
3.850000000000000000e+02 1.898127030871517906e+00
3.860000000000000000e+02 1.898156599503171282e+00
3.870000000000000000e+02 1.898186163521715430e+00
3.880000000000000000e+02 1.898215722927150129e+00
3.890000000000000000e+02 1.898245277719475155e+00
3.900000000000000000e+02 1.898274827898690953e+00
3.910000000000000000e+02 1.898304373464797079e+00
3.920000000000000000e+02 1.898333914417793977e+00
3.930000000000000000e+02 1.898363450757681425e+00
3.940000000000000000e+02 1.898392982484459424e+00
3.950000000000000000e+02 1.898422509598127972e+00
3.960000000000000000e+02 1.898452032098687070e+00
3.970000000000000000e+02 1.898481549986136718e+00
3.980000000000000000e+02 1.898511063260476917e+00
3.990000000000000000e+02 1.898540571921707665e+00
4.000000000000000000e+02 1.898570075969828963e+00
4.010000000000000000e+02 1.898599575404840811e+00
4.020000000000000000e+02 1.898629070226743210e+00
4.030000000000000000e+02 1.898658560435536380e+00
4.040000000000000000e+02 1.898688046031219878e+00
4.050000000000000000e+02 1.898717527013793926e+00
4.060000000000000000e+02 1.898747003383258747e+00
4.070000000000000000e+02 1.898776475139613895e+00
4.080000000000000000e+02 1.898805942282859816e+00
4.090000000000000000e+02 1.898835404812996064e+00
4.100000000000000000e+02 1.898864862730023084e+00
4.110000000000000000e+02 1.898894316033940433e+00
4.120000000000000000e+02 1.898923764724748553e+00
4.130000000000000000e+02 1.898953208802447223e+00
4.140000000000000000e+02 1.898982648267036444e+00
4.150000000000000000e+02 1.899012083118516214e+00
4.160000000000000000e+02 1.899041513356886313e+00
4.170000000000000000e+02 1.899070938982147183e+00
4.180000000000000000e+02 1.899100359994298604e+00
4.190000000000000000e+02 1.899129776393340574e+00
4.200000000000000000e+02 1.899159188179273317e+00
4.210000000000000000e+02 1.899188595352096387e+00
4.220000000000000000e+02 1.899217997911810007e+00
4.230000000000000000e+02 1.899247395858414178e+00
4.240000000000000000e+02 1.899276789191908899e+00
4.250000000000000000e+02 1.899306177912294391e+00
4.260000000000000000e+02 1.899335562019570212e+00
4.270000000000000000e+02 1.899364941513736582e+00
4.280000000000000000e+02 1.899394316394793725e+00
4.290000000000000000e+02 1.899423686662741195e+00
4.300000000000000000e+02 1.899453052317579438e+00
4.310000000000000000e+02 1.899482413359308230e+00
4.320000000000000000e+02 1.899511769787927351e+00
4.330000000000000000e+02 1.899541121603437244e+00
4.340000000000000000e+02 1.899570468805837686e+00
4.350000000000000000e+02 1.899599811395128679e+00
4.360000000000000000e+02 1.899629149371310000e+00
4.370000000000000000e+02 1.899658482734382092e+00
4.380000000000000000e+02 1.899687811484344735e+00
4.390000000000000000e+02 1.899717135621197928e+00
4.400000000000000000e+02 1.899746455144941670e+00
4.410000000000000000e+02 1.899775770055576185e+00
4.420000000000000000e+02 1.899805080353101028e+00
4.430000000000000000e+02 1.899834386037516420e+00
4.440000000000000000e+02 1.899863687108822363e+00
4.450000000000000000e+02 1.899892983567018856e+00
4.460000000000000000e+02 1.899922275412106121e+00
4.470000000000000000e+02 1.899951562644083713e+00
4.480000000000000000e+02 1.899980845262952078e+00
4.490000000000000000e+02 1.900010123268710771e+00
4.500000000000000000e+02 1.900039396661360236e+00
4.510000000000000000e+02 1.900068665440900029e+00
4.520000000000000000e+02 1.900097929607330594e+00
4.530000000000000000e+02 1.900127189160651486e+00
4.540000000000000000e+02 1.900156444100863151e+00
4.550000000000000000e+02 1.900185694427965366e+00
4.560000000000000000e+02 1.900214940141958131e+00
4.570000000000000000e+02 1.900244181242841446e+00
4.580000000000000000e+02 1.900273417730615311e+00
4.590000000000000000e+02 1.900302649605279726e+00
4.600000000000000000e+02 1.900331876866834691e+00
4.610000000000000000e+02 1.900361099515280205e+00
4.620000000000000000e+02 1.900390317550616270e+00
4.630000000000000000e+02 1.900419530972842885e+00
4.640000000000000000e+02 1.900448739781960050e+00
4.650000000000000000e+02 1.900477943977967765e+00
4.660000000000000000e+02 1.900507143560866252e+00
4.670000000000000000e+02 1.900536338530655067e+00
4.680000000000000000e+02 1.900565528887334432e+00
4.690000000000000000e+02 1.900594714630904569e+00
4.700000000000000000e+02 1.900623895761365034e+00
4.710000000000000000e+02 1.900653072278716271e+00
4.720000000000000000e+02 1.900682244182958058e+00
4.730000000000000000e+02 1.900711411474090173e+00
4.740000000000000000e+02 1.900740574152113060e+00
4.750000000000000000e+02 1.900769732217026498e+00
4.760000000000000000e+02 1.900798885668830263e+00
4.770000000000000000e+02 1.900828034507524800e+00
4.780000000000000000e+02 1.900857178733109887e+00
4.790000000000000000e+02 1.900886318345585524e+00
4.800000000000000000e+02 1.900915453344951711e+00
4.810000000000000000e+02 1.900944583731208448e+00
4.820000000000000000e+02 1.900973709504355735e+00
4.830000000000000000e+02 1.901002830664393572e+00
4.840000000000000000e+02 1.901031947211321960e+00
4.850000000000000000e+02 1.901061059145141119e+00
4.860000000000000000e+02 1.901090166465850606e+00
4.870000000000000000e+02 1.901119269173450643e+00
4.880000000000000000e+02 1.901148367267941452e+00
4.890000000000000000e+02 1.901177460749322590e+00
4.900000000000000000e+02 1.901206549617594277e+00
4.910000000000000000e+02 1.901235633872756736e+00
4.920000000000000000e+02 1.901264713514809523e+00
4.930000000000000000e+02 1.901293788543753083e+00
4.940000000000000000e+02 1.901322858959587192e+00
4.950000000000000000e+02 1.901351924762311629e+00
4.960000000000000000e+02 1.901380985951926839e+00
4.970000000000000000e+02 1.901410042528432598e+00
4.980000000000000000e+02 1.901439094491828907e+00
4.990000000000000000e+02 1.901468141842115767e+00
5.000000000000000000e+02 1.901497184579293176e+00
5.010000000000000000e+02 1.901526222703361135e+00
5.020000000000000000e+02 1.901555256214319645e+00
5.030000000000000000e+02 1.901584285112168704e+00
5.040000000000000000e+02 1.901613309396908313e+00
5.050000000000000000e+02 1.901642329068538473e+00
5.060000000000000000e+02 1.901671344127059182e+00
5.070000000000000000e+02 1.901700354572470664e+00
5.080000000000000000e+02 1.901729360404772473e+00
5.090000000000000000e+02 1.901758361623964833e+00
5.100000000000000000e+02 1.901787358230047964e+00
5.110000000000000000e+02 1.901816350223021423e+00
5.120000000000000000e+02 1.901845337602885655e+00
5.130000000000000000e+02 1.901874320369640214e+00
5.140000000000000000e+02 1.901903298523285546e+00
5.150000000000000000e+02 1.901932272063821427e+00
5.160000000000000000e+02 1.901961240991247637e+00
5.170000000000000000e+02 1.901990205305564618e+00
5.180000000000000000e+02 1.902019165006772150e+00
5.190000000000000000e+02 1.902048120094870232e+00
5.200000000000000000e+02 1.902077070569858863e+00
5.210000000000000000e+02 1.902106016431738045e+00
5.220000000000000000e+02 1.902134957680507776e+00
5.230000000000000000e+02 1.902163894316168058e+00
5.240000000000000000e+02 1.902192826338718890e+00
5.250000000000000000e+02 1.902221753748160271e+00
5.260000000000000000e+02 1.902250676544492203e+00
5.270000000000000000e+02 1.902279594727714684e+00
5.280000000000000000e+02 1.902308508297827938e+00
5.290000000000000000e+02 1.902337417254831520e+00
5.300000000000000000e+02 1.902366321598725651e+00
5.310000000000000000e+02 1.902395221329510555e+00
5.320000000000000000e+02 1.902424116447185787e+00
5.330000000000000000e+02 1.902453006951751791e+00
5.340000000000000000e+02 1.902481892843208122e+00
5.350000000000000000e+02 1.902510774121555226e+00
5.360000000000000000e+02 1.902539650786792880e+00
5.370000000000000000e+02 1.902568522838920861e+00
5.380000000000000000e+02 1.902597390277939615e+00
5.390000000000000000e+02 1.902626253103848919e+00
5.400000000000000000e+02 1.902655111316648773e+00
5.410000000000000000e+02 1.902683964916339177e+00
5.420000000000000000e+02 1.902712813902920130e+00
5.430000000000000000e+02 1.902741658276391634e+00
5.440000000000000000e+02 1.902770498036753688e+00
5.450000000000000000e+02 1.902799333184006292e+00
5.460000000000000000e+02 1.902828163718149446e+00
5.470000000000000000e+02 1.902856989639183150e+00
5.480000000000000000e+02 1.902885810947107403e+00
5.490000000000000000e+02 1.902914627641922429e+00
5.500000000000000000e+02 1.902943439723627783e+00
5.510000000000000000e+02 1.902972247192223909e+00
5.520000000000000000e+02 1.903001050047710363e+00
5.530000000000000000e+02 1.903029848290087367e+00
5.540000000000000000e+02 1.903058641919355143e+00
5.550000000000000000e+02 1.903087430935513469e+00
5.560000000000000000e+02 1.903116215338562123e+00
5.570000000000000000e+02 1.903144995128501549e+00
5.580000000000000000e+02 1.903173770305331525e+00
5.590000000000000000e+02 1.903202540869051829e+00
5.600000000000000000e+02 1.903231306819662905e+00
5.610000000000000000e+02 1.903260068157164531e+00
5.620000000000000000e+02 1.903288824881556707e+00
5.630000000000000000e+02 1.903317576992839433e+00
5.640000000000000000e+02 1.903346324491012709e+00
5.650000000000000000e+02 1.903375067376076535e+00
5.660000000000000000e+02 1.903403805648030911e+00
5.670000000000000000e+02 1.903432539306875837e+00
5.680000000000000000e+02 1.903461268352611535e+00
5.690000000000000000e+02 1.903489992785237561e+00
5.700000000000000000e+02 1.903518712604754137e+00
5.710000000000000000e+02 1.903547427811161485e+00
5.720000000000000000e+02 1.903576138404459162e+00
5.730000000000000000e+02 1.903604844384647388e+00
5.740000000000000000e+02 1.903633545751726386e+00
5.750000000000000000e+02 1.903662242505695934e+00
5.760000000000000000e+02 1.903690934646555810e+00
5.770000000000000000e+02 1.903719622174306458e+00
5.780000000000000000e+02 1.903748305088947435e+00
5.790000000000000000e+02 1.903776983390479183e+00
5.800000000000000000e+02 1.903805657078901481e+00
5.810000000000000000e+02 1.903834326154214329e+00
5.820000000000000000e+02 1.903862990616417727e+00
5.830000000000000000e+02 1.903891650465511676e+00
5.840000000000000000e+02 1.903920305701496174e+00
5.850000000000000000e+02 1.903948956324371222e+00
5.860000000000000000e+02 1.903977602334136821e+00
5.870000000000000000e+02 1.904006243730792969e+00
5.880000000000000000e+02 1.904034880514339667e+00
5.890000000000000000e+02 1.904063512684776915e+00
5.900000000000000000e+02 1.904092140242104936e+00
5.910000000000000000e+02 1.904120763186323284e+00
5.920000000000000000e+02 1.904149381517432182e+00
5.930000000000000000e+02 1.904177995235431853e+00
5.940000000000000000e+02 1.904206604340321851e+00
5.950000000000000000e+02 1.904235208832102622e+00
5.960000000000000000e+02 1.904263808710773720e+00
5.970000000000000000e+02 1.904292403976335590e+00
5.980000000000000000e+02 1.904320994628788011e+00
5.990000000000000000e+02 1.904349580668130759e+00
6.000000000000000000e+02 1.904378162094364280e+00
6.010000000000000000e+02 1.904406738907488350e+00
6.020000000000000000e+02 1.904435311107502971e+00
6.030000000000000000e+02 1.904463878694408141e+00
6.040000000000000000e+02 1.904492441668203861e+00
6.050000000000000000e+02 1.904521000028890132e+00
6.060000000000000000e+02 1.904549553776466952e+00
6.070000000000000000e+02 1.904578102910934323e+00
6.080000000000000000e+02 1.904606647432292243e+00
6.090000000000000000e+02 1.904635187340540714e+00
6.100000000000000000e+02 1.904663722635679735e+00
6.110000000000000000e+02 1.904692253317709305e+00
6.120000000000000000e+02 1.904720779386629648e+00
6.130000000000000000e+02 1.904749300842440318e+00
6.140000000000000000e+02 1.904777817685141761e+00
6.150000000000000000e+02 1.904806329914733531e+00
6.160000000000000000e+02 1.904834837531216074e+00
6.170000000000000000e+02 1.904863340534588945e+00
6.180000000000000000e+02 1.904891838924852587e+00
6.190000000000000000e+02 1.904920332702006780e+00
6.200000000000000000e+02 1.904948821866051301e+00
6.210000000000000000e+02 1.904977306416986593e+00
6.220000000000000000e+02 1.905005786354812436e+00
6.230000000000000000e+02 1.905034261679528829e+00
6.240000000000000000e+02 1.905062732391135771e+00
6.250000000000000000e+02 1.905091198489633264e+00
6.260000000000000000e+02 1.905119659975021307e+00
6.270000000000000000e+02 1.905148116847299899e+00
6.280000000000000000e+02 1.905176569106469042e+00
6.290000000000000000e+02 1.905205016752528735e+00
6.300000000000000000e+02 1.905233459785478978e+00
6.310000000000000000e+02 1.905261898205319770e+00
6.320000000000000000e+02 1.905290332012051335e+00
6.330000000000000000e+02 1.905318761205673228e+00
6.340000000000000000e+02 1.905347185786185671e+00
6.350000000000000000e+02 1.905375605753588886e+00
6.360000000000000000e+02 1.905404021107882429e+00
6.370000000000000000e+02 1.905432431849066743e+00
6.380000000000000000e+02 1.905460837977141386e+00
6.390000000000000000e+02 1.905489239492106801e+00
6.400000000000000000e+02 1.905517636393962766e+00
6.410000000000000000e+02 1.905546028682709281e+00
6.420000000000000000e+02 1.905574416358346124e+00
6.430000000000000000e+02 1.905602799420873739e+00
6.440000000000000000e+02 1.905631177870291904e+00
6.450000000000000000e+02 1.905659551706600618e+00
6.460000000000000000e+02 1.905687920929799883e+00
6.470000000000000000e+02 1.905716285539889698e+00
6.480000000000000000e+02 1.905744645536870063e+00
6.490000000000000000e+02 1.905773000920740978e+00
6.500000000000000000e+02 1.905801351691502443e+00
6.510000000000000000e+02 1.905829697849154458e+00
6.520000000000000000e+02 1.905858039393697245e+00
6.530000000000000000e+02 1.905886376325130360e+00
6.540000000000000000e+02 1.905914708643454025e+00
6.550000000000000000e+02 1.905943036348668462e+00
6.560000000000000000e+02 1.905971359440773227e+00
6.570000000000000000e+02 1.905999677919768764e+00
6.580000000000000000e+02 1.906027991785654629e+00
6.590000000000000000e+02 1.906056301038431267e+00
6.600000000000000000e+02 1.906084605678098454e+00
6.610000000000000000e+02 1.906112905704655969e+00
6.620000000000000000e+02 1.906141201118104256e+00
6.630000000000000000e+02 1.906169491918443093e+00
6.640000000000000000e+02 1.906197778105672480e+00
6.650000000000000000e+02 1.906226059679792195e+00
6.660000000000000000e+02 1.906254336640802682e+00
6.670000000000000000e+02 1.906282608988703720e+00
6.680000000000000000e+02 1.906310876723495307e+00
6.690000000000000000e+02 1.906339139845177666e+00
6.700000000000000000e+02 1.906367398353750353e+00
6.710000000000000000e+02 1.906395652249213590e+00
6.720000000000000000e+02 1.906423901531567378e+00
6.730000000000000000e+02 1.906452146200811715e+00
6.740000000000000000e+02 1.906480386256946824e+00
6.750000000000000000e+02 1.906508621699972261e+00
6.760000000000000000e+02 1.906536852529888248e+00
6.770000000000000000e+02 1.906565078746695008e+00
6.780000000000000000e+02 1.906593300350392095e+00
6.790000000000000000e+02 1.906621517340979954e+00
6.800000000000000000e+02 1.906649729718458364e+00
6.810000000000000000e+02 1.906677937482827101e+00
6.820000000000000000e+02 1.906706140634086610e+00
6.830000000000000000e+02 1.906734339172236670e+00
6.840000000000000000e+02 1.906762533097277057e+00
6.850000000000000000e+02 1.906790722409208216e+00
6.860000000000000000e+02 1.906818907108029926e+00
6.870000000000000000e+02 1.906847087193742185e+00
6.880000000000000000e+02 1.906875262666344994e+00
6.890000000000000000e+02 1.906903433525838354e+00
6.900000000000000000e+02 1.906931599772222263e+00
6.910000000000000000e+02 1.906959761405496723e+00
6.920000000000000000e+02 1.906987918425661954e+00
6.930000000000000000e+02 1.907016070832717514e+00
6.940000000000000000e+02 1.907044218626663623e+00
6.950000000000000000e+02 1.907072361807500283e+00
6.960000000000000000e+02 1.907100500375227714e+00
6.970000000000000000e+02 1.907128634329845474e+00
6.980000000000000000e+02 1.907156763671354005e+00
6.990000000000000000e+02 1.907184888399752865e+00
7.000000000000000000e+02 1.907213008515042496e+00
7.010000000000000000e+02 1.907241124017222456e+00
7.020000000000000000e+02 1.907269234906293187e+00
7.030000000000000000e+02 1.907297341182254469e+00
7.040000000000000000e+02 1.907325442845106300e+00
7.050000000000000000e+02 1.907353539894848460e+00
7.060000000000000000e+02 1.907381632331481391e+00
7.070000000000000000e+02 1.907409720155004873e+00
7.080000000000000000e+02 1.907437803365418905e+00
7.090000000000000000e+02 1.907465881962723486e+00
7.100000000000000000e+02 1.907493955946918618e+00
7.110000000000000000e+02 1.907522025318004300e+00
7.120000000000000000e+02 1.907550090075980531e+00
7.130000000000000000e+02 1.907578150220847535e+00
7.140000000000000000e+02 1.907606205752604867e+00
7.150000000000000000e+02 1.907634256671252748e+00
7.160000000000000000e+02 1.907662302976791402e+00
7.170000000000000000e+02 1.907690344669220384e+00
7.180000000000000000e+02 1.907718381748539915e+00
7.190000000000000000e+02 1.907746414214750219e+00
7.200000000000000000e+02 1.907774442067850851e+00
7.210000000000000000e+02 1.907802465307842255e+00
7.220000000000000000e+02 1.907830483934724208e+00
7.230000000000000000e+02 1.907858497948496490e+00
7.240000000000000000e+02 1.907886507349159544e+00
7.250000000000000000e+02 1.907914512136713148e+00
7.260000000000000000e+02 1.907942512311157301e+00
7.270000000000000000e+02 1.907970507872492005e+00
7.280000000000000000e+02 1.907998498820717037e+00
7.290000000000000000e+02 1.908026485155832841e+00
7.300000000000000000e+02 1.908054466877839195e+00
7.310000000000000000e+02 1.908082443986736099e+00
7.320000000000000000e+02 1.908110416482523775e+00
7.330000000000000000e+02 1.908138384365201778e+00
7.340000000000000000e+02 1.908166347634770332e+00
7.350000000000000000e+02 1.908194306291229436e+00
7.360000000000000000e+02 1.908222260334579312e+00
7.370000000000000000e+02 1.908250209764819516e+00
7.380000000000000000e+02 1.908278154581950270e+00
7.390000000000000000e+02 1.908306094785971796e+00
7.400000000000000000e+02 1.908334030376883650e+00
7.410000000000000000e+02 1.908361961354686276e+00
7.420000000000000000e+02 1.908389887719379230e+00
7.430000000000000000e+02 1.908417809470962956e+00
7.440000000000000000e+02 1.908445726609437232e+00
7.450000000000000000e+02 1.908473639134801836e+00
7.460000000000000000e+02 1.908501547047057212e+00
7.470000000000000000e+02 1.908529450346203138e+00
7.480000000000000000e+02 1.908557349032239614e+00
7.490000000000000000e+02 1.908585243105166640e+00
7.500000000000000000e+02 1.908613132564984216e+00
7.510000000000000000e+02 1.908641017411692342e+00
7.520000000000000000e+02 1.908668897645291018e+00
7.530000000000000000e+02 1.908696773265780244e+00
7.540000000000000000e+02 1.908724644273160020e+00
7.550000000000000000e+02 1.908752510667430347e+00
7.560000000000000000e+02 1.908780372448591445e+00
7.570000000000000000e+02 1.908808229616642871e+00
7.580000000000000000e+02 1.908836082171584847e+00
7.590000000000000000e+02 1.908863930113417595e+00
7.600000000000000000e+02 1.908891773442140671e+00
7.610000000000000000e+02 1.908919612157754520e+00
7.620000000000000000e+02 1.908947446260258696e+00
7.630000000000000000e+02 1.908975275749653644e+00
7.640000000000000000e+02 1.909003100625939142e+00
7.650000000000000000e+02 1.909030920889114968e+00
7.660000000000000000e+02 1.909058736539181567e+00
7.670000000000000000e+02 1.909086547576138715e+00
7.680000000000000000e+02 1.909114353999986413e+00
7.690000000000000000e+02 1.909142155810724661e+00
7.700000000000000000e+02 1.909169953008353460e+00
7.710000000000000000e+02 1.909197745592872808e+00
7.720000000000000000e+02 1.909225533564282706e+00
7.730000000000000000e+02 1.909253316922583155e+00
7.740000000000000000e+02 1.909281095667774153e+00
7.750000000000000000e+02 1.909308869799855701e+00
7.760000000000000000e+02 1.909336639318827800e+00
7.770000000000000000e+02 1.909364404224690670e+00
7.780000000000000000e+02 1.909392164517443868e+00
7.790000000000000000e+02 1.909419920197087617e+00
7.800000000000000000e+02 1.909447671263622137e+00
7.810000000000000000e+02 1.909475417717046986e+00
7.820000000000000000e+02 1.909503159557362606e+00
7.830000000000000000e+02 1.909530896784568554e+00
7.840000000000000000e+02 1.909558629398665275e+00
7.850000000000000000e+02 1.909586357399652545e+00
7.860000000000000000e+02 1.909614080787530144e+00
7.870000000000000000e+02 1.909641799562298514e+00
7.880000000000000000e+02 1.909669513723957435e+00
7.890000000000000000e+02 1.909697223272506905e+00
7.900000000000000000e+02 1.909724928207946926e+00
7.910000000000000000e+02 1.909752628530277274e+00
7.920000000000000000e+02 1.909780324239498395e+00
7.930000000000000000e+02 1.909808015335610287e+00
7.940000000000000000e+02 1.909835701818612508e+00
7.950000000000000000e+02 1.909863383688505278e+00
7.960000000000000000e+02 1.909891060945288599e+00
7.970000000000000000e+02 1.909918733588962469e+00
7.980000000000000000e+02 1.909946401619527112e+00
7.990000000000000000e+02 1.909974065036982083e+00
8.000000000000000000e+02 1.910001723841327603e+00
8.010000000000000000e+02 1.910029378032563896e+00
8.020000000000000000e+02 1.910057027610690517e+00
8.030000000000000000e+02 1.910084672575707909e+00
8.040000000000000000e+02 1.910112312927615630e+00
8.050000000000000000e+02 1.910139948666414123e+00
8.060000000000000000e+02 1.910167579792103165e+00
8.070000000000000000e+02 1.910195206304682536e+00
8.080000000000000000e+02 1.910222828204152679e+00
8.090000000000000000e+02 1.910250445490513371e+00
8.100000000000000000e+02 1.910278058163764614e+00
8.110000000000000000e+02 1.910305666223906407e+00
8.120000000000000000e+02 1.910333269670938749e+00
8.130000000000000000e+02 1.910360868504861642e+00
8.140000000000000000e+02 1.910388462725675085e+00
8.150000000000000000e+02 1.910416052333379078e+00
8.160000000000000000e+02 1.910443637327973621e+00
8.170000000000000000e+02 1.910471217709458713e+00
8.180000000000000000e+02 1.910498793477834356e+00
8.190000000000000000e+02 1.910526364633100771e+00
8.200000000000000000e+02 1.910553931175257514e+00
8.210000000000000000e+02 1.910581493104305029e+00
8.220000000000000000e+02 1.910609050420242871e+00
8.230000000000000000e+02 1.910636603123071264e+00
8.240000000000000000e+02 1.910664151212790429e+00
8.250000000000000000e+02 1.910691694689400144e+00
8.260000000000000000e+02 1.910719233552900187e+00
8.270000000000000000e+02 1.910746767803291002e+00
8.280000000000000000e+02 1.910774297440572367e+00
8.290000000000000000e+02 1.910801822464744060e+00
8.300000000000000000e+02 1.910829342875806525e+00
8.310000000000000000e+02 1.910856858673759540e+00
8.320000000000000000e+02 1.910884369858603105e+00
8.330000000000000000e+02 1.910911876430337220e+00
8.340000000000000000e+02 1.910939378388961885e+00
8.350000000000000000e+02 1.910966875734477100e+00
8.360000000000000000e+02 1.910994368466882865e+00
8.370000000000000000e+02 1.911021856586179180e+00
8.380000000000000000e+02 1.911049340092366267e+00
8.390000000000000000e+02 1.911076818985443682e+00
8.400000000000000000e+02 1.911104293265411647e+00
8.410000000000000000e+02 1.911131762932270384e+00
8.420000000000000000e+02 1.911159227986019449e+00
8.430000000000000000e+02 1.911186688426659064e+00
8.440000000000000000e+02 1.911214144254189451e+00
8.450000000000000000e+02 1.911241595468610388e+00
8.460000000000000000e+02 1.911269042069921653e+00
8.470000000000000000e+02 1.911296484058123690e+00
8.480000000000000000e+02 1.911323921433216055e+00
8.490000000000000000e+02 1.911351354195199193e+00
8.500000000000000000e+02 1.911378782344072880e+00
8.510000000000000000e+02 1.911406205879837117e+00
8.520000000000000000e+02 1.911433624802491904e+00
8.530000000000000000e+02 1.911461039112037241e+00
8.540000000000000000e+02 1.911488448808473128e+00
8.550000000000000000e+02 1.911515853891799566e+00
8.560000000000000000e+02 1.911543254362016553e+00
8.570000000000000000e+02 1.911570650219124090e+00
8.580000000000000000e+02 1.911598041463122177e+00
8.590000000000000000e+02 1.911625428094010815e+00
8.600000000000000000e+02 1.911652810111790224e+00
8.610000000000000000e+02 1.911680187516459961e+00
8.620000000000000000e+02 1.911707560308020248e+00
8.630000000000000000e+02 1.911734928486471308e+00
8.640000000000000000e+02 1.911762292051812695e+00
8.650000000000000000e+02 1.911789651004044854e+00
8.660000000000000000e+02 1.911817005343167342e+00
8.670000000000000000e+02 1.911844355069180601e+00
8.680000000000000000e+02 1.911871700182084410e+00
8.690000000000000000e+02 1.911899040681878548e+00
8.700000000000000000e+02 1.911926376568563457e+00
8.710000000000000000e+02 1.911953707842138916e+00
8.720000000000000000e+02 1.911981034502604926e+00
8.730000000000000000e+02 1.912008356549961485e+00
8.740000000000000000e+02 1.912035673984208595e+00
8.750000000000000000e+02 1.912062986805346254e+00
8.760000000000000000e+02 1.912090295013374464e+00
8.770000000000000000e+02 1.912117598608293223e+00
8.780000000000000000e+02 1.912144897590102532e+00
8.790000000000000000e+02 1.912172191958802392e+00
8.800000000000000000e+02 1.912199481714392801e+00
8.810000000000000000e+02 1.912226766856873983e+00
8.820000000000000000e+02 1.912254047386245492e+00
8.830000000000000000e+02 1.912281323302507552e+00
8.840000000000000000e+02 1.912308594605660383e+00
8.850000000000000000e+02 1.912335861295703543e+00
8.860000000000000000e+02 1.912363123372637475e+00
8.870000000000000000e+02 1.912390380836461734e+00
8.880000000000000000e+02 1.912417633687176766e+00
8.890000000000000000e+02 1.912444881924782347e+00
8.900000000000000000e+02 1.912472125549278257e+00
8.910000000000000000e+02 1.912499364560664938e+00
8.920000000000000000e+02 1.912526598958942170e+00
8.930000000000000000e+02 1.912553828744109952e+00
8.940000000000000000e+02 1.912581053916168283e+00
8.950000000000000000e+02 1.912608274475117165e+00
8.960000000000000000e+02 1.912635490420956597e+00
8.970000000000000000e+02 1.912662701753686578e+00
8.980000000000000000e+02 1.912689908473307110e+00
8.990000000000000000e+02 1.912717110579818192e+00
9.000000000000000000e+02 1.912744308073219823e+00
9.010000000000000000e+02 1.912771500953512005e+00
9.020000000000000000e+02 1.912798689220694959e+00
9.030000000000000000e+02 1.912825872874768240e+00
9.040000000000000000e+02 1.912853051915732072e+00
9.050000000000000000e+02 1.912880226343586676e+00
9.060000000000000000e+02 1.912907396158331608e+00
9.070000000000000000e+02 1.912934561359967311e+00
9.080000000000000000e+02 1.912961721948493565e+00
9.090000000000000000e+02 1.912988877923910147e+00
9.100000000000000000e+02 1.913016029286217501e+00
9.110000000000000000e+02 1.913043176035415405e+00
9.120000000000000000e+02 1.913070318171503637e+00
9.130000000000000000e+02 1.913097455694482640e+00
9.140000000000000000e+02 1.913124588604352194e+00
9.150000000000000000e+02 1.913151716901112298e+00
9.160000000000000000e+02 1.913178840584762952e+00
9.170000000000000000e+02 1.913205959655304156e+00
9.180000000000000000e+02 1.913233074112735910e+00
9.190000000000000000e+02 1.913260183957058214e+00
9.200000000000000000e+02 1.913287289188271068e+00
9.210000000000000000e+02 1.913314389806374693e+00
9.220000000000000000e+02 1.913341485811368647e+00
9.230000000000000000e+02 1.913368577203253151e+00
9.240000000000000000e+02 1.913395663982028427e+00
9.250000000000000000e+02 1.913422746147694031e+00
9.260000000000000000e+02 1.913449823700250185e+00
9.270000000000000000e+02 1.913476896639697111e+00
9.280000000000000000e+02 1.913503964966034365e+00
9.290000000000000000e+02 1.913531028679262391e+00
9.300000000000000000e+02 1.913558087779380967e+00
9.310000000000000000e+02 1.913585142266389871e+00
9.320000000000000000e+02 1.913612192140289547e+00
9.330000000000000000e+02 1.913639237401079773e+00
9.340000000000000000e+02 1.913666278048760550e+00
9.350000000000000000e+02 1.913693314083331876e+00
9.360000000000000000e+02 1.913720345504793752e+00
9.370000000000000000e+02 1.913747372313146178e+00
9.380000000000000000e+02 1.913774394508389154e+00
9.390000000000000000e+02 1.913801412090522680e+00
9.400000000000000000e+02 1.913828425059546756e+00
9.410000000000000000e+02 1.913855433415461382e+00
9.420000000000000000e+02 1.913882437158266558e+00
9.430000000000000000e+02 1.913909436287962285e+00
9.440000000000000000e+02 1.913936430804548783e+00
9.450000000000000000e+02 1.913963420708025609e+00
9.460000000000000000e+02 1.913990405998393207e+00
9.470000000000000000e+02 1.914017386675651133e+00
9.480000000000000000e+02 1.914044362739799832e+00
9.490000000000000000e+02 1.914071334190838858e+00
9.500000000000000000e+02 1.914098301028768656e+00
9.510000000000000000e+02 1.914125263253588782e+00
9.520000000000000000e+02 1.914152220865299681e+00
9.530000000000000000e+02 1.914179173863901129e+00
9.540000000000000000e+02 1.914206122249393127e+00
9.550000000000000000e+02 1.914233066021775453e+00
9.560000000000000000e+02 1.914260005181048552e+00
9.570000000000000000e+02 1.914286939727212200e+00
9.580000000000000000e+02 1.914313869660266398e+00
9.590000000000000000e+02 1.914340794980211147e+00
9.600000000000000000e+02 1.914367715687046445e+00
9.610000000000000000e+02 1.914394631780772515e+00
9.620000000000000000e+02 1.914421543261388914e+00
9.630000000000000000e+02 1.914448450128895862e+00
9.640000000000000000e+02 1.914475352383293361e+00
9.650000000000000000e+02 1.914502250024581631e+00
9.660000000000000000e+02 1.914529143052760229e+00
9.670000000000000000e+02 1.914556031467829378e+00
9.680000000000000000e+02 1.914582915269789298e+00
9.690000000000000000e+02 1.914609794458639547e+00
9.700000000000000000e+02 1.914636669034380567e+00
9.710000000000000000e+02 1.914663538997012138e+00
9.720000000000000000e+02 1.914690404346534036e+00
9.730000000000000000e+02 1.914717265082946707e+00
9.740000000000000000e+02 1.914744121206249927e+00
9.750000000000000000e+02 1.914770972716443698e+00
9.760000000000000000e+02 1.914797819613527796e+00
9.770000000000000000e+02 1.914824661897502667e+00
9.780000000000000000e+02 1.914851499568368087e+00
9.790000000000000000e+02 1.914878332626124058e+00
9.800000000000000000e+02 1.914905161070770578e+00
9.810000000000000000e+02 1.914931984902307871e+00
9.820000000000000000e+02 1.914958804120735492e+00
9.830000000000000000e+02 1.914985618726053662e+00
9.840000000000000000e+02 1.915012428718262383e+00
9.850000000000000000e+02 1.915039234097361653e+00
9.860000000000000000e+02 1.915066034863351696e+00
9.870000000000000000e+02 1.915092831016232067e+00
9.880000000000000000e+02 1.915119622556003209e+00
9.890000000000000000e+02 1.915146409482664680e+00
9.900000000000000000e+02 1.915173191796216923e+00
9.910000000000000000e+02 1.915199969496659493e+00
9.920000000000000000e+02 1.915226742583992836e+00
9.930000000000000000e+02 1.915253511058216729e+00
9.940000000000000000e+02 1.915280274919330950e+00
9.950000000000000000e+02 1.915307034167335942e+00
9.960000000000000000e+02 1.915333788802231485e+00
9.970000000000000000e+02 1.915360538824017578e+00
9.980000000000000000e+02 1.915387284232694221e+00
9.990000000000000000e+02 1.915414025028261413e+00
1.000000000000000000e+03 1.915440761210719156e+00
1.001000000000000000e+03 1.915467492780067449e+00
1.002000000000000000e+03 1.915494219736306292e+00
1.003000000000000000e+03 1.915520942079435684e+00
1.004000000000000000e+03 1.915547659809455627e+00
1.005000000000000000e+03 1.915574372926366120e+00
1.006000000000000000e+03 1.915601081430167385e+00
1.007000000000000000e+03 1.915627785320858978e+00
1.008000000000000000e+03 1.915654484598441343e+00
1.009000000000000000e+03 1.915681179262914036e+00
1.010000000000000000e+03 1.915707869314277279e+00
1.011000000000000000e+03 1.915734554752531293e+00
1.012000000000000000e+03 1.915761235577675858e+00
1.013000000000000000e+03 1.915787911789710751e+00
1.014000000000000000e+03 1.915814583388636416e+00
1.015000000000000000e+03 1.915841250374452631e+00
1.016000000000000000e+03 1.915867912747159174e+00
1.017000000000000000e+03 1.915894570506756489e+00
1.018000000000000000e+03 1.915921223653244354e+00
1.019000000000000000e+03 1.915947872186622769e+00
1.020000000000000000e+03 1.915974516106891734e+00
1.021000000000000000e+03 1.916001155414051249e+00
