# order=9: data_wav [pixel], data_wavsolution [micron]
3.000000000000000000e+00 1.823845937586853427e+00
4.000000000000000000e+00 1.823864838062700500e+00
5.000000000000000000e+00 1.823883734546289270e+00
6.000000000000000000e+00 1.823902627037619517e+00
7.000000000000000000e+00 1.823921515536691240e+00
8.000000000000000000e+00 1.823940400043504662e+00
9.000000000000000000e+00 1.823959280558059559e+00
1.000000000000000000e+01 1.823978157080355933e+00
1.100000000000000000e+01 1.823997029610393783e+00
1.200000000000000000e+01 1.824015898148173331e+00
1.300000000000000000e+01 1.824034762693694134e+00
1.400000000000000000e+01 1.824053623246956635e+00
1.500000000000000000e+01 1.824072479807960834e+00
1.600000000000000000e+01 1.824091332376706287e+00
1.700000000000000000e+01 1.824110180953193439e+00
1.800000000000000000e+01 1.824129025537422066e+00
1.900000000000000000e+01 1.824147866129392170e+00
2.000000000000000000e+01 1.824166702729103973e+00
2.100000000000000000e+01 1.824185535336557251e+00
2.200000000000000000e+01 1.824204363951752006e+00
2.300000000000000000e+01 1.824223188574688237e+00
2.400000000000000000e+01 1.824242009205365944e+00
2.500000000000000000e+01 1.824260825843785350e+00
2.600000000000000000e+01 1.824279638489946231e+00
2.700000000000000000e+01 1.824298447143848811e+00
2.800000000000000000e+01 1.824317251805492646e+00
2.900000000000000000e+01 1.824336052474878178e+00
3.000000000000000000e+01 1.824354849152005187e+00
3.100000000000000000e+01 1.824373641836873672e+00
3.200000000000000000e+01 1.824392430529483855e+00
3.300000000000000000e+01 1.824411215229835515e+00
3.400000000000000000e+01 1.824429995937928650e+00
3.500000000000000000e+01 1.824448772653763262e+00
3.600000000000000000e+01 1.824467545377339572e+00
3.700000000000000000e+01 1.824486314108657359e+00
3.800000000000000000e+01 1.824505078847716621e+00
3.900000000000000000e+01 1.824523839594517360e+00
4.000000000000000000e+01 1.824542596349059798e+00
4.100000000000000000e+01 1.824561349111343489e+00
4.200000000000000000e+01 1.824580097881369101e+00
4.300000000000000000e+01 1.824598842659135967e+00
4.400000000000000000e+01 1.824617583444644309e+00
4.500000000000000000e+01 1.824636320237894349e+00
4.600000000000000000e+01 1.824655053038885866e+00
4.700000000000000000e+01 1.824673781847619081e+00
4.800000000000000000e+01 1.824692506664093550e+00
4.900000000000000000e+01 1.824711227488309717e+00
5.000000000000000000e+01 1.824729944320267361e+00
5.100000000000000000e+01 1.824748657159966703e+00
5.200000000000000000e+01 1.824767366007407299e+00
5.300000000000000000e+01 1.824786070862589593e+00
5.400000000000000000e+01 1.824804771725513364e+00
5.500000000000000000e+01 1.824823468596178833e+00
5.600000000000000000e+01 1.824842161474585556e+00
5.700000000000000000e+01 1.824860850360733977e+00
5.800000000000000000e+01 1.824879535254623875e+00
5.900000000000000000e+01 1.824898216156255470e+00
6.000000000000000000e+01 1.824916893065628543e+00
6.100000000000000000e+01 1.824935565982742869e+00
6.200000000000000000e+01 1.824954234907599115e+00
6.300000000000000000e+01 1.824972899840196616e+00
6.400000000000000000e+01 1.824991560780535815e+00
6.500000000000000000e+01 1.825010217728616491e+00
6.600000000000000000e+01 1.825028870684438642e+00
6.700000000000000000e+01 1.825047519648002270e+00
6.800000000000000000e+01 1.825066164619307596e+00
6.900000000000000000e+01 1.825084805598354398e+00
7.000000000000000000e+01 1.825103442585142677e+00
7.100000000000000000e+01 1.825122075579672432e+00
7.200000000000000000e+01 1.825140704581943885e+00
7.300000000000000000e+01 1.825159329591956814e+00
7.400000000000000000e+01 1.825177950609711219e+00
7.500000000000000000e+01 1.825196567635207323e+00
7.600000000000000000e+01 1.825215180668444681e+00
7.700000000000000000e+01 1.825233789709423737e+00
7.800000000000000000e+01 1.825252394758144270e+00
7.900000000000000000e+01 1.825270995814606501e+00
8.000000000000000000e+01 1.825289592878810208e+00
8.100000000000000000e+01 1.825308185950755391e+00
8.200000000000000000e+01 1.825326775030442050e+00
8.300000000000000000e+01 1.825345360117870186e+00
8.400000000000000000e+01 1.825363941213040020e+00
8.500000000000000000e+01 1.825382518315951330e+00
8.600000000000000000e+01 1.825401091426604117e+00
8.700000000000000000e+01 1.825419660544998601e+00
8.800000000000000000e+01 1.825438225671134340e+00
8.900000000000000000e+01 1.825456786805011777e+00
9.000000000000000000e+01 1.825475343946630691e+00
9.100000000000000000e+01 1.825493897095991302e+00
9.200000000000000000e+01 1.825512446253093390e+00
9.300000000000000000e+01 1.825530991417936955e+00
9.400000000000000000e+01 1.825549532590521995e+00
9.500000000000000000e+01 1.825568069770848512e+00
9.600000000000000000e+01 1.825586602958916727e+00
9.700000000000000000e+01 1.825605132154726418e+00
9.800000000000000000e+01 1.825623657358277585e+00
9.900000000000000000e+01 1.825642178569570451e+00
1.000000000000000000e+02 1.825660695788604793e+00
1.010000000000000000e+02 1.825679209015380611e+00
1.020000000000000000e+02 1.825697718249897905e+00
1.030000000000000000e+02 1.825716223492156676e+00
1.040000000000000000e+02 1.825734724742157145e+00
1.050000000000000000e+02 1.825753221999899090e+00
1.060000000000000000e+02 1.825771715265382733e+00
1.070000000000000000e+02 1.825790204538607631e+00
1.080000000000000000e+02 1.825808689819574226e+00
1.090000000000000000e+02 1.825827171108282299e+00
1.100000000000000000e+02 1.825845648404731847e+00
1.110000000000000000e+02 1.825864121708923093e+00
1.120000000000000000e+02 1.825882591020855816e+00
1.130000000000000000e+02 1.825901056340530015e+00
1.140000000000000000e+02 1.825919517667945691e+00
1.150000000000000000e+02 1.825937975003102842e+00
1.160000000000000000e+02 1.825956428346001692e+00
1.170000000000000000e+02 1.825974877696642018e+00
1.180000000000000000e+02 1.825993323055024042e+00
1.190000000000000000e+02 1.826011764421147321e+00
1.200000000000000000e+02 1.826030201795012298e+00
1.210000000000000000e+02 1.826048635176618751e+00
1.220000000000000000e+02 1.826067064565966680e+00
1.230000000000000000e+02 1.826085489963056308e+00
1.240000000000000000e+02 1.826103911367887411e+00
1.250000000000000000e+02 1.826122328780459991e+00
1.260000000000000000e+02 1.826140742200774048e+00
1.270000000000000000e+02 1.826159151628829802e+00
1.280000000000000000e+02 1.826177557064627033e+00
1.290000000000000000e+02 1.826195958508165740e+00
1.300000000000000000e+02 1.826214355959445923e+00
1.310000000000000000e+02 1.826232749418467805e+00
1.320000000000000000e+02 1.826251138885230940e+00
1.330000000000000000e+02 1.826269524359735996e+00
1.340000000000000000e+02 1.826287905841982306e+00
1.350000000000000000e+02 1.826306283331970315e+00
1.360000000000000000e+02 1.826324656829699578e+00
1.370000000000000000e+02 1.826343026335170538e+00
1.380000000000000000e+02 1.826361391848383198e+00
1.390000000000000000e+02 1.826379753369337111e+00
1.400000000000000000e+02 1.826398110898032723e+00
1.410000000000000000e+02 1.826416464434469811e+00
1.420000000000000000e+02 1.826434813978648597e+00
1.430000000000000000e+02 1.826453159530568637e+00
1.440000000000000000e+02 1.826471501090230376e+00
1.450000000000000000e+02 1.826489838657633591e+00
1.460000000000000000e+02 1.826508172232778504e+00
1.470000000000000000e+02 1.826526501815664671e+00
1.480000000000000000e+02 1.826544827406292537e+00
1.490000000000000000e+02 1.826563149004662101e+00
1.500000000000000000e+02 1.826581466610772919e+00
1.510000000000000000e+02 1.826599780224625436e+00
1.520000000000000000e+02 1.826618089846219206e+00
1.530000000000000000e+02 1.826636395475554897e+00
1.540000000000000000e+02 1.826654697112631842e+00
1.550000000000000000e+02 1.826672994757450486e+00
1.560000000000000000e+02 1.826691288410010605e+00
1.570000000000000000e+02 1.826709578070312201e+00
1.580000000000000000e+02 1.826727863738355273e+00
1.590000000000000000e+02 1.826746145414140043e+00
1.600000000000000000e+02 1.826764423097666290e+00
1.610000000000000000e+02 1.826782696788934013e+00
1.620000000000000000e+02 1.826800966487943212e+00
1.630000000000000000e+02 1.826819232194694109e+00
1.640000000000000000e+02 1.826837493909186483e+00
1.650000000000000000e+02 1.826855751631420333e+00
1.660000000000000000e+02 1.826874005361395881e+00
1.670000000000000000e+02 1.826892255099112683e+00
1.680000000000000000e+02 1.826910500844571184e+00
1.690000000000000000e+02 1.826928742597771160e+00
1.700000000000000000e+02 1.826946980358712835e+00
1.710000000000000000e+02 1.826965214127395987e+00
1.720000000000000000e+02 1.826983443903820614e+00
1.730000000000000000e+02 1.827001669687986718e+00
1.740000000000000000e+02 1.827019891479894298e+00
1.750000000000000000e+02 1.827038109279543576e+00
1.760000000000000000e+02 1.827056323086934331e+00
1.770000000000000000e+02 1.827074532902066561e+00
1.780000000000000000e+02 1.827092738724940491e+00
1.790000000000000000e+02 1.827110940555555674e+00
1.800000000000000000e+02 1.827129138393912555e+00
1.810000000000000000e+02 1.827147332240011135e+00
1.820000000000000000e+02 1.827165522093850969e+00
1.830000000000000000e+02 1.827183707955432501e+00
1.840000000000000000e+02 1.827201889824755510e+00
1.850000000000000000e+02 1.827220067701819994e+00
1.860000000000000000e+02 1.827238241586626177e+00
1.870000000000000000e+02 1.827256411479173615e+00
1.880000000000000000e+02 1.827274577379462750e+00
1.890000000000000000e+02 1.827292739287493584e+00
1.900000000000000000e+02 1.827310897203265672e+00
1.910000000000000000e+02 1.827329051126779458e+00
1.920000000000000000e+02 1.827347201058034720e+00
1.930000000000000000e+02 1.827365346997031459e+00
1.940000000000000000e+02 1.827383488943769896e+00
1.950000000000000000e+02 1.827401626898249587e+00
1.960000000000000000e+02 1.827419760860470976e+00
1.970000000000000000e+02 1.827437890830434064e+00
1.980000000000000000e+02 1.827456016808138406e+00
1.990000000000000000e+02 1.827474138793584446e+00
2.000000000000000000e+02 1.827492256786771962e+00
2.010000000000000000e+02 1.827510370787700955e+00
2.020000000000000000e+02 1.827528480796371646e+00
2.030000000000000000e+02 1.827546586812783813e+00
2.040000000000000000e+02 1.827564688836937457e+00
2.050000000000000000e+02 1.827582786868832576e+00
2.060000000000000000e+02 1.827600880908469394e+00
2.070000000000000000e+02 1.827618970955847466e+00
2.080000000000000000e+02 1.827637057010967236e+00
2.090000000000000000e+02 1.827655139073828705e+00
2.100000000000000000e+02 1.827673217144431428e+00
2.110000000000000000e+02 1.827691291222775849e+00
2.120000000000000000e+02 1.827709361308861746e+00
2.130000000000000000e+02 1.827727427402689342e+00
2.140000000000000000e+02 1.827745489504258192e+00
2.150000000000000000e+02 1.827763547613568740e+00
2.160000000000000000e+02 1.827781601730620764e+00
2.170000000000000000e+02 1.827799651855414265e+00
2.180000000000000000e+02 1.827817697987949463e+00
2.190000000000000000e+02 1.827835740128226139e+00
2.200000000000000000e+02 1.827853778276244290e+00
2.210000000000000000e+02 1.827871812432003917e+00
2.220000000000000000e+02 1.827889842595505243e+00
2.230000000000000000e+02 1.827907868766748045e+00
2.240000000000000000e+02 1.827925890945732323e+00
2.250000000000000000e+02 1.827943909132458078e+00
2.260000000000000000e+02 1.827961923326925531e+00
2.270000000000000000e+02 1.827979933529134460e+00
2.280000000000000000e+02 1.827997939739084865e+00
2.290000000000000000e+02 1.828015941956776746e+00
2.300000000000000000e+02 1.828033940182210326e+00
2.310000000000000000e+02 1.828051934415385382e+00
2.320000000000000000e+02 1.828069924656301914e+00
2.330000000000000000e+02 1.828087910904959923e+00
2.340000000000000000e+02 1.828105893161359630e+00
2.350000000000000000e+02 1.828123871425500813e+00
2.360000000000000000e+02 1.828141845697383472e+00
2.370000000000000000e+02 1.828159815977007607e+00
2.380000000000000000e+02 1.828177782264373441e+00
2.390000000000000000e+02 1.828195744559480751e+00
2.400000000000000000e+02 1.828213702862329537e+00
2.410000000000000000e+02 1.828231657172919800e+00
2.420000000000000000e+02 1.828249607491251760e+00
2.430000000000000000e+02 1.828267553817325197e+00
2.440000000000000000e+02 1.828285496151140110e+00
2.450000000000000000e+02 1.828303434492696500e+00
2.460000000000000000e+02 1.828321368841994587e+00
2.470000000000000000e+02 1.828339299199034151e+00
2.480000000000000000e+02 1.828357225563815192e+00
2.490000000000000000e+02 1.828375147936337708e+00
2.500000000000000000e+02 1.828393066316601923e+00
2.510000000000000000e+02 1.828410980704607613e+00
2.520000000000000000e+02 1.828428891100354781e+00
2.530000000000000000e+02 1.828446797503843646e+00
2.540000000000000000e+02 1.828464699915073766e+00
2.550000000000000000e+02 1.828482598334045583e+00
2.560000000000000000e+02 1.828500492760758878e+00
2.570000000000000000e+02 1.828518383195213870e+00
2.580000000000000000e+02 1.828536269637410339e+00
2.590000000000000000e+02 1.828554152087348283e+00
2.600000000000000000e+02 1.828572030545027705e+00
2.610000000000000000e+02 1.828589905010448602e+00
2.620000000000000000e+02 1.828607775483611197e+00
2.630000000000000000e+02 1.828625641964515269e+00
2.640000000000000000e+02 1.828643504453160817e+00
2.650000000000000000e+02 1.828661362949548064e+00
2.660000000000000000e+02 1.828679217453676564e+00
2.670000000000000000e+02 1.828697067965546763e+00
2.680000000000000000e+02 1.828714914485158438e+00
2.690000000000000000e+02 1.828732757012511811e+00
2.700000000000000000e+02 1.828750595547606661e+00
2.710000000000000000e+02 1.828768430090442987e+00
2.720000000000000000e+02 1.828786260641020789e+00
2.730000000000000000e+02 1.828804087199340067e+00
2.740000000000000000e+02 1.828821909765401044e+00
2.750000000000000000e+02 1.828839728339203496e+00
2.760000000000000000e+02 1.828857542920747425e+00
2.770000000000000000e+02 1.828875353510033053e+00
2.780000000000000000e+02 1.828893160107060156e+00
2.790000000000000000e+02 1.828910962711828736e+00
2.800000000000000000e+02 1.828928761324338792e+00
2.810000000000000000e+02 1.828946555944590324e+00
2.820000000000000000e+02 1.828964346572583555e+00
2.830000000000000000e+02 1.828982133208318261e+00
2.840000000000000000e+02 1.828999915851794444e+00
2.850000000000000000e+02 1.829017694503012326e+00
2.860000000000000000e+02 1.829035469161971683e+00
2.870000000000000000e+02 1.829053239828672517e+00
2.880000000000000000e+02 1.829071006503114827e+00
2.890000000000000000e+02 1.829088769185298613e+00
2.900000000000000000e+02 1.829106527875224097e+00
2.910000000000000000e+02 1.829124282572891058e+00
2.920000000000000000e+02 1.829142033278299717e+00
2.930000000000000000e+02 1.829159779991449630e+00
2.940000000000000000e+02 1.829177522712341242e+00
2.950000000000000000e+02 1.829195261440974329e+00
2.960000000000000000e+02 1.829212996177348893e+00
2.970000000000000000e+02 1.829230726921465155e+00
2.980000000000000000e+02 1.829248453673322894e+00
2.990000000000000000e+02 1.829266176432922109e+00
3.000000000000000000e+02 1.829283895200262799e+00
3.010000000000000000e+02 1.829301609975345189e+00
3.020000000000000000e+02 1.829319320758168832e+00
3.030000000000000000e+02 1.829337027548734174e+00
3.040000000000000000e+02 1.829354730347041214e+00
3.050000000000000000e+02 1.829372429153089508e+00
3.060000000000000000e+02 1.829390123966879500e+00
3.070000000000000000e+02 1.829407814788410969e+00
3.080000000000000000e+02 1.829425501617684136e+00
3.090000000000000000e+02 1.829443184454698557e+00
3.100000000000000000e+02 1.829460863299454676e+00
3.110000000000000000e+02 1.829478538151952272e+00
3.120000000000000000e+02 1.829496209012191343e+00
3.130000000000000000e+02 1.829513875880172113e+00
3.140000000000000000e+02 1.829531538755894360e+00
3.150000000000000000e+02 1.829549197639358082e+00
3.160000000000000000e+02 1.829566852530563281e+00
3.170000000000000000e+02 1.829584503429510178e+00
3.180000000000000000e+02 1.829602150336198552e+00
3.190000000000000000e+02 1.829619793250628401e+00
3.200000000000000000e+02 1.829637432172799727e+00
3.210000000000000000e+02 1.829655067102712751e+00
3.220000000000000000e+02 1.829672698040367251e+00
3.230000000000000000e+02 1.829690324985763228e+00
3.240000000000000000e+02 1.829707947938900681e+00
3.250000000000000000e+02 1.829725566899779832e+00
3.260000000000000000e+02 1.829743181868400459e+00
3.270000000000000000e+02 1.829760792844762562e+00
3.280000000000000000e+02 1.829778399828866142e+00
3.290000000000000000e+02 1.829796002820711420e+00
3.300000000000000000e+02 1.829813601820298175e+00
3.310000000000000000e+02 1.829831196827626405e+00
3.320000000000000000e+02 1.829848787842696112e+00
3.330000000000000000e+02 1.829866374865507517e+00
3.340000000000000000e+02 1.829883957896060398e+00
3.350000000000000000e+02 1.829901536934354755e+00
3.360000000000000000e+02 1.829919111980390811e+00
3.370000000000000000e+02 1.829936683034168121e+00
3.380000000000000000e+02 1.829954250095687129e+00
3.390000000000000000e+02 1.829971813164947614e+00
3.400000000000000000e+02 1.829989372241949797e+00
3.410000000000000000e+02 1.830006927326693233e+00
3.420000000000000000e+02 1.830024478419178369e+00
3.430000000000000000e+02 1.830042025519405202e+00
3.440000000000000000e+02 1.830059568627373290e+00
3.450000000000000000e+02 1.830077107743083076e+00
3.460000000000000000e+02 1.830094642866534338e+00
3.470000000000000000e+02 1.830112173997727076e+00
3.480000000000000000e+02 1.830129701136661291e+00
3.490000000000000000e+02 1.830147224283337204e+00
3.500000000000000000e+02 1.830164743437754593e+00
3.510000000000000000e+02 1.830182258599913458e+00
3.520000000000000000e+02 1.830199769769814022e+00
3.530000000000000000e+02 1.830217276947455840e+00
3.540000000000000000e+02 1.830234780132839356e+00
3.550000000000000000e+02 1.830252279325964349e+00
3.560000000000000000e+02 1.830269774526831039e+00
3.570000000000000000e+02 1.830287265735439206e+00
3.580000000000000000e+02 1.830304752951788849e+00
3.590000000000000000e+02 1.830322236175879969e+00
3.600000000000000000e+02 1.830339715407712564e+00
3.610000000000000000e+02 1.830357190647286858e+00
3.620000000000000000e+02 1.830374661894602628e+00
3.630000000000000000e+02 1.830392129149659874e+00
3.640000000000000000e+02 1.830409592412458819e+00
3.650000000000000000e+02 1.830427051682999018e+00
3.660000000000000000e+02 1.830444506961280915e+00
3.670000000000000000e+02 1.830461958247304510e+00
3.680000000000000000e+02 1.830479405541069360e+00
3.690000000000000000e+02 1.830496848842575908e+00
3.700000000000000000e+02 1.830514288151823932e+00
3.710000000000000000e+02 1.830531723468813432e+00
3.720000000000000000e+02 1.830549154793544631e+00
3.730000000000000000e+02 1.830566582126017083e+00
3.740000000000000000e+02 1.830584005466231234e+00
3.750000000000000000e+02 1.830601424814187084e+00
3.760000000000000000e+02 1.830618840169884187e+00
3.770000000000000000e+02 1.830636251533322989e+00
3.780000000000000000e+02 1.830653658904503267e+00
3.790000000000000000e+02 1.830671062283425021e+00
3.800000000000000000e+02 1.830688461670088474e+00
3.810000000000000000e+02 1.830705857064493403e+00
3.820000000000000000e+02 1.830723248466639808e+00
3.830000000000000000e+02 1.830740635876527689e+00
3.840000000000000000e+02 1.830758019294157268e+00
3.850000000000000000e+02 1.830775398719528102e+00
3.860000000000000000e+02 1.830792774152640634e+00
3.870000000000000000e+02 1.830810145593494864e+00
3.880000000000000000e+02 1.830827513042090349e+00
3.890000000000000000e+02 1.830844876498427531e+00
3.900000000000000000e+02 1.830862235962506190e+00
3.910000000000000000e+02 1.830879591434326326e+00
3.920000000000000000e+02 1.830896942913888159e+00
3.930000000000000000e+02 1.830914290401191469e+00
3.940000000000000000e+02 1.830931633896236255e+00
3.950000000000000000e+02 1.830948973399022517e+00
3.960000000000000000e+02 1.830966308909550477e+00
3.970000000000000000e+02 1.830983640427819914e+00
3.980000000000000000e+02 1.831000967953830827e+00
3.990000000000000000e+02 1.831018291487583216e+00
4.000000000000000000e+02 1.831035611029077304e+00
4.010000000000000000e+02 1.831052926578312645e+00
4.020000000000000000e+02 1.831070238135289907e+00
4.030000000000000000e+02 1.831087545700008423e+00
4.040000000000000000e+02 1.831104849272468638e+00
4.050000000000000000e+02 1.831122148852670106e+00
4.060000000000000000e+02 1.831139444440613273e+00
4.070000000000000000e+02 1.831156736036298138e+00
4.080000000000000000e+02 1.831174023639724258e+00
4.090000000000000000e+02 1.831191307250892075e+00
4.100000000000000000e+02 1.831208586869801369e+00
4.110000000000000000e+02 1.831225862496452361e+00
4.120000000000000000e+02 1.831243134130844608e+00
4.130000000000000000e+02 1.831260401772978552e+00
4.140000000000000000e+02 1.831277665422853973e+00
4.150000000000000000e+02 1.831294925080471092e+00
4.160000000000000000e+02 1.831312180745829465e+00
4.170000000000000000e+02 1.831329432418929537e+00
4.180000000000000000e+02 1.831346680099771085e+00
4.190000000000000000e+02 1.831363923788354331e+00
4.200000000000000000e+02 1.831381163484678831e+00
4.210000000000000000e+02 1.831398399188745030e+00
4.220000000000000000e+02 1.831415630900552927e+00
4.230000000000000000e+02 1.831432858620102078e+00
4.240000000000000000e+02 1.831450082347392927e+00
4.250000000000000000e+02 1.831467302082425030e+00
4.260000000000000000e+02 1.831484517825199054e+00
4.270000000000000000e+02 1.831501729575714332e+00
4.280000000000000000e+02 1.831518937333971309e+00
4.290000000000000000e+02 1.831536141099969761e+00
4.300000000000000000e+02 1.831553340873709690e+00
4.310000000000000000e+02 1.831570536655191095e+00
4.320000000000000000e+02 1.831587728444414198e+00
4.330000000000000000e+02 1.831604916241378778e+00
4.340000000000000000e+02 1.831622100046084833e+00
4.350000000000000000e+02 1.831639279858532365e+00
4.360000000000000000e+02 1.831656455678721596e+00
4.370000000000000000e+02 1.831673627506652302e+00
4.380000000000000000e+02 1.831690795342324485e+00
4.390000000000000000e+02 1.831707959185738366e+00
4.400000000000000000e+02 1.831725119036893501e+00
4.410000000000000000e+02 1.831742274895790334e+00
4.420000000000000000e+02 1.831759426762428866e+00
4.430000000000000000e+02 1.831776574636808652e+00
4.440000000000000000e+02 1.831793718518930136e+00
4.450000000000000000e+02 1.831810858408793097e+00
4.460000000000000000e+02 1.831827994306397533e+00
4.470000000000000000e+02 1.831845126211743446e+00
4.480000000000000000e+02 1.831862254124831058e+00
4.490000000000000000e+02 1.831879378045660145e+00
4.500000000000000000e+02 1.831896497974230709e+00
4.510000000000000000e+02 1.831913613910542971e+00
4.520000000000000000e+02 1.831930725854596709e+00
4.530000000000000000e+02 1.831947833806391923e+00
4.540000000000000000e+02 1.831964937765928614e+00
4.550000000000000000e+02 1.831982037733206781e+00
4.560000000000000000e+02 1.831999133708226646e+00
4.570000000000000000e+02 1.832016225690987987e+00
4.580000000000000000e+02 1.832033313681490805e+00
4.590000000000000000e+02 1.832050397679735321e+00
4.600000000000000000e+02 1.832067477685721091e+00
4.610000000000000000e+02 1.832084553699448559e+00
4.620000000000000000e+02 1.832101625720917726e+00
4.630000000000000000e+02 1.832118693750128147e+00
4.640000000000000000e+02 1.832135757787080266e+00
4.650000000000000000e+02 1.832152817831773861e+00
4.660000000000000000e+02 1.832169873884208933e+00
4.670000000000000000e+02 1.832186925944385703e+00
4.680000000000000000e+02 1.832203974012303949e+00
4.690000000000000000e+02 1.832221018087963671e+00
4.700000000000000000e+02 1.832238058171364870e+00
4.710000000000000000e+02 1.832255094262507544e+00
4.720000000000000000e+02 1.832272126361391917e+00
4.730000000000000000e+02 1.832289154468017767e+00
4.740000000000000000e+02 1.832306178582385314e+00
4.750000000000000000e+02 1.832323198704494116e+00
4.760000000000000000e+02 1.832340214834344616e+00
4.770000000000000000e+02 1.832357226971936592e+00
4.780000000000000000e+02 1.832374235117270045e+00
4.790000000000000000e+02 1.832391239270345196e+00
4.800000000000000000e+02 1.832408239431161823e+00
4.810000000000000000e+02 1.832425235599719926e+00
4.820000000000000000e+02 1.832442227776019505e+00
4.830000000000000000e+02 1.832459215960060783e+00
4.840000000000000000e+02 1.832476200151843315e+00
4.850000000000000000e+02 1.832493180351367545e+00
4.860000000000000000e+02 1.832510156558633474e+00
4.870000000000000000e+02 1.832527128773640657e+00
4.880000000000000000e+02 1.832544096996389538e+00
4.890000000000000000e+02 1.832561061226879895e+00
4.900000000000000000e+02 1.832578021465111950e+00
4.910000000000000000e+02 1.832594977711085260e+00
4.920000000000000000e+02 1.832611929964800268e+00
4.930000000000000000e+02 1.832628878226256752e+00
4.940000000000000000e+02 1.832645822495454713e+00
4.950000000000000000e+02 1.832662762772394371e+00
4.960000000000000000e+02 1.832679699057075506e+00
4.970000000000000000e+02 1.832696631349498118e+00
4.980000000000000000e+02 1.832713559649662205e+00
4.990000000000000000e+02 1.832730483957567991e+00
5.000000000000000000e+02 1.832747404273215253e+00
5.010000000000000000e+02 1.832764320596603991e+00
5.020000000000000000e+02 1.832781232927734205e+00
5.030000000000000000e+02 1.832798141266606118e+00
5.040000000000000000e+02 1.832815045613219507e+00
5.050000000000000000e+02 1.832831945967574372e+00
5.060000000000000000e+02 1.832848842329670713e+00
5.070000000000000000e+02 1.832865734699508753e+00
5.080000000000000000e+02 1.832882623077088269e+00
5.090000000000000000e+02 1.832899507462409261e+00
5.100000000000000000e+02 1.832916387855471729e+00
5.110000000000000000e+02 1.832933264256275896e+00
5.120000000000000000e+02 1.832950136664821539e+00
5.130000000000000000e+02 1.832967005081108658e+00
5.140000000000000000e+02 1.832983869505137475e+00
5.150000000000000000e+02 1.833000729936907547e+00
5.160000000000000000e+02 1.833017586376419317e+00
5.170000000000000000e+02 1.833034438823672563e+00
5.180000000000000000e+02 1.833051287278667507e+00
5.190000000000000000e+02 1.833068131741403706e+00
5.200000000000000000e+02 1.833084972211881603e+00
5.210000000000000000e+02 1.833101808690100976e+00
5.220000000000000000e+02 1.833118641176062047e+00
5.230000000000000000e+02 1.833135469669764595e+00
5.240000000000000000e+02 1.833152294171208396e+00
5.250000000000000000e+02 1.833169114680394118e+00
5.260000000000000000e+02 1.833185931197321095e+00
5.270000000000000000e+02 1.833202743721989769e+00
5.280000000000000000e+02 1.833219552254399920e+00
5.290000000000000000e+02 1.833236356794551547e+00
5.300000000000000000e+02 1.833253157342444650e+00
5.310000000000000000e+02 1.833269953898079452e+00
5.320000000000000000e+02 1.833286746461455730e+00
5.330000000000000000e+02 1.833303535032573484e+00
5.340000000000000000e+02 1.833320319611432936e+00
5.350000000000000000e+02 1.833337100198033642e+00
5.360000000000000000e+02 1.833353876792376047e+00
5.370000000000000000e+02 1.833370649394460150e+00
5.380000000000000000e+02 1.833387418004285507e+00
5.390000000000000000e+02 1.833404182621852563e+00
5.400000000000000000e+02 1.833420943247161095e+00
5.410000000000000000e+02 1.833437699880211103e+00
5.420000000000000000e+02 1.833454452521002587e+00
5.430000000000000000e+02 1.833471201169535769e+00
5.440000000000000000e+02 1.833487945825810428e+00
5.450000000000000000e+02 1.833504686489826563e+00
5.460000000000000000e+02 1.833521423161584396e+00
5.470000000000000000e+02 1.833538155841083706e+00
5.480000000000000000e+02 1.833554884528324491e+00
5.490000000000000000e+02 1.833571609223306753e+00
5.500000000000000000e+02 1.833588329926030491e+00
5.510000000000000000e+02 1.833605046636495928e+00
5.520000000000000000e+02 1.833621759354702840e+00
5.530000000000000000e+02 1.833638468080651229e+00
5.540000000000000000e+02 1.833655172814341316e+00
5.550000000000000000e+02 1.833671873555772880e+00
5.560000000000000000e+02 1.833688570304945920e+00
5.570000000000000000e+02 1.833705263061860435e+00
5.580000000000000000e+02 1.833721951826516428e+00
5.590000000000000000e+02 1.833738636598914118e+00
5.600000000000000000e+02 1.833755317379053285e+00
5.610000000000000000e+02 1.833771994166934149e+00
5.620000000000000000e+02 1.833788666962556269e+00
5.630000000000000000e+02 1.833805335765920086e+00
5.640000000000000000e+02 1.833822000577025380e+00
5.650000000000000000e+02 1.833838661395872149e+00
5.660000000000000000e+02 1.833855318222460618e+00
5.670000000000000000e+02 1.833871971056790562e+00
5.680000000000000000e+02 1.833888619898861982e+00
5.690000000000000000e+02 1.833905264748674879e+00
5.700000000000000000e+02 1.833921905606229252e+00
5.710000000000000000e+02 1.833938542471525324e+00
5.720000000000000000e+02 1.833955175344562871e+00
5.730000000000000000e+02 1.833971804225342117e+00
5.740000000000000000e+02 1.833988429113862617e+00
5.750000000000000000e+02 1.834005050010124815e+00
5.760000000000000000e+02 1.834021666914128490e+00
5.770000000000000000e+02 1.834038279825873641e+00
5.780000000000000000e+02 1.834054888745360490e+00
5.790000000000000000e+02 1.834071493672588815e+00
5.800000000000000000e+02 1.834088094607558617e+00
5.810000000000000000e+02 1.834104691550269894e+00
5.820000000000000000e+02 1.834121284500722870e+00
5.830000000000000000e+02 1.834137873458917323e+00
5.840000000000000000e+02 1.834154458424853251e+00
5.850000000000000000e+02 1.834171039398530656e+00
5.860000000000000000e+02 1.834187616379949759e+00
5.870000000000000000e+02 1.834204189369110338e+00
5.880000000000000000e+02 1.834220758366012394e+00
5.890000000000000000e+02 1.834237323370655925e+00
5.900000000000000000e+02 1.834253884383041155e+00
5.910000000000000000e+02 1.834270441403167862e+00
5.920000000000000000e+02 1.834286994431036044e+00
5.930000000000000000e+02 1.834303543466645703e+00
5.940000000000000000e+02 1.834320088509997060e+00
5.950000000000000000e+02 1.834336629561089893e+00
5.960000000000000000e+02 1.834353166619924203e+00
5.970000000000000000e+02 1.834369699686499988e+00
5.980000000000000000e+02 1.834386228760817472e+00
5.990000000000000000e+02 1.834402753842876432e+00
6.000000000000000000e+02 1.834419274932676869e+00
6.010000000000000000e+02 1.834435792030218781e+00
6.020000000000000000e+02 1.834452305135502392e+00
6.030000000000000000e+02 1.834468814248527480e+00
6.040000000000000000e+02 1.834485319369294043e+00
6.050000000000000000e+02 1.834501820497802083e+00
6.060000000000000000e+02 1.834518317634051821e+00
6.070000000000000000e+02 1.834534810778043035e+00
6.080000000000000000e+02 1.834551299929775725e+00
6.090000000000000000e+02 1.834567785089249892e+00
6.100000000000000000e+02 1.834584266256465757e+00
6.110000000000000000e+02 1.834600743431423098e+00
6.120000000000000000e+02 1.834617216614121915e+00
6.130000000000000000e+02 1.834633685804562431e+00
6.140000000000000000e+02 1.834650151002744201e+00
6.150000000000000000e+02 1.834666612208667669e+00
6.160000000000000000e+02 1.834683069422332613e+00
6.170000000000000000e+02 1.834699522643739256e+00
6.180000000000000000e+02 1.834715971872887375e+00
6.190000000000000000e+02 1.834732417109776748e+00
6.200000000000000000e+02 1.834748858354408041e+00
6.210000000000000000e+02 1.834765295606780588e+00
6.220000000000000000e+02 1.834781728866894834e+00
6.230000000000000000e+02 1.834798158134750556e+00
6.240000000000000000e+02 1.834814583410347755e+00
6.250000000000000000e+02 1.834831004693686429e+00
6.260000000000000000e+02 1.834847421984766802e+00
6.270000000000000000e+02 1.834863835283588651e+00
6.280000000000000000e+02 1.834880244590151976e+00
6.290000000000000000e+02 1.834896649904457000e+00
6.300000000000000000e+02 1.834913051226503500e+00
6.310000000000000000e+02 1.834929448556291254e+00
6.320000000000000000e+02 1.834945841893820928e+00
6.330000000000000000e+02 1.834962231239091857e+00
6.340000000000000000e+02 1.834978616592104483e+00
6.350000000000000000e+02 1.834994997952858586e+00
6.360000000000000000e+02 1.835011375321354166e+00
6.370000000000000000e+02 1.835027748697591443e+00
6.380000000000000000e+02 1.835044118081569975e+00
6.390000000000000000e+02 1.835060483473290205e+00
6.400000000000000000e+02 1.835076844872752133e+00
6.410000000000000000e+02 1.835093202279955316e+00
6.420000000000000000e+02 1.835109555694900196e+00
6.430000000000000000e+02 1.835125905117586553e+00
6.440000000000000000e+02 1.835142250548014387e+00
6.450000000000000000e+02 1.835158591986183918e+00
6.460000000000000000e+02 1.835174929432094704e+00
6.470000000000000000e+02 1.835191262885747188e+00
6.480000000000000000e+02 1.835207592347141370e+00
6.490000000000000000e+02 1.835223917816276806e+00
6.500000000000000000e+02 1.835240239293153941e+00
6.510000000000000000e+02 1.835256556777772552e+00
6.520000000000000000e+02 1.835272870270132639e+00
6.530000000000000000e+02 1.835289179770234425e+00
6.540000000000000000e+02 1.835305485278077686e+00
6.550000000000000000e+02 1.835321786793662424e+00
6.560000000000000000e+02 1.835338084316988638e+00
6.570000000000000000e+02 1.835354377848056551e+00
6.580000000000000000e+02 1.835370667386865717e+00
6.590000000000000000e+02 1.835386952933416582e+00
6.600000000000000000e+02 1.835403234487709145e+00
6.610000000000000000e+02 1.835419512049742963e+00
6.620000000000000000e+02 1.835435785619518478e+00
6.630000000000000000e+02 1.835452055197035470e+00
6.640000000000000000e+02 1.835468320782294160e+00
6.650000000000000000e+02 1.835484582375294105e+00
6.660000000000000000e+02 1.835500839976035747e+00
6.670000000000000000e+02 1.835517093584518866e+00
6.680000000000000000e+02 1.835533343200743461e+00
6.690000000000000000e+02 1.835549588824709755e+00
6.700000000000000000e+02 1.835565830456417524e+00
6.710000000000000000e+02 1.835582068095866770e+00
6.720000000000000000e+02 1.835598301743057492e+00
6.730000000000000000e+02 1.835614531397989913e+00
6.740000000000000000e+02 1.835630757060663809e+00
6.750000000000000000e+02 1.835646978731079182e+00
6.760000000000000000e+02 1.835663196409236031e+00
6.770000000000000000e+02 1.835679410095134578e+00
6.780000000000000000e+02 1.835695619788774380e+00
6.790000000000000000e+02 1.835711825490156102e+00
6.800000000000000000e+02 1.835728027199279078e+00
6.810000000000000000e+02 1.835744224916143752e+00
6.820000000000000000e+02 1.835760418640749680e+00
6.830000000000000000e+02 1.835776608373097529e+00
6.840000000000000000e+02 1.835792794113186632e+00
6.850000000000000000e+02 1.835808975861017434e+00
6.860000000000000000e+02 1.835825153616589489e+00
6.870000000000000000e+02 1.835841327379903465e+00
6.880000000000000000e+02 1.835857497150958695e+00
6.890000000000000000e+02 1.835873662929755623e+00
6.900000000000000000e+02 1.835889824716293806e+00
6.910000000000000000e+02 1.835905982510573908e+00
6.920000000000000000e+02 1.835922136312595265e+00
6.930000000000000000e+02 1.835938286122358321e+00
6.940000000000000000e+02 1.835954431939862852e+00
6.950000000000000000e+02 1.835970573765108860e+00
6.960000000000000000e+02 1.835986711598096344e+00
6.970000000000000000e+02 1.836002845438825526e+00
6.980000000000000000e+02 1.836018975287296184e+00
6.990000000000000000e+02 1.836035101143508319e+00
7.000000000000000000e+02 1.836051223007461930e+00
7.010000000000000000e+02 1.836067340879157239e+00
7.020000000000000000e+02 1.836083454758594025e+00
7.030000000000000000e+02 1.836099564645772286e+00
7.040000000000000000e+02 1.836115670540692024e+00
7.050000000000000000e+02 1.836131772443353460e+00
7.060000000000000000e+02 1.836147870353756373e+00
7.070000000000000000e+02 1.836163964271900761e+00
7.080000000000000000e+02 1.836180054197786848e+00
7.090000000000000000e+02 1.836196140131414190e+00
7.100000000000000000e+02 1.836212222072783229e+00
7.110000000000000000e+02 1.836228300021893967e+00
7.120000000000000000e+02 1.836244373978745958e+00
7.130000000000000000e+02 1.836260443943339649e+00
7.140000000000000000e+02 1.836276509915674815e+00
7.150000000000000000e+02 1.836292571895751458e+00
7.160000000000000000e+02 1.836308629883569576e+00
7.170000000000000000e+02 1.836324683879129394e+00
7.180000000000000000e+02 1.836340733882430687e+00
7.190000000000000000e+02 1.836356779893473457e+00
7.200000000000000000e+02 1.836372821912257924e+00
7.210000000000000000e+02 1.836388859938783646e+00
7.220000000000000000e+02 1.836404893973051067e+00
7.230000000000000000e+02 1.836420924015060185e+00
7.240000000000000000e+02 1.836436950064810558e+00
7.250000000000000000e+02 1.836452972122302629e+00
7.260000000000000000e+02 1.836468990187536177e+00
7.270000000000000000e+02 1.836485004260511200e+00
7.280000000000000000e+02 1.836501014341227922e+00
7.290000000000000000e+02 1.836517020429685898e+00
7.300000000000000000e+02 1.836533022525885572e+00
7.310000000000000000e+02 1.836549020629826945e+00
7.320000000000000000e+02 1.836565014741509572e+00
7.330000000000000000e+02 1.836581004860933897e+00
7.340000000000000000e+02 1.836596990988099698e+00
7.350000000000000000e+02 1.836612973123006975e+00
7.360000000000000000e+02 1.836628951265655951e+00
7.370000000000000000e+02 1.836644925416046181e+00
7.380000000000000000e+02 1.836660895574178110e+00
7.390000000000000000e+02 1.836676861740051736e+00
7.400000000000000000e+02 1.836692823913666617e+00
7.410000000000000000e+02 1.836708782095023196e+00
7.420000000000000000e+02 1.836724736284121251e+00
7.430000000000000000e+02 1.836740686480960782e+00
7.440000000000000000e+02 1.836756632685542012e+00
7.450000000000000000e+02 1.836772574897864718e+00
7.460000000000000000e+02 1.836788513117928900e+00
7.470000000000000000e+02 1.836804447345734559e+00
7.480000000000000000e+02 1.836820377581281916e+00
7.490000000000000000e+02 1.836836303824570527e+00
7.500000000000000000e+02 1.836852226075600836e+00
7.510000000000000000e+02 1.836868144334372843e+00
7.520000000000000000e+02 1.836884058600886105e+00
7.530000000000000000e+02 1.836899968875141065e+00
7.540000000000000000e+02 1.836915875157137501e+00
7.550000000000000000e+02 1.836931777446875413e+00
7.560000000000000000e+02 1.836947675744355024e+00
7.570000000000000000e+02 1.836963570049576111e+00
7.580000000000000000e+02 1.836979460362538674e+00
7.590000000000000000e+02 1.836995346683242714e+00
7.600000000000000000e+02 1.837011229011688451e+00
7.610000000000000000e+02 1.837027107347875665e+00
7.620000000000000000e+02 1.837042981691804355e+00
7.630000000000000000e+02 1.837058852043474522e+00
7.640000000000000000e+02 1.837074718402886386e+00
7.650000000000000000e+02 1.837090580770039727e+00
7.660000000000000000e+02 1.837106439144934544e+00
7.670000000000000000e+02 1.837122293527570838e+00
7.680000000000000000e+02 1.837138143917948829e+00
7.690000000000000000e+02 1.837153990316068075e+00
7.700000000000000000e+02 1.837169832721929241e+00
7.710000000000000000e+02 1.837185671135531662e+00
7.720000000000000000e+02 1.837201505556875780e+00
7.730000000000000000e+02 1.837217335985961153e+00
7.740000000000000000e+02 1.837233162422788446e+00
7.750000000000000000e+02 1.837248984867356993e+00
7.760000000000000000e+02 1.837264803319667239e+00
7.770000000000000000e+02 1.837280617779718739e+00
7.780000000000000000e+02 1.837296428247512159e+00
7.790000000000000000e+02 1.837312234723046833e+00
7.800000000000000000e+02 1.837328037206323206e+00
7.810000000000000000e+02 1.837343835697340833e+00
7.820000000000000000e+02 1.837359630196100380e+00
7.830000000000000000e+02 1.837375420702601181e+00
7.840000000000000000e+02 1.837391207216843680e+00
7.850000000000000000e+02 1.837406989738827656e+00
7.860000000000000000e+02 1.837422768268553108e+00
7.870000000000000000e+02 1.837438542806020036e+00
7.880000000000000000e+02 1.837454313351228663e+00
7.890000000000000000e+02 1.837470079904178766e+00
7.900000000000000000e+02 1.837485842464870345e+00
7.910000000000000000e+02 1.837501601033303400e+00
7.920000000000000000e+02 1.837517355609478154e+00
7.930000000000000000e+02 1.837533106193394383e+00
7.940000000000000000e+02 1.837548852785052089e+00
7.950000000000000000e+02 1.837564595384451271e+00
7.960000000000000000e+02 1.837580333991592152e+00
7.970000000000000000e+02 1.837596068606474509e+00
7.980000000000000000e+02 1.837611799229098342e+00
7.990000000000000000e+02 1.837627525859463873e+00
8.000000000000000000e+02 1.837643248497570658e+00
8.010000000000000000e+02 1.837658967143419142e+00
8.020000000000000000e+02 1.837674681797009324e+00
8.030000000000000000e+02 1.837690392458340760e+00
8.040000000000000000e+02 1.837706099127413895e+00
8.050000000000000000e+02 1.837721801804228505e+00
8.060000000000000000e+02 1.837737500488784592e+00
8.070000000000000000e+02 1.837753195181082155e+00
8.080000000000000000e+02 1.837768885881121417e+00
8.090000000000000000e+02 1.837784572588902154e+00
8.100000000000000000e+02 1.837800255304424368e+00
8.110000000000000000e+02 1.837815934027688280e+00
8.120000000000000000e+02 1.837831608758693447e+00
8.130000000000000000e+02 1.837847279497440312e+00
8.140000000000000000e+02 1.837862946243928874e+00
8.150000000000000000e+02 1.837878608998158692e+00
8.160000000000000000e+02 1.837894267760130207e+00
8.170000000000000000e+02 1.837909922529843199e+00
8.180000000000000000e+02 1.837925573307297666e+00
8.190000000000000000e+02 1.837941220092493833e+00
8.200000000000000000e+02 1.837956862885431253e+00
8.210000000000000000e+02 1.837972501686110371e+00
8.220000000000000000e+02 1.837988136494531188e+00
8.230000000000000000e+02 1.838003767310693259e+00
8.240000000000000000e+02 1.838019394134597029e+00
8.250000000000000000e+02 1.838035016966242274e+00
8.260000000000000000e+02 1.838050635805628996e+00
8.270000000000000000e+02 1.838066250652757416e+00
8.280000000000000000e+02 1.838081861507627091e+00
8.290000000000000000e+02 1.838097468370238463e+00
8.300000000000000000e+02 1.838113071240591534e+00
8.310000000000000000e+02 1.838128670118685859e+00
8.320000000000000000e+02 1.838144265004521882e+00
8.330000000000000000e+02 1.838159855898099382e+00
8.340000000000000000e+02 1.838175442799418358e+00
8.350000000000000000e+02 1.838191025708479032e+00
8.360000000000000000e+02 1.838206604625281182e+00
8.370000000000000000e+02 1.838222179549824808e+00
8.380000000000000000e+02 1.838237750482109911e+00
8.390000000000000000e+02 1.838253317422136712e+00
8.400000000000000000e+02 1.838268880369904767e+00
8.410000000000000000e+02 1.838284439325414521e+00
8.420000000000000000e+02 1.838299994288665973e+00
8.430000000000000000e+02 1.838315545259658679e+00
8.440000000000000000e+02 1.838331092238393083e+00
8.450000000000000000e+02 1.838346635224868963e+00
8.460000000000000000e+02 1.838362174219086542e+00
8.470000000000000000e+02 1.838377709221045375e+00
8.480000000000000000e+02 1.838393240230745906e+00
8.490000000000000000e+02 1.838408767248187914e+00
8.500000000000000000e+02 1.838424290273371398e+00
8.510000000000000000e+02 1.838439809306296580e+00
8.520000000000000000e+02 1.838455324346963238e+00
8.530000000000000000e+02 1.838470835395371372e+00
8.540000000000000000e+02 1.838486342451520983e+00
8.550000000000000000e+02 1.838501845515412292e+00
8.560000000000000000e+02 1.838517344587045077e+00
8.570000000000000000e+02 1.838532839666419338e+00
8.580000000000000000e+02 1.838548330753535076e+00
8.590000000000000000e+02 1.838563817848392512e+00
8.600000000000000000e+02 1.838579300950991424e+00
8.610000000000000000e+02 1.838594780061331813e+00
8.620000000000000000e+02 1.838610255179413677e+00
8.630000000000000000e+02 1.838625726305237240e+00
8.640000000000000000e+02 1.838641193438802279e+00
8.650000000000000000e+02 1.838656656580108795e+00
8.660000000000000000e+02 1.838672115729156786e+00
8.670000000000000000e+02 1.838687570885946476e+00
8.680000000000000000e+02 1.838703022050477642e+00
8.690000000000000000e+02 1.838718469222750285e+00
8.700000000000000000e+02 1.838733912402764403e+00
8.710000000000000000e+02 1.838749351590520220e+00
8.720000000000000000e+02 1.838764786786017513e+00
8.730000000000000000e+02 1.838780217989256283e+00
8.740000000000000000e+02 1.838795645200236528e+00
8.750000000000000000e+02 1.838811068418958472e+00
8.760000000000000000e+02 1.838826487645421892e+00
8.770000000000000000e+02 1.838841902879626788e+00
8.780000000000000000e+02 1.838857314121573161e+00
8.790000000000000000e+02 1.838872721371261232e+00
8.800000000000000000e+02 1.838888124628690779e+00
8.810000000000000000e+02 1.838903523893861802e+00
8.820000000000000000e+02 1.838918919166774302e+00
8.830000000000000000e+02 1.838934310447428500e+00
8.840000000000000000e+02 1.838949697735824174e+00
8.850000000000000000e+02 1.838965081031961324e+00
8.860000000000000000e+02 1.838980460335840172e+00
8.870000000000000000e+02 1.838995835647460275e+00
8.880000000000000000e+02 1.839011206966822076e+00
8.890000000000000000e+02 1.839026574293925353e+00
8.900000000000000000e+02 1.839041937628770329e+00
8.910000000000000000e+02 1.839057296971356781e+00
8.920000000000000000e+02 1.839072652321684709e+00
8.930000000000000000e+02 1.839088003679754113e+00
8.940000000000000000e+02 1.839103351045564994e+00
8.950000000000000000e+02 1.839118694419117572e+00
8.960000000000000000e+02 1.839134033800411627e+00
8.970000000000000000e+02 1.839149369189447158e+00
8.980000000000000000e+02 1.839164700586224388e+00
8.990000000000000000e+02 1.839180027990742872e+00
9.000000000000000000e+02 1.839195351403003054e+00
9.010000000000000000e+02 1.839210670823004712e+00
9.020000000000000000e+02 1.839225986250748068e+00
9.030000000000000000e+02 1.839241297686232901e+00
9.040000000000000000e+02 1.839256605129459210e+00
9.050000000000000000e+02 1.839271908580426995e+00
9.060000000000000000e+02 1.839287208039136257e+00
9.070000000000000000e+02 1.839302503505587216e+00
9.080000000000000000e+02 1.839317794979779652e+00
9.090000000000000000e+02 1.839333082461713564e+00
9.100000000000000000e+02 1.839348365951389175e+00
9.110000000000000000e+02 1.839363645448806261e+00
9.120000000000000000e+02 1.839378920953964824e+00
9.130000000000000000e+02 1.839394192466864864e+00
9.140000000000000000e+02 1.839409459987506379e+00
9.150000000000000000e+02 1.839424723515889593e+00
9.160000000000000000e+02 1.839439983052014282e+00
9.170000000000000000e+02 1.839455238595880449e+00
9.180000000000000000e+02 1.839470490147488313e+00
9.190000000000000000e+02 1.839485737706837654e+00
9.200000000000000000e+02 1.839500981273928470e+00
9.210000000000000000e+02 1.839516220848760764e+00
9.220000000000000000e+02 1.839531456431334755e+00
9.230000000000000000e+02 1.839546688021650001e+00
9.240000000000000000e+02 1.839561915619706944e+00
9.250000000000000000e+02 1.839577139225505586e+00
9.260000000000000000e+02 1.839592358839045483e+00
9.270000000000000000e+02 1.839607574460327077e+00
9.280000000000000000e+02 1.839622786089350148e+00
9.290000000000000000e+02 1.839637993726114695e+00
9.300000000000000000e+02 1.839653197370620941e+00
9.310000000000000000e+02 1.839668397022868662e+00
9.320000000000000000e+02 1.839683592682857860e+00
9.330000000000000000e+02 1.839698784350588534e+00
9.340000000000000000e+02 1.839713972026060906e+00
9.350000000000000000e+02 1.839729155709274533e+00
9.360000000000000000e+02 1.839744335400229858e+00
9.370000000000000000e+02 1.839759511098926881e+00
9.380000000000000000e+02 1.839774682805365158e+00
9.390000000000000000e+02 1.839789850519545134e+00
9.400000000000000000e+02 1.839805014241466585e+00
9.410000000000000000e+02 1.839820173971129735e+00
9.420000000000000000e+02 1.839835329708534140e+00
9.430000000000000000e+02 1.839850481453680242e+00
9.440000000000000000e+02 1.839865629206567821e+00
9.450000000000000000e+02 1.839880772967196876e+00
9.460000000000000000e+02 1.839895912735567629e+00
9.470000000000000000e+02 1.839911048511679859e+00
9.480000000000000000e+02 1.839926180295533564e+00
9.490000000000000000e+02 1.839941308087128746e+00
9.500000000000000000e+02 1.839956431886465626e+00
9.510000000000000000e+02 1.839971551693543983e+00
9.520000000000000000e+02 1.839986667508363816e+00
9.530000000000000000e+02 1.840001779330925125e+00
9.540000000000000000e+02 1.840016887161228132e+00
9.550000000000000000e+02 1.840031990999272615e+00
9.560000000000000000e+02 1.840047090845058575e+00
9.570000000000000000e+02 1.840062186698586011e+00
9.580000000000000000e+02 1.840077278559855145e+00
9.590000000000000000e+02 1.840092366428865756e+00
9.600000000000000000e+02 1.840107450305617842e+00
9.610000000000000000e+02 1.840122530190111405e+00
9.620000000000000000e+02 1.840137606082346666e+00
9.630000000000000000e+02 1.840152677982323404e+00
9.640000000000000000e+02 1.840167745890041617e+00
9.650000000000000000e+02 1.840182809805501307e+00
9.660000000000000000e+02 1.840197869728702695e+00
9.670000000000000000e+02 1.840212925659645560e+00
9.680000000000000000e+02 1.840227977598329900e+00
9.690000000000000000e+02 1.840243025544755939e+00
9.700000000000000000e+02 1.840258069498923232e+00
9.710000000000000000e+02 1.840273109460832224e+00
9.720000000000000000e+02 1.840288145430482691e+00
9.730000000000000000e+02 1.840303177407874857e+00
9.740000000000000000e+02 1.840318205393008277e+00
9.750000000000000000e+02 1.840333229385883396e+00
9.760000000000000000e+02 1.840348249386500212e+00
9.770000000000000000e+02 1.840363265394858283e+00
9.780000000000000000e+02 1.840378277410958052e+00
9.790000000000000000e+02 1.840393285434799298e+00
9.800000000000000000e+02 1.840408289466382019e+00
9.810000000000000000e+02 1.840423289505706217e+00
9.820000000000000000e+02 1.840438285552772113e+00
9.830000000000000000e+02 1.840453277607579485e+00
9.840000000000000000e+02 1.840468265670128334e+00
9.850000000000000000e+02 1.840483249740418881e+00
9.860000000000000000e+02 1.840498229818450682e+00
9.870000000000000000e+02 1.840513205904224181e+00
9.880000000000000000e+02 1.840528177997739157e+00
9.890000000000000000e+02 1.840543146098995830e+00
9.900000000000000000e+02 1.840558110207993980e+00
9.910000000000000000e+02 1.840573070324733607e+00
9.920000000000000000e+02 1.840588026449214709e+00
9.930000000000000000e+02 1.840602978581437288e+00
9.940000000000000000e+02 1.840617926721401565e+00
9.950000000000000000e+02 1.840632870869107318e+00
9.960000000000000000e+02 1.840647811024554548e+00
9.970000000000000000e+02 1.840662747187743475e+00
9.980000000000000000e+02 1.840677679358673657e+00
9.990000000000000000e+02 1.840692607537345538e+00
1.000000000000000000e+03 1.840707531723759116e+00
1.001000000000000000e+03 1.840722451917913949e+00
1.002000000000000000e+03 1.840737368119810480e+00
1.003000000000000000e+03 1.840752280329448487e+00
1.004000000000000000e+03 1.840767188546827970e+00
1.005000000000000000e+03 1.840782092771949152e+00
1.006000000000000000e+03 1.840796993004811588e+00
1.007000000000000000e+03 1.840811889245415722e+00
1.008000000000000000e+03 1.840826781493761555e+00
1.009000000000000000e+03 1.840841669749848641e+00
1.010000000000000000e+03 1.840856554013677426e+00
1.011000000000000000e+03 1.840871434285247688e+00
1.012000000000000000e+03 1.840886310564559425e+00
1.013000000000000000e+03 1.840901182851612861e+00
1.014000000000000000e+03 1.840916051146407773e+00
1.015000000000000000e+03 1.840930915448944161e+00
1.016000000000000000e+03 1.840945775759222025e+00
1.017000000000000000e+03 1.840960632077241588e+00
1.018000000000000000e+03 1.840975484403002405e+00
1.019000000000000000e+03 1.840990332736504920e+00
1.020000000000000000e+03 1.841005177077749133e+00
1.021000000000000000e+03 1.841020017426734601e+00
