# order=16: data_wav [pixel], data_wavsolution [micron]
3.000000000000000000e+00 1.886564728555872650e+00
4.000000000000000000e+00 1.886595763250871416e+00
5.000000000000000000e+00 1.886626793982655759e+00
6.000000000000000000e+00 1.886657820751225678e+00
7.000000000000000000e+00 1.886688843556581174e+00
8.000000000000000000e+00 1.886719862398722469e+00
9.000000000000000000e+00 1.886750877277649119e+00
1.000000000000000000e+01 1.886781888193361345e+00
1.100000000000000000e+01 1.886812895145859148e+00
1.200000000000000000e+01 1.886843898135142750e+00
1.300000000000000000e+01 1.886874897161211706e+00
1.400000000000000000e+01 1.886905892224066461e+00
1.500000000000000000e+01 1.886936883323706793e+00
1.600000000000000000e+01 1.886967870460132479e+00
1.700000000000000000e+01 1.886998853633343964e+00
1.800000000000000000e+01 1.887029832843341026e+00
1.900000000000000000e+01 1.887060808090123665e+00
2.000000000000000000e+01 1.887091779373691658e+00
2.100000000000000000e+01 1.887122746694045450e+00
2.200000000000000000e+01 1.887153710051184818e+00
2.300000000000000000e+01 1.887184669445109764e+00
2.400000000000000000e+01 1.887215624875820508e+00
2.500000000000000000e+01 1.887246576343316606e+00
2.600000000000000000e+01 1.887277523847598282e+00
2.700000000000000000e+01 1.887308467388665534e+00
2.800000000000000000e+01 1.887339406966518585e+00
2.900000000000000000e+01 1.887370342581156990e+00
3.000000000000000000e+01 1.887401274232581194e+00
3.100000000000000000e+01 1.887432201920790753e+00
3.200000000000000000e+01 1.887463125645786111e+00
3.300000000000000000e+01 1.887494045407567045e+00
3.400000000000000000e+01 1.887524961206133556e+00
3.500000000000000000e+01 1.887555873041485421e+00
3.600000000000000000e+01 1.887586780913623086e+00
3.700000000000000000e+01 1.887617684822546327e+00
3.800000000000000000e+01 1.887648584768255144e+00
3.900000000000000000e+01 1.887679480750749539e+00
4.000000000000000000e+01 1.887710372770029510e+00
4.100000000000000000e+01 1.887741260826095280e+00
4.200000000000000000e+01 1.887772144918946404e+00
4.300000000000000000e+01 1.887803025048583105e+00
4.400000000000000000e+01 1.887833901215005605e+00
4.500000000000000000e+01 1.887864773418213460e+00
4.600000000000000000e+01 1.887895641658206891e+00
4.700000000000000000e+01 1.887926505934986121e+00
4.800000000000000000e+01 1.887957366248550928e+00
4.900000000000000000e+01 1.887988222598901089e+00
5.000000000000000000e+01 1.888019074986037049e+00
5.100000000000000000e+01 1.888049923409958586e+00
5.200000000000000000e+01 1.888080767870665699e+00
5.300000000000000000e+01 1.888111608368158389e+00
5.400000000000000000e+01 1.888142444902436656e+00
5.500000000000000000e+01 1.888173277473500500e+00
5.600000000000000000e+01 1.888204106081349920e+00
5.700000000000000000e+01 1.888234930725984917e+00
5.800000000000000000e+01 1.888265751407405491e+00
5.900000000000000000e+01 1.888296568125611863e+00
6.000000000000000000e+01 1.888327380880603590e+00
6.100000000000000000e+01 1.888358189672380893e+00
6.200000000000000000e+01 1.888388994500943996e+00
6.300000000000000000e+01 1.888419795366292453e+00
6.400000000000000000e+01 1.888450592268426709e+00
6.500000000000000000e+01 1.888481385207346541e+00
6.600000000000000000e+01 1.888512174183051728e+00
6.700000000000000000e+01 1.888542959195542714e+00
6.800000000000000000e+01 1.888573740244819277e+00
6.900000000000000000e+01 1.888604517330881416e+00
7.000000000000000000e+01 1.888635290453729132e+00
7.100000000000000000e+01 1.888666059613362425e+00
7.200000000000000000e+01 1.888696824809781294e+00
7.300000000000000000e+01 1.888727586042985740e+00
7.400000000000000000e+01 1.888758343312975985e+00
7.500000000000000000e+01 1.888789096619751584e+00
7.600000000000000000e+01 1.888819845963312760e+00
7.700000000000000000e+01 1.888850591343659735e+00
7.800000000000000000e+01 1.888881332760792064e+00
7.900000000000000000e+01 1.888912070214710193e+00
8.000000000000000000e+01 1.888942803705413676e+00
8.100000000000000000e+01 1.888973533232902957e+00
8.200000000000000000e+01 1.889004258797177815e+00
8.300000000000000000e+01 1.889034980398238028e+00
8.400000000000000000e+01 1.889065698036084040e+00
8.500000000000000000e+01 1.889096411710715628e+00
8.600000000000000000e+01 1.889127121422132793e+00
8.700000000000000000e+01 1.889157827170335535e+00
8.800000000000000000e+01 1.889188528955323854e+00
8.900000000000000000e+01 1.889219226777097749e+00
9.000000000000000000e+01 1.889249920635657221e+00
9.100000000000000000e+01 1.889280610531002491e+00
9.200000000000000000e+01 1.889311296463133116e+00
9.300000000000000000e+01 1.889341978432049318e+00
9.400000000000000000e+01 1.889372656437751319e+00
9.500000000000000000e+01 1.889403330480238674e+00
9.600000000000000000e+01 1.889434000559511828e+00
9.700000000000000000e+01 1.889464666675570559e+00
9.800000000000000000e+01 1.889495328828414644e+00
9.900000000000000000e+01 1.889525987018044528e+00
1.000000000000000000e+02 1.889556641244459989e+00
1.010000000000000000e+02 1.889587291507661027e+00
1.020000000000000000e+02 1.889617937807647641e+00
1.030000000000000000e+02 1.889648580144419832e+00
1.040000000000000000e+02 1.889679218517977599e+00
1.050000000000000000e+02 1.889709852928320943e+00
1.060000000000000000e+02 1.889740483375449864e+00
1.070000000000000000e+02 1.889771109859364362e+00
1.080000000000000000e+02 1.889801732380064658e+00
1.090000000000000000e+02 1.889832350937550309e+00
1.100000000000000000e+02 1.889862965531821537e+00
1.110000000000000000e+02 1.889893576162878563e+00
1.120000000000000000e+02 1.889924182830721167e+00
1.130000000000000000e+02 1.889954785535349124e+00
1.140000000000000000e+02 1.889985384276762881e+00
1.150000000000000000e+02 1.890015979054962214e+00
1.160000000000000000e+02 1.890046569869946902e+00
1.170000000000000000e+02 1.890077156721717389e+00
1.180000000000000000e+02 1.890107739610273452e+00
1.190000000000000000e+02 1.890138318535615092e+00
1.200000000000000000e+02 1.890168893497742308e+00
1.210000000000000000e+02 1.890199464496655102e+00
1.220000000000000000e+02 1.890230031532353472e+00
1.230000000000000000e+02 1.890260594604837641e+00
1.240000000000000000e+02 1.890291153714107164e+00
1.250000000000000000e+02 1.890321708860162264e+00
1.260000000000000000e+02 1.890352260043003163e+00
1.270000000000000000e+02 1.890382807262629417e+00
1.280000000000000000e+02 1.890413350519041469e+00
1.290000000000000000e+02 1.890443889812238876e+00
1.300000000000000000e+02 1.890474425142222081e+00
1.310000000000000000e+02 1.890504956508990864e+00
1.320000000000000000e+02 1.890535483912545223e+00
1.330000000000000000e+02 1.890566007352884936e+00
1.340000000000000000e+02 1.890596526830010449e+00
1.350000000000000000e+02 1.890627042343921538e+00
1.360000000000000000e+02 1.890657553894618204e+00
1.370000000000000000e+02 1.890688061482100446e+00
1.380000000000000000e+02 1.890718565106368487e+00
1.390000000000000000e+02 1.890749064767421883e+00
1.400000000000000000e+02 1.890779560465260856e+00
1.410000000000000000e+02 1.890810052199885405e+00
1.420000000000000000e+02 1.890840539971295753e+00
1.430000000000000000e+02 1.890871023779491455e+00
1.440000000000000000e+02 1.890901503624472957e+00
1.450000000000000000e+02 1.890931979506239813e+00
1.460000000000000000e+02 1.890962451424792468e+00
1.470000000000000000e+02 1.890992919380130699e+00
1.480000000000000000e+02 1.891023383372254507e+00
1.490000000000000000e+02 1.891053843401163670e+00
1.500000000000000000e+02 1.891084299466858631e+00
1.510000000000000000e+02 1.891114751569339170e+00
1.520000000000000000e+02 1.891145199708605285e+00
1.530000000000000000e+02 1.891175643884656976e+00
1.540000000000000000e+02 1.891206084097494244e+00
1.550000000000000000e+02 1.891236520347117311e+00
1.560000000000000000e+02 1.891266952633525733e+00
1.570000000000000000e+02 1.891297380956719731e+00
1.580000000000000000e+02 1.891327805316699529e+00
1.590000000000000000e+02 1.891358225713464680e+00
1.600000000000000000e+02 1.891388642147015631e+00
1.610000000000000000e+02 1.891419054617351936e+00
1.620000000000000000e+02 1.891449463124474040e+00
1.630000000000000000e+02 1.891479867668381720e+00
1.640000000000000000e+02 1.891510268249074755e+00
1.650000000000000000e+02 1.891540664866553589e+00
1.660000000000000000e+02 1.891571057520818000e+00
1.670000000000000000e+02 1.891601446211867987e+00
1.680000000000000000e+02 1.891631830939703551e+00
1.690000000000000000e+02 1.891662211704324692e+00
1.700000000000000000e+02 1.891692588505731409e+00
1.710000000000000000e+02 1.891722961343923703e+00
1.720000000000000000e+02 1.891753330218901796e+00
1.730000000000000000e+02 1.891783695130665244e+00
1.740000000000000000e+02 1.891814056079214268e+00
1.750000000000000000e+02 1.891844413064549091e+00
1.760000000000000000e+02 1.891874766086669268e+00
1.770000000000000000e+02 1.891905115145575245e+00
1.780000000000000000e+02 1.891935460241266576e+00
1.790000000000000000e+02 1.891965801373743705e+00
1.800000000000000000e+02 1.891996138543006412e+00
1.810000000000000000e+02 1.892026471749054473e+00
1.820000000000000000e+02 1.892056800991888332e+00
1.830000000000000000e+02 1.892087126271507769e+00
1.840000000000000000e+02 1.892117447587912782e+00
1.850000000000000000e+02 1.892147764941103372e+00
1.860000000000000000e+02 1.892178078331079538e+00
1.870000000000000000e+02 1.892208387757841503e+00
1.880000000000000000e+02 1.892238693221388823e+00
1.890000000000000000e+02 1.892268994721721720e+00
1.900000000000000000e+02 1.892299292258840193e+00
1.910000000000000000e+02 1.892329585832744465e+00
1.920000000000000000e+02 1.892359875443434092e+00
1.930000000000000000e+02 1.892390161090909517e+00
1.940000000000000000e+02 1.892420442775170297e+00
1.950000000000000000e+02 1.892450720496216876e+00
1.960000000000000000e+02 1.892480994254049032e+00
1.970000000000000000e+02 1.892511264048666764e+00
1.980000000000000000e+02 1.892541529880069850e+00
1.990000000000000000e+02 1.892571791748258736e+00
2.000000000000000000e+02 1.892602049653233198e+00
2.010000000000000000e+02 1.892632303594993237e+00
2.020000000000000000e+02 1.892662553573538853e+00
2.030000000000000000e+02 1.892692799588870267e+00
2.040000000000000000e+02 1.892723041640987036e+00
2.050000000000000000e+02 1.892753279729889382e+00
2.060000000000000000e+02 1.892783513855577304e+00
2.070000000000000000e+02 1.892813744018051025e+00
2.080000000000000000e+02 1.892843970217310101e+00
2.090000000000000000e+02 1.892874192453354976e+00
2.100000000000000000e+02 1.892904410726185205e+00
2.110000000000000000e+02 1.892934625035801233e+00
2.120000000000000000e+02 1.892964835382202837e+00
2.130000000000000000e+02 1.892995041765390019e+00
2.140000000000000000e+02 1.893025244185362554e+00
2.150000000000000000e+02 1.893055442642120889e+00
2.160000000000000000e+02 1.893085637135664800e+00
2.170000000000000000e+02 1.893115827665994289e+00
2.180000000000000000e+02 1.893146014233109353e+00
2.190000000000000000e+02 1.893176196837009995e+00
2.200000000000000000e+02 1.893206375477696435e+00
2.210000000000000000e+02 1.893236550155168230e+00
2.220000000000000000e+02 1.893266720869425601e+00
2.230000000000000000e+02 1.893296887620468771e+00
2.240000000000000000e+02 1.893327050408297296e+00
2.250000000000000000e+02 1.893357209232911620e+00
2.260000000000000000e+02 1.893387364094311298e+00
2.270000000000000000e+02 1.893417514992496775e+00
2.280000000000000000e+02 1.893447661927467607e+00
2.290000000000000000e+02 1.893477804899224237e+00
2.300000000000000000e+02 1.893507943907766444e+00
2.310000000000000000e+02 1.893538078953094228e+00
2.320000000000000000e+02 1.893568210035207589e+00
2.330000000000000000e+02 1.893598337154106526e+00
2.340000000000000000e+02 1.893628460309791040e+00
2.350000000000000000e+02 1.893658579502261130e+00
2.360000000000000000e+02 1.893688694731516797e+00
2.370000000000000000e+02 1.893718805997558041e+00
2.380000000000000000e+02 1.893748913300385084e+00
2.390000000000000000e+02 1.893779016639997481e+00
2.400000000000000000e+02 1.893809116016395455e+00
2.410000000000000000e+02 1.893839211429579228e+00
2.420000000000000000e+02 1.893869302879548355e+00
2.430000000000000000e+02 1.893899390366303281e+00
2.440000000000000000e+02 1.893929473889843784e+00
2.450000000000000000e+02 1.893959553450169642e+00
2.460000000000000000e+02 1.893989629047281298e+00
2.470000000000000000e+02 1.894019700681178531e+00
2.480000000000000000e+02 1.894049768351861340e+00
2.490000000000000000e+02 1.894079832059329727e+00
2.500000000000000000e+02 1.894109891803583690e+00
2.510000000000000000e+02 1.894139947584623229e+00
2.520000000000000000e+02 1.894169999402448346e+00
2.530000000000000000e+02 1.894200047257059261e+00
2.540000000000000000e+02 1.894230091148455530e+00
2.550000000000000000e+02 1.894260131076637377e+00
2.560000000000000000e+02 1.894290167041605022e+00
2.570000000000000000e+02 1.894320199043358022e+00
2.580000000000000000e+02 1.894350227081896820e+00
2.590000000000000000e+02 1.894380251157220973e+00
2.600000000000000000e+02 1.894410271269330925e+00
2.610000000000000000e+02 1.894440287418226454e+00
2.620000000000000000e+02 1.894470299603907337e+00
2.630000000000000000e+02 1.894500307826374019e+00
2.640000000000000000e+02 1.894530312085626278e+00
2.650000000000000000e+02 1.894560312381664113e+00
2.660000000000000000e+02 1.894590308714487525e+00
2.670000000000000000e+02 1.894620301084096514e+00
2.680000000000000000e+02 1.894650289490491080e+00
2.690000000000000000e+02 1.894680273933671444e+00
2.700000000000000000e+02 1.894710254413637163e+00
2.710000000000000000e+02 1.894740230930388458e+00
2.720000000000000000e+02 1.894770203483925552e+00
2.730000000000000000e+02 1.894800172074248001e+00
2.740000000000000000e+02 1.894830136701356027e+00
2.750000000000000000e+02 1.894860097365249851e+00
2.760000000000000000e+02 1.894890054065929252e+00
2.770000000000000000e+02 1.894920006803394008e+00
2.780000000000000000e+02 1.894949955577644563e+00
2.790000000000000000e+02 1.894979900388680694e+00
2.800000000000000000e+02 1.895009841236502401e+00
2.810000000000000000e+02 1.895039778121109686e+00
2.820000000000000000e+02 1.895069711042502547e+00
2.830000000000000000e+02 1.895099640000680985e+00
2.840000000000000000e+02 1.895129564995645000e+00
2.850000000000000000e+02 1.895159486027394591e+00
2.860000000000000000e+02 1.895189403095929759e+00
2.870000000000000000e+02 1.895219316201250725e+00
2.880000000000000000e+02 1.895249225343357047e+00
2.890000000000000000e+02 1.895279130522249167e+00
2.900000000000000000e+02 1.895309031737926642e+00
2.910000000000000000e+02 1.895338928990389915e+00
2.920000000000000000e+02 1.895368822279638543e+00
2.930000000000000000e+02 1.895398711605672970e+00
2.940000000000000000e+02 1.895428596968492974e+00
2.950000000000000000e+02 1.895458478368098332e+00
2.960000000000000000e+02 1.895488355804489489e+00
2.970000000000000000e+02 1.895518229277666222e+00
2.980000000000000000e+02 1.895548098787628533e+00
2.990000000000000000e+02 1.895577964334376420e+00
3.000000000000000000e+02 1.895607825917909883e+00
3.010000000000000000e+02 1.895637683538229146e+00
3.020000000000000000e+02 1.895667537195333763e+00
3.030000000000000000e+02 1.895697386889223957e+00
3.040000000000000000e+02 1.895727232619899949e+00
3.050000000000000000e+02 1.895757074387361296e+00
3.060000000000000000e+02 1.895786912191608220e+00
3.070000000000000000e+02 1.895816746032640943e+00
3.080000000000000000e+02 1.895846575910459242e+00
3.090000000000000000e+02 1.895876401825062896e+00
3.100000000000000000e+02 1.895906223776452348e+00
3.110000000000000000e+02 1.895936041764627378e+00
3.120000000000000000e+02 1.895965855789587984e+00
3.130000000000000000e+02 1.895995665851334167e+00
3.140000000000000000e+02 1.896025471949865704e+00
3.150000000000000000e+02 1.896055274085183262e+00
3.160000000000000000e+02 1.896085072257286175e+00
3.170000000000000000e+02 1.896114866466174664e+00
3.180000000000000000e+02 1.896144656711848731e+00
3.190000000000000000e+02 1.896174442994308373e+00
3.200000000000000000e+02 1.896204225313553815e+00
3.210000000000000000e+02 1.896234003669584611e+00
3.220000000000000000e+02 1.896263778062400984e+00
3.230000000000000000e+02 1.896293548492003156e+00
3.240000000000000000e+02 1.896323314958390904e+00
3.250000000000000000e+02 1.896353077461564007e+00
3.260000000000000000e+02 1.896382836001522909e+00
3.270000000000000000e+02 1.896412590578267388e+00
3.280000000000000000e+02 1.896442341191797443e+00
3.290000000000000000e+02 1.896472087842112852e+00
3.300000000000000000e+02 1.896501830529214061e+00
3.310000000000000000e+02 1.896531569253100846e+00
3.320000000000000000e+02 1.896561304013773430e+00
3.330000000000000000e+02 1.896591034811231369e+00
3.340000000000000000e+02 1.896620761645474884e+00
3.350000000000000000e+02 1.896650484516503976e+00
3.360000000000000000e+02 1.896680203424318645e+00
3.370000000000000000e+02 1.896709918368919112e+00
3.380000000000000000e+02 1.896739629350304934e+00
3.390000000000000000e+02 1.896769336368476555e+00
3.400000000000000000e+02 1.896799039423433531e+00
3.410000000000000000e+02 1.896828738515176305e+00
3.420000000000000000e+02 1.896858433643704656e+00
3.430000000000000000e+02 1.896888124809018361e+00
3.440000000000000000e+02 1.896917812011117865e+00
3.450000000000000000e+02 1.896947495250002946e+00
3.460000000000000000e+02 1.896977174525673604e+00
3.470000000000000000e+02 1.897006849838129838e+00
3.480000000000000000e+02 1.897036521187371649e+00
3.490000000000000000e+02 1.897066188573399037e+00
3.500000000000000000e+02 1.897095851996212001e+00
3.510000000000000000e+02 1.897125511455810765e+00
3.520000000000000000e+02 1.897155166952194882e+00
3.530000000000000000e+02 1.897184818485364577e+00
3.540000000000000000e+02 1.897214466055320070e+00
3.550000000000000000e+02 1.897244109662060918e+00
3.560000000000000000e+02 1.897273749305587565e+00
3.570000000000000000e+02 1.897303384985899566e+00
3.580000000000000000e+02 1.897333016702997366e+00
3.590000000000000000e+02 1.897362644456880743e+00
3.600000000000000000e+02 1.897392268247549696e+00
3.610000000000000000e+02 1.897421888075004226e+00
3.620000000000000000e+02 1.897451503939244111e+00
3.630000000000000000e+02 1.897481115840269794e+00
3.640000000000000000e+02 1.897510723778081276e+00
3.650000000000000000e+02 1.897540327752678113e+00
3.660000000000000000e+02 1.897569927764060527e+00
3.670000000000000000e+02 1.897599523812228517e+00
3.680000000000000000e+02 1.897629115897182084e+00
3.690000000000000000e+02 1.897658704018921449e+00
3.700000000000000000e+02 1.897688288177446170e+00
3.710000000000000000e+02 1.897717868372756689e+00
3.720000000000000000e+02 1.897747444604852562e+00
3.730000000000000000e+02 1.897777016873734235e+00
3.740000000000000000e+02 1.897806585179401262e+00
3.750000000000000000e+02 1.897836149521854088e+00
3.760000000000000000e+02 1.897865709901092490e+00
3.770000000000000000e+02 1.897895266317116469e+00
3.780000000000000000e+02 1.897924818769926025e+00
3.790000000000000000e+02 1.897954367259521158e+00
3.800000000000000000e+02 1.897983911785901867e+00
3.810000000000000000e+02 1.898013452349068153e+00
3.820000000000000000e+02 1.898042988949020016e+00
3.830000000000000000e+02 1.898072521585757455e+00
3.840000000000000000e+02 1.898102050259280471e+00
3.850000000000000000e+02 1.898131574969589286e+00
3.860000000000000000e+02 1.898161095716683455e+00
3.870000000000000000e+02 1.898190612500563423e+00
3.880000000000000000e+02 1.898220125321228746e+00
3.890000000000000000e+02 1.898249634178679868e+00
3.900000000000000000e+02 1.898279139072916344e+00
3.910000000000000000e+02 1.898308640003938619e+00
3.920000000000000000e+02 1.898338136971746470e+00
3.930000000000000000e+02 1.898367629976339899e+00
3.940000000000000000e+02 1.898397119017718682e+00
3.950000000000000000e+02 1.898426604095883263e+00
3.960000000000000000e+02 1.898456085210833422e+00
3.970000000000000000e+02 1.898485562362569379e+00
3.980000000000000000e+02 1.898515035551090691e+00
3.990000000000000000e+02 1.898544504776397579e+00
4.000000000000000000e+02 1.898573970038490044e+00
4.010000000000000000e+02 1.898603431337368086e+00
4.020000000000000000e+02 1.898632888673031927e+00
4.030000000000000000e+02 1.898662342045481122e+00
4.040000000000000000e+02 1.898691791454716116e+00
4.050000000000000000e+02 1.898721236900736464e+00
4.060000000000000000e+02 1.898750678383542612e+00
4.070000000000000000e+02 1.898780115903134336e+00
4.080000000000000000e+02 1.898809549459511414e+00
4.090000000000000000e+02 1.898838979052674292e+00
4.100000000000000000e+02 1.898868404682622746e+00
4.110000000000000000e+02 1.898897826349356777e+00
4.120000000000000000e+02 1.898927244052876384e+00
4.130000000000000000e+02 1.898956657793181568e+00
4.140000000000000000e+02 1.898986067570272329e+00
4.150000000000000000e+02 1.899015473384148667e+00
4.160000000000000000e+02 1.899044875234810803e+00
4.170000000000000000e+02 1.899074273122258294e+00
4.180000000000000000e+02 1.899103667046491362e+00
4.190000000000000000e+02 1.899133057007510228e+00
4.200000000000000000e+02 1.899162443005314449e+00
4.210000000000000000e+02 1.899191825039904469e+00
4.220000000000000000e+02 1.899221203111279843e+00
4.230000000000000000e+02 1.899250577219441016e+00
4.240000000000000000e+02 1.899279947364387766e+00
4.250000000000000000e+02 1.899309313546120093e+00
4.260000000000000000e+02 1.899338675764637774e+00
4.270000000000000000e+02 1.899368034019941254e+00
4.280000000000000000e+02 1.899397388312030310e+00
4.290000000000000000e+02 1.899426738640904944e+00
4.300000000000000000e+02 1.899456085006565154e+00
4.310000000000000000e+02 1.899485427409011162e+00
4.320000000000000000e+02 1.899514765848242526e+00
4.330000000000000000e+02 1.899544100324259466e+00
4.340000000000000000e+02 1.899573430837061983e+00
4.350000000000000000e+02 1.899602757386650298e+00
4.360000000000000000e+02 1.899632079973023968e+00
4.370000000000000000e+02 1.899661398596183437e+00
4.380000000000000000e+02 1.899690713256128261e+00
4.390000000000000000e+02 1.899720023952858883e+00
4.400000000000000000e+02 1.899749330686375082e+00
4.410000000000000000e+02 1.899778633456676857e+00
4.420000000000000000e+02 1.899807932263763988e+00
4.430000000000000000e+02 1.899837227107636917e+00
4.440000000000000000e+02 1.899866517988295422e+00
4.450000000000000000e+02 1.899895804905739505e+00
4.460000000000000000e+02 1.899925087859969164e+00
4.470000000000000000e+02 1.899954366850984622e+00
4.480000000000000000e+02 1.899983641878785434e+00
4.490000000000000000e+02 1.900012912943371823e+00
4.500000000000000000e+02 1.900042180044743789e+00
4.510000000000000000e+02 1.900071443182901554e+00
4.520000000000000000e+02 1.900100702357844673e+00
4.530000000000000000e+02 1.900129957569573591e+00
4.540000000000000000e+02 1.900159208818087864e+00
4.550000000000000000e+02 1.900188456103387935e+00
4.560000000000000000e+02 1.900217699425473583e+00
4.570000000000000000e+02 1.900246938784344586e+00
4.580000000000000000e+02 1.900276174180001387e+00
4.590000000000000000e+02 1.900305405612443765e+00
4.600000000000000000e+02 1.900334633081671720e+00
4.610000000000000000e+02 1.900363856587685252e+00
4.620000000000000000e+02 1.900393076130484360e+00
4.630000000000000000e+02 1.900422291710069045e+00
4.640000000000000000e+02 1.900451503326439529e+00
4.650000000000000000e+02 1.900480710979595367e+00
4.660000000000000000e+02 1.900509914669536782e+00
4.670000000000000000e+02 1.900539114396263773e+00
4.680000000000000000e+02 1.900568310159776564e+00
4.690000000000000000e+02 1.900597501960074709e+00
4.700000000000000000e+02 1.900626689797158653e+00
4.710000000000000000e+02 1.900655873671028173e+00
4.720000000000000000e+02 1.900685053581683048e+00
4.730000000000000000e+02 1.900714229529123722e+00
4.740000000000000000e+02 1.900743401513349973e+00
4.750000000000000000e+02 1.900772569534361800e+00
4.760000000000000000e+02 1.900801733592159204e+00
4.770000000000000000e+02 1.900830893686742185e+00
4.780000000000000000e+02 1.900860049818110742e+00
4.790000000000000000e+02 1.900889201986264876e+00
4.800000000000000000e+02 1.900918350191204587e+00
4.810000000000000000e+02 1.900947494432929874e+00
4.820000000000000000e+02 1.900976634711440738e+00
4.830000000000000000e+02 1.901005771026737401e+00
4.840000000000000000e+02 1.901034903378819418e+00
4.850000000000000000e+02 1.901064031767687235e+00
4.860000000000000000e+02 1.901093156193340405e+00
4.870000000000000000e+02 1.901122276655779375e+00
4.880000000000000000e+02 1.901151393155003921e+00
4.890000000000000000e+02 1.901180505691013822e+00
4.900000000000000000e+02 1.901209614263809522e+00
4.910000000000000000e+02 1.901238718873390798e+00
4.920000000000000000e+02 1.901267819519757651e+00
4.930000000000000000e+02 1.901296916202910081e+00
4.940000000000000000e+02 1.901326008922848088e+00
4.950000000000000000e+02 1.901355097679571671e+00
4.960000000000000000e+02 1.901384182473080831e+00
4.970000000000000000e+02 1.901413263303375567e+00
4.980000000000000000e+02 1.901442340170456102e+00
4.990000000000000000e+02 1.901471413074321992e+00
5.000000000000000000e+02 1.901500482014973459e+00
5.010000000000000000e+02 1.901529546992410724e+00
5.020000000000000000e+02 1.901558608006633344e+00
5.030000000000000000e+02 1.901587665057641763e+00
5.040000000000000000e+02 1.901616718145435758e+00
5.050000000000000000e+02 1.901645767270015108e+00
5.060000000000000000e+02 1.901674812431380257e+00
5.070000000000000000e+02 1.901703853629530983e+00
5.080000000000000000e+02 1.901732890864467285e+00
5.090000000000000000e+02 1.901761924136189164e+00
5.100000000000000000e+02 1.901790953444696619e+00
5.110000000000000000e+02 1.901819978789989651e+00
5.120000000000000000e+02 1.901849000172068260e+00
5.130000000000000000e+02 1.901878017590932446e+00
5.140000000000000000e+02 1.901907031046582208e+00
5.150000000000000000e+02 1.901936040539017769e+00
5.160000000000000000e+02 1.901965046068238685e+00
5.170000000000000000e+02 1.901994047634245399e+00
5.180000000000000000e+02 1.902023045237037469e+00
5.190000000000000000e+02 1.902052038876615336e+00
5.200000000000000000e+02 1.902081028552978559e+00
5.210000000000000000e+02 1.902110014266127580e+00
5.220000000000000000e+02 1.902138996016062178e+00
5.230000000000000000e+02 1.902167973802782353e+00
5.240000000000000000e+02 1.902196947626288104e+00
5.250000000000000000e+02 1.902225917486579210e+00
5.260000000000000000e+02 1.902254883383656114e+00
5.270000000000000000e+02 1.902283845317518818e+00
5.280000000000000000e+02 1.902312803288166876e+00
5.290000000000000000e+02 1.902341757295600511e+00
5.300000000000000000e+02 1.902370707339819722e+00
5.310000000000000000e+02 1.902399653420824510e+00
5.320000000000000000e+02 1.902428595538615097e+00
5.330000000000000000e+02 1.902457533693191039e+00
5.340000000000000000e+02 1.902486467884552779e+00
5.350000000000000000e+02 1.902515398112699874e+00
5.360000000000000000e+02 1.902544324377632767e+00
5.370000000000000000e+02 1.902573246679351238e+00
5.380000000000000000e+02 1.902602165017855063e+00
5.390000000000000000e+02 1.902631079393144686e+00
5.400000000000000000e+02 1.902659989805219887e+00
5.410000000000000000e+02 1.902688896254080664e+00
5.420000000000000000e+02 1.902717798739727018e+00
5.430000000000000000e+02 1.902746697262158948e+00
5.440000000000000000e+02 1.902775591821376455e+00
5.450000000000000000e+02 1.902804482417379539e+00
5.460000000000000000e+02 1.902833369050168200e+00
5.470000000000000000e+02 1.902862251719742659e+00
5.480000000000000000e+02 1.902891130426102473e+00
5.490000000000000000e+02 1.902920005169248086e+00
5.500000000000000000e+02 1.902948875949179053e+00
5.510000000000000000e+02 1.902977742765895819e+00
5.520000000000000000e+02 1.903006605619397940e+00
5.530000000000000000e+02 1.903035464509685859e+00
5.540000000000000000e+02 1.903064319436759355e+00
5.550000000000000000e+02 1.903093170400618206e+00
5.560000000000000000e+02 1.903122017401262855e+00
5.570000000000000000e+02 1.903150860438693082e+00
5.580000000000000000e+02 1.903179699512908885e+00
5.590000000000000000e+02 1.903208534623910264e+00
5.600000000000000000e+02 1.903237365771697220e+00
5.610000000000000000e+02 1.903266192956269753e+00
5.620000000000000000e+02 1.903295016177628085e+00
5.630000000000000000e+02 1.903323835435771771e+00
5.640000000000000000e+02 1.903352650730701034e+00
5.650000000000000000e+02 1.903381462062416096e+00
5.660000000000000000e+02 1.903410269430916513e+00
5.670000000000000000e+02 1.903439072836202728e+00
5.680000000000000000e+02 1.903467872278274298e+00
5.690000000000000000e+02 1.903496667757131666e+00
5.700000000000000000e+02 1.903525459272774389e+00
5.710000000000000000e+02 1.903554246825202911e+00
5.720000000000000000e+02 1.903583030414417010e+00
5.730000000000000000e+02 1.903611810040416685e+00
5.740000000000000000e+02 1.903640585703201937e+00
5.750000000000000000e+02 1.903669357402772766e+00
5.760000000000000000e+02 1.903698125139129171e+00
5.770000000000000000e+02 1.903726888912271153e+00
5.780000000000000000e+02 1.903755648722198712e+00
5.790000000000000000e+02 1.903784404568912070e+00
5.800000000000000000e+02 1.903813156452410782e+00
5.810000000000000000e+02 1.903841904372695071e+00
5.820000000000000000e+02 1.903870648329765158e+00
5.830000000000000000e+02 1.903899388323620601e+00
5.840000000000000000e+02 1.903928124354261842e+00
5.850000000000000000e+02 1.903956856421688437e+00
5.860000000000000000e+02 1.903985584525900832e+00
5.870000000000000000e+02 1.904014308666898803e+00
5.880000000000000000e+02 1.904043028844682350e+00
5.890000000000000000e+02 1.904071745059251475e+00
5.900000000000000000e+02 1.904100457310605954e+00
5.910000000000000000e+02 1.904129165598746454e+00
5.920000000000000000e+02 1.904157869923672308e+00
5.930000000000000000e+02 1.904186570285383739e+00
5.940000000000000000e+02 1.904215266683880747e+00
5.950000000000000000e+02 1.904243959119163332e+00
5.960000000000000000e+02 1.904272647591231493e+00
5.970000000000000000e+02 1.904301332100085453e+00
5.980000000000000000e+02 1.904330012645724768e+00
5.990000000000000000e+02 1.904358689228149881e+00
6.000000000000000000e+02 1.904387361847360349e+00
6.010000000000000000e+02 1.904416030503356616e+00
6.020000000000000000e+02 1.904444695196138460e+00
6.030000000000000000e+02 1.904473355925705658e+00
6.040000000000000000e+02 1.904502012692058655e+00
6.050000000000000000e+02 1.904530665495197228e+00
6.060000000000000000e+02 1.904559314335121378e+00
6.070000000000000000e+02 1.904587959211831105e+00
6.080000000000000000e+02 1.904616600125326409e+00
6.090000000000000000e+02 1.904645237075607289e+00
6.100000000000000000e+02 1.904673870062673746e+00
6.110000000000000000e+02 1.904702499086525780e+00
6.120000000000000000e+02 1.904731124147163612e+00
6.130000000000000000e+02 1.904759745244586799e+00
6.140000000000000000e+02 1.904788362378795563e+00
6.150000000000000000e+02 1.904816975549790126e+00
6.160000000000000000e+02 1.904845584757570043e+00
6.170000000000000000e+02 1.904874190002135759e+00
6.180000000000000000e+02 1.904902791283487051e+00
6.190000000000000000e+02 1.904931388601623699e+00
6.200000000000000000e+02 1.904959981956546144e+00
6.210000000000000000e+02 1.904988571348254167e+00
6.220000000000000000e+02 1.905017156776747767e+00
6.230000000000000000e+02 1.905045738242026943e+00
6.240000000000000000e+02 1.905074315744091695e+00
6.250000000000000000e+02 1.905102889282942025e+00
6.260000000000000000e+02 1.905131458858577931e+00
6.270000000000000000e+02 1.905160024470999414e+00
6.280000000000000000e+02 1.905188586120206695e+00
6.290000000000000000e+02 1.905217143806199331e+00
6.300000000000000000e+02 1.905245697528977544e+00
6.310000000000000000e+02 1.905274247288541556e+00
6.320000000000000000e+02 1.905302793084890922e+00
6.330000000000000000e+02 1.905331334918026087e+00
6.340000000000000000e+02 1.905359872787946829e+00
6.350000000000000000e+02 1.905388406694652925e+00
6.360000000000000000e+02 1.905416936638144820e+00
6.370000000000000000e+02 1.905445462618422292e+00
6.380000000000000000e+02 1.905473984635485341e+00
6.390000000000000000e+02 1.905502502689333966e+00
6.400000000000000000e+02 1.905531016779968168e+00
6.410000000000000000e+02 1.905559526907387946e+00
6.420000000000000000e+02 1.905588033071593301e+00
6.430000000000000000e+02 1.905616535272584233e+00
6.440000000000000000e+02 1.905645033510360742e+00
6.450000000000000000e+02 1.905673527784923049e+00
6.460000000000000000e+02 1.905702018096270711e+00
6.470000000000000000e+02 1.905730504444403950e+00
6.480000000000000000e+02 1.905758986829322987e+00
6.490000000000000000e+02 1.905787465251027601e+00
6.500000000000000000e+02 1.905815939709517570e+00
6.510000000000000000e+02 1.905844410204793338e+00
6.520000000000000000e+02 1.905872876736854682e+00
6.530000000000000000e+02 1.905901339305701381e+00
6.540000000000000000e+02 1.905929797911333878e+00
6.550000000000000000e+02 1.905958252553751953e+00
6.560000000000000000e+02 1.905986703232955604e+00
6.570000000000000000e+02 1.906015149948944831e+00
6.580000000000000000e+02 1.906043592701719636e+00
6.590000000000000000e+02 1.906072031491280239e+00
6.600000000000000000e+02 1.906100466317626196e+00
6.610000000000000000e+02 1.906128897180757731e+00
6.620000000000000000e+02 1.906157324080674842e+00
6.630000000000000000e+02 1.906185747017377752e+00
6.640000000000000000e+02 1.906214165990866016e+00
6.650000000000000000e+02 1.906242581001140080e+00
6.660000000000000000e+02 1.906270992048199497e+00
6.670000000000000000e+02 1.906299399132044714e+00
6.680000000000000000e+02 1.906327802252675507e+00
6.690000000000000000e+02 1.906356201410091877e+00
6.700000000000000000e+02 1.906384596604293824e+00
6.710000000000000000e+02 1.906412987835281125e+00
6.720000000000000000e+02 1.906441375103054225e+00
6.730000000000000000e+02 1.906469758407612902e+00
6.740000000000000000e+02 1.906498137748957378e+00
6.750000000000000000e+02 1.906526513127087208e+00
6.760000000000000000e+02 1.906554884542002615e+00
6.770000000000000000e+02 1.906583251993703598e+00
6.780000000000000000e+02 1.906611615482190381e+00
6.790000000000000000e+02 1.906639975007462517e+00
6.800000000000000000e+02 1.906668330569520231e+00
6.810000000000000000e+02 1.906696682168363743e+00
6.820000000000000000e+02 1.906725029803992832e+00
6.830000000000000000e+02 1.906753373476407276e+00
6.840000000000000000e+02 1.906781713185607519e+00
6.850000000000000000e+02 1.906810048931593338e+00
6.860000000000000000e+02 1.906838380714364733e+00
6.870000000000000000e+02 1.906866708533921484e+00
6.880000000000000000e+02 1.906895032390264033e+00
6.890000000000000000e+02 1.906923352283392159e+00
6.900000000000000000e+02 1.906951668213305862e+00
6.910000000000000000e+02 1.906979980180005363e+00
6.920000000000000000e+02 1.907008288183490219e+00
6.930000000000000000e+02 1.907036592223760652e+00
6.940000000000000000e+02 1.907064892300816661e+00
6.950000000000000000e+02 1.907093188414658469e+00
6.960000000000000000e+02 1.907121480565285632e+00
6.970000000000000000e+02 1.907149768752698593e+00
6.980000000000000000e+02 1.907178052976896909e+00
6.990000000000000000e+02 1.907206333237881024e+00
7.000000000000000000e+02 1.907234609535650716e+00
7.010000000000000000e+02 1.907262881870205762e+00
7.020000000000000000e+02 1.907291150241546607e+00
7.030000000000000000e+02 1.907319414649673028e+00
7.040000000000000000e+02 1.907347675094585027e+00
7.050000000000000000e+02 1.907375931576282602e+00
7.060000000000000000e+02 1.907404184094765753e+00
7.070000000000000000e+02 1.907432432650034482e+00
7.080000000000000000e+02 1.907460677242088787e+00
7.090000000000000000e+02 1.907488917870928891e+00
7.100000000000000000e+02 1.907517154536554349e+00
7.110000000000000000e+02 1.907545387238965384e+00
7.120000000000000000e+02 1.907573615978162218e+00
7.130000000000000000e+02 1.907601840754144407e+00
7.140000000000000000e+02 1.907630061566912394e+00
7.150000000000000000e+02 1.907658278416465958e+00
7.160000000000000000e+02 1.907686491302804876e+00
7.170000000000000000e+02 1.907714700225929594e+00
7.180000000000000000e+02 1.907742905185839888e+00
7.190000000000000000e+02 1.907771106182535759e+00
7.200000000000000000e+02 1.907799303216017206e+00
7.210000000000000000e+02 1.907827496286284230e+00
7.220000000000000000e+02 1.907855685393336831e+00
7.230000000000000000e+02 1.907883870537175008e+00
7.240000000000000000e+02 1.907912051717798763e+00
7.250000000000000000e+02 1.907940228935208093e+00
7.260000000000000000e+02 1.907968402189403001e+00
7.270000000000000000e+02 1.907996571480383707e+00
7.280000000000000000e+02 1.908024736808149768e+00
7.290000000000000000e+02 1.908052898172701628e+00
7.300000000000000000e+02 1.908081055574038842e+00
7.310000000000000000e+02 1.908109209012161855e+00
7.320000000000000000e+02 1.908137358487070223e+00
7.330000000000000000e+02 1.908165503998764390e+00
7.340000000000000000e+02 1.908193645547244133e+00
7.350000000000000000e+02 1.908221783132509453e+00
7.360000000000000000e+02 1.908249916754560349e+00
7.370000000000000000e+02 1.908278046413396822e+00
7.380000000000000000e+02 1.908306172109018872e+00
7.390000000000000000e+02 1.908334293841426499e+00
7.400000000000000000e+02 1.908362411610619702e+00
7.410000000000000000e+02 1.908390525416598482e+00
7.420000000000000000e+02 1.908418635259362839e+00
7.430000000000000000e+02 1.908446741138912994e+00
7.440000000000000000e+02 1.908474843055248504e+00
7.450000000000000000e+02 1.908502941008369813e+00
7.460000000000000000e+02 1.908531034998276477e+00
7.470000000000000000e+02 1.908559125024968939e+00
7.480000000000000000e+02 1.908587211088446756e+00
7.490000000000000000e+02 1.908615293188710371e+00
7.500000000000000000e+02 1.908643371325759563e+00
7.510000000000000000e+02 1.908671445499594332e+00
7.520000000000000000e+02 1.908699515710214678e+00
7.530000000000000000e+02 1.908727581957620600e+00
7.540000000000000000e+02 1.908755644241812099e+00
7.550000000000000000e+02 1.908783702562789175e+00
7.560000000000000000e+02 1.908811756920551828e+00
7.570000000000000000e+02 1.908839807315100057e+00
7.580000000000000000e+02 1.908867853746433862e+00
7.590000000000000000e+02 1.908895896214553467e+00
7.600000000000000000e+02 1.908923934719458426e+00
7.610000000000000000e+02 1.908951969261148962e+00
7.620000000000000000e+02 1.908979999839625297e+00
7.630000000000000000e+02 1.909008026454887208e+00
7.640000000000000000e+02 1.909036049106934474e+00
7.650000000000000000e+02 1.909064067795767539e+00
7.660000000000000000e+02 1.909092082521386180e+00
7.670000000000000000e+02 1.909120093283790176e+00
7.680000000000000000e+02 1.909148100082979971e+00
7.690000000000000000e+02 1.909176102918955342e+00
7.700000000000000000e+02 1.909204101791716290e+00
7.710000000000000000e+02 1.909232096701262815e+00
7.720000000000000000e+02 1.909260087647594917e+00
7.730000000000000000e+02 1.909288074630712817e+00
7.740000000000000000e+02 1.909316057650616072e+00
7.750000000000000000e+02 1.909344036707304904e+00
7.760000000000000000e+02 1.909372011800779312e+00
7.770000000000000000e+02 1.909399982931039519e+00
7.780000000000000000e+02 1.909427950098085081e+00
7.790000000000000000e+02 1.909455913301916441e+00
7.800000000000000000e+02 1.909483872542533378e+00
7.810000000000000000e+02 1.909511827819935670e+00
7.820000000000000000e+02 1.909539779134123760e+00
7.830000000000000000e+02 1.909567726485097428e+00
7.840000000000000000e+02 1.909595669872856671e+00
7.850000000000000000e+02 1.909623609297401492e+00
7.860000000000000000e+02 1.909651544758731889e+00
7.870000000000000000e+02 1.909679476256847863e+00
7.880000000000000000e+02 1.909707403791749414e+00
7.890000000000000000e+02 1.909735327363436541e+00
7.900000000000000000e+02 1.909763246971909245e+00
7.910000000000000000e+02 1.909791162617167526e+00
7.920000000000000000e+02 1.909819074299211605e+00
7.930000000000000000e+02 1.909846982018041039e+00
7.940000000000000000e+02 1.909874885773656272e+00
7.950000000000000000e+02 1.909902785566056860e+00
7.960000000000000000e+02 1.909930681395243246e+00
7.970000000000000000e+02 1.909958573261214987e+00
7.980000000000000000e+02 1.909986461163972526e+00
7.990000000000000000e+02 1.910014345103515643e+00
8.000000000000000000e+02 1.910042225079844336e+00
8.010000000000000000e+02 1.910070101092958605e+00
8.020000000000000000e+02 1.910097973142858452e+00
8.030000000000000000e+02 1.910125841229543875e+00
8.040000000000000000e+02 1.910153705353014875e+00
8.050000000000000000e+02 1.910181565513271451e+00
8.060000000000000000e+02 1.910209421710313604e+00
8.070000000000000000e+02 1.910237273944141334e+00
8.080000000000000000e+02 1.910265122214754863e+00
8.090000000000000000e+02 1.910292966522153746e+00
8.100000000000000000e+02 1.910320806866338428e+00
8.110000000000000000e+02 1.910348643247308464e+00
8.120000000000000000e+02 1.910376475665064300e+00
8.130000000000000000e+02 1.910404304119605490e+00
8.140000000000000000e+02 1.910432128610932478e+00
8.150000000000000000e+02 1.910459949139045044e+00
8.160000000000000000e+02 1.910487765703943186e+00
8.170000000000000000e+02 1.910515578305626683e+00
8.180000000000000000e+02 1.910543386944095978e+00
8.190000000000000000e+02 1.910571191619350850e+00
8.200000000000000000e+02 1.910598992331391521e+00
8.210000000000000000e+02 1.910626789080217547e+00
8.220000000000000000e+02 1.910654581865829149e+00
8.230000000000000000e+02 1.910682370688226328e+00
8.240000000000000000e+02 1.910710155547409084e+00
8.250000000000000000e+02 1.910737936443377638e+00
8.260000000000000000e+02 1.910765713376131547e+00
8.270000000000000000e+02 1.910793486345671255e+00
8.280000000000000000e+02 1.910821255351996317e+00
8.290000000000000000e+02 1.910849020395107178e+00
8.300000000000000000e+02 1.910876781475003616e+00
8.310000000000000000e+02 1.910904538591685409e+00
8.320000000000000000e+02 1.910932291745153000e+00
8.330000000000000000e+02 1.910960040935406168e+00
8.340000000000000000e+02 1.910987786162444912e+00
8.350000000000000000e+02 1.911015527426269234e+00
8.360000000000000000e+02 1.911043264726879132e+00
8.370000000000000000e+02 1.911070998064274606e+00
8.380000000000000000e+02 1.911098727438455658e+00
8.390000000000000000e+02 1.911126452849422508e+00
8.400000000000000000e+02 1.911154174297174713e+00
8.410000000000000000e+02 1.911181891781712494e+00
8.420000000000000000e+02 1.911209605303036074e+00
8.430000000000000000e+02 1.911237314861145009e+00
8.440000000000000000e+02 1.911265020456039743e+00
8.450000000000000000e+02 1.911292722087719831e+00
8.460000000000000000e+02 1.911320419756185718e+00
8.470000000000000000e+02 1.911348113461437181e+00
8.480000000000000000e+02 1.911375803203474000e+00
8.490000000000000000e+02 1.911403488982296617e+00
8.500000000000000000e+02 1.911431170797904810e+00
8.510000000000000000e+02 1.911458848650298581e+00
8.520000000000000000e+02 1.911486522539477928e+00
8.530000000000000000e+02 1.911514192465442852e+00
8.540000000000000000e+02 1.911541858428193574e+00
8.550000000000000000e+02 1.911569520427729652e+00
8.560000000000000000e+02 1.911597178464051305e+00
8.570000000000000000e+02 1.911624832537158536e+00
8.580000000000000000e+02 1.911652482647051565e+00
8.590000000000000000e+02 1.911680128793729949e+00
8.600000000000000000e+02 1.911707770977194132e+00
8.610000000000000000e+02 1.911735409197443669e+00
8.620000000000000000e+02 1.911763043454479005e+00
8.630000000000000000e+02 1.911790673748299918e+00
8.640000000000000000e+02 1.911818300078906407e+00
8.650000000000000000e+02 1.911845922446298252e+00
8.660000000000000000e+02 1.911873540850475894e+00
8.670000000000000000e+02 1.911901155291439114e+00
8.680000000000000000e+02 1.911928765769187910e+00
8.690000000000000000e+02 1.911956372283722283e+00
8.700000000000000000e+02 1.911983974835042233e+00
8.710000000000000000e+02 1.912011573423147981e+00
8.720000000000000000e+02 1.912039168048039084e+00
8.730000000000000000e+02 1.912066758709715764e+00
8.740000000000000000e+02 1.912094345408178242e+00
8.750000000000000000e+02 1.912121928143426075e+00
8.760000000000000000e+02 1.912149506915459707e+00
8.770000000000000000e+02 1.912177081724278693e+00
8.780000000000000000e+02 1.912204652569883478e+00
8.790000000000000000e+02 1.912232219452273840e+00
8.800000000000000000e+02 1.912259782371449557e+00
8.810000000000000000e+02 1.912287341327411072e+00
8.820000000000000000e+02 1.912314896320158164e+00
8.830000000000000000e+02 1.912342447349690833e+00
8.840000000000000000e+02 1.912369994416009078e+00
8.850000000000000000e+02 1.912397537519112900e+00
8.860000000000000000e+02 1.912425076659002299e+00
8.870000000000000000e+02 1.912452611835677274e+00
8.880000000000000000e+02 1.912480143049138048e+00
8.890000000000000000e+02 1.912507670299384177e+00
8.900000000000000000e+02 1.912535193586415883e+00
8.910000000000000000e+02 1.912562712910233387e+00
8.920000000000000000e+02 1.912590228270836246e+00
8.930000000000000000e+02 1.912617739668224903e+00
8.940000000000000000e+02 1.912645247102398915e+00
8.950000000000000000e+02 1.912672750573358726e+00
8.960000000000000000e+02 1.912700250081104114e+00
8.970000000000000000e+02 1.912727745625635078e+00
8.980000000000000000e+02 1.912755237206951620e+00
8.990000000000000000e+02 1.912782724825053515e+00
9.000000000000000000e+02 1.912810208479941210e+00
9.010000000000000000e+02 1.912837688171614481e+00
9.020000000000000000e+02 1.912865163900073551e+00
9.030000000000000000e+02 1.912892635665317975e+00
9.040000000000000000e+02 1.912920103467347976e+00
9.050000000000000000e+02 1.912947567306163554e+00
9.060000000000000000e+02 1.912975027181764931e+00
9.070000000000000000e+02 1.913002483094151662e+00
9.080000000000000000e+02 1.913029935043324192e+00
9.090000000000000000e+02 1.913057383029282077e+00
9.100000000000000000e+02 1.913084827052025760e+00
9.110000000000000000e+02 1.913112267111554798e+00
9.120000000000000000e+02 1.913139703207869635e+00
9.130000000000000000e+02 1.913167135340970049e+00
9.140000000000000000e+02 1.913194563510856039e+00
9.150000000000000000e+02 1.913221987717527606e+00
9.160000000000000000e+02 1.913249407960984749e+00
9.170000000000000000e+02 1.913276824241227470e+00
9.180000000000000000e+02 1.913304236558255766e+00
9.190000000000000000e+02 1.913331644912069640e+00
9.200000000000000000e+02 1.913359049302669090e+00
9.210000000000000000e+02 1.913386449730054117e+00
9.220000000000000000e+02 1.913413846194224943e+00
9.230000000000000000e+02 1.913441238695181124e+00
9.240000000000000000e+02 1.913468627232923103e+00
9.250000000000000000e+02 1.913496011807450436e+00
9.260000000000000000e+02 1.913523392418763569e+00
9.270000000000000000e+02 1.913550769066862056e+00
9.280000000000000000e+02 1.913578141751746342e+00
9.290000000000000000e+02 1.913605510473416205e+00
9.300000000000000000e+02 1.913632875231871644e+00
9.310000000000000000e+02 1.913660236027112660e+00
9.320000000000000000e+02 1.913687592859139253e+00
9.330000000000000000e+02 1.913714945727951422e+00
9.340000000000000000e+02 1.913742294633549168e+00
9.350000000000000000e+02 1.913769639575932491e+00
9.360000000000000000e+02 1.913796980555101390e+00
9.370000000000000000e+02 1.913824317571055866e+00
9.380000000000000000e+02 1.913851650623796141e+00
9.390000000000000000e+02 1.913878979713321771e+00
9.400000000000000000e+02 1.913906304839632977e+00
9.410000000000000000e+02 1.913933626002729982e+00
9.420000000000000000e+02 1.913960943202612341e+00
9.430000000000000000e+02 1.913988256439280500e+00
9.440000000000000000e+02 1.914015565712734235e+00
9.450000000000000000e+02 1.914042871022973547e+00
9.460000000000000000e+02 1.914070172369998213e+00
9.470000000000000000e+02 1.914097469753808678e+00
9.480000000000000000e+02 1.914124763174404720e+00
9.490000000000000000e+02 1.914152052631786338e+00
9.500000000000000000e+02 1.914179338125953533e+00
9.510000000000000000e+02 1.914206619656906305e+00
9.520000000000000000e+02 1.914233897224644876e+00
9.530000000000000000e+02 1.914261170829168801e+00
9.540000000000000000e+02 1.914288440470478303e+00
9.550000000000000000e+02 1.914315706148573382e+00
9.560000000000000000e+02 1.914342967863454259e+00
9.570000000000000000e+02 1.914370225615120491e+00
9.580000000000000000e+02 1.914397479403572522e+00
9.590000000000000000e+02 1.914424729228810129e+00
9.600000000000000000e+02 1.914451975090833091e+00
9.610000000000000000e+02 1.914479216989641852e+00
9.620000000000000000e+02 1.914506454925236190e+00
9.630000000000000000e+02 1.914533688897616104e+00
9.640000000000000000e+02 1.914560918906781595e+00
9.650000000000000000e+02 1.914588144952732662e+00
9.660000000000000000e+02 1.914615367035469307e+00
9.670000000000000000e+02 1.914642585154991528e+00
9.680000000000000000e+02 1.914669799311299325e+00
9.690000000000000000e+02 1.914697009504392700e+00
9.700000000000000000e+02 1.914724215734271651e+00
9.710000000000000000e+02 1.914751418000936400e+00
9.720000000000000000e+02 1.914778616304386505e+00
9.730000000000000000e+02 1.914805810644622408e+00
9.740000000000000000e+02 1.914833001021643666e+00
9.750000000000000000e+02 1.914860187435450722e+00
9.760000000000000000e+02 1.914887369886043134e+00
9.770000000000000000e+02 1.914914548373421344e+00
9.780000000000000000e+02 1.914941722897585130e+00
9.790000000000000000e+02 1.914968893458534493e+00
9.800000000000000000e+02 1.914996060056269434e+00
9.810000000000000000e+02 1.915023222690789950e+00
9.820000000000000000e+02 1.915050381362096044e+00
9.830000000000000000e+02 1.915077536070187714e+00
9.840000000000000000e+02 1.915104686815064960e+00
9.850000000000000000e+02 1.915131833596727784e+00
9.860000000000000000e+02 1.915158976415176184e+00
9.870000000000000000e+02 1.915186115270410383e+00
9.880000000000000000e+02 1.915213250162429937e+00
9.890000000000000000e+02 1.915240381091235289e+00
9.900000000000000000e+02 1.915267508056825996e+00
9.910000000000000000e+02 1.915294631059202501e+00
9.920000000000000000e+02 1.915321750098364362e+00
9.930000000000000000e+02 1.915348865174312021e+00
9.940000000000000000e+02 1.915375976287045257e+00
9.950000000000000000e+02 1.915403083436564069e+00
9.960000000000000000e+02 1.915430186622868458e+00
9.970000000000000000e+02 1.915457285845958202e+00
9.980000000000000000e+02 1.915484381105833744e+00
9.990000000000000000e+02 1.915511472402495086e+00
1.000000000000000000e+03 1.915538559735941782e+00
1.001000000000000000e+03 1.915565643106174054e+00
1.002000000000000000e+03 1.915592722513191903e+00
1.003000000000000000e+03 1.915619797956995329e+00
1.004000000000000000e+03 1.915646869437584554e+00
1.005000000000000000e+03 1.915673936954959133e+00
1.006000000000000000e+03 1.915701000509119512e+00
1.007000000000000000e+03 1.915728060100065244e+00
1.008000000000000000e+03 1.915755115727796776e+00
1.009000000000000000e+03 1.915782167392313884e+00
1.010000000000000000e+03 1.915809215093616347e+00
1.011000000000000000e+03 1.915836258831704608e+00
1.012000000000000000e+03 1.915863298606578446e+00
1.013000000000000000e+03 1.915890334418237861e+00
1.014000000000000000e+03 1.915917366266682853e+00
1.015000000000000000e+03 1.915944394151913421e+00
1.016000000000000000e+03 1.915971418073929566e+00
1.017000000000000000e+03 1.915998438032731288e+00
1.018000000000000000e+03 1.916025454028318808e+00
1.019000000000000000e+03 1.916052466060691684e+00
1.020000000000000000e+03 1.916079474129850135e+00
1.021000000000000000e+03 1.916106478235794386e+00
