# order=18: data_wav [pixel], data_wavsolution [micron]
3.000000000000000000e+00 1.986000879252131757e+00
4.000000000000000000e+00 1.986033235151434928e+00
5.000000000000000000e+00 1.986065587565323920e+00
6.000000000000000000e+00 1.986097936492336125e+00
7.000000000000000000e+00 1.986130281931008712e+00
8.000000000000000000e+00 1.986162623879879074e+00
9.000000000000000000e+00 1.986194962337483938e+00
1.000000000000000000e+01 1.986227297302361139e+00
1.100000000000000000e+01 1.986259628773047847e+00
1.200000000000000000e+01 1.986291956748081011e+00
1.300000000000000000e+01 1.986324281225998023e+00
1.400000000000000000e+01 1.986356602205336053e+00
1.500000000000000000e+01 1.986388919684632715e+00
1.600000000000000000e+01 1.986421233662424735e+00
1.700000000000000000e+01 1.986453544137249727e+00
1.800000000000000000e+01 1.986485851107644862e+00
1.900000000000000000e+01 1.986518154572147310e+00
2.000000000000000000e+01 1.986550454529294463e+00
2.100000000000000000e+01 1.986582750977623268e+00
2.200000000000000000e+01 1.986615043915671341e+00
2.300000000000000000e+01 1.986647333341975852e+00
2.400000000000000000e+01 1.986679619255073748e+00
2.500000000000000000e+01 1.986711901653502643e+00
2.600000000000000000e+01 1.986744180535799709e+00
2.700000000000000000e+01 1.986776455900502114e+00
2.800000000000000000e+01 1.986808727746147030e+00
2.900000000000000000e+01 1.986840996071271848e+00
3.000000000000000000e+01 1.986873260874413738e+00
3.100000000000000000e+01 1.986905522154109871e+00
3.200000000000000000e+01 1.986937779908897861e+00
3.300000000000000000e+01 1.986970034137314434e+00
3.400000000000000000e+01 1.987002284837897204e+00
3.500000000000000000e+01 1.987034532009183341e+00
3.600000000000000000e+01 1.987066775649710237e+00
3.700000000000000000e+01 1.987099015758014842e+00
3.800000000000000000e+01 1.987131252332634546e+00
3.900000000000000000e+01 1.987163485372106519e+00
4.000000000000000000e+01 1.987195714874968155e+00
4.100000000000000000e+01 1.987227940839756624e+00
4.200000000000000000e+01 1.987260163265009316e+00
4.300000000000000000e+01 1.987292382149263181e+00
4.400000000000000000e+01 1.987324597491055833e+00
4.500000000000000000e+01 1.987356809288924220e+00
4.600000000000000000e+01 1.987389017541405511e+00
4.700000000000000000e+01 1.987421222247037322e+00
4.800000000000000000e+01 1.987453423404356823e+00
4.900000000000000000e+01 1.987485621011900960e+00
5.000000000000000000e+01 1.987517815068207350e+00
5.100000000000000000e+01 1.987550005571813161e+00
5.200000000000000000e+01 1.987582192521255342e+00
5.300000000000000000e+01 1.987614375915071507e+00
5.400000000000000000e+01 1.987646555751798605e+00
5.500000000000000000e+01 1.987678732029974027e+00
5.600000000000000000e+01 1.987710904748135166e+00
5.700000000000000000e+01 1.987743073904819191e+00
5.800000000000000000e+01 1.987775239498563273e+00
5.900000000000000000e+01 1.987807401527904583e+00
6.000000000000000000e+01 1.987839559991380511e+00
6.100000000000000000e+01 1.987871714887528229e+00
6.200000000000000000e+01 1.987903866214885129e+00
6.300000000000000000e+01 1.987936013971988380e+00
6.400000000000000000e+01 1.987968158157375154e+00
6.500000000000000000e+01 1.988000298769582619e+00
6.600000000000000000e+01 1.988032435807148390e+00
6.700000000000000000e+01 1.988064569268609416e+00
6.800000000000000000e+01 1.988096699152502866e+00
6.900000000000000000e+01 1.988128825457366355e+00
7.000000000000000000e+01 1.988160948181736831e+00
7.100000000000000000e+01 1.988193067324151464e+00
7.200000000000000000e+01 1.988225182883147868e+00
7.300000000000000000e+01 1.988257294857263213e+00
7.400000000000000000e+01 1.988289403245034448e+00
7.500000000000000000e+01 1.988321508044998964e+00
7.600000000000000000e+01 1.988353609255694154e+00
7.700000000000000000e+01 1.988385706875657188e+00
7.800000000000000000e+01 1.988417800903425237e+00
7.900000000000000000e+01 1.988449891337535469e+00
8.000000000000000000e+01 1.988481978176525500e+00
8.100000000000000000e+01 1.988514061418932277e+00
8.200000000000000000e+01 1.988546141063293193e+00
8.300000000000000000e+01 1.988578217108145196e+00
8.400000000000000000e+01 1.988610289552025900e+00
8.500000000000000000e+01 1.988642358393472476e+00
8.600000000000000000e+01 1.988674423631022092e+00
8.700000000000000000e+01 1.988706485263211921e+00
8.800000000000000000e+01 1.988738543288579352e+00
8.900000000000000000e+01 1.988770597705661780e+00
9.000000000000000000e+01 1.988802648512995930e+00
9.100000000000000000e+01 1.988834695709119638e+00
9.200000000000000000e+01 1.988866739292569852e+00
9.300000000000000000e+01 1.988898779261883965e+00
9.400000000000000000e+01 1.988930815615598924e+00
9.500000000000000000e+01 1.988962848352252344e+00
9.600000000000000000e+01 1.988994877470381395e+00
9.700000000000000000e+01 1.989026902968523025e+00
9.800000000000000000e+01 1.989058924845214849e+00
9.900000000000000000e+01 1.989090943098994035e+00
1.000000000000000000e+02 1.989122957728397534e+00
1.010000000000000000e+02 1.989154968731962958e+00
1.020000000000000000e+02 1.989186976108227478e+00
1.030000000000000000e+02 1.989218979855728486e+00
1.040000000000000000e+02 1.989250979973002709e+00
1.050000000000000000e+02 1.989282976458587981e+00
1.060000000000000000e+02 1.989314969311021031e+00
1.070000000000000000e+02 1.989346958528839693e+00
1.080000000000000000e+02 1.989378944110580694e+00
1.090000000000000000e+02 1.989410926054781648e+00
1.100000000000000000e+02 1.989442904359979503e+00
1.110000000000000000e+02 1.989474879024711651e+00
1.120000000000000000e+02 1.989506850047515485e+00
1.130000000000000000e+02 1.989538817426927952e+00
1.140000000000000000e+02 1.989570781161486668e+00
1.150000000000000000e+02 1.989602741249728357e+00
1.160000000000000000e+02 1.989634697690190857e+00
1.170000000000000000e+02 1.989666650481411114e+00
1.180000000000000000e+02 1.989698599621926300e+00
1.190000000000000000e+02 1.989730545110273807e+00
1.200000000000000000e+02 1.989762486944991027e+00
1.210000000000000000e+02 1.989794425124614907e+00
1.220000000000000000e+02 1.989826359647682841e+00
1.230000000000000000e+02 1.989858290512731998e+00
1.240000000000000000e+02 1.989890217718299770e+00
1.250000000000000000e+02 1.989922141262923327e+00
1.260000000000000000e+02 1.989954061145139841e+00
1.270000000000000000e+02 1.989985977363486702e+00
1.280000000000000000e+02 1.990017889916501082e+00
1.290000000000000000e+02 1.990049798802720149e+00
1.300000000000000000e+02 1.990081704020681297e+00
1.310000000000000000e+02 1.990113605568921917e+00
1.320000000000000000e+02 1.990145503445978958e+00
1.330000000000000000e+02 1.990177397650389590e+00
1.340000000000000000e+02 1.990209288180691427e+00
1.350000000000000000e+02 1.990241175035421639e+00
1.360000000000000000e+02 1.990273058213117174e+00
1.370000000000000000e+02 1.990304937712315647e+00
1.380000000000000000e+02 1.990336813531554006e+00
1.390000000000000000e+02 1.990368685669369864e+00
1.400000000000000000e+02 1.990400554124299948e+00
1.410000000000000000e+02 1.990432418894882094e+00
1.420000000000000000e+02 1.990464279979653028e+00
1.430000000000000000e+02 1.990496137377150365e+00
1.440000000000000000e+02 1.990527991085911053e+00
1.450000000000000000e+02 1.990559841104472705e+00
1.460000000000000000e+02 1.990591687431372492e+00
1.470000000000000000e+02 1.990623530065147362e+00
1.480000000000000000e+02 1.990655369004334707e+00
1.490000000000000000e+02 1.990687204247471920e+00
1.500000000000000000e+02 1.990719035793095948e+00
1.510000000000000000e+02 1.990750863639744628e+00
1.520000000000000000e+02 1.990782687785954463e+00
1.530000000000000000e+02 1.990814508230263291e+00
1.540000000000000000e+02 1.990846324971208059e+00
1.550000000000000000e+02 1.990878138007325937e+00
1.560000000000000000e+02 1.990909947337154540e+00
1.570000000000000000e+02 1.990941752959230815e+00
1.580000000000000000e+02 1.990973554872092155e+00
1.590000000000000000e+02 1.991005353074275730e+00
1.600000000000000000e+02 1.991037147564318932e+00
1.610000000000000000e+02 1.991068938340758709e+00
1.620000000000000000e+02 1.991100725402132676e+00
1.630000000000000000e+02 1.991132508746977781e+00
1.640000000000000000e+02 1.991164288373831415e+00
1.650000000000000000e+02 1.991196064281230749e+00
1.660000000000000000e+02 1.991227836467713175e+00
1.670000000000000000e+02 1.991259604931815863e+00
1.680000000000000000e+02 1.991291369672075984e+00
1.690000000000000000e+02 1.991323130687030929e+00
1.700000000000000000e+02 1.991354887975217647e+00
1.710000000000000000e+02 1.991386641535173974e+00
1.720000000000000000e+02 1.991418391365436635e+00
1.730000000000000000e+02 1.991450137464543024e+00
1.740000000000000000e+02 1.991481879831030533e+00
1.750000000000000000e+02 1.991513618463436108e+00
1.760000000000000000e+02 1.991545353360297366e+00
1.770000000000000000e+02 1.991577084520151253e+00
1.780000000000000000e+02 1.991608811941535162e+00
1.790000000000000000e+02 1.991640535622986263e+00
1.800000000000000000e+02 1.991672255563041949e+00
1.810000000000000000e+02 1.991703971760239389e+00
1.820000000000000000e+02 1.991735684213115753e+00
1.830000000000000000e+02 1.991767392920208435e+00
1.840000000000000000e+02 1.991799097880054603e+00
1.850000000000000000e+02 1.991830799091191428e+00
1.860000000000000000e+02 1.991862496552156303e+00
1.870000000000000000e+02 1.991894190261486397e+00
1.880000000000000000e+02 1.991925880217719103e+00
1.890000000000000000e+02 1.991957566419391368e+00
1.900000000000000000e+02 1.991989248865040807e+00
1.910000000000000000e+02 1.992020927553204368e+00
1.920000000000000000e+02 1.992052602482419443e+00
1.930000000000000000e+02 1.992084273651223203e+00
1.940000000000000000e+02 1.992115941058153039e+00
1.950000000000000000e+02 1.992147604701746122e+00
1.960000000000000000e+02 1.992179264580539622e+00
1.970000000000000000e+02 1.992210920693070930e+00
1.980000000000000000e+02 1.992242573037876996e+00
1.990000000000000000e+02 1.992274221613495433e+00
2.000000000000000000e+02 1.992305866418463411e+00
2.010000000000000000e+02 1.992337507451318102e+00
2.020000000000000000e+02 1.992369144710596895e+00
2.030000000000000000e+02 1.992400778194836741e+00
2.040000000000000000e+02 1.992432407902575031e+00
2.050000000000000000e+02 1.992464033832349157e+00
2.060000000000000000e+02 1.992495655982696290e+00
2.070000000000000000e+02 1.992527274352153599e+00
2.080000000000000000e+02 1.992558888939258477e+00
2.090000000000000000e+02 1.992590499742547872e+00
2.100000000000000000e+02 1.992622106760559397e+00
2.110000000000000000e+02 1.992653709991830002e+00
2.120000000000000000e+02 1.992685309434897301e+00
2.130000000000000000e+02 1.992716905088298240e+00
2.140000000000000000e+02 1.992748496950569992e+00
2.150000000000000000e+02 1.992780085020250169e+00
2.160000000000000000e+02 1.992811669295875721e+00
2.170000000000000000e+02 1.992843249775984038e+00
2.180000000000000000e+02 1.992874826459112292e+00
2.190000000000000000e+02 1.992906399343797874e+00
2.200000000000000000e+02 1.992937968428577733e+00
2.210000000000000000e+02 1.992969533711989483e+00
2.220000000000000000e+02 1.993001095192570071e+00
2.230000000000000000e+02 1.993032652868856891e+00
2.240000000000000000e+02 1.993064206739387334e+00
2.250000000000000000e+02 1.993095756802698348e+00
2.260000000000000000e+02 1.993127303057327326e+00
2.270000000000000000e+02 1.993158845501811438e+00
2.280000000000000000e+02 1.993190384134688076e+00
2.290000000000000000e+02 1.993221918954494631e+00
2.300000000000000000e+02 1.993253449959767831e+00
2.310000000000000000e+02 1.993284977149045512e+00
2.320000000000000000e+02 1.993316500520864398e+00
2.330000000000000000e+02 1.993348020073762106e+00
2.340000000000000000e+02 1.993379535806275804e+00
2.350000000000000000e+02 1.993411047716942663e+00
2.360000000000000000e+02 1.993442555804300076e+00
2.370000000000000000e+02 1.993474060066885212e+00
2.380000000000000000e+02 1.993505560503235241e+00
2.390000000000000000e+02 1.993537057111887334e+00
2.400000000000000000e+02 1.993568549891379105e+00
2.410000000000000000e+02 1.993600038840247501e+00
2.420000000000000000e+02 1.993631523957029694e+00
2.430000000000000000e+02 1.993663005240263297e+00
2.440000000000000000e+02 1.993694482688485259e+00
2.450000000000000000e+02 1.993725956300232971e+00
2.460000000000000000e+02 1.993757426074043604e+00
2.470000000000000000e+02 1.993788892008454328e+00
2.480000000000000000e+02 1.993820354102002756e+00
2.490000000000000000e+02 1.993851812353225617e+00
2.500000000000000000e+02 1.993883266760660522e+00
2.510000000000000000e+02 1.993914717322844643e+00
2.520000000000000000e+02 1.993946164038315150e+00
2.530000000000000000e+02 1.993977606905609434e+00
2.540000000000000000e+02 1.994009045923264667e+00
2.550000000000000000e+02 1.994040481089818018e+00
2.560000000000000000e+02 1.994071912403806879e+00
2.570000000000000000e+02 1.994103339863768420e+00
2.580000000000000000e+02 1.994134763468239813e+00
2.590000000000000000e+02 1.994166183215758670e+00
2.600000000000000000e+02 1.994197599104861718e+00
2.610000000000000000e+02 1.994229011134086349e+00
2.620000000000000000e+02 1.994260419301970177e+00
2.630000000000000000e+02 1.994291823607050151e+00
2.640000000000000000e+02 1.994323224047863441e+00
2.650000000000000000e+02 1.994354620622947438e+00
2.660000000000000000e+02 1.994386013330839535e+00
2.670000000000000000e+02 1.994417402170076681e+00
2.680000000000000000e+02 1.994448787139196266e+00
2.690000000000000000e+02 1.994480168236735462e+00
2.700000000000000000e+02 1.994511545461231661e+00
2.710000000000000000e+02 1.994542918811222032e+00
2.720000000000000000e+02 1.994574288285243968e+00
2.730000000000000000e+02 1.994605653881834417e+00
2.740000000000000000e+02 1.994637015599530772e+00
2.750000000000000000e+02 1.994668373436870423e+00
2.760000000000000000e+02 1.994699727392390542e+00
2.770000000000000000e+02 1.994731077464628077e+00
2.780000000000000000e+02 1.994762423652120864e+00
2.790000000000000000e+02 1.994793765953405629e+00
2.800000000000000000e+02 1.994825104367019986e+00
2.810000000000000000e+02 1.994856438891500883e+00
2.820000000000000000e+02 1.994887769525385712e+00
2.830000000000000000e+02 1.994919096267211645e+00
2.840000000000000000e+02 1.994950419115516071e+00
2.850000000000000000e+02 1.994981738068836163e+00
2.860000000000000000e+02 1.995013053125709312e+00
2.870000000000000000e+02 1.995044364284672467e+00
2.880000000000000000e+02 1.995075671544263018e+00
2.890000000000000000e+02 1.995106974903018360e+00
2.900000000000000000e+02 1.995138274359475439e+00
2.910000000000000000e+02 1.995169569912171870e+00
2.920000000000000000e+02 1.995200861559644601e+00
2.930000000000000000e+02 1.995232149300431246e+00
2.940000000000000000e+02 1.995263433133068531e+00
2.950000000000000000e+02 1.995294713056094071e+00
2.960000000000000000e+02 1.995325989068045036e+00
2.970000000000000000e+02 1.995357261167458596e+00
2.980000000000000000e+02 1.995388529352872142e+00
2.990000000000000000e+02 1.995419793622822846e+00
3.000000000000000000e+02 1.995451053975847877e+00
3.010000000000000000e+02 1.995482310410484628e+00
3.020000000000000000e+02 1.995513562925270490e+00
3.030000000000000000e+02 1.995544811518742190e+00
3.040000000000000000e+02 1.995576056189437564e+00
3.050000000000000000e+02 1.995607296935893338e+00
3.060000000000000000e+02 1.995638533756647126e+00
3.070000000000000000e+02 1.995669766650236099e+00
3.080000000000000000e+02 1.995700995615197426e+00
3.090000000000000000e+02 1.995732220650068500e+00
3.100000000000000000e+02 1.995763441753386491e+00
3.110000000000000000e+02 1.995794658923688569e+00
3.120000000000000000e+02 1.995825872159511905e+00
3.130000000000000000e+02 1.995857081459394111e+00
3.140000000000000000e+02 1.995888286821872137e+00
3.150000000000000000e+02 1.995919488245483375e+00
3.160000000000000000e+02 1.995950685728764995e+00
3.170000000000000000e+02 1.995981879270254167e+00
3.180000000000000000e+02 1.996013068868488283e+00
3.190000000000000000e+02 1.996044254522004513e+00
3.200000000000000000e+02 1.996075436229340250e+00
3.210000000000000000e+02 1.996106613989032441e+00
3.220000000000000000e+02 1.996137787799618701e+00
3.230000000000000000e+02 1.996168957659636201e+00
3.240000000000000000e+02 1.996200123567621887e+00
3.250000000000000000e+02 1.996231285522113152e+00
3.260000000000000000e+02 1.996262443521647612e+00
3.270000000000000000e+02 1.996293597564761990e+00
3.280000000000000000e+02 1.996324747649993903e+00
3.290000000000000000e+02 1.996355893775880297e+00
3.300000000000000000e+02 1.996387035940958565e+00
3.310000000000000000e+02 1.996418174143766100e+00
3.320000000000000000e+02 1.996449308382840071e+00
3.330000000000000000e+02 1.996480438656717427e+00
3.340000000000000000e+02 1.996511564963936003e+00
3.350000000000000000e+02 1.996542687303032526e+00
3.360000000000000000e+02 1.996573805672544388e+00
3.370000000000000000e+02 1.996604920071008982e+00
3.380000000000000000e+02 1.996636030496963476e+00
3.390000000000000000e+02 1.996667136948945043e+00
3.400000000000000000e+02 1.996698239425490851e+00
3.410000000000000000e+02 1.996729337925138514e+00
3.420000000000000000e+02 1.996760432446424982e+00
3.430000000000000000e+02 1.996791522987887646e+00
3.440000000000000000e+02 1.996822609548063454e+00
3.450000000000000000e+02 1.996853692125490243e+00
3.460000000000000000e+02 1.996884770718704738e+00
3.470000000000000000e+02 1.996915845326244332e+00
3.480000000000000000e+02 1.996946915946646195e+00
3.490000000000000000e+02 1.996977982578447941e+00
3.500000000000000000e+02 1.997009045220186296e+00
3.510000000000000000e+02 1.997040103870399097e+00
3.520000000000000000e+02 1.997071158527623069e+00
3.530000000000000000e+02 1.997102209190395605e+00
3.540000000000000000e+02 1.997133255857254097e+00
3.550000000000000000e+02 1.997164298526735715e+00
3.560000000000000000e+02 1.997195337197377629e+00
3.570000000000000000e+02 1.997226371867717232e+00
3.580000000000000000e+02 1.997257402536291693e+00
3.590000000000000000e+02 1.997288429201638404e+00
3.600000000000000000e+02 1.997319451862294315e+00
3.610000000000000000e+02 1.997350470516796817e+00
3.620000000000000000e+02 1.997381485163683301e+00
3.630000000000000000e+02 1.997412495801490939e+00
3.640000000000000000e+02 1.997443502428756901e+00
3.650000000000000000e+02 1.997474505044018356e+00
3.660000000000000000e+02 1.997505503645812697e+00
3.670000000000000000e+02 1.997536498232677316e+00
3.680000000000000000e+02 1.997567488803149161e+00
3.690000000000000000e+02 1.997598475355765624e+00
3.700000000000000000e+02 1.997629457889064097e+00
3.710000000000000000e+02 1.997660436401581530e+00
3.720000000000000000e+02 1.997691410891855313e+00
3.730000000000000000e+02 1.997722381358422838e+00
3.740000000000000000e+02 1.997753347799821055e+00
3.750000000000000000e+02 1.997784310214587356e+00
3.760000000000000000e+02 1.997815268601259131e+00
3.770000000000000000e+02 1.997846222958373552e+00
3.780000000000000000e+02 1.997877173284467789e+00
3.790000000000000000e+02 1.997908119578079011e+00
3.800000000000000000e+02 1.997939061837744834e+00
3.810000000000000000e+02 1.997970000062001983e+00
3.820000000000000000e+02 1.998000934249388072e+00
3.830000000000000000e+02 1.998031864398440494e+00
3.840000000000000000e+02 1.998062790507695974e+00
3.850000000000000000e+02 1.998093712575692127e+00
3.860000000000000000e+02 1.998124630600966123e+00
3.870000000000000000e+02 1.998155544582055354e+00
3.880000000000000000e+02 1.998186454517496768e+00
3.890000000000000000e+02 1.998217360405827980e+00
3.900000000000000000e+02 1.998248262245585938e+00
3.910000000000000000e+02 1.998279160035307811e+00
3.920000000000000000e+02 1.998310053773531214e+00
3.930000000000000000e+02 1.998340943458793095e+00
3.940000000000000000e+02 1.998371829089631069e+00
3.950000000000000000e+02 1.998402710664581861e+00
3.960000000000000000e+02 1.998433588182183085e+00
3.970000000000000000e+02 1.998464461640971912e+00
3.980000000000000000e+02 1.998495331039485734e+00
3.990000000000000000e+02 1.998526196376261499e+00
4.000000000000000000e+02 1.998557057649836599e+00
4.010000000000000000e+02 1.998587914858748205e+00
4.020000000000000000e+02 1.998618768001533708e+00
4.030000000000000000e+02 1.998649617076730278e+00
4.040000000000000000e+02 1.998680462082875309e+00
4.050000000000000000e+02 1.998711303018505747e+00
4.060000000000000000e+02 1.998742139882159208e+00
4.070000000000000000e+02 1.998772972672372639e+00
4.080000000000000000e+02 1.998803801387683432e+00
4.090000000000000000e+02 1.998834626026628758e+00
4.100000000000000000e+02 1.998865446587746009e+00
4.110000000000000000e+02 1.998896263069572354e+00
4.120000000000000000e+02 1.998927075470644965e+00
4.130000000000000000e+02 1.998957883789501233e+00
4.140000000000000000e+02 1.998988688024678329e+00
4.150000000000000000e+02 1.999019488174713421e+00
4.160000000000000000e+02 1.999050284238143682e+00
4.170000000000000000e+02 1.999081076213506725e+00
4.180000000000000000e+02 1.999111864099339719e+00
4.190000000000000000e+02 1.999142647894179614e+00
4.200000000000000000e+02 1.999173427596563801e+00
4.210000000000000000e+02 1.999204203205029673e+00
4.220000000000000000e+02 1.999234974718114399e+00
4.230000000000000000e+02 1.999265742134354928e+00
4.240000000000000000e+02 1.999296505452289097e+00
4.250000000000000000e+02 1.999327264670453630e+00
4.260000000000000000e+02 1.999358019787386143e+00
4.270000000000000000e+02 1.999388770801623583e+00
4.280000000000000000e+02 1.999419517711703342e+00
4.290000000000000000e+02 1.999450260516162814e+00
4.300000000000000000e+02 1.999480999213538945e+00
4.310000000000000000e+02 1.999511733802369351e+00
4.320000000000000000e+02 1.999542464281190979e+00
4.330000000000000000e+02 1.999573190648540999e+00
4.340000000000000000e+02 1.999603912902957026e+00
4.350000000000000000e+02 1.999634631042976007e+00
4.360000000000000000e+02 1.999665345067135558e+00
4.370000000000000000e+02 1.999696054973972403e+00
4.380000000000000000e+02 1.999726760762024158e+00
4.390000000000000000e+02 1.999757462429827992e+00
4.400000000000000000e+02 1.999788159975921076e+00
4.410000000000000000e+02 1.999818853398840579e+00
4.420000000000000000e+02 1.999849542697124116e+00
4.430000000000000000e+02 1.999880227869308635e+00
4.440000000000000000e+02 1.999910908913931529e+00
4.450000000000000000e+02 1.999941585829529966e+00
4.460000000000000000e+02 1.999972258614641119e+00
4.470000000000000000e+02 2.000002927267802377e+00
4.480000000000000000e+02 2.000033591787551135e+00
4.490000000000000000e+02 2.000064252172423895e+00
4.500000000000000000e+02 2.000094908420959161e+00
4.510000000000000000e+02 2.000125560531693214e+00
4.520000000000000000e+02 2.000156208503163224e+00
4.530000000000000000e+02 2.000186852333907250e+00
4.540000000000000000e+02 2.000217492022461574e+00
4.550000000000000000e+02 2.000248127567364254e+00
4.560000000000000000e+02 2.000278758967152459e+00
4.570000000000000000e+02 2.000309386220362917e+00
4.580000000000000000e+02 2.000340009325533241e+00
4.590000000000000000e+02 2.000370628281200602e+00
4.600000000000000000e+02 2.000401243085902170e+00
4.610000000000000000e+02 2.000431853738175558e+00
4.620000000000000000e+02 2.000462460236557494e+00
4.630000000000000000e+02 2.000493062579585590e+00
4.640000000000000000e+02 2.000523660765797018e+00
4.650000000000000000e+02 2.000554254793728948e+00
4.660000000000000000e+02 2.000584844661918549e+00
4.670000000000000000e+02 2.000615430368903436e+00
4.680000000000000000e+02 2.000646011913220335e+00
4.690000000000000000e+02 2.000676589293406860e+00
4.700000000000000000e+02 2.000707162508000181e+00
4.710000000000000000e+02 2.000737731555537469e+00
4.720000000000000000e+02 2.000768296434556337e+00
4.730000000000000000e+02 2.000798857143593512e+00
4.740000000000000000e+02 2.000829413681186608e+00
4.750000000000000000e+02 2.000859966045872795e+00
4.760000000000000000e+02 2.000890514236188800e+00
4.770000000000000000e+02 2.000921058250672679e+00
4.780000000000000000e+02 2.000951598087861605e+00
4.790000000000000000e+02 2.000982133746292302e+00
4.800000000000000000e+02 2.001012665224501941e+00
4.810000000000000000e+02 2.001043192521028580e+00
4.820000000000000000e+02 2.001073715634408945e+00
4.830000000000000000e+02 2.001104234563180206e+00
4.840000000000000000e+02 2.001134749305879978e+00
4.850000000000000000e+02 2.001165259861044987e+00
4.860000000000000000e+02 2.001195766227212847e+00
4.870000000000000000e+02 2.001226268402920727e+00
4.880000000000000000e+02 2.001256766386705799e+00
4.890000000000000000e+02 2.001287260177105676e+00
4.900000000000000000e+02 2.001317749772657084e+00
4.910000000000000000e+02 2.001348235171897638e+00
4.920000000000000000e+02 2.001378716373364508e+00
4.930000000000000000e+02 2.001409193375594864e+00
4.940000000000000000e+02 2.001439666177125876e+00
4.950000000000000000e+02 2.001470134776495158e+00
4.960000000000000000e+02 2.001500599172239436e+00
4.970000000000000000e+02 2.001531059362896325e+00
4.980000000000000000e+02 2.001561515347002995e+00
4.990000000000000000e+02 2.001591967123096616e+00
5.000000000000000000e+02 2.001622414689714802e+00
5.010000000000000000e+02 2.001652858045394279e+00
5.020000000000000000e+02 2.001683297188672217e+00
5.030000000000000000e+02 2.001713732118086675e+00
5.040000000000000000e+02 2.001744162832173934e+00
5.050000000000000000e+02 2.001774589329472054e+00
5.060000000000000000e+02 2.001805011608517759e+00
5.070000000000000000e+02 2.001835429667848665e+00
5.080000000000000000e+02 2.001865843506001941e+00
5.090000000000000000e+02 2.001896253121514313e+00
5.100000000000000000e+02 2.001926658512923840e+00
5.110000000000000000e+02 2.001957059678767248e+00
5.120000000000000000e+02 2.001987456617581707e+00
5.130000000000000000e+02 2.002017849327904830e+00
5.140000000000000000e+02 2.002048237808273790e+00
5.150000000000000000e+02 2.002078622057225754e+00
5.160000000000000000e+02 2.002109002073297894e+00
5.170000000000000000e+02 2.002139377855027380e+00
5.180000000000000000e+02 2.002169749400951826e+00
5.190000000000000000e+02 2.002200116709608402e+00
5.200000000000000000e+02 2.002230479779534278e+00
5.210000000000000000e+02 2.002260838609266180e+00
5.220000000000000000e+02 2.002291193197342167e+00
5.230000000000000000e+02 2.002321543542298965e+00
5.240000000000000000e+02 2.002351889642674188e+00
5.250000000000000000e+02 2.002382231497005005e+00
5.260000000000000000e+02 2.002412569103828588e+00
5.270000000000000000e+02 2.002442902461681662e+00
5.280000000000000000e+02 2.002473231569102730e+00
5.290000000000000000e+02 2.002503556424627629e+00
5.300000000000000000e+02 2.002533877026794862e+00
5.310000000000000000e+02 2.002564193374140711e+00
5.320000000000000000e+02 2.002594505465202790e+00
5.330000000000000000e+02 2.002624813298518269e+00
5.340000000000000000e+02 2.002655116872624763e+00
5.350000000000000000e+02 2.002685416186059442e+00
5.360000000000000000e+02 2.002715711237359031e+00
5.370000000000000000e+02 2.002746002025061145e+00
5.380000000000000000e+02 2.002776288547702954e+00
5.390000000000000000e+02 2.002806570803821629e+00
5.400000000000000000e+02 2.002836848791954782e+00
5.410000000000000000e+02 2.002867122510639586e+00
5.420000000000000000e+02 2.002897391958412765e+00
5.430000000000000000e+02 2.002927657133811934e+00
5.440000000000000000e+02 2.002957918035374707e+00
5.450000000000000000e+02 2.002988174661637810e+00
5.460000000000000000e+02 2.003018427011138414e+00
5.470000000000000000e+02 2.003048675082414132e+00
5.480000000000000000e+02 2.003078918874002134e+00
5.490000000000000000e+02 2.003109158384439592e+00
5.500000000000000000e+02 2.003139393612264119e+00
5.510000000000000000e+02 2.003169624556011996e+00
5.520000000000000000e+02 2.003199851214221727e+00
5.530000000000000000e+02 2.003230073585429594e+00
5.540000000000000000e+02 2.003260291668173210e+00
5.550000000000000000e+02 2.003290505460989746e+00
5.560000000000000000e+02 2.003320714962416371e+00
5.570000000000000000e+02 2.003350920170990701e+00
5.580000000000000000e+02 2.003381121085249905e+00
5.590000000000000000e+02 2.003411317703731154e+00
5.600000000000000000e+02 2.003441510024971173e+00
5.610000000000000000e+02 2.003471698047508021e+00
5.620000000000000000e+02 2.003501881769878423e+00
5.630000000000000000e+02 2.003532061190619995e+00
5.640000000000000000e+02 2.003562236308269462e+00
5.650000000000000000e+02 2.003592407121364438e+00
5.660000000000000000e+02 2.003622573628442538e+00
5.670000000000000000e+02 2.003652735828040043e+00
5.680000000000000000e+02 2.003682893718695013e+00
5.690000000000000000e+02 2.003713047298944616e+00
5.700000000000000000e+02 2.003743196567326024e+00
5.710000000000000000e+02 2.003773341522375961e+00
5.720000000000000000e+02 2.003803482162632488e+00
5.730000000000000000e+02 2.003833618486632329e+00
5.740000000000000000e+02 2.003863750492913098e+00
5.750000000000000000e+02 2.003893878180011523e+00
5.760000000000000000e+02 2.003924001546465217e+00
5.770000000000000000e+02 2.003954120590811350e+00
5.780000000000000000e+02 2.003984235311587536e+00
5.790000000000000000e+02 2.004014345707330502e+00
5.800000000000000000e+02 2.004044451776577418e+00
5.810000000000000000e+02 2.004074553517865898e+00
5.820000000000000000e+02 2.004104650929733111e+00
5.830000000000000000e+02 2.004134744010716673e+00
5.840000000000000000e+02 2.004164832759352866e+00
5.850000000000000000e+02 2.004194917174179746e+00
5.860000000000000000e+02 2.004224997253734486e+00
5.870000000000000000e+02 2.004255072996553810e+00
5.880000000000000000e+02 2.004285144401175778e+00
5.890000000000000000e+02 2.004315211466137114e+00
5.900000000000000000e+02 2.004345274189974990e+00
5.910000000000000000e+02 2.004375332571226576e+00
5.920000000000000000e+02 2.004405386608429929e+00
5.930000000000000000e+02 2.004435436300121331e+00
5.940000000000000000e+02 2.004465481644838842e+00
5.950000000000000000e+02 2.004495522641118743e+00
5.960000000000000000e+02 2.004525559287499092e+00
5.970000000000000000e+02 2.004555591582517060e+00
5.980000000000000000e+02 2.004585619524709372e+00
5.990000000000000000e+02 2.004615643112614087e+00
6.000000000000000000e+02 2.004645662344767931e+00
6.010000000000000000e+02 2.004675677219707630e+00
6.020000000000000000e+02 2.004705687735971686e+00
6.030000000000000000e+02 2.004735693892096382e+00
6.040000000000000000e+02 2.004765695686619331e+00
6.050000000000000000e+02 2.004795693118077704e+00
6.060000000000000000e+02 2.004825686185008671e+00
6.070000000000000000e+02 2.004855674885949846e+00
6.080000000000000000e+02 2.004885659219437954e+00
6.090000000000000000e+02 2.004915639184010612e+00
6.100000000000000000e+02 2.004945614778204988e+00
6.110000000000000000e+02 2.004975586000558252e+00
6.120000000000000000e+02 2.005005552849608019e+00
6.130000000000000000e+02 2.005035515323891016e+00
6.140000000000000000e+02 2.005065473421944411e+00
6.150000000000000000e+02 2.005095427142305820e+00
6.160000000000000000e+02 2.005125376483512856e+00
6.170000000000000000e+02 2.005155321444101801e+00
6.180000000000000000e+02 2.005185262022610715e+00
6.190000000000000000e+02 2.005215198217576322e+00
6.200000000000000000e+02 2.005245130027536682e+00
6.210000000000000000e+02 2.005275057451028076e+00
6.220000000000000000e+02 2.005304980486588118e+00
6.230000000000000000e+02 2.005334899132753979e+00
6.240000000000000000e+02 2.005364813388063272e+00
6.250000000000000000e+02 2.005394723251052724e+00
6.260000000000000000e+02 2.005424628720259950e+00
6.270000000000000000e+02 2.005454529794222118e+00
6.280000000000000000e+02 2.005484426471476844e+00
6.290000000000000000e+02 2.005514318750560410e+00
6.300000000000000000e+02 2.005544206630010873e+00
6.310000000000000000e+02 2.005574090108365404e+00
6.320000000000000000e+02 2.005603969184161173e+00
6.330000000000000000e+02 2.005633843855934906e+00
6.340000000000000000e+02 2.005663714122224661e+00
6.350000000000000000e+02 2.005693579981567165e+00
6.360000000000000000e+02 2.005723441432500032e+00
6.370000000000000000e+02 2.005753298473560431e+00
6.380000000000000000e+02 2.005783151103285089e+00
6.390000000000000000e+02 2.005812999320212064e+00
6.400000000000000000e+02 2.005842843122878083e+00
6.410000000000000000e+02 2.005872682509820315e+00
6.420000000000000000e+02 2.005902517479576375e+00
6.430000000000000000e+02 2.005932348030683432e+00
6.440000000000000000e+02 2.005962174161678657e+00
6.450000000000000000e+02 2.005991995871098776e+00
6.460000000000000000e+02 2.006021813157482292e+00
6.470000000000000000e+02 2.006051626019365486e+00
6.480000000000000000e+02 2.006081434455285528e+00
6.490000000000000000e+02 2.006111238463780477e+00
6.500000000000000000e+02 2.006141038043386615e+00
6.510000000000000000e+02 2.006170833192642000e+00
6.520000000000000000e+02 2.006200623910083358e+00
6.530000000000000000e+02 2.006230410194248304e+00
6.540000000000000000e+02 2.006260192043673563e+00
6.550000000000000000e+02 2.006289969456897193e+00
6.560000000000000000e+02 2.006319742432455477e+00
6.570000000000000000e+02 2.006349510968886474e+00
6.580000000000000000e+02 2.006379275064727352e+00
6.590000000000000000e+02 2.006409034718514839e+00
6.600000000000000000e+02 2.006438789928786548e+00
6.610000000000000000e+02 2.006468540694079650e+00
6.620000000000000000e+02 2.006498287012931314e+00
6.630000000000000000e+02 2.006528028883878711e+00
6.640000000000000000e+02 2.006557766305459456e+00
6.650000000000000000e+02 2.006587499276210718e+00
6.660000000000000000e+02 2.006617227794669667e+00
6.670000000000000000e+02 2.006646951859373473e+00
6.680000000000000000e+02 2.006676671468859308e+00
6.690000000000000000e+02 2.006706386621664340e+00
6.700000000000000000e+02 2.006736097316326628e+00
6.710000000000000000e+02 2.006765803551382454e+00
6.720000000000000000e+02 2.006795505325369433e+00
6.730000000000000000e+02 2.006825202636824734e+00
6.740000000000000000e+02 2.006854895484285528e+00
6.750000000000000000e+02 2.006884583866289429e+00
6.760000000000000000e+02 2.006914267781373606e+00
6.770000000000000000e+02 2.006943947228074787e+00
6.780000000000000000e+02 2.006973622204931029e+00
6.790000000000000000e+02 2.007003292710479059e+00
6.800000000000000000e+02 2.007032958743256046e+00
6.810000000000000000e+02 2.007062620301799605e+00
6.820000000000000000e+02 2.007092277384646906e+00
6.830000000000000000e+02 2.007121929990334674e+00
6.840000000000000000e+02 2.007151578117400970e+00
6.850000000000000000e+02 2.007181221764382517e+00
6.860000000000000000e+02 2.007210860929816487e+00
6.870000000000000000e+02 2.007240495612240494e+00
6.880000000000000000e+02 2.007270125810191708e+00
6.890000000000000000e+02 2.007299751522207298e+00
6.900000000000000000e+02 2.007329372746824436e+00
6.910000000000000000e+02 2.007358989482580736e+00
6.920000000000000000e+02 2.007388601728012922e+00
6.930000000000000000e+02 2.007418209481658611e+00
6.940000000000000000e+02 2.007447812742054971e+00
6.950000000000000000e+02 2.007477411507738729e+00
6.960000000000000000e+02 2.007507005777247944e+00
6.970000000000000000e+02 2.007536595549119784e+00
6.980000000000000000e+02 2.007566180821890978e+00
6.990000000000000000e+02 2.007595761594099137e+00
7.000000000000000000e+02 2.007625337864281434e+00
7.010000000000000000e+02 2.007654909630975038e+00
7.020000000000000000e+02 2.007684476892717118e+00
7.030000000000000000e+02 2.007714039648045290e+00
7.040000000000000000e+02 2.007743597895496723e+00
7.050000000000000000e+02 2.007773151633608144e+00
7.060000000000000000e+02 2.007802700860917611e+00
7.070000000000000000e+02 2.007832245575961405e+00
7.080000000000000000e+02 2.007861785777277586e+00
7.090000000000000000e+02 2.007891321463403322e+00
7.100000000000000000e+02 2.007920852632875341e+00
7.110000000000000000e+02 2.007950379284231701e+00
7.120000000000000000e+02 2.007979901416008683e+00
7.130000000000000000e+02 2.008009419026744347e+00
7.140000000000000000e+02 2.008038932114975417e+00
7.150000000000000000e+02 2.008068440679239508e+00
7.160000000000000000e+02 2.008097944718073791e+00
7.170000000000000000e+02 2.008127444230015435e+00
7.180000000000000000e+02 2.008156939213601611e+00
7.190000000000000000e+02 2.008186429667369488e+00
7.200000000000000000e+02 2.008215915589856682e+00
7.210000000000000000e+02 2.008245396979599917e+00
7.220000000000000000e+02 2.008274873835136809e+00
7.230000000000000000e+02 2.008304346155004971e+00
7.240000000000000000e+02 2.008333813937741130e+00
7.250000000000000000e+02 2.008363277181882456e+00
7.260000000000000000e+02 2.008392735885966562e+00
7.270000000000000000e+02 2.008422190048530176e+00
7.280000000000000000e+02 2.008451639668111355e+00
7.290000000000000000e+02 2.008481084743246381e+00
7.300000000000000000e+02 2.008510525272473313e+00
7.310000000000000000e+02 2.008539961254329320e+00
7.320000000000000000e+02 2.008569392687351129e+00
7.330000000000000000e+02 2.008598819570076355e+00
7.340000000000000000e+02 2.008628241901042166e+00
7.350000000000000000e+02 2.008657659678785734e+00
7.360000000000000000e+02 2.008687072901844672e+00
7.370000000000000000e+02 2.008716481568755707e+00
7.380000000000000000e+02 2.008745885678056453e+00
7.390000000000000000e+02 2.008775285228284080e+00
7.400000000000000000e+02 2.008804680217975758e+00
7.410000000000000000e+02 2.008834070645668657e+00
7.420000000000000000e+02 2.008863456509900391e+00
7.430000000000000000e+02 2.008892837809207688e+00
7.440000000000000000e+02 2.008922214542128160e+00
7.450000000000000000e+02 2.008951586707199422e+00
7.460000000000000000e+02 2.008980954302957755e+00
7.470000000000000000e+02 2.009010317327941220e+00
7.480000000000000000e+02 2.009039675780686540e+00
7.490000000000000000e+02 2.009069029659731331e+00
7.500000000000000000e+02 2.009098378963612763e+00
7.510000000000000000e+02 2.009127723690868006e+00
7.520000000000000000e+02 2.009157063840034230e+00
7.530000000000000000e+02 2.009186399409648605e+00
7.540000000000000000e+02 2.009215730398248745e+00
7.550000000000000000e+02 2.009245056804371821e+00
7.560000000000000000e+02 2.009274378626555002e+00
7.570000000000000000e+02 2.009303695863335459e+00
7.580000000000000000e+02 2.009333008513250363e+00
7.590000000000000000e+02 2.009362316574837326e+00
7.600000000000000000e+02 2.009391620046633520e+00
7.610000000000000000e+02 2.009420918927175670e+00
7.620000000000000000e+02 2.009450213215001391e+00
7.630000000000000000e+02 2.009479502908648296e+00
7.640000000000000000e+02 2.009508788006653113e+00
7.650000000000000000e+02 2.009538068507553010e+00
7.660000000000000000e+02 2.009567344409885603e+00
7.670000000000000000e+02 2.009596615712188505e+00
7.680000000000000000e+02 2.009625882412997999e+00
7.690000000000000000e+02 2.009655144510851699e+00
7.700000000000000000e+02 2.009684402004287218e+00
7.710000000000000000e+02 2.009713654891841728e+00
7.720000000000000000e+02 2.009742903172051953e+00
7.730000000000000000e+02 2.009772146843455509e+00
7.740000000000000000e+02 2.009801385904590010e+00
7.750000000000000000e+02 2.009830620353992181e+00
7.760000000000000000e+02 2.009859850190199193e+00
7.770000000000000000e+02 2.009889075411748660e+00
7.780000000000000000e+02 2.009918296017177752e+00
7.790000000000000000e+02 2.009947512005023640e+00
7.800000000000000000e+02 2.009976723373823493e+00
7.810000000000000000e+02 2.010005930122114925e+00
7.820000000000000000e+02 2.010035132248434664e+00
7.830000000000000000e+02 2.010064329751320322e+00
7.840000000000000000e+02 2.010093522629309071e+00
7.850000000000000000e+02 2.010122710880938079e+00
7.860000000000000000e+02 2.010151894504744963e+00
7.870000000000000000e+02 2.010181073499266446e+00
7.880000000000000000e+02 2.010210247863039701e+00
7.890000000000000000e+02 2.010239417594602340e+00
7.900000000000000000e+02 2.010268582692491979e+00
7.910000000000000000e+02 2.010297743155244898e+00
7.920000000000000000e+02 2.010326898981399157e+00
7.930000000000000000e+02 2.010356050169491926e+00
7.940000000000000000e+02 2.010385196718059930e+00
7.950000000000000000e+02 2.010414338625640784e+00
7.960000000000000000e+02 2.010443475890771658e+00
7.970000000000000000e+02 2.010472608511989723e+00
7.980000000000000000e+02 2.010501736487832591e+00
7.990000000000000000e+02 2.010530859816837435e+00
8.000000000000000000e+02 2.010559978497540978e+00
8.010000000000000000e+02 2.010589092528480837e+00
8.020000000000000000e+02 2.010618201908194624e+00
8.030000000000000000e+02 2.010647306635219067e+00
8.040000000000000000e+02 2.010676406708091335e+00
8.050000000000000000e+02 2.010705502125349042e+00
8.060000000000000000e+02 2.010734592885528915e+00
8.070000000000000000e+02 2.010763678987169012e+00
8.080000000000000000e+02 2.010792760428806059e+00
8.090000000000000000e+02 2.010821837208977669e+00
8.100000000000000000e+02 2.010850909326220570e+00
8.110000000000000000e+02 2.010879976779072376e+00
8.120000000000000000e+02 2.010909039566069811e+00
8.130000000000000000e+02 2.010938097685750936e+00
8.140000000000000000e+02 2.010967151136652475e+00
8.150000000000000000e+02 2.010996199917312044e+00
8.160000000000000000e+02 2.011025244026266368e+00
8.170000000000000000e+02 2.011054283462053061e+00
8.180000000000000000e+02 2.011083318223209293e+00
8.190000000000000000e+02 2.011112348308272679e+00
8.200000000000000000e+02 2.011141373715779501e+00
8.210000000000000000e+02 2.011170394444267817e+00
8.220000000000000000e+02 2.011199410492274797e+00
8.230000000000000000e+02 2.011228421858337612e+00
8.240000000000000000e+02 2.011257428540993430e+00
8.250000000000000000e+02 2.011286430538779424e+00
8.260000000000000000e+02 2.011315427850232762e+00
8.270000000000000000e+02 2.011344420473891503e+00
8.280000000000000000e+02 2.011373408408291485e+00
8.290000000000000000e+02 2.011402391651971211e+00
8.300000000000000000e+02 2.011431370203467406e+00
8.310000000000000000e+02 2.011460344061317684e+00
8.320000000000000000e+02 2.011489313224058773e+00
8.330000000000000000e+02 2.011518277690227841e+00
8.340000000000000000e+02 2.011547237458362503e+00
8.350000000000000000e+02 2.011576192527000373e+00
8.360000000000000000e+02 2.011605142894677734e+00
8.370000000000000000e+02 2.011634088559932643e+00
8.380000000000000000e+02 2.011663029521302271e+00
8.390000000000000000e+02 2.011691965777323343e+00
8.400000000000000000e+02 2.011720897326533919e+00
8.410000000000000000e+02 2.011749824167470280e+00
8.420000000000000000e+02 2.011778746298670484e+00
8.430000000000000000e+02 2.011807663718671257e+00
8.440000000000000000e+02 2.011836576426009771e+00
8.450000000000000000e+02 2.011865484419224082e+00
8.460000000000000000e+02 2.011894387696850472e+00
8.470000000000000000e+02 2.011923286257427002e+00
8.480000000000000000e+02 2.011952180099490395e+00
8.490000000000000000e+02 2.011981069221578267e+00
8.500000000000000000e+02 2.012009953622227343e+00
8.510000000000000000e+02 2.012038833299975238e+00
8.520000000000000000e+02 2.012067708253359122e+00
8.530000000000000000e+02 2.012096578480916609e+00
8.540000000000000000e+02 2.012125443981184425e+00
8.550000000000000000e+02 2.012154304752699741e+00
8.560000000000000000e+02 2.012183160794000170e+00
8.570000000000000000e+02 2.012212012103623326e+00
8.580000000000000000e+02 2.012240858680105493e+00
8.590000000000000000e+02 2.012269700521984728e+00
8.600000000000000000e+02 2.012298537627797756e+00
8.610000000000000000e+02 2.012327369996082194e+00
8.620000000000000000e+02 2.012356197625374765e+00
8.630000000000000000e+02 2.012385020514213529e+00
8.640000000000000000e+02 2.012413838661135213e+00
8.650000000000000000e+02 2.012442652064676984e+00
8.660000000000000000e+02 2.012471460723376460e+00
8.670000000000000000e+02 2.012500264635770364e+00
8.680000000000000000e+02 2.012529063800396756e+00
8.690000000000000000e+02 2.012557858215791917e+00
8.700000000000000000e+02 2.012586647880493906e+00
8.710000000000000000e+02 2.012615432793039894e+00
8.720000000000000000e+02 2.012644212951966161e+00
8.730000000000000000e+02 2.012672988355811210e+00
8.740000000000000000e+02 2.012701759003111768e+00
8.750000000000000000e+02 2.012730524892405004e+00
8.760000000000000000e+02 2.012759286022228089e+00
8.770000000000000000e+02 2.012788042391118637e+00
8.780000000000000000e+02 2.012816793997613374e+00
8.790000000000000000e+02 2.012845540840249914e+00
8.800000000000000000e+02 2.012874282917565871e+00
8.810000000000000000e+02 2.012903020228097528e+00
8.820000000000000000e+02 2.012931752770382943e+00
8.830000000000000000e+02 2.012960480542959285e+00
8.840000000000000000e+02 2.012989203544363281e+00
8.850000000000000000e+02 2.013017921773132546e+00
8.860000000000000000e+02 2.013046635227804693e+00
8.870000000000000000e+02 2.013075343906916004e+00
8.880000000000000000e+02 2.013104047809004982e+00
8.890000000000000000e+02 2.013132746932607464e+00
8.900000000000000000e+02 2.013161441276261954e+00
8.910000000000000000e+02 2.013190130838505176e+00
8.920000000000000000e+02 2.013218815617874302e+00
8.930000000000000000e+02 2.013247495612906501e+00
8.940000000000000000e+02 2.013276170822139388e+00
8.950000000000000000e+02 2.013304841244109689e+00
8.960000000000000000e+02 2.013333506877355461e+00
8.970000000000000000e+02 2.013362167720412987e+00
8.980000000000000000e+02 2.013390823771820326e+00
8.990000000000000000e+02 2.013419475030114203e+00
9.000000000000000000e+02 2.013448121493832232e+00
9.010000000000000000e+02 2.013476763161511141e+00
9.020000000000000000e+02 2.013505400031688986e+00
9.030000000000000000e+02 2.013534032102902493e+00
9.040000000000000000e+02 2.013562659373688835e+00
9.050000000000000000e+02 2.013591281842585179e+00
9.060000000000000000e+02 2.013619899508129585e+00
9.070000000000000000e+02 2.013648512368858334e+00
9.080000000000000000e+02 2.013677120423309042e+00
9.090000000000000000e+02 2.013705723670018877e+00
9.100000000000000000e+02 2.013734322107525454e+00
9.110000000000000000e+02 2.013762915734365500e+00
9.120000000000000000e+02 2.013791504549077072e+00
9.130000000000000000e+02 2.013820088550196452e+00
9.140000000000000000e+02 2.013848667736261255e+00
9.150000000000000000e+02 2.013877242105808651e+00
9.160000000000000000e+02 2.013905811657376255e+00
9.170000000000000000e+02 2.013934376389501235e+00
9.180000000000000000e+02 2.013962936300720319e+00
9.190000000000000000e+02 2.013991491389571564e+00
9.200000000000000000e+02 2.014020041654591253e+00
9.210000000000000000e+02 2.014048587094317444e+00
9.220000000000000000e+02 2.014077127707286863e+00
9.230000000000000000e+02 2.014105663492037568e+00
9.240000000000000000e+02 2.014134194447105841e+00
9.250000000000000000e+02 2.014162720571029297e+00
9.260000000000000000e+02 2.014191241862345105e+00
9.270000000000000000e+02 2.014219758319590881e+00
9.280000000000000000e+02 2.014248269941303793e+00
9.290000000000000000e+02 2.014276776726020568e+00
9.300000000000000000e+02 2.014305278672278821e+00
9.310000000000000000e+02 2.014333775778615720e+00
9.320000000000000000e+02 2.014362268043568882e+00
9.330000000000000000e+02 2.014390755465675031e+00
9.340000000000000000e+02 2.014419238043471783e+00
9.350000000000000000e+02 2.014447715775496306e+00
9.360000000000000000e+02 2.014476188660285327e+00
9.370000000000000000e+02 2.014504656696376905e+00
9.380000000000000000e+02 2.014533119882308210e+00
9.390000000000000000e+02 2.014561578216615523e+00
9.400000000000000000e+02 2.014590031697837347e+00
9.410000000000000000e+02 2.014618480324510408e+00
9.420000000000000000e+02 2.014646924095171432e+00
9.430000000000000000e+02 2.014675363008358477e+00
9.440000000000000000e+02 2.014703797062608714e+00
9.450000000000000000e+02 2.014732226256458869e+00
9.460000000000000000e+02 2.014760650588446111e+00
9.470000000000000000e+02 2.014789070057108500e+00
9.480000000000000000e+02 2.014817484660982760e+00
9.490000000000000000e+02 2.014845894398606507e+00
9.500000000000000000e+02 2.014874299268516467e+00
9.510000000000000000e+02 2.014902699269249808e+00
9.520000000000000000e+02 2.014931094399344591e+00
9.530000000000000000e+02 2.014959484657337097e+00
9.540000000000000000e+02 2.014987870041765383e+00
9.550000000000000000e+02 2.015016250551166177e+00
9.560000000000000000e+02 2.015044626184077092e+00
9.570000000000000000e+02 2.015072996939034855e+00
9.580000000000000000e+02 2.015101362814577524e+00
9.590000000000000000e+02 2.015129723809241824e+00
9.600000000000000000e+02 2.015158079921564926e+00
9.610000000000000000e+02 2.015186431150084001e+00
9.620000000000000000e+02 2.015214777493336662e+00
9.630000000000000000e+02 2.015243118949860079e+00
9.640000000000000000e+02 2.015271455518191424e+00
9.650000000000000000e+02 2.015299787196867864e+00
9.660000000000000000e+02 2.015328113984427016e+00
9.670000000000000000e+02 2.015356435879405606e+00
9.680000000000000000e+02 2.015384752880341246e+00
9.690000000000000000e+02 2.015413064985770664e+00
9.700000000000000000e+02 2.015441372194231917e+00
9.710000000000000000e+02 2.015469674504261732e+00
9.720000000000000000e+02 2.015497971914397723e+00
9.730000000000000000e+02 2.015526264423176617e+00
9.740000000000000000e+02 2.015554552029136026e+00
9.750000000000000000e+02 2.015582834730813122e+00
9.760000000000000000e+02 2.015611112526745075e+00
9.770000000000000000e+02 2.015639385415469498e+00
9.780000000000000000e+02 2.015667653395523118e+00
9.790000000000000000e+02 2.015695916465443549e+00
9.800000000000000000e+02 2.015724174623767517e+00
9.810000000000000000e+02 2.015752427869033081e+00
9.820000000000000000e+02 2.015780676199776966e+00
9.830000000000000000e+02 2.015808919614536343e+00
9.840000000000000000e+02 2.015837158111848826e+00
9.850000000000000000e+02 2.015865391690251140e+00
9.860000000000000000e+02 2.015893620348281345e+00
9.870000000000000000e+02 2.015921844084476167e+00
9.880000000000000000e+02 2.015950062897372774e+00
9.890000000000000000e+02 2.015978276785508339e+00
9.900000000000000000e+02 2.016006485747420474e+00
9.910000000000000000e+02 2.016034689781646350e+00
9.920000000000000000e+02 2.016062888886723137e+00
9.930000000000000000e+02 2.016091083061188005e+00
9.940000000000000000e+02 2.016119272303578569e+00
9.950000000000000000e+02 2.016147456612431554e+00
9.960000000000000000e+02 2.016175635986284576e+00
9.970000000000000000e+02 2.016203810423674359e+00
9.980000000000000000e+02 2.016231979923138962e+00
9.990000000000000000e+02 2.016260144483215111e+00
1.000000000000000000e+03 2.016288304102440421e+00
1.001000000000000000e+03 2.016316458779351617e+00
1.002000000000000000e+03 2.016344608512486314e+00
1.003000000000000000e+03 2.016372753300381682e+00
1.004000000000000000e+03 2.016400893141574890e+00
1.005000000000000000e+03 2.016429028034603110e+00
1.006000000000000000e+03 2.016457157978003956e+00
1.007000000000000000e+03 2.016485282970314152e+00
1.008000000000000000e+03 2.016513403010071759e+00
1.009000000000000000e+03 2.016541518095813057e+00
1.010000000000000000e+03 2.016569628226076105e+00
1.011000000000000000e+03 2.016597733399397629e+00
1.012000000000000000e+03 2.016625833614314800e+00
1.013000000000000000e+03 2.016653928869365675e+00
1.014000000000000000e+03 2.016682019163086537e+00
1.015000000000000000e+03 2.016710104494015443e+00
1.016000000000000000e+03 2.016738184860688676e+00
1.017000000000000000e+03 2.016766260261644739e+00
1.018000000000000000e+03 2.016794330695419468e+00
1.019000000000000000e+03 2.016822396160551367e+00
1.020000000000000000e+03 2.016850456655577162e+00
1.021000000000000000e+03 2.016878512179034022e+00
