# order=14: data_wav [pixel], data_wavsolution [micron]
5.200000000000000000e+01 1.788869225256993767e+00
5.300000000000000000e+01 1.788898594073255355e+00
5.400000000000000000e+01 1.788927959078668861e+00
5.500000000000000000e+01 1.788957320273234730e+00
5.600000000000000000e+01 1.788986677656952518e+00
5.700000000000000000e+01 1.789016031229822445e+00
5.800000000000000000e+01 1.789045380991844514e+00
5.900000000000000000e+01 1.789074726943018501e+00
6.000000000000000000e+01 1.789104069083344850e+00
6.100000000000000000e+01 1.789133407412823118e+00
6.200000000000000000e+01 1.789162741931453526e+00
6.300000000000000000e+01 1.789192072639236075e+00
6.400000000000000000e+01 1.789221399536170765e+00
6.500000000000000000e+01 1.789250722622257372e+00
6.600000000000000000e+01 1.789280041897496121e+00
6.700000000000000000e+01 1.789309357361887232e+00
6.800000000000000000e+01 1.789338669015430039e+00
6.900000000000000000e+01 1.789367976858125209e+00
7.000000000000000000e+01 1.789397280889972519e+00
7.100000000000000000e+01 1.789426581110971748e+00
7.200000000000000000e+01 1.789455877521123117e+00
7.300000000000000000e+01 1.789485170120426627e+00
7.400000000000000000e+01 1.789514458908882277e+00
7.500000000000000000e+01 1.789543743886489846e+00
7.600000000000000000e+01 1.789573025053249777e+00
7.700000000000000000e+01 1.789602302409161627e+00
7.800000000000000000e+01 1.789631575954225617e+00
7.900000000000000000e+01 1.789660845688441748e+00
8.000000000000000000e+01 1.789690111611809797e+00
8.100000000000000000e+01 1.789719373724330209e+00
8.200000000000000000e+01 1.789748632026002539e+00
8.300000000000000000e+01 1.789777886516827010e+00
8.400000000000000000e+01 1.789807137196803621e+00
8.500000000000000000e+01 1.789836384065932151e+00
8.600000000000000000e+01 1.789865627124213043e+00
8.700000000000000000e+01 1.789894866371645854e+00
8.800000000000000000e+01 1.789924101808230805e+00
8.900000000000000000e+01 1.789953333433967897e+00
9.000000000000000000e+01 1.789982561248856907e+00
9.100000000000000000e+01 1.790011785252898280e+00
9.200000000000000000e+01 1.790041005446091571e+00
9.300000000000000000e+01 1.790070221828437003e+00
9.400000000000000000e+01 1.790099434399934575e+00
9.500000000000000000e+01 1.790128643160584287e+00
9.600000000000000000e+01 1.790157848110385919e+00
9.700000000000000000e+01 1.790187049249339690e+00
9.800000000000000000e+01 1.790216246577445824e+00
9.900000000000000000e+01 1.790245440094703655e+00
1.000000000000000000e+02 1.790274629801113848e+00
1.010000000000000000e+02 1.790303815696676182e+00
1.020000000000000000e+02 1.790332997781390434e+00
1.030000000000000000e+02 1.790362176055256827e+00
1.040000000000000000e+02 1.790391350518275360e+00
1.050000000000000000e+02 1.790420521170446033e+00
1.060000000000000000e+02 1.790449688011768625e+00
1.070000000000000000e+02 1.790478851042243580e+00
1.080000000000000000e+02 1.790508010261870453e+00
1.090000000000000000e+02 1.790537165670649467e+00
1.100000000000000000e+02 1.790566317268580621e+00
1.110000000000000000e+02 1.790595465055663693e+00
1.120000000000000000e+02 1.790624609031899128e+00
1.130000000000000000e+02 1.790653749197286482e+00
1.140000000000000000e+02 1.790682885551825976e+00
1.150000000000000000e+02 1.790712018095517610e+00
1.160000000000000000e+02 1.790741146828361163e+00
1.170000000000000000e+02 1.790770271750357079e+00
1.180000000000000000e+02 1.790799392861504913e+00
1.190000000000000000e+02 1.790828510161804887e+00
1.200000000000000000e+02 1.790857623651257002e+00
1.210000000000000000e+02 1.790886733329861258e+00
1.220000000000000000e+02 1.790915839197617432e+00
1.230000000000000000e+02 1.790944941254525746e+00
1.240000000000000000e+02 1.790974039500586201e+00
1.250000000000000000e+02 1.791003133935798797e+00
1.260000000000000000e+02 1.791032224560163533e+00
1.270000000000000000e+02 1.791061311373680409e+00
1.280000000000000000e+02 1.791090394376349204e+00
1.290000000000000000e+02 1.791119473568170140e+00
1.300000000000000000e+02 1.791148548949143215e+00
1.310000000000000000e+02 1.791177620519268432e+00
1.320000000000000000e+02 1.791206688278545567e+00
1.330000000000000000e+02 1.791235752226974842e+00
1.340000000000000000e+02 1.791264812364556480e+00
1.350000000000000000e+02 1.791293868691290037e+00
1.360000000000000000e+02 1.791322921207175511e+00
1.370000000000000000e+02 1.791351969912213349e+00
1.380000000000000000e+02 1.791381014806403105e+00
1.390000000000000000e+02 1.791410055889745001e+00
1.400000000000000000e+02 1.791439093162239038e+00
1.410000000000000000e+02 1.791468126623885215e+00
1.420000000000000000e+02 1.791497156274683533e+00
1.430000000000000000e+02 1.791526182114633770e+00
1.440000000000000000e+02 1.791555204143736146e+00
1.450000000000000000e+02 1.791584222361990664e+00
1.460000000000000000e+02 1.791613236769397322e+00
1.470000000000000000e+02 1.791642247365956120e+00
1.480000000000000000e+02 1.791671254151666837e+00
1.490000000000000000e+02 1.791700257126529916e+00
1.500000000000000000e+02 1.791729256290544914e+00
1.510000000000000000e+02 1.791758251643712052e+00
1.520000000000000000e+02 1.791787243186031109e+00
1.530000000000000000e+02 1.791816230917502528e+00
1.540000000000000000e+02 1.791845214838125866e+00
1.550000000000000000e+02 1.791874194947901344e+00
1.560000000000000000e+02 1.791903171246828963e+00
1.570000000000000000e+02 1.791932143734908722e+00
1.580000000000000000e+02 1.791961112412140400e+00
1.590000000000000000e+02 1.791990077278524218e+00
1.600000000000000000e+02 1.792019038334060399e+00
1.610000000000000000e+02 1.792047995578748498e+00
1.620000000000000000e+02 1.792076949012588516e+00
1.630000000000000000e+02 1.792105898635580896e+00
1.640000000000000000e+02 1.792134844447725195e+00
1.650000000000000000e+02 1.792163786449021634e+00
1.660000000000000000e+02 1.792192724639470214e+00
1.670000000000000000e+02 1.792221659019070934e+00
1.680000000000000000e+02 1.792250589587823795e+00
1.690000000000000000e+02 1.792279516345728574e+00
1.700000000000000000e+02 1.792308439292785494e+00
1.710000000000000000e+02 1.792337358428994554e+00
1.720000000000000000e+02 1.792366273754355754e+00
1.730000000000000000e+02 1.792395185268869096e+00
1.740000000000000000e+02 1.792424092972534355e+00
1.750000000000000000e+02 1.792452996865351755e+00
1.760000000000000000e+02 1.792481896947321296e+00
1.770000000000000000e+02 1.792510793218442977e+00
1.780000000000000000e+02 1.792539685678716799e+00
1.790000000000000000e+02 1.792568574328142539e+00
1.800000000000000000e+02 1.792597459166720419e+00
1.810000000000000000e+02 1.792626340194450663e+00
1.820000000000000000e+02 1.792655217411332602e+00
1.830000000000000000e+02 1.792684090817366904e+00
1.840000000000000000e+02 1.792712960412553347e+00
1.850000000000000000e+02 1.792741826196891708e+00
1.860000000000000000e+02 1.792770688170382209e+00
1.870000000000000000e+02 1.792799546333024852e+00
1.880000000000000000e+02 1.792828400684819634e+00
1.890000000000000000e+02 1.792857251225766335e+00
1.900000000000000000e+02 1.792886097955865177e+00
1.910000000000000000e+02 1.792914940875116381e+00
1.920000000000000000e+02 1.792943779983519281e+00
1.930000000000000000e+02 1.792972615281074544e+00
1.940000000000000000e+02 1.793001446767781948e+00
1.950000000000000000e+02 1.793030274443641270e+00
1.960000000000000000e+02 1.793059098308652732e+00
1.970000000000000000e+02 1.793087918362816335e+00
1.980000000000000000e+02 1.793116734606132079e+00
1.990000000000000000e+02 1.793145547038599963e+00
2.000000000000000000e+02 1.793174355660219765e+00
2.010000000000000000e+02 1.793203160470991708e+00
2.020000000000000000e+02 1.793231961470915792e+00
2.030000000000000000e+02 1.793260758659992016e+00
2.040000000000000000e+02 1.793289552038220380e+00
2.050000000000000000e+02 1.793318341605600663e+00
2.060000000000000000e+02 1.793347127362133087e+00
2.070000000000000000e+02 1.793375909307817651e+00
2.080000000000000000e+02 1.793404687442654355e+00
2.090000000000000000e+02 1.793433461766643200e+00
2.100000000000000000e+02 1.793462232279783963e+00
2.110000000000000000e+02 1.793490998982077089e+00
2.120000000000000000e+02 1.793519761873522134e+00
2.130000000000000000e+02 1.793548520954119319e+00
2.140000000000000000e+02 1.793577276223868422e+00
2.150000000000000000e+02 1.793606027682769888e+00
2.160000000000000000e+02 1.793634775330823272e+00
2.170000000000000000e+02 1.793663519168028797e+00
2.180000000000000000e+02 1.793692259194386462e+00
2.190000000000000000e+02 1.793720995409896268e+00
2.200000000000000000e+02 1.793749727814557993e+00
2.210000000000000000e+02 1.793778456408372080e+00
2.220000000000000000e+02 1.793807181191338085e+00
2.230000000000000000e+02 1.793835902163456231e+00
2.240000000000000000e+02 1.793864619324726295e+00
2.250000000000000000e+02 1.793893332675148722e+00
2.260000000000000000e+02 1.793922042214723067e+00
2.270000000000000000e+02 1.793950747943449775e+00
2.280000000000000000e+02 1.793979449861328401e+00
2.290000000000000000e+02 1.794008147968358946e+00
2.300000000000000000e+02 1.794036842264541853e+00
2.310000000000000000e+02 1.794065532749876679e+00
2.320000000000000000e+02 1.794094219424363867e+00
2.330000000000000000e+02 1.794122902288002974e+00
2.340000000000000000e+02 1.794151581340793999e+00
2.350000000000000000e+02 1.794180256582737387e+00
2.360000000000000000e+02 1.794208928013832693e+00
2.370000000000000000e+02 1.794237595634080362e+00
2.380000000000000000e+02 1.794266259443479949e+00
2.390000000000000000e+02 1.794294919442031677e+00
2.400000000000000000e+02 1.794323575629735323e+00
2.410000000000000000e+02 1.794352228006591332e+00
2.420000000000000000e+02 1.794380876572599259e+00
2.430000000000000000e+02 1.794409521327759327e+00
2.440000000000000000e+02 1.794438162272071535e+00
2.450000000000000000e+02 1.794466799405535884e+00
2.460000000000000000e+02 1.794495432728152151e+00
2.470000000000000000e+02 1.794524062239920559e+00
2.480000000000000000e+02 1.794552687940841329e+00
2.490000000000000000e+02 1.794581309830914018e+00
2.500000000000000000e+02 1.794609927910138625e+00
2.510000000000000000e+02 1.794638542178515594e+00
2.520000000000000000e+02 1.794667152636044483e+00
2.530000000000000000e+02 1.794695759282725511e+00
2.540000000000000000e+02 1.794724362118558680e+00
2.550000000000000000e+02 1.794752961143543990e+00
2.560000000000000000e+02 1.794781556357681440e+00
2.570000000000000000e+02 1.794810147760970809e+00
2.580000000000000000e+02 1.794838735353412318e+00
2.590000000000000000e+02 1.794867319135005967e+00
2.600000000000000000e+02 1.794895899105751758e+00
2.610000000000000000e+02 1.794924475265649688e+00
2.620000000000000000e+02 1.794953047614699537e+00
2.630000000000000000e+02 1.794981616152901527e+00
2.640000000000000000e+02 1.795010180880255657e+00
2.650000000000000000e+02 1.795038741796761927e+00
2.660000000000000000e+02 1.795067298902420339e+00
2.670000000000000000e+02 1.795095852197230668e+00
2.680000000000000000e+02 1.795124401681193138e+00
2.690000000000000000e+02 1.795152947354307749e+00
2.700000000000000000e+02 1.795181489216574500e+00
2.710000000000000000e+02 1.795210027267993391e+00
2.720000000000000000e+02 1.795238561508564201e+00
2.730000000000000000e+02 1.795267091938287374e+00
2.740000000000000000e+02 1.795295618557162465e+00
2.750000000000000000e+02 1.795324141365189696e+00
2.760000000000000000e+02 1.795352660362368846e+00
2.770000000000000000e+02 1.795381175548700359e+00
2.780000000000000000e+02 1.795409686924183790e+00
2.790000000000000000e+02 1.795438194488819361e+00
2.800000000000000000e+02 1.795466698242607073e+00
2.810000000000000000e+02 1.795495198185546926e+00
2.820000000000000000e+02 1.795523694317638919e+00
2.830000000000000000e+02 1.795552186638882830e+00
2.840000000000000000e+02 1.795580675149278882e+00
2.850000000000000000e+02 1.795609159848827074e+00
2.860000000000000000e+02 1.795637640737527407e+00
2.870000000000000000e+02 1.795666117815379659e+00
2.880000000000000000e+02 1.795694591082384273e+00
2.890000000000000000e+02 1.795723060538540805e+00
2.900000000000000000e+02 1.795751526183849478e+00
2.910000000000000000e+02 1.795779988018310291e+00
2.920000000000000000e+02 1.795808446041923023e+00
2.930000000000000000e+02 1.795836900254688118e+00
2.940000000000000000e+02 1.795865350656605131e+00
2.950000000000000000e+02 1.795893797247674284e+00
2.960000000000000000e+02 1.795922240027895578e+00
2.970000000000000000e+02 1.795950678997269012e+00
2.980000000000000000e+02 1.795979114155794365e+00
2.990000000000000000e+02 1.796007545503471858e+00
3.000000000000000000e+02 1.796035973040301492e+00
3.010000000000000000e+02 1.796064396766283267e+00
3.020000000000000000e+02 1.796092816681417181e+00
3.030000000000000000e+02 1.796121232785703015e+00
3.040000000000000000e+02 1.796149645079141211e+00
3.050000000000000000e+02 1.796178053561731325e+00
3.060000000000000000e+02 1.796206458233473580e+00
3.070000000000000000e+02 1.796234859094367753e+00
3.080000000000000000e+02 1.796263256144414289e+00
3.090000000000000000e+02 1.796291649383612743e+00
3.100000000000000000e+02 1.796320038811963338e+00
3.110000000000000000e+02 1.796348424429466073e+00
3.120000000000000000e+02 1.796376806236120949e+00
3.130000000000000000e+02 1.796405184231927965e+00
3.140000000000000000e+02 1.796433558416886900e+00
3.150000000000000000e+02 1.796461928790997975e+00
3.160000000000000000e+02 1.796490295354261191e+00
3.170000000000000000e+02 1.796518658106676547e+00
3.180000000000000000e+02 1.796547017048244044e+00
3.190000000000000000e+02 1.796575372178963459e+00
3.200000000000000000e+02 1.796603723498835015e+00
3.210000000000000000e+02 1.796632071007858711e+00
3.220000000000000000e+02 1.796660414706034548e+00
3.230000000000000000e+02 1.796688754593362525e+00
3.240000000000000000e+02 1.796717090669842420e+00
3.250000000000000000e+02 1.796745422935474457e+00
3.260000000000000000e+02 1.796773751390258633e+00
3.270000000000000000e+02 1.796802076034194950e+00
3.280000000000000000e+02 1.796830396867283408e+00
3.290000000000000000e+02 1.796858713889523784e+00
3.300000000000000000e+02 1.796887027100916523e+00
3.310000000000000000e+02 1.796915336501461180e+00
3.320000000000000000e+02 1.796943642091157978e+00
3.330000000000000000e+02 1.796971943870006694e+00
3.340000000000000000e+02 1.797000241838007772e+00
3.350000000000000000e+02 1.797028535995160770e+00
3.360000000000000000e+02 1.797056826341465907e+00
3.370000000000000000e+02 1.797085112876923185e+00
3.380000000000000000e+02 1.797113395601532604e+00
3.390000000000000000e+02 1.797141674515293941e+00
3.400000000000000000e+02 1.797169949618207641e+00
3.410000000000000000e+02 1.797198220910273259e+00
3.420000000000000000e+02 1.797226488391491017e+00
3.430000000000000000e+02 1.797254752061860916e+00
3.440000000000000000e+02 1.797283011921382734e+00
3.450000000000000000e+02 1.797311267970056692e+00
3.460000000000000000e+02 1.797339520207883012e+00
3.470000000000000000e+02 1.797367768634861251e+00
3.480000000000000000e+02 1.797396013250991409e+00
3.490000000000000000e+02 1.797424254056273929e+00
3.500000000000000000e+02 1.797452491050708367e+00
3.510000000000000000e+02 1.797480724234295169e+00
3.520000000000000000e+02 1.797508953607033888e+00
3.530000000000000000e+02 1.797537179168924526e+00
3.540000000000000000e+02 1.797565400919967527e+00
3.550000000000000000e+02 1.797593618860162668e+00
3.560000000000000000e+02 1.797621832989509727e+00
3.570000000000000000e+02 1.797650043308008927e+00
3.580000000000000000e+02 1.797678249815660267e+00
3.590000000000000000e+02 1.797706452512463526e+00
3.600000000000000000e+02 1.797734651398419148e+00
3.610000000000000000e+02 1.797762846473526688e+00
3.620000000000000000e+02 1.797791037737786368e+00
3.630000000000000000e+02 1.797819225191198189e+00
3.640000000000000000e+02 1.797847408833762151e+00
3.650000000000000000e+02 1.797875588665478030e+00
3.660000000000000000e+02 1.797903764686346273e+00
3.670000000000000000e+02 1.797931936896366434e+00
3.680000000000000000e+02 1.797960105295538735e+00
3.690000000000000000e+02 1.797988269883862955e+00
3.700000000000000000e+02 1.798016430661339538e+00
3.710000000000000000e+02 1.798044587627968038e+00
3.720000000000000000e+02 1.798072740783748680e+00
3.730000000000000000e+02 1.798100890128681462e+00
3.740000000000000000e+02 1.798129035662766384e+00
3.750000000000000000e+02 1.798157177386003447e+00
3.760000000000000000e+02 1.798185315298392428e+00
3.770000000000000000e+02 1.798213449399933550e+00
3.780000000000000000e+02 1.798241579690626812e+00
3.790000000000000000e+02 1.798269706170472215e+00
3.800000000000000000e+02 1.798297828839469759e+00
3.810000000000000000e+02 1.798325947697619220e+00
3.820000000000000000e+02 1.798354062744920823e+00
3.830000000000000000e+02 1.798382173981374565e+00
3.840000000000000000e+02 1.798410281406980449e+00
3.850000000000000000e+02 1.798438385021738473e+00
3.860000000000000000e+02 1.798466484825648415e+00
3.870000000000000000e+02 1.798494580818710720e+00
3.880000000000000000e+02 1.798522673000924943e+00
3.890000000000000000e+02 1.798550761372291307e+00
3.900000000000000000e+02 1.798578845932809589e+00
3.910000000000000000e+02 1.798606926682480234e+00
3.920000000000000000e+02 1.798635003621302797e+00
3.930000000000000000e+02 1.798663076749277501e+00
3.940000000000000000e+02 1.798691146066404345e+00
3.950000000000000000e+02 1.798719211572683330e+00
3.960000000000000000e+02 1.798747273268114233e+00
3.970000000000000000e+02 1.798775331152697499e+00
3.980000000000000000e+02 1.798803385226432683e+00
3.990000000000000000e+02 1.798831435489320008e+00
4.000000000000000000e+02 1.798859481941359251e+00
4.010000000000000000e+02 1.798887524582550856e+00
4.020000000000000000e+02 1.798915563412894381e+00
4.030000000000000000e+02 1.798943598432390045e+00
4.040000000000000000e+02 1.798971629641037850e+00
4.050000000000000000e+02 1.798999657038837796e+00
4.060000000000000000e+02 1.799027680625789882e+00
4.070000000000000000e+02 1.799055700401893887e+00
4.080000000000000000e+02 1.799083716367150032e+00
4.090000000000000000e+02 1.799111728521558318e+00
4.100000000000000000e+02 1.799139736865118744e+00
4.110000000000000000e+02 1.799167741397831310e+00
4.120000000000000000e+02 1.799195742119695796e+00
4.130000000000000000e+02 1.799223739030712421e+00
4.140000000000000000e+02 1.799251732130881187e+00
4.150000000000000000e+02 1.799279721420202094e+00
4.160000000000000000e+02 1.799307706898675141e+00
4.170000000000000000e+02 1.799335688566300107e+00
4.180000000000000000e+02 1.799363666423077435e+00
4.190000000000000000e+02 1.799391640469006681e+00
4.200000000000000000e+02 1.799419610704088068e+00
4.210000000000000000e+02 1.799447577128321374e+00
4.220000000000000000e+02 1.799475539741707042e+00
4.230000000000000000e+02 1.799503498544244628e+00
4.240000000000000000e+02 1.799531453535934356e+00
4.250000000000000000e+02 1.799559404716776223e+00
4.260000000000000000e+02 1.799587352086770231e+00
4.270000000000000000e+02 1.799615295645916158e+00
4.280000000000000000e+02 1.799643235394214447e+00
4.290000000000000000e+02 1.799671171331664654e+00
4.300000000000000000e+02 1.799699103458267002e+00
4.310000000000000000e+02 1.799727031774021491e+00
4.320000000000000000e+02 1.799754956278927898e+00
4.330000000000000000e+02 1.799782876972986445e+00
4.340000000000000000e+02 1.799810793856197355e+00
4.350000000000000000e+02 1.799838706928560184e+00
4.360000000000000000e+02 1.799866616190074931e+00
4.370000000000000000e+02 1.799894521640742040e+00
4.380000000000000000e+02 1.799922423280561068e+00
4.390000000000000000e+02 1.799950321109532458e+00
4.400000000000000000e+02 1.799978215127655767e+00
4.410000000000000000e+02 1.800006105334930995e+00
4.420000000000000000e+02 1.800033991731358585e+00
4.430000000000000000e+02 1.800061874316938315e+00
4.440000000000000000e+02 1.800089753091669964e+00
4.450000000000000000e+02 1.800117628055553753e+00
4.460000000000000000e+02 1.800145499208589683e+00
4.470000000000000000e+02 1.800173366550777532e+00
4.480000000000000000e+02 1.800201230082117743e+00
4.490000000000000000e+02 1.800229089802609872e+00
4.500000000000000000e+02 1.800256945712254142e+00
4.510000000000000000e+02 1.800284797811050552e+00
4.520000000000000000e+02 1.800312646098999103e+00
4.530000000000000000e+02 1.800340490576099572e+00
4.540000000000000000e+02 1.800368331242352404e+00
4.550000000000000000e+02 1.800396168097757155e+00
4.560000000000000000e+02 1.800424001142314046e+00
4.570000000000000000e+02 1.800451830376022855e+00
4.580000000000000000e+02 1.800479655798884027e+00
4.590000000000000000e+02 1.800507477410897117e+00
4.600000000000000000e+02 1.800535295212062348e+00
4.610000000000000000e+02 1.800563109202379719e+00
4.620000000000000000e+02 1.800590919381849231e+00
4.630000000000000000e+02 1.800618725750470883e+00
4.640000000000000000e+02 1.800646528308244454e+00
4.650000000000000000e+02 1.800674327055170165e+00
4.660000000000000000e+02 1.800702121991248017e+00
4.670000000000000000e+02 1.800729913116478009e+00
4.680000000000000000e+02 1.800757700430860142e+00
4.690000000000000000e+02 1.800785483934394193e+00
4.700000000000000000e+02 1.800813263627080385e+00
4.710000000000000000e+02 1.800841039508918717e+00
4.720000000000000000e+02 1.800868811579909190e+00
4.730000000000000000e+02 1.800896579840051803e+00
4.740000000000000000e+02 1.800924344289346335e+00
4.750000000000000000e+02 1.800952104927793007e+00
4.760000000000000000e+02 1.800979861755391820e+00
4.770000000000000000e+02 1.801007614772142773e+00
4.780000000000000000e+02 1.801035363978045867e+00
4.790000000000000000e+02 1.801063109373100879e+00
4.800000000000000000e+02 1.801090850957308254e+00
4.810000000000000000e+02 1.801118588730667547e+00
4.820000000000000000e+02 1.801146322693178981e+00
4.830000000000000000e+02 1.801174052844842333e+00
4.840000000000000000e+02 1.801201779185658047e+00
4.850000000000000000e+02 1.801229501715625680e+00
4.860000000000000000e+02 1.801257220434745454e+00
4.870000000000000000e+02 1.801284935343017368e+00
4.880000000000000000e+02 1.801312646440441423e+00
4.890000000000000000e+02 1.801340353727017618e+00
4.900000000000000000e+02 1.801368057202745732e+00
4.910000000000000000e+02 1.801395756867625986e+00
4.920000000000000000e+02 1.801423452721658380e+00
4.930000000000000000e+02 1.801451144764842915e+00
4.940000000000000000e+02 1.801478832997179369e+00
4.950000000000000000e+02 1.801506517418668185e+00
4.960000000000000000e+02 1.801534198029308920e+00
4.970000000000000000e+02 1.801561874829101795e+00
4.980000000000000000e+02 1.801589547818046810e+00
4.990000000000000000e+02 1.801617216996143744e+00
5.000000000000000000e+02 1.801644882363393041e+00
5.010000000000000000e+02 1.801672543919794256e+00
5.020000000000000000e+02 1.801700201665347612e+00
5.030000000000000000e+02 1.801727855600053108e+00
5.040000000000000000e+02 1.801755505723910744e+00
5.050000000000000000e+02 1.801783152036920299e+00
5.060000000000000000e+02 1.801810794539081995e+00
5.070000000000000000e+02 1.801838433230395831e+00
5.080000000000000000e+02 1.801866068110861807e+00
5.090000000000000000e+02 1.801893699180479924e+00
5.100000000000000000e+02 1.801921326439249960e+00
5.110000000000000000e+02 1.801948949887172358e+00
5.120000000000000000e+02 1.801976569524246674e+00
5.130000000000000000e+02 1.802004185350473131e+00
5.140000000000000000e+02 1.802031797365851506e+00
5.150000000000000000e+02 1.802059405570382244e+00
5.160000000000000000e+02 1.802087009964064901e+00
5.170000000000000000e+02 1.802114610546899698e+00
5.180000000000000000e+02 1.802142207318886635e+00
5.190000000000000000e+02 1.802169800280025713e+00
5.200000000000000000e+02 1.802197389430316932e+00
5.210000000000000000e+02 1.802224974769760069e+00
5.220000000000000000e+02 1.802252556298355346e+00
5.230000000000000000e+02 1.802280134016102764e+00
5.240000000000000000e+02 1.802307707923002322e+00
5.250000000000000000e+02 1.802335278019054021e+00
5.260000000000000000e+02 1.802362844304257639e+00
5.270000000000000000e+02 1.802390406778613396e+00
5.280000000000000000e+02 1.802417965442121295e+00
5.290000000000000000e+02 1.802445520294781334e+00
5.300000000000000000e+02 1.802473071336593513e+00
5.310000000000000000e+02 1.802500618567557611e+00
5.320000000000000000e+02 1.802528161987673849e+00
5.330000000000000000e+02 1.802555701596942228e+00
5.340000000000000000e+02 1.802583237395362747e+00
5.350000000000000000e+02 1.802610769382935407e+00
5.360000000000000000e+02 1.802638297559659986e+00
5.370000000000000000e+02 1.802665821925536926e+00
5.380000000000000000e+02 1.802693342480565786e+00
5.390000000000000000e+02 1.802720859224746786e+00
5.400000000000000000e+02 1.802748372158079704e+00
5.410000000000000000e+02 1.802775881280564985e+00
5.420000000000000000e+02 1.802803386592202184e+00
5.430000000000000000e+02 1.802830888092991524e+00
5.440000000000000000e+02 1.802858385782933004e+00
5.450000000000000000e+02 1.802885879662026625e+00
5.460000000000000000e+02 1.802913369730272164e+00
5.470000000000000000e+02 1.802940855987670066e+00
5.480000000000000000e+02 1.802968338434219886e+00
5.490000000000000000e+02 1.802995817069921847e+00
5.500000000000000000e+02 1.803023291894775726e+00
5.510000000000000000e+02 1.803050762908781968e+00
5.520000000000000000e+02 1.803078230111940128e+00
5.530000000000000000e+02 1.803105693504250651e+00
5.540000000000000000e+02 1.803133153085713092e+00
5.550000000000000000e+02 1.803160608856327451e+00
5.560000000000000000e+02 1.803188060816094174e+00
5.570000000000000000e+02 1.803215508965012814e+00
5.580000000000000000e+02 1.803242953303083818e+00
5.590000000000000000e+02 1.803270393830306739e+00
5.600000000000000000e+02 1.803297830546681579e+00
5.610000000000000000e+02 1.803325263452208782e+00
5.620000000000000000e+02 1.803352692546888125e+00
5.630000000000000000e+02 1.803380117830719387e+00
5.640000000000000000e+02 1.803407539303702789e+00
5.650000000000000000e+02 1.803434956965838332e+00
5.660000000000000000e+02 1.803462370817125793e+00
5.670000000000000000e+02 1.803489780857565616e+00
5.680000000000000000e+02 1.803517187087157359e+00
5.690000000000000000e+02 1.803544589505901241e+00
5.700000000000000000e+02 1.803571988113797264e+00
5.710000000000000000e+02 1.803599382910845428e+00
5.720000000000000000e+02 1.803626773897045510e+00
5.730000000000000000e+02 1.803654161072397955e+00
5.740000000000000000e+02 1.803681544436902318e+00
5.750000000000000000e+02 1.803708923990558821e+00
5.760000000000000000e+02 1.803736299733367243e+00
5.770000000000000000e+02 1.803763671665328028e+00
5.780000000000000000e+02 1.803791039786440731e+00
5.790000000000000000e+02 1.803818404096705574e+00
5.800000000000000000e+02 1.803845764596122558e+00
5.810000000000000000e+02 1.803873121284691683e+00
5.820000000000000000e+02 1.803900474162412948e+00
5.830000000000000000e+02 1.803927823229286131e+00
5.840000000000000000e+02 1.803955168485311455e+00
5.850000000000000000e+02 1.803982509930488920e+00
5.860000000000000000e+02 1.804009847564818525e+00
5.870000000000000000e+02 1.804037181388300271e+00
5.880000000000000000e+02 1.804064511400933934e+00
5.890000000000000000e+02 1.804091837602719739e+00
5.900000000000000000e+02 1.804119159993657684e+00
5.910000000000000000e+02 1.804146478573747769e+00
5.920000000000000000e+02 1.804173793342989995e+00
5.930000000000000000e+02 1.804201104301384140e+00
5.940000000000000000e+02 1.804228411448930647e+00
5.950000000000000000e+02 1.804255714785629072e+00
5.960000000000000000e+02 1.804283014311479416e+00
5.970000000000000000e+02 1.804310310026482123e+00
5.980000000000000000e+02 1.804337601930636970e+00
5.990000000000000000e+02 1.804364890023943735e+00
6.000000000000000000e+02 1.804392174306402641e+00
6.010000000000000000e+02 1.804419454778013687e+00
6.020000000000000000e+02 1.804446731438776874e+00
6.030000000000000000e+02 1.804474004288691980e+00
6.040000000000000000e+02 1.804501273327759225e+00
6.050000000000000000e+02 1.804528538555978834e+00
6.060000000000000000e+02 1.804555799973350361e+00
6.070000000000000000e+02 1.804583057579873806e+00
6.080000000000000000e+02 1.804610311375549614e+00
6.090000000000000000e+02 1.804637561360377340e+00
6.100000000000000000e+02 1.804664807534357207e+00
6.110000000000000000e+02 1.804692049897489214e+00
6.120000000000000000e+02 1.804719288449773362e+00
6.130000000000000000e+02 1.804746523191209651e+00
6.140000000000000000e+02 1.804773754121797857e+00
6.150000000000000000e+02 1.804800981241538205e+00
6.160000000000000000e+02 1.804828204550430693e+00
6.170000000000000000e+02 1.804855424048475321e+00
6.180000000000000000e+02 1.804882639735672090e+00
6.190000000000000000e+02 1.804909851612020777e+00
6.200000000000000000e+02 1.804937059677521605e+00
6.210000000000000000e+02 1.804964263932174573e+00
6.220000000000000000e+02 1.804991464375979682e+00
6.230000000000000000e+02 1.805018661008936931e+00
6.240000000000000000e+02 1.805045853831046099e+00
6.250000000000000000e+02 1.805073042842307629e+00
6.260000000000000000e+02 1.805100228042721078e+00
6.270000000000000000e+02 1.805127409432286667e+00
6.280000000000000000e+02 1.805154587011004175e+00
6.290000000000000000e+02 1.805181760778874045e+00
6.300000000000000000e+02 1.805208930735895834e+00
6.310000000000000000e+02 1.805236096882069763e+00
6.320000000000000000e+02 1.805263259217395833e+00
6.330000000000000000e+02 1.805290417741874043e+00
6.340000000000000000e+02 1.805317572455504171e+00
6.350000000000000000e+02 1.805344723358286663e+00
6.360000000000000000e+02 1.805371870450221072e+00
6.370000000000000000e+02 1.805399013731307623e+00
6.380000000000000000e+02 1.805426153201546091e+00
6.390000000000000000e+02 1.805453288860936922e+00
6.400000000000000000e+02 1.805480420709479672e+00
6.410000000000000000e+02 1.805507548747174784e+00
6.420000000000000000e+02 1.805534672974021593e+00
6.430000000000000000e+02 1.805561793390020764e+00
6.440000000000000000e+02 1.805588909995172076e+00
6.450000000000000000e+02 1.805616022789475306e+00
6.460000000000000000e+02 1.805643131772930676e+00
6.470000000000000000e+02 1.805670236945538409e+00
6.480000000000000000e+02 1.805697338307297839e+00
6.490000000000000000e+02 1.805724435858209631e+00
6.500000000000000000e+02 1.805751529598273342e+00
6.510000000000000000e+02 1.805778619527489415e+00
6.520000000000000000e+02 1.805805705645857406e+00
6.530000000000000000e+02 1.805832787953377538e+00
6.540000000000000000e+02 1.805859866450049589e+00
6.550000000000000000e+02 1.805886941135874002e+00
6.560000000000000000e+02 1.805914012010850334e+00
6.570000000000000000e+02 1.805941079074978806e+00
6.580000000000000000e+02 1.805968142328259418e+00
6.590000000000000000e+02 1.805995201770692171e+00
6.600000000000000000e+02 1.806022257402276843e+00
6.610000000000000000e+02 1.806049309223013655e+00
6.620000000000000000e+02 1.806076357232902829e+00
6.630000000000000000e+02 1.806103401431943700e+00
6.640000000000000000e+02 1.806130441820136934e+00
6.650000000000000000e+02 1.806157478397482308e+00
6.660000000000000000e+02 1.806184511163979600e+00
6.670000000000000000e+02 1.806211540119629033e+00
6.680000000000000000e+02 1.806238565264430607e+00
6.690000000000000000e+02 1.806265586598384321e+00
6.700000000000000000e+02 1.806292604121489953e+00
6.710000000000000000e+02 1.806319617833747948e+00
6.720000000000000000e+02 1.806346627735157861e+00
6.730000000000000000e+02 1.806373633825719915e+00
6.740000000000000000e+02 1.806400636105434110e+00
6.750000000000000000e+02 1.806427634574300223e+00
6.760000000000000000e+02 1.806454629232318698e+00
6.770000000000000000e+02 1.806481620079489092e+00
6.780000000000000000e+02 1.806508607115811627e+00
6.790000000000000000e+02 1.806535590341286301e+00
6.800000000000000000e+02 1.806562569755913117e+00
6.810000000000000000e+02 1.806589545359691851e+00
6.820000000000000000e+02 1.806616517152622725e+00
6.830000000000000000e+02 1.806643485134705740e+00
6.840000000000000000e+02 1.806670449305940895e+00
6.850000000000000000e+02 1.806697409666328191e+00
6.860000000000000000e+02 1.806724366215867406e+00
6.870000000000000000e+02 1.806751318954558982e+00
6.880000000000000000e+02 1.806778267882402478e+00
6.890000000000000000e+02 1.806805212999398114e+00
6.900000000000000000e+02 1.806832154305545668e+00
6.910000000000000000e+02 1.806859091800845585e+00
6.920000000000000000e+02 1.806886025485297420e+00
6.930000000000000000e+02 1.806912955358901396e+00
6.940000000000000000e+02 1.806939881421657512e+00
6.950000000000000000e+02 1.806966803673565769e+00
6.960000000000000000e+02 1.806993722114625944e+00
6.970000000000000000e+02 1.807020636744838482e+00
6.980000000000000000e+02 1.807047547564202938e+00
6.990000000000000000e+02 1.807074454572719535e+00
7.000000000000000000e+02 1.807101357770388272e+00
7.010000000000000000e+02 1.807128257157208928e+00
7.020000000000000000e+02 1.807155152733181946e+00
7.030000000000000000e+02 1.807182044498306883e+00
7.040000000000000000e+02 1.807208932452583960e+00
7.050000000000000000e+02 1.807235816596013178e+00
7.060000000000000000e+02 1.807262696928594314e+00
7.070000000000000000e+02 1.807289573450327813e+00
7.080000000000000000e+02 1.807316446161213230e+00
7.090000000000000000e+02 1.807343315061250788e+00
7.100000000000000000e+02 1.807370180150440486e+00
7.110000000000000000e+02 1.807397041428782103e+00
7.120000000000000000e+02 1.807423898896276082e+00
7.130000000000000000e+02 1.807450752552921980e+00
7.140000000000000000e+02 1.807477602398720018e+00
7.150000000000000000e+02 1.807504448433670197e+00
7.160000000000000000e+02 1.807531290657772516e+00
7.170000000000000000e+02 1.807558129071026753e+00
7.180000000000000000e+02 1.807584963673433354e+00
7.190000000000000000e+02 1.807611794464991872e+00
7.200000000000000000e+02 1.807638621445702531e+00
7.210000000000000000e+02 1.807665444615565109e+00
7.220000000000000000e+02 1.807692263974580049e+00
7.230000000000000000e+02 1.807719079522746908e+00
7.240000000000000000e+02 1.807745891260065907e+00
7.250000000000000000e+02 1.807772699186537047e+00
7.260000000000000000e+02 1.807799503302160327e+00
7.270000000000000000e+02 1.807826303606935525e+00
7.280000000000000000e+02 1.807853100100863086e+00
7.290000000000000000e+02 1.807879892783942566e+00
7.300000000000000000e+02 1.807906681656174186e+00
7.310000000000000000e+02 1.807933466717557947e+00
7.320000000000000000e+02 1.807960247968093626e+00
7.330000000000000000e+02 1.807987025407781667e+00
7.340000000000000000e+02 1.808013799036621627e+00
7.350000000000000000e+02 1.808040568854613728e+00
7.360000000000000000e+02 1.808067334861757969e+00
7.370000000000000000e+02 1.808094097058054128e+00
7.380000000000000000e+02 1.808120855443502650e+00
7.390000000000000000e+02 1.808147610018103091e+00
7.400000000000000000e+02 1.808174360781855672e+00
7.410000000000000000e+02 1.808201107734760393e+00
7.420000000000000000e+02 1.808227850876817255e+00
7.430000000000000000e+02 1.808254590208026036e+00
7.440000000000000000e+02 1.808281325728386957e+00
7.450000000000000000e+02 1.808308057437900018e+00
7.460000000000000000e+02 1.808334785336565220e+00
7.470000000000000000e+02 1.808361509424382563e+00
7.480000000000000000e+02 1.808388229701351824e+00
7.490000000000000000e+02 1.808414946167473447e+00
7.500000000000000000e+02 1.808441658822746989e+00
7.510000000000000000e+02 1.808468367667172672e+00
7.520000000000000000e+02 1.808495072700750494e+00
7.530000000000000000e+02 1.808521773923480236e+00
7.540000000000000000e+02 1.808548471335362118e+00
7.550000000000000000e+02 1.808575164936396362e+00
7.560000000000000000e+02 1.808601854726582303e+00
7.570000000000000000e+02 1.808628540705920607e+00
7.580000000000000000e+02 1.808655222874411050e+00
7.590000000000000000e+02 1.808681901232053413e+00
7.600000000000000000e+02 1.808708575778847916e+00
7.610000000000000000e+02 1.808735246514794559e+00
7.620000000000000000e+02 1.808761913439893343e+00
7.630000000000000000e+02 1.808788576554144267e+00
7.640000000000000000e+02 1.808815235857547110e+00
7.650000000000000000e+02 1.808841891350102093e+00
7.660000000000000000e+02 1.808868543031809217e+00
7.670000000000000000e+02 1.808895190902668482e+00
7.680000000000000000e+02 1.808921834962679887e+00
7.690000000000000000e+02 1.808948475211843210e+00
7.700000000000000000e+02 1.808975111650158674e+00
7.710000000000000000e+02 1.809001744277626500e+00
7.720000000000000000e+02 1.809028373094246023e+00
7.730000000000000000e+02 1.809054998100017908e+00
7.740000000000000000e+02 1.809081619294941934e+00
7.750000000000000000e+02 1.809108236679017878e+00
7.760000000000000000e+02 1.809134850252245963e+00
7.770000000000000000e+02 1.809161460014626188e+00
7.780000000000000000e+02 1.809188065966158332e+00
7.790000000000000000e+02 1.809214668106842838e+00
7.800000000000000000e+02 1.809241266436679263e+00
7.810000000000000000e+02 1.809267860955667828e+00
7.820000000000000000e+02 1.809294451663808534e+00
7.830000000000000000e+02 1.809321038561101380e+00
7.840000000000000000e+02 1.809347621647546367e+00
7.850000000000000000e+02 1.809374200923143272e+00
7.860000000000000000e+02 1.809400776387892318e+00
7.870000000000000000e+02 1.809427348041793504e+00
7.880000000000000000e+02 1.809453915884846831e+00
7.890000000000000000e+02 1.809480479917052076e+00
7.900000000000000000e+02 1.809507040138409684e+00
7.910000000000000000e+02 1.809533596548919210e+00
7.920000000000000000e+02 1.809560149148580876e+00
7.930000000000000000e+02 1.809586697937394684e+00
7.940000000000000000e+02 1.809613242915360409e+00
7.950000000000000000e+02 1.809639784082478497e+00
7.960000000000000000e+02 1.809666321438748504e+00
7.970000000000000000e+02 1.809692854984170651e+00
7.980000000000000000e+02 1.809719384718744939e+00
7.990000000000000000e+02 1.809745910642471367e+00
8.000000000000000000e+02 1.809772432755349714e+00
8.010000000000000000e+02 1.809798951057380201e+00
8.020000000000000000e+02 1.809825465548562828e+00
8.030000000000000000e+02 1.809851976228897596e+00
8.040000000000000000e+02 1.809878483098384505e+00
8.050000000000000000e+02 1.809904986157023332e+00
8.060000000000000000e+02 1.809931485404814522e+00
8.070000000000000000e+02 1.809957980841757630e+00
8.080000000000000000e+02 1.809984472467852878e+00
8.090000000000000000e+02 1.810010960283100045e+00
8.100000000000000000e+02 1.810037444287499575e+00
8.110000000000000000e+02 1.810063924481051023e+00
8.120000000000000000e+02 1.810090400863754612e+00
8.130000000000000000e+02 1.810116873435610341e+00
8.140000000000000000e+02 1.810143342196618210e+00
8.150000000000000000e+02 1.810169807146777998e+00
8.160000000000000000e+02 1.810196268286090149e+00
8.170000000000000000e+02 1.810222725614554218e+00
8.180000000000000000e+02 1.810249179132170427e+00
8.190000000000000000e+02 1.810275628838938777e+00
8.200000000000000000e+02 1.810302074734859046e+00
8.210000000000000000e+02 1.810328516819931677e+00
8.220000000000000000e+02 1.810354955094156226e+00
8.230000000000000000e+02 1.810381389557532916e+00
8.240000000000000000e+02 1.810407820210061747e+00
8.250000000000000000e+02 1.810434247051742496e+00
8.260000000000000000e+02 1.810460670082575607e+00
8.270000000000000000e+02 1.810487089302560637e+00
8.280000000000000000e+02 1.810513504711697808e+00
8.290000000000000000e+02 1.810539916309987118e+00
8.300000000000000000e+02 1.810566324097428570e+00
8.310000000000000000e+02 1.810592728074021940e+00
8.320000000000000000e+02 1.810619128239767450e+00
8.330000000000000000e+02 1.810645524594665101e+00
8.340000000000000000e+02 1.810671917138714893e+00
8.350000000000000000e+02 1.810698305871916824e+00
8.360000000000000000e+02 1.810724690794270675e+00
8.370000000000000000e+02 1.810751071905776888e+00
8.380000000000000000e+02 1.810777449206435019e+00
8.390000000000000000e+02 1.810803822696245291e+00
8.400000000000000000e+02 1.810830192375207481e+00
8.410000000000000000e+02 1.810856558243322034e+00
8.420000000000000000e+02 1.810882920300588506e+00
8.430000000000000000e+02 1.810909278547007117e+00
8.440000000000000000e+02 1.810935632982577870e+00
8.450000000000000000e+02 1.810961983607300763e+00
8.460000000000000000e+02 1.810988330421175796e+00
8.470000000000000000e+02 1.811014673424202748e+00
8.480000000000000000e+02 1.811041012616381840e+00
8.490000000000000000e+02 1.811067347997713073e+00
8.500000000000000000e+02 1.811093679568196446e+00
8.510000000000000000e+02 1.811120007327831960e+00
8.520000000000000000e+02 1.811146331276619392e+00
8.530000000000000000e+02 1.811172651414558965e+00
8.540000000000000000e+02 1.811198967741650678e+00
8.550000000000000000e+02 1.811225280257894532e+00
8.560000000000000000e+02 1.811251588963290526e+00
8.570000000000000000e+02 1.811277893857838439e+00
8.580000000000000000e+02 1.811304194941538492e+00
8.590000000000000000e+02 1.811330492214390686e+00
8.600000000000000000e+02 1.811356785676395020e+00
8.610000000000000000e+02 1.811383075327551495e+00
8.620000000000000000e+02 1.811409361167859888e+00
8.630000000000000000e+02 1.811435643197320644e+00
8.640000000000000000e+02 1.811461921415933318e+00
8.650000000000000000e+02 1.811488195823698133e+00
8.660000000000000000e+02 1.811514466420614866e+00
8.670000000000000000e+02 1.811540733206683962e+00
8.680000000000000000e+02 1.811566996181904976e+00
8.690000000000000000e+02 1.811593255346278131e+00
8.700000000000000000e+02 1.811619510699803426e+00
8.710000000000000000e+02 1.811645762242480862e+00
8.720000000000000000e+02 1.811672009974310216e+00
8.730000000000000000e+02 1.811698253895291932e+00
8.740000000000000000e+02 1.811724494005425568e+00
8.750000000000000000e+02 1.811750730304711343e+00
8.760000000000000000e+02 1.811776962793149259e+00
8.770000000000000000e+02 1.811803191470739094e+00
8.780000000000000000e+02 1.811829416337481069e+00
8.790000000000000000e+02 1.811855637393375407e+00
8.800000000000000000e+02 1.811881854638421663e+00
8.810000000000000000e+02 1.811908068072619837e+00
8.820000000000000000e+02 1.811934277695970374e+00
8.830000000000000000e+02 1.811960483508472830e+00
8.840000000000000000e+02 1.811986685510127648e+00
8.850000000000000000e+02 1.812012883700934385e+00
8.860000000000000000e+02 1.812039078080893262e+00
8.870000000000000000e+02 1.812065268650004057e+00
8.880000000000000000e+02 1.812091455408267215e+00
8.890000000000000000e+02 1.812117638355682292e+00
8.900000000000000000e+02 1.812143817492249509e+00
8.910000000000000000e+02 1.812169992817968867e+00
8.920000000000000000e+02 1.812196164332840143e+00
8.930000000000000000e+02 1.812222332036863781e+00
8.940000000000000000e+02 1.812248495930039338e+00
8.950000000000000000e+02 1.812274656012367036e+00
8.960000000000000000e+02 1.812300812283846874e+00
8.970000000000000000e+02 1.812326964744478852e+00
8.980000000000000000e+02 1.812353113394262749e+00
8.990000000000000000e+02 1.812379258233199009e+00
9.000000000000000000e+02 1.812405399261287187e+00
9.010000000000000000e+02 1.812431536478527505e+00
9.020000000000000000e+02 1.812457669884919742e+00
9.030000000000000000e+02 1.812483799480464342e+00
9.040000000000000000e+02 1.812509925265160859e+00
9.050000000000000000e+02 1.812536047239009740e+00
9.060000000000000000e+02 1.812562165402010539e+00
9.070000000000000000e+02 1.812588279754163256e+00
9.080000000000000000e+02 1.812614390295468336e+00
9.090000000000000000e+02 1.812640497025925335e+00
9.100000000000000000e+02 1.812666599945534474e+00
9.110000000000000000e+02 1.812692699054295753e+00
9.120000000000000000e+02 1.812718794352209173e+00
9.130000000000000000e+02 1.812744885839274733e+00
9.140000000000000000e+02 1.812770973515492212e+00
9.150000000000000000e+02 1.812797057380861832e+00
9.160000000000000000e+02 1.812823137435383813e+00
9.170000000000000000e+02 1.812849213679057492e+00
9.180000000000000000e+02 1.812875286111883533e+00
9.190000000000000000e+02 1.812901354733861492e+00
9.200000000000000000e+02 1.812927419544991814e+00
9.210000000000000000e+02 1.812953480545274054e+00
9.220000000000000000e+02 1.812979537734708435e+00
9.230000000000000000e+02 1.813005591113294734e+00
9.240000000000000000e+02 1.813031640681033396e+00
9.250000000000000000e+02 1.813057686437923977e+00
9.260000000000000000e+02 1.813083728383966697e+00
9.270000000000000000e+02 1.813109766519161559e+00
9.280000000000000000e+02 1.813135800843508560e+00
9.290000000000000000e+02 1.813161831357007481e+00
9.300000000000000000e+02 1.813187858059658764e+00
9.310000000000000000e+02 1.813213880951461965e+00
9.320000000000000000e+02 1.813239900032417307e+00
9.330000000000000000e+02 1.813265915302524567e+00
9.340000000000000000e+02 1.813291926761784190e+00
9.350000000000000000e+02 1.813317934410195731e+00
9.360000000000000000e+02 1.813343938247759635e+00
9.370000000000000000e+02 1.813369938274475457e+00
9.380000000000000000e+02 1.813395934490343198e+00
9.390000000000000000e+02 1.813421926895363301e+00
9.400000000000000000e+02 1.813447915489535323e+00
9.410000000000000000e+02 1.813473900272859485e+00
9.420000000000000000e+02 1.813499881245336010e+00
9.430000000000000000e+02 1.813525858406964231e+00
9.440000000000000000e+02 1.813551831757744814e+00
9.450000000000000000e+02 1.813577801297677317e+00
9.460000000000000000e+02 1.813603767026762181e+00
9.470000000000000000e+02 1.813629728944998964e+00
9.480000000000000000e+02 1.813655687052387666e+00
9.490000000000000000e+02 1.813681641348928730e+00
9.500000000000000000e+02 1.813707591834621935e+00
9.510000000000000000e+02 1.813733538509467058e+00
9.520000000000000000e+02 1.813759481373464322e+00
9.530000000000000000e+02 1.813785420426613726e+00
9.540000000000000000e+02 1.813811355668915271e+00
9.550000000000000000e+02 1.813837287100368734e+00
9.560000000000000000e+02 1.813863214720974337e+00
9.570000000000000000e+02 1.813889138530732081e+00
9.580000000000000000e+02 1.813915058529641966e+00
9.590000000000000000e+02 1.813940974717703991e+00
9.600000000000000000e+02 1.813966887094918157e+00
9.610000000000000000e+02 1.813992795661284241e+00
9.620000000000000000e+02 1.814018700416802465e+00
9.630000000000000000e+02 1.814044601361472830e+00
9.640000000000000000e+02 1.814070498495295336e+00
9.650000000000000000e+02 1.814096391818269760e+00
9.660000000000000000e+02 1.814122281330396547e+00
9.670000000000000000e+02 1.814148167031675252e+00
9.680000000000000000e+02 1.814174048922106097e+00
9.690000000000000000e+02 1.814199927001689083e+00
9.700000000000000000e+02 1.814225801270423988e+00
9.710000000000000000e+02 1.814251671728311255e+00
9.720000000000000000e+02 1.814277538375350440e+00
9.730000000000000000e+02 1.814303401211541766e+00
