# order=9: data_wav [pixel], data_wavsolution [micron]
3.000000000000000000e+00 1.609406372958187781e+00
4.000000000000000000e+00 1.609432623836618115e+00
5.000000000000000000e+00 1.609458869502750522e+00
6.000000000000000000e+00 1.609485109956585225e+00
7.000000000000000000e+00 1.609511345198122001e+00
8.000000000000000000e+00 1.609537575227361073e+00
9.000000000000000000e+00 1.609563800044302440e+00
1.000000000000000000e+01 1.609590019648945880e+00
1.100000000000000000e+01 1.609616234041291394e+00
1.200000000000000000e+01 1.609642443221339203e+00
1.300000000000000000e+01 1.609668647189089308e+00
1.400000000000000000e+01 1.609694845944541708e+00
1.500000000000000000e+01 1.609721039487695959e+00
1.600000000000000000e+01 1.609747227818552728e+00
1.700000000000000000e+01 1.609773410937111571e+00
1.800000000000000000e+01 1.609799588843372486e+00
1.900000000000000000e+01 1.609825761537335698e+00
2.000000000000000000e+01 1.609851929019001204e+00
2.100000000000000000e+01 1.609878091288368784e+00
2.200000000000000000e+01 1.609904248345438660e+00
2.300000000000000000e+01 1.609930400190210609e+00
2.400000000000000000e+01 1.609956546822684853e+00
2.500000000000000000e+01 1.609982688242861171e+00
2.600000000000000000e+01 1.610008824450739784e+00
2.700000000000000000e+01 1.610034955446320692e+00
2.800000000000000000e+01 1.610061081229603674e+00
2.900000000000000000e+01 1.610087201800588952e+00
3.000000000000000000e+01 1.610113317159276303e+00
3.100000000000000000e+01 1.610139427305665949e+00
3.200000000000000000e+01 1.610165532239757669e+00
3.300000000000000000e+01 1.610191631961551684e+00
3.400000000000000000e+01 1.610217726471047772e+00
3.500000000000000000e+01 1.610243815768246156e+00
3.600000000000000000e+01 1.610269899853146836e+00
3.700000000000000000e+01 1.610295978725749588e+00
3.800000000000000000e+01 1.610322052386054414e+00
3.900000000000000000e+01 1.610348120834061536e+00
4.000000000000000000e+01 1.610374184069770953e+00
4.100000000000000000e+01 1.610400242093182666e+00
4.200000000000000000e+01 1.610426294904296229e+00
4.300000000000000000e+01 1.610452342503112311e+00
4.400000000000000000e+01 1.610478384889630465e+00
4.500000000000000000e+01 1.610504422063850694e+00
4.600000000000000000e+01 1.610530454025773217e+00
4.700000000000000000e+01 1.610556480775398036e+00
4.800000000000000000e+01 1.610582502312724928e+00
4.900000000000000000e+01 1.610608518637754116e+00
5.000000000000000000e+01 1.610634529750485378e+00
5.100000000000000000e+01 1.610660535650918934e+00
5.200000000000000000e+01 1.610686536339054786e+00
5.300000000000000000e+01 1.610712531814892712e+00
5.400000000000000000e+01 1.610738522078432711e+00
5.500000000000000000e+01 1.610764507129675005e+00
5.600000000000000000e+01 1.610790486968619595e+00
5.700000000000000000e+01 1.610816461595266258e+00
5.800000000000000000e+01 1.610842431009615217e+00
5.900000000000000000e+01 1.610868395211666249e+00
6.000000000000000000e+01 1.610894354201419576e+00
6.100000000000000000e+01 1.610920307978874977e+00
6.200000000000000000e+01 1.610946256544032673e+00
6.300000000000000000e+01 1.610972199896892665e+00
6.400000000000000000e+01 1.610998138037454730e+00
6.500000000000000000e+01 1.611024070965719091e+00
6.600000000000000000e+01 1.611049998681685524e+00
6.700000000000000000e+01 1.611075921185354254e+00
6.800000000000000000e+01 1.611101838476725057e+00
6.900000000000000000e+01 1.611127750555798155e+00
7.000000000000000000e+01 1.611153657422573326e+00
7.100000000000000000e+01 1.611179559077050794e+00
7.200000000000000000e+01 1.611205455519230556e+00
7.300000000000000000e+01 1.611231346749112392e+00
7.400000000000000000e+01 1.611257232766696301e+00
7.500000000000000000e+01 1.611283113571982728e+00
7.600000000000000000e+01 1.611308989164971006e+00
7.700000000000000000e+01 1.611334859545661802e+00
7.800000000000000000e+01 1.611360724714054671e+00
7.900000000000000000e+01 1.611386584670149613e+00
8.000000000000000000e+01 1.611412439413946851e+00
8.100000000000000000e+01 1.611438288945446162e+00
8.200000000000000000e+01 1.611464133264647991e+00
8.300000000000000000e+01 1.611489972371551671e+00
8.400000000000000000e+01 1.611515806266157647e+00
8.500000000000000000e+01 1.611541634948465918e+00
8.600000000000000000e+01 1.611567458418476484e+00
8.700000000000000000e+01 1.611593276676188902e+00
8.800000000000000000e+01 1.611619089721603837e+00
8.900000000000000000e+01 1.611644897554720846e+00
9.000000000000000000e+01 1.611670700175539928e+00
9.100000000000000000e+01 1.611696497584061305e+00
9.200000000000000000e+01 1.611722289780284978e+00
9.300000000000000000e+01 1.611748076764210724e+00
9.400000000000000000e+01 1.611773858535838766e+00
9.500000000000000000e+01 1.611799635095168881e+00
9.600000000000000000e+01 1.611825406442201292e+00
9.700000000000000000e+01 1.611851172576935998e+00
9.800000000000000000e+01 1.611876933499372777e+00
9.900000000000000000e+01 1.611902689209511630e+00
1.000000000000000000e+02 1.611928439707352778e+00
1.010000000000000000e+02 1.611954184992896222e+00
1.020000000000000000e+02 1.611979925066141739e+00
1.030000000000000000e+02 1.612005659927089551e+00
1.040000000000000000e+02 1.612031389575739437e+00
1.050000000000000000e+02 1.612057114012091619e+00
1.060000000000000000e+02 1.612082833236146096e+00
1.070000000000000000e+02 1.612108547247902646e+00
1.080000000000000000e+02 1.612134256047361269e+00
1.090000000000000000e+02 1.612159959634522188e+00
1.100000000000000000e+02 1.612185658009385403e+00
1.110000000000000000e+02 1.612211351171950691e+00
1.120000000000000000e+02 1.612237039122218274e+00
1.130000000000000000e+02 1.612262721860187931e+00
1.140000000000000000e+02 1.612288399385859883e+00
1.150000000000000000e+02 1.612314071699234130e+00
1.160000000000000000e+02 1.612339738800310451e+00
1.170000000000000000e+02 1.612365400689088846e+00
1.180000000000000000e+02 1.612391057365569536e+00
1.190000000000000000e+02 1.612416708829752521e+00
1.200000000000000000e+02 1.612442355081637579e+00
1.210000000000000000e+02 1.612467996121224934e+00
1.220000000000000000e+02 1.612493631948514361e+00
1.230000000000000000e+02 1.612519262563506084e+00
1.240000000000000000e+02 1.612544887966200102e+00
1.250000000000000000e+02 1.612570508156596194e+00
1.260000000000000000e+02 1.612596123134694359e+00
1.270000000000000000e+02 1.612621732900494820e+00
1.280000000000000000e+02 1.612647337453997576e+00
1.290000000000000000e+02 1.612672936795202405e+00
1.300000000000000000e+02 1.612698530924109530e+00
1.310000000000000000e+02 1.612724119840718728e+00
1.320000000000000000e+02 1.612749703545030222e+00
1.330000000000000000e+02 1.612775282037044011e+00
1.340000000000000000e+02 1.612800855316759874e+00
1.350000000000000000e+02 1.612826423384177810e+00
1.360000000000000000e+02 1.612851986239298041e+00
1.370000000000000000e+02 1.612877543882120568e+00
1.380000000000000000e+02 1.612903096312645168e+00
1.390000000000000000e+02 1.612928643530872064e+00
1.400000000000000000e+02 1.612954185536801033e+00
1.410000000000000000e+02 1.612979722330432297e+00
1.420000000000000000e+02 1.613005253911765857e+00
1.430000000000000000e+02 1.613030780280801491e+00
1.440000000000000000e+02 1.613056301437539197e+00
1.450000000000000000e+02 1.613081817381979199e+00
1.460000000000000000e+02 1.613107328114121497e+00
1.470000000000000000e+02 1.613132833633965868e+00
1.480000000000000000e+02 1.613158333941512534e+00
1.490000000000000000e+02 1.613183829036761274e+00
1.500000000000000000e+02 1.613209318919712310e+00
1.510000000000000000e+02 1.613234803590365640e+00
1.520000000000000000e+02 1.613260283048721044e+00
1.530000000000000000e+02 1.613285757294778522e+00
1.540000000000000000e+02 1.613311226328538295e+00
1.550000000000000000e+02 1.613336690150000363e+00
1.560000000000000000e+02 1.613362148759164505e+00
1.570000000000000000e+02 1.613387602156030942e+00
1.580000000000000000e+02 1.613413050340599453e+00
1.590000000000000000e+02 1.613438493312870259e+00
1.600000000000000000e+02 1.613463931072843360e+00
1.610000000000000000e+02 1.613489363620518535e+00
1.620000000000000000e+02 1.613514790955895783e+00
1.630000000000000000e+02 1.613540213078975549e+00
1.640000000000000000e+02 1.613565629989757166e+00
1.650000000000000000e+02 1.613591041688241079e+00
1.660000000000000000e+02 1.613616448174427287e+00
1.670000000000000000e+02 1.613641849448315790e+00
1.680000000000000000e+02 1.613667245509906367e+00
1.690000000000000000e+02 1.613692636359199017e+00
1.700000000000000000e+02 1.613718021996193963e+00
1.710000000000000000e+02 1.613743402420891204e+00
1.720000000000000000e+02 1.613768777633290519e+00
1.730000000000000000e+02 1.613794147633391907e+00
1.740000000000000000e+02 1.613819512421195812e+00
1.750000000000000000e+02 1.613844871996701569e+00
1.760000000000000000e+02 1.613870226359909843e+00
1.770000000000000000e+02 1.613895575510820191e+00
1.780000000000000000e+02 1.613920919449432612e+00
1.790000000000000000e+02 1.613946258175747328e+00
1.800000000000000000e+02 1.613971591689764340e+00
1.810000000000000000e+02 1.613996919991483425e+00
1.820000000000000000e+02 1.614022243080904806e+00
1.830000000000000000e+02 1.614047560958028260e+00
1.840000000000000000e+02 1.614072873622854010e+00
1.850000000000000000e+02 1.614098181075381833e+00
1.860000000000000000e+02 1.614123483315611951e+00
1.870000000000000000e+02 1.614148780343544143e+00
1.880000000000000000e+02 1.614174072159178630e+00
1.890000000000000000e+02 1.614199358762515413e+00
1.900000000000000000e+02 1.614224640153554269e+00
1.910000000000000000e+02 1.614249916332295420e+00
1.920000000000000000e+02 1.614275187298738645e+00
1.930000000000000000e+02 1.614300453052884166e+00
1.940000000000000000e+02 1.614325713594731759e+00
1.950000000000000000e+02 1.614350968924281648e+00
1.960000000000000000e+02 1.614376219041533833e+00
1.970000000000000000e+02 1.614401463946488091e+00
1.980000000000000000e+02 1.614426703639144423e+00
1.990000000000000000e+02 1.614451938119503049e+00
2.000000000000000000e+02 1.614477167387563972e+00
2.010000000000000000e+02 1.614502391443326967e+00
2.020000000000000000e+02 1.614527610286792259e+00
2.030000000000000000e+02 1.614552823917959623e+00
2.040000000000000000e+02 1.614578032336829283e+00
2.050000000000000000e+02 1.614603235543401238e+00
2.060000000000000000e+02 1.614628433537675267e+00
2.070000000000000000e+02 1.614653626319651369e+00
2.080000000000000000e+02 1.614678813889329989e+00
2.090000000000000000e+02 1.614703996246710460e+00
2.100000000000000000e+02 1.614729173391793449e+00
2.110000000000000000e+02 1.614754345324578289e+00
2.120000000000000000e+02 1.614779512045065646e+00
2.130000000000000000e+02 1.614804673553255077e+00
2.140000000000000000e+02 1.614829829849146581e+00
2.150000000000000000e+02 1.614854980932740380e+00
2.160000000000000000e+02 1.614880126804036475e+00
2.170000000000000000e+02 1.614905267463034644e+00
2.180000000000000000e+02 1.614930402909735108e+00
2.190000000000000000e+02 1.614955533144137645e+00
2.200000000000000000e+02 1.614980658166242478e+00
2.210000000000000000e+02 1.615005777976049384e+00
2.220000000000000000e+02 1.615030892573558585e+00
2.230000000000000000e+02 1.615056001958769860e+00
2.240000000000000000e+02 1.615081106131683653e+00
2.250000000000000000e+02 1.615106205092299296e+00
2.260000000000000000e+02 1.615131298840617236e+00
2.270000000000000000e+02 1.615156387376637470e+00
2.280000000000000000e+02 1.615181470700359778e+00
2.290000000000000000e+02 1.615206548811784382e+00
2.300000000000000000e+02 1.615231621710911059e+00
2.310000000000000000e+02 1.615256689397740031e+00
2.320000000000000000e+02 1.615281751872271299e+00
2.330000000000000000e+02 1.615306809134504640e+00
2.340000000000000000e+02 1.615331861184440054e+00
2.350000000000000000e+02 1.615356908022077986e+00
2.360000000000000000e+02 1.615381949647417770e+00
2.370000000000000000e+02 1.615406986060460071e+00
2.380000000000000000e+02 1.615432017261204223e+00
2.390000000000000000e+02 1.615457043249650892e+00
2.400000000000000000e+02 1.615482064025799636e+00
2.410000000000000000e+02 1.615507079589650452e+00
2.420000000000000000e+02 1.615532089941203564e+00
2.430000000000000000e+02 1.615557095080458971e+00
2.440000000000000000e+02 1.615582095007416452e+00
2.450000000000000000e+02 1.615607089722076228e+00
2.460000000000000000e+02 1.615632079224438078e+00
2.470000000000000000e+02 1.615657063514502223e+00
2.480000000000000000e+02 1.615682042592268441e+00
2.490000000000000000e+02 1.615707016457736955e+00
2.500000000000000000e+02 1.615731985110907765e+00
2.510000000000000000e+02 1.615756948551780647e+00
2.520000000000000000e+02 1.615781906780355603e+00
2.530000000000000000e+02 1.615806859796632855e+00
2.540000000000000000e+02 1.615831807600612402e+00
2.550000000000000000e+02 1.615856750192294022e+00
2.560000000000000000e+02 1.615881687571677938e+00
2.570000000000000000e+02 1.615906619738764149e+00
2.580000000000000000e+02 1.615931546693552434e+00
2.590000000000000000e+02 1.615956468436042792e+00
2.600000000000000000e+02 1.615981384966235446e+00
2.610000000000000000e+02 1.616006296284130395e+00
2.620000000000000000e+02 1.616031202389727417e+00
2.630000000000000000e+02 1.616056103283026735e+00
2.640000000000000000e+02 1.616080998964028126e+00
2.650000000000000000e+02 1.616105889432731813e+00
2.660000000000000000e+02 1.616130774689137573e+00
2.670000000000000000e+02 1.616155654733245628e+00
2.680000000000000000e+02 1.616180529565055979e+00
2.690000000000000000e+02 1.616205399184568403e+00
2.700000000000000000e+02 1.616230263591782901e+00
2.710000000000000000e+02 1.616255122786699694e+00
2.720000000000000000e+02 1.616279976769318782e+00
2.730000000000000000e+02 1.616304825539639944e+00
2.740000000000000000e+02 1.616329669097663402e+00
2.750000000000000000e+02 1.616354507443389155e+00
2.760000000000000000e+02 1.616379340576816981e+00
2.770000000000000000e+02 1.616404168497946880e+00
2.780000000000000000e+02 1.616428991206779076e+00
2.790000000000000000e+02 1.616453808703313566e+00
2.800000000000000000e+02 1.616478620987550130e+00
2.810000000000000000e+02 1.616503428059488989e+00
2.820000000000000000e+02 1.616528229919129922e+00
2.830000000000000000e+02 1.616553026566473150e+00
2.840000000000000000e+02 1.616577818001518452e+00
2.850000000000000000e+02 1.616602604224266049e+00
2.860000000000000000e+02 1.616627385234715941e+00
2.870000000000000000e+02 1.616652161032867907e+00
2.880000000000000000e+02 1.616676931618721946e+00
2.890000000000000000e+02 1.616701696992278281e+00
2.900000000000000000e+02 1.616726457153536911e+00
2.910000000000000000e+02 1.616751212102497615e+00
2.920000000000000000e+02 1.616775961839160614e+00
2.930000000000000000e+02 1.616800706363525908e+00
2.940000000000000000e+02 1.616825445675593276e+00
2.950000000000000000e+02 1.616850179775362717e+00
2.960000000000000000e+02 1.616874908662834454e+00
2.970000000000000000e+02 1.616899632338008486e+00
2.980000000000000000e+02 1.616924350800884591e+00
2.990000000000000000e+02 1.616949064051462992e+00
3.000000000000000000e+02 1.616973772089743466e+00
3.010000000000000000e+02 1.616998474915726236e+00
3.020000000000000000e+02 1.617023172529411079e+00
3.030000000000000000e+02 1.617047864930798218e+00
3.040000000000000000e+02 1.617072552119887652e+00
3.050000000000000000e+02 1.617097234096679159e+00
3.060000000000000000e+02 1.617121910861172740e+00
3.070000000000000000e+02 1.617146582413368838e+00
3.080000000000000000e+02 1.617171248753266788e+00
3.090000000000000000e+02 1.617195909880867255e+00
3.100000000000000000e+02 1.617220565796169574e+00
3.110000000000000000e+02 1.617245216499174409e+00
3.120000000000000000e+02 1.617269861989881319e+00
3.130000000000000000e+02 1.617294502268290302e+00
3.140000000000000000e+02 1.617319137334401580e+00
3.150000000000000000e+02 1.617343767188215153e+00
3.160000000000000000e+02 1.617368391829730800e+00
3.170000000000000000e+02 1.617393011258948743e+00
3.180000000000000000e+02 1.617417625475868759e+00
3.190000000000000000e+02 1.617442234480491070e+00
3.200000000000000000e+02 1.617466838272815677e+00
3.210000000000000000e+02 1.617491436852842135e+00
3.220000000000000000e+02 1.617516030220571110e+00
3.230000000000000000e+02 1.617540618376002159e+00
3.240000000000000000e+02 1.617565201319135504e+00
3.250000000000000000e+02 1.617589779049970922e+00
3.260000000000000000e+02 1.617614351568508635e+00
3.270000000000000000e+02 1.617638918874748422e+00
3.280000000000000000e+02 1.617663480968690504e+00
3.290000000000000000e+02 1.617688037850334659e+00
3.300000000000000000e+02 1.617712589519681110e+00
3.310000000000000000e+02 1.617737135976729856e+00
3.320000000000000000e+02 1.617761677221480676e+00
3.330000000000000000e+02 1.617786213253933569e+00
3.340000000000000000e+02 1.617810744074088980e+00
3.350000000000000000e+02 1.617835269681946242e+00
3.360000000000000000e+02 1.617859790077506021e+00
3.370000000000000000e+02 1.617884305260767874e+00
3.380000000000000000e+02 1.617908815231731801e+00
3.390000000000000000e+02 1.617933319990398022e+00
3.400000000000000000e+02 1.617957819536766317e+00
3.410000000000000000e+02 1.617982313870837130e+00
3.420000000000000000e+02 1.618006802992609794e+00
3.430000000000000000e+02 1.618031286902084753e+00
3.440000000000000000e+02 1.618055765599262008e+00
3.450000000000000000e+02 1.618080239084141336e+00
3.460000000000000000e+02 1.618104707356722960e+00
3.470000000000000000e+02 1.618129170417006879e+00
3.480000000000000000e+02 1.618153628264992872e+00
3.490000000000000000e+02 1.618178080900680937e+00
3.500000000000000000e+02 1.618202528324071299e+00
3.510000000000000000e+02 1.618226970535163955e+00
3.520000000000000000e+02 1.618251407533958686e+00
3.530000000000000000e+02 1.618275839320455711e+00
3.540000000000000000e+02 1.618300265894654810e+00
3.550000000000000000e+02 1.618324687256556205e+00
3.560000000000000000e+02 1.618349103406159673e+00
3.570000000000000000e+02 1.618373514343465436e+00
3.580000000000000000e+02 1.618397920068473494e+00
3.590000000000000000e+02 1.618422320581183627e+00
3.600000000000000000e+02 1.618446715881596054e+00
3.610000000000000000e+02 1.618471105969710555e+00
3.620000000000000000e+02 1.618495490845527351e+00
3.630000000000000000e+02 1.618519870509046221e+00
3.640000000000000000e+02 1.618544244960267386e+00
3.650000000000000000e+02 1.618568614199190625e+00
3.660000000000000000e+02 1.618592978225816159e+00
3.670000000000000000e+02 1.618617337040143989e+00
3.680000000000000000e+02 1.618641690642173891e+00
3.690000000000000000e+02 1.618666039031905868e+00
3.700000000000000000e+02 1.618690382209340362e+00
3.710000000000000000e+02 1.618714720174476707e+00
3.720000000000000000e+02 1.618739052927315569e+00
3.730000000000000000e+02 1.618763380467856505e+00
3.740000000000000000e+02 1.618787702796099515e+00
3.750000000000000000e+02 1.618812019912044819e+00
3.760000000000000000e+02 1.618836331815692420e+00
3.770000000000000000e+02 1.618860638507042093e+00
3.780000000000000000e+02 1.618884939986093841e+00
3.790000000000000000e+02 1.618909236252848105e+00
3.800000000000000000e+02 1.618933527307304221e+00
3.810000000000000000e+02 1.618957813149462854e+00
3.820000000000000000e+02 1.618982093779323561e+00
3.830000000000000000e+02 1.619006369196886341e+00
3.840000000000000000e+02 1.619030639402151417e+00
3.850000000000000000e+02 1.619054904395118566e+00
3.860000000000000000e+02 1.619079164175788232e+00
3.870000000000000000e+02 1.619103418744159750e+00
3.880000000000000000e+02 1.619127668100233564e+00
3.890000000000000000e+02 1.619151912244009672e+00
3.900000000000000000e+02 1.619176151175488076e+00
3.910000000000000000e+02 1.619200384894668332e+00
3.920000000000000000e+02 1.619224613401551105e+00
3.930000000000000000e+02 1.619248836696135951e+00
3.940000000000000000e+02 1.619273054778422871e+00
3.950000000000000000e+02 1.619297267648412086e+00
3.960000000000000000e+02 1.619321475306103597e+00
3.970000000000000000e+02 1.619345677751497181e+00
3.980000000000000000e+02 1.619369874984593061e+00
3.990000000000000000e+02 1.619394067005391014e+00
4.000000000000000000e+02 1.619418253813891262e+00
4.010000000000000000e+02 1.619442435410093806e+00
4.020000000000000000e+02 1.619466611793998423e+00
4.030000000000000000e+02 1.619490782965605113e+00
4.040000000000000000e+02 1.619514948924914099e+00
4.050000000000000000e+02 1.619539109671925381e+00
4.060000000000000000e+02 1.619563265206638736e+00
4.070000000000000000e+02 1.619587415529054386e+00
4.080000000000000000e+02 1.619611560639172110e+00
4.090000000000000000e+02 1.619635700536992129e+00
4.100000000000000000e+02 1.619659835222514443e+00
4.110000000000000000e+02 1.619683964695738831e+00
4.120000000000000000e+02 1.619708088956665293e+00
4.130000000000000000e+02 1.619732208005294050e+00
4.140000000000000000e+02 1.619756321841625102e+00
4.150000000000000000e+02 1.619780430465658227e+00
4.160000000000000000e+02 1.619804533877393649e+00
4.170000000000000000e+02 1.619828632076831143e+00
4.180000000000000000e+02 1.619852725063970933e+00
4.190000000000000000e+02 1.619876812838813018e+00
4.200000000000000000e+02 1.619900895401357177e+00
4.210000000000000000e+02 1.619924972751603409e+00
4.220000000000000000e+02 1.619949044889551937e+00
4.230000000000000000e+02 1.619973111815202760e+00
4.240000000000000000e+02 1.619997173528555656e+00
4.250000000000000000e+02 1.620021230029610848e+00
4.260000000000000000e+02 1.620045281318368113e+00
4.270000000000000000e+02 1.620069327394827674e+00
4.280000000000000000e+02 1.620093368258989530e+00
4.290000000000000000e+02 1.620117403910853460e+00
4.300000000000000000e+02 1.620141434350419463e+00
4.310000000000000000e+02 1.620165459577687761e+00
4.320000000000000000e+02 1.620189479592658355e+00
4.330000000000000000e+02 1.620213494395331022e+00
4.340000000000000000e+02 1.620237503985705985e+00
4.350000000000000000e+02 1.620261508363783021e+00
4.360000000000000000e+02 1.620285507529562352e+00
4.370000000000000000e+02 1.620309501483043979e+00
4.380000000000000000e+02 1.620333490224227679e+00
4.390000000000000000e+02 1.620357473753113453e+00
4.400000000000000000e+02 1.620381452069701522e+00
4.410000000000000000e+02 1.620405425173991887e+00
4.420000000000000000e+02 1.620429393065984325e+00
4.430000000000000000e+02 1.620453355745679058e+00
4.440000000000000000e+02 1.620477313213075865e+00
4.450000000000000000e+02 1.620501265468174967e+00
4.460000000000000000e+02 1.620525212510976365e+00
4.470000000000000000e+02 1.620549154341479836e+00
4.480000000000000000e+02 1.620573090959685381e+00
4.490000000000000000e+02 1.620597022365593443e+00
4.500000000000000000e+02 1.620620948559203356e+00
4.510000000000000000e+02 1.620644869540515565e+00
4.520000000000000000e+02 1.620668785309530069e+00
4.530000000000000000e+02 1.620692695866246869e+00
4.540000000000000000e+02 1.620716601210665520e+00
4.550000000000000000e+02 1.620740501342786688e+00
4.560000000000000000e+02 1.620764396262609930e+00
4.570000000000000000e+02 1.620788285970135467e+00
4.580000000000000000e+02 1.620812170465363078e+00
4.590000000000000000e+02 1.620836049748292762e+00
4.600000000000000000e+02 1.620859923818924964e+00
4.610000000000000000e+02 1.620883792677259017e+00
4.620000000000000000e+02 1.620907656323295587e+00
4.630000000000000000e+02 1.620931514757034231e+00
4.640000000000000000e+02 1.620955367978474948e+00
4.650000000000000000e+02 1.620979215987617961e+00
4.660000000000000000e+02 1.621003058784463269e+00
4.670000000000000000e+02 1.621026896369010650e+00
4.680000000000000000e+02 1.621050728741260105e+00
4.690000000000000000e+02 1.621074555901212078e+00
4.700000000000000000e+02 1.621098377848866123e+00
4.710000000000000000e+02 1.621122194584222242e+00
4.720000000000000000e+02 1.621146006107280657e+00
4.730000000000000000e+02 1.621169812418041145e+00
4.740000000000000000e+02 1.621193613516503929e+00
4.750000000000000000e+02 1.621217409402669007e+00
4.760000000000000000e+02 1.621241200076536160e+00
4.770000000000000000e+02 1.621264985538105607e+00
4.780000000000000000e+02 1.621288765787377129e+00
4.790000000000000000e+02 1.621312540824350945e+00
4.800000000000000000e+02 1.621336310649026835e+00
4.810000000000000000e+02 1.621360075261405020e+00
4.820000000000000000e+02 1.621383834661485279e+00
4.830000000000000000e+02 1.621407588849267833e+00
4.840000000000000000e+02 1.621431337824752683e+00
4.850000000000000000e+02 1.621455081587939606e+00
4.860000000000000000e+02 1.621478820138828825e+00
4.870000000000000000e+02 1.621502553477420117e+00
4.880000000000000000e+02 1.621526281603713704e+00
4.890000000000000000e+02 1.621550004517709365e+00
4.900000000000000000e+02 1.621573722219407321e+00
4.910000000000000000e+02 1.621597434708807572e+00
4.920000000000000000e+02 1.621621141985909897e+00
4.930000000000000000e+02 1.621644844050714296e+00
4.940000000000000000e+02 1.621668540903220990e+00
4.950000000000000000e+02 1.621692232543429979e+00
4.960000000000000000e+02 1.621715918971341042e+00
4.970000000000000000e+02 1.621739600186954400e+00
4.980000000000000000e+02 1.621763276190270053e+00
4.990000000000000000e+02 1.621786946981287558e+00
5.000000000000000000e+02 1.621810612560007581e+00
5.010000000000000000e+02 1.621834272926429676e+00
5.020000000000000000e+02 1.621857928080554068e+00
5.030000000000000000e+02 1.621881578022380532e+00
5.040000000000000000e+02 1.621905222751909070e+00
5.050000000000000000e+02 1.621928862269140126e+00
5.060000000000000000e+02 1.621952496574073033e+00
5.070000000000000000e+02 1.621976125666708457e+00
5.080000000000000000e+02 1.621999749547045955e+00
5.090000000000000000e+02 1.622023368215085526e+00
5.100000000000000000e+02 1.622046981670827392e+00
5.110000000000000000e+02 1.622070589914271554e+00
5.120000000000000000e+02 1.622094192945417790e+00
5.130000000000000000e+02 1.622117790764266321e+00
5.140000000000000000e+02 1.622141383370816925e+00
5.150000000000000000e+02 1.622164970765069825e+00
5.160000000000000000e+02 1.622188552947024798e+00
5.170000000000000000e+02 1.622212129916682066e+00
5.180000000000000000e+02 1.622235701674041630e+00
5.190000000000000000e+02 1.622259268219103268e+00
5.200000000000000000e+02 1.622282829551866978e+00
5.210000000000000000e+02 1.622306385672332985e+00
5.220000000000000000e+02 1.622329936580501286e+00
5.230000000000000000e+02 1.622353482276371661e+00
5.240000000000000000e+02 1.622377022759944332e+00
5.250000000000000000e+02 1.622400558031219076e+00
5.260000000000000000e+02 1.622424088090196115e+00
5.270000000000000000e+02 1.622447612936875450e+00
5.280000000000000000e+02 1.622471132571256858e+00
5.290000000000000000e+02 1.622494646993340561e+00
5.300000000000000000e+02 1.622518156203126338e+00
5.310000000000000000e+02 1.622541660200614189e+00
5.320000000000000000e+02 1.622565158985804556e+00
5.330000000000000000e+02 1.622588652558696776e+00
5.340000000000000000e+02 1.622612140919291512e+00
5.350000000000000000e+02 1.622635624067588322e+00
5.360000000000000000e+02 1.622659102003587206e+00
5.370000000000000000e+02 1.622682574727288385e+00
5.380000000000000000e+02 1.622706042238691859e+00
5.390000000000000000e+02 1.622729504537797407e+00
5.400000000000000000e+02 1.622752961624605250e+00
5.410000000000000000e+02 1.622776413499115167e+00
5.420000000000000000e+02 1.622799860161327379e+00
5.430000000000000000e+02 1.622823301611241664e+00
5.440000000000000000e+02 1.622846737848858245e+00
5.450000000000000000e+02 1.622870168874177121e+00
5.460000000000000000e+02 1.622893594687198071e+00
5.470000000000000000e+02 1.622917015287921094e+00
5.480000000000000000e+02 1.622940430676346413e+00
5.490000000000000000e+02 1.622963840852474027e+00
5.500000000000000000e+02 1.622987245816303714e+00
5.510000000000000000e+02 1.623010645567835697e+00
5.520000000000000000e+02 1.623034040107069975e+00
5.530000000000000000e+02 1.623057429434006327e+00
5.540000000000000000e+02 1.623080813548644752e+00
5.550000000000000000e+02 1.623104192450985472e+00
5.560000000000000000e+02 1.623127566141028488e+00
5.570000000000000000e+02 1.623150934618773578e+00
5.580000000000000000e+02 1.623174297884220962e+00
5.590000000000000000e+02 1.623197655937370421e+00
5.600000000000000000e+02 1.623221008778222174e+00
5.610000000000000000e+02 1.623244356406776001e+00
5.620000000000000000e+02 1.623267698823032124e+00
5.630000000000000000e+02 1.623291036026990541e+00
5.640000000000000000e+02 1.623314368018651033e+00
5.650000000000000000e+02 1.623337694798013597e+00
5.660000000000000000e+02 1.623361016365078457e+00
5.670000000000000000e+02 1.623384332719845613e+00
5.680000000000000000e+02 1.623407643862314842e+00
5.690000000000000000e+02 1.623430949792486366e+00
5.700000000000000000e+02 1.623454250510360186e+00
5.710000000000000000e+02 1.623477546015936079e+00
5.720000000000000000e+02 1.623500836309214046e+00
5.730000000000000000e+02 1.623524121390194308e+00
5.740000000000000000e+02 1.623547401258876866e+00
5.750000000000000000e+02 1.623570675915261496e+00
5.760000000000000000e+02 1.623593945359348423e+00
5.770000000000000000e+02 1.623617209591137422e+00
5.780000000000000000e+02 1.623640468610628718e+00
5.790000000000000000e+02 1.623663722417822086e+00
5.800000000000000000e+02 1.623686971012717750e+00
5.810000000000000000e+02 1.623710214395315710e+00
5.820000000000000000e+02 1.623733452565615742e+00
5.830000000000000000e+02 1.623756685523617849e+00
5.840000000000000000e+02 1.623779913269322250e+00
5.850000000000000000e+02 1.623803135802728947e+00
5.860000000000000000e+02 1.623826353123837718e+00
5.870000000000000000e+02 1.623849565232648784e+00
5.880000000000000000e+02 1.623872772129162145e+00
5.890000000000000000e+02 1.623895973813377580e+00
5.900000000000000000e+02 1.623919170285295088e+00
5.910000000000000000e+02 1.623942361544914892e+00
5.920000000000000000e+02 1.623965547592236991e+00
5.930000000000000000e+02 1.623988728427261163e+00
5.940000000000000000e+02 1.624011904049987631e+00
5.950000000000000000e+02 1.624035074460416173e+00
5.960000000000000000e+02 1.624058239658547009e+00
5.970000000000000000e+02 1.624081399644379919e+00
5.980000000000000000e+02 1.624104554417915125e+00
5.990000000000000000e+02 1.624127703979152626e+00
6.000000000000000000e+02 1.624150848328092200e+00
6.010000000000000000e+02 1.624173987464733848e+00
6.020000000000000000e+02 1.624197121389078013e+00
6.030000000000000000e+02 1.624220250101124030e+00
6.040000000000000000e+02 1.624243373600872564e+00
6.050000000000000000e+02 1.624266491888323172e+00
6.060000000000000000e+02 1.624289604963475853e+00
6.070000000000000000e+02 1.624312712826330829e+00
6.080000000000000000e+02 1.624335815476887879e+00
6.090000000000000000e+02 1.624358912915147224e+00
6.100000000000000000e+02 1.624382005141108865e+00
6.110000000000000000e+02 1.624405092154772579e+00
6.120000000000000000e+02 1.624428173956138588e+00
6.130000000000000000e+02 1.624451250545206671e+00
6.140000000000000000e+02 1.624474321921977049e+00
6.150000000000000000e+02 1.624497388086449723e+00
6.160000000000000000e+02 1.624520449038624470e+00
6.170000000000000000e+02 1.624543504778501291e+00
6.180000000000000000e+02 1.624566555306080406e+00
6.190000000000000000e+02 1.624589600621361818e+00
6.200000000000000000e+02 1.624612640724345303e+00
6.210000000000000000e+02 1.624635675615031083e+00
6.220000000000000000e+02 1.624658705293418937e+00
6.230000000000000000e+02 1.624681729759509086e+00
6.240000000000000000e+02 1.624704749013301308e+00
6.250000000000000000e+02 1.624727763054795826e+00
6.260000000000000000e+02 1.624750771883992639e+00
6.270000000000000000e+02 1.624773775500891526e+00
6.280000000000000000e+02 1.624796773905492486e+00
6.290000000000000000e+02 1.624819767097795964e+00
6.300000000000000000e+02 1.624842755077801293e+00
6.310000000000000000e+02 1.624865737845509139e+00
6.320000000000000000e+02 1.624888715400919059e+00
6.330000000000000000e+02 1.624911687744031052e+00
6.340000000000000000e+02 1.624934654874845341e+00
6.350000000000000000e+02 1.624957616793361703e+00
6.360000000000000000e+02 1.624980573499580583e+00
6.370000000000000000e+02 1.625003524993501314e+00
6.380000000000000000e+02 1.625026471275124340e+00
6.390000000000000000e+02 1.625049412344449662e+00
6.400000000000000000e+02 1.625072348201477057e+00
6.410000000000000000e+02 1.625095278846206748e+00
6.420000000000000000e+02 1.625118204278638734e+00
6.430000000000000000e+02 1.625141124498772793e+00
6.440000000000000000e+02 1.625164039506608926e+00
6.450000000000000000e+02 1.625186949302147355e+00
6.460000000000000000e+02 1.625209853885388078e+00
6.470000000000000000e+02 1.625232753256330875e+00
6.480000000000000000e+02 1.625255647414975968e+00
6.490000000000000000e+02 1.625278536361323134e+00
6.500000000000000000e+02 1.625301420095372595e+00
6.510000000000000000e+02 1.625324298617124130e+00
6.520000000000000000e+02 1.625347171926577960e+00
6.530000000000000000e+02 1.625370040023734086e+00
6.540000000000000000e+02 1.625392902908592285e+00
6.550000000000000000e+02 1.625415760581152780e+00
6.560000000000000000e+02 1.625438613041415348e+00
6.570000000000000000e+02 1.625461460289380211e+00
6.580000000000000000e+02 1.625484302325047148e+00
6.590000000000000000e+02 1.625507139148416380e+00
6.600000000000000000e+02 1.625529970759487686e+00
6.610000000000000000e+02 1.625552797158261287e+00
6.620000000000000000e+02 1.625575618344737183e+00
6.630000000000000000e+02 1.625598434318915153e+00
6.640000000000000000e+02 1.625621245080795418e+00
6.650000000000000000e+02 1.625644050630377757e+00
6.660000000000000000e+02 1.625666850967662169e+00
6.670000000000000000e+02 1.625689646092649099e+00
6.680000000000000000e+02 1.625712436005338102e+00
6.690000000000000000e+02 1.625735220705729178e+00
6.700000000000000000e+02 1.625758000193822550e+00
6.710000000000000000e+02 1.625780774469618217e+00
6.720000000000000000e+02 1.625803543533115958e+00
6.730000000000000000e+02 1.625826307384315772e+00
6.740000000000000000e+02 1.625849066023218104e+00
6.750000000000000000e+02 1.625871819449822286e+00
6.760000000000000000e+02 1.625894567664128987e+00
6.770000000000000000e+02 1.625917310666137761e+00
6.780000000000000000e+02 1.625940048455848608e+00
6.790000000000000000e+02 1.625962781033261750e+00
6.800000000000000000e+02 1.625985508398376966e+00
6.810000000000000000e+02 1.626008230551194700e+00
6.820000000000000000e+02 1.626030947491714285e+00
6.830000000000000000e+02 1.626053659219936165e+00
6.840000000000000000e+02 1.626076365735860341e+00
6.850000000000000000e+02 1.626099067039486812e+00
6.860000000000000000e+02 1.626121763130815134e+00
6.870000000000000000e+02 1.626144454009845974e+00
6.880000000000000000e+02 1.626167139676578888e+00
6.890000000000000000e+02 1.626189820131013875e+00
6.900000000000000000e+02 1.626212495373151157e+00
6.910000000000000000e+02 1.626235165402990734e+00
6.920000000000000000e+02 1.626257830220532385e+00
6.930000000000000000e+02 1.626280489825776332e+00
6.940000000000000000e+02 1.626303144218722352e+00
6.950000000000000000e+02 1.626325793399370667e+00
6.960000000000000000e+02 1.626348437367721278e+00
6.970000000000000000e+02 1.626371076123773962e+00
6.980000000000000000e+02 1.626393709667528720e+00
6.990000000000000000e+02 1.626416337998985773e+00
7.000000000000000000e+02 1.626438961118145121e+00
7.010000000000000000e+02 1.626461579025006543e+00
7.020000000000000000e+02 1.626484191719570260e+00
7.030000000000000000e+02 1.626506799201836051e+00
7.040000000000000000e+02 1.626529401471804137e+00
7.050000000000000000e+02 1.626551998529474519e+00
7.060000000000000000e+02 1.626574590374846974e+00
7.070000000000000000e+02 1.626597177007921502e+00
7.080000000000000000e+02 1.626619758428698326e+00
7.090000000000000000e+02 1.626642334637177445e+00
7.100000000000000000e+02 1.626664905633358638e+00
7.110000000000000000e+02 1.626687471417242126e+00
7.120000000000000000e+02 1.626710031988827687e+00
7.130000000000000000e+02 1.626732587348115544e+00
7.140000000000000000e+02 1.626755137495105696e+00
7.150000000000000000e+02 1.626777682429797922e+00
7.160000000000000000e+02 1.626800222152192221e+00
7.170000000000000000e+02 1.626822756662288816e+00
7.180000000000000000e+02 1.626845285960087706e+00
7.190000000000000000e+02 1.626867810045588669e+00
7.200000000000000000e+02 1.626890328918791928e+00
7.210000000000000000e+02 1.626912842579697260e+00
7.220000000000000000e+02 1.626935351028304888e+00
7.230000000000000000e+02 1.626957854264614811e+00
7.240000000000000000e+02 1.626980352288626808e+00
7.250000000000000000e+02 1.627002845100340878e+00
7.260000000000000000e+02 1.627025332699757243e+00
7.270000000000000000e+02 1.627047815086875904e+00
7.280000000000000000e+02 1.627070292261696638e+00
7.290000000000000000e+02 1.627092764224219668e+00
7.300000000000000000e+02 1.627115230974444771e+00
7.310000000000000000e+02 1.627137692512372169e+00
7.320000000000000000e+02 1.627160148838001863e+00
7.330000000000000000e+02 1.627182599951333630e+00
7.340000000000000000e+02 1.627205045852367471e+00
7.350000000000000000e+02 1.627227486541103607e+00
7.360000000000000000e+02 1.627249922017542039e+00
7.370000000000000000e+02 1.627272352281682544e+00
7.380000000000000000e+02 1.627294777333525344e+00
7.390000000000000000e+02 1.627317197173070218e+00
7.400000000000000000e+02 1.627339611800317387e+00
7.410000000000000000e+02 1.627362021215266852e+00
7.420000000000000000e+02 1.627384425417918390e+00
7.430000000000000000e+02 1.627406824408272001e+00
7.440000000000000000e+02 1.627429218186328130e+00
7.450000000000000000e+02 1.627451606752086111e+00
7.460000000000000000e+02 1.627473990105546386e+00
7.470000000000000000e+02 1.627496368246708958e+00
7.480000000000000000e+02 1.627518741175573824e+00
7.490000000000000000e+02 1.627541108892140542e+00
7.500000000000000000e+02 1.627563471396409778e+00
7.510000000000000000e+02 1.627585828688381087e+00
7.520000000000000000e+02 1.627608180768054691e+00
7.530000000000000000e+02 1.627630527635430369e+00
7.540000000000000000e+02 1.627652869290508120e+00
7.550000000000000000e+02 1.627675205733288388e+00
7.560000000000000000e+02 1.627697536963770508e+00
7.570000000000000000e+02 1.627719862981955146e+00
7.580000000000000000e+02 1.627742183787841856e+00
7.590000000000000000e+02 1.627764499381430641e+00
7.600000000000000000e+02 1.627786809762721720e+00
7.610000000000000000e+02 1.627809114931715095e+00
7.620000000000000000e+02 1.627831414888410544e+00
7.630000000000000000e+02 1.627853709632808066e+00
7.640000000000000000e+02 1.627875999164908105e+00
7.650000000000000000e+02 1.627898283484709996e+00
7.660000000000000000e+02 1.627920562592214404e+00
7.670000000000000000e+02 1.627942836487420886e+00
7.680000000000000000e+02 1.627965105170329441e+00
7.690000000000000000e+02 1.627987368640940291e+00
7.700000000000000000e+02 1.628009626899253437e+00
7.710000000000000000e+02 1.628031879945268656e+00
7.720000000000000000e+02 1.628054127778986171e+00
7.730000000000000000e+02 1.628076370400405759e+00
7.740000000000000000e+02 1.628098607809527643e+00
7.750000000000000000e+02 1.628120840006351600e+00
7.760000000000000000e+02 1.628143066990877852e+00
7.770000000000000000e+02 1.628165288763106178e+00
7.780000000000000000e+02 1.628187505323036799e+00
7.790000000000000000e+02 1.628209716670669716e+00
7.800000000000000000e+02 1.628231922806004706e+00
7.810000000000000000e+02 1.628254123729041991e+00
7.820000000000000000e+02 1.628276319439781350e+00
7.830000000000000000e+02 1.628298509938223004e+00
7.840000000000000000e+02 1.628320695224366732e+00
7.850000000000000000e+02 1.628342875298212755e+00
7.860000000000000000e+02 1.628365050159761074e+00
7.870000000000000000e+02 1.628387219809011466e+00
7.880000000000000000e+02 1.628409384245963931e+00
7.890000000000000000e+02 1.628431543470618692e+00
7.900000000000000000e+02 1.628453697482975748e+00
7.910000000000000000e+02 1.628475846283034878e+00
7.920000000000000000e+02 1.628497989870796303e+00
7.930000000000000000e+02 1.628520128246260024e+00
7.940000000000000000e+02 1.628542261409425596e+00
7.950000000000000000e+02 1.628564389360293685e+00
7.960000000000000000e+02 1.628586512098863848e+00
7.970000000000000000e+02 1.628608629625136306e+00
7.980000000000000000e+02 1.628630741939110838e+00
7.990000000000000000e+02 1.628652849040787443e+00
8.000000000000000000e+02 1.628674950930166565e+00
8.010000000000000000e+02 1.628697047607247539e+00
8.020000000000000000e+02 1.628719139072031030e+00
8.030000000000000000e+02 1.628741225324516595e+00
8.040000000000000000e+02 1.628763306364704233e+00
8.050000000000000000e+02 1.628785382192594167e+00
8.060000000000000000e+02 1.628807452808186396e+00
8.070000000000000000e+02 1.628829518211480698e+00
8.080000000000000000e+02 1.628851578402477296e+00
8.090000000000000000e+02 1.628873633381175967e+00
8.100000000000000000e+02 1.628895683147576934e+00
8.110000000000000000e+02 1.628917727701679974e+00
8.120000000000000000e+02 1.628939767043485309e+00
8.130000000000000000e+02 1.628961801172992718e+00
8.140000000000000000e+02 1.628983830090202645e+00
8.150000000000000000e+02 1.629005853795114422e+00
8.160000000000000000e+02 1.629027872287728496e+00
8.170000000000000000e+02 1.629049885568044864e+00
8.180000000000000000e+02 1.629071893636063306e+00
8.190000000000000000e+02 1.629093896491784044e+00
8.200000000000000000e+02 1.629115894135206855e+00
8.210000000000000000e+02 1.629137886566331961e+00
8.220000000000000000e+02 1.629159873785159363e+00
8.230000000000000000e+02 1.629181855791688838e+00
8.240000000000000000e+02 1.629203832585920386e+00
8.250000000000000000e+02 1.629225804167854452e+00
8.260000000000000000e+02 1.629247770537490370e+00
8.270000000000000000e+02 1.629269731694828804e+00
8.280000000000000000e+02 1.629291687639869091e+00
8.290000000000000000e+02 1.629313638372611894e+00
8.300000000000000000e+02 1.629335583893056771e+00
8.310000000000000000e+02 1.629357524201203722e+00
8.320000000000000000e+02 1.629379459297052968e+00
8.330000000000000000e+02 1.629401389180604509e+00
8.340000000000000000e+02 1.629423313851858124e+00
8.350000000000000000e+02 1.629445233310814034e+00
8.360000000000000000e+02 1.629467147557472018e+00
8.370000000000000000e+02 1.629489056591832297e+00
8.380000000000000000e+02 1.629510960413894649e+00
8.390000000000000000e+02 1.629532859023659297e+00
8.400000000000000000e+02 1.629554752421126240e+00
8.410000000000000000e+02 1.629576640606295257e+00
8.420000000000000000e+02 1.629598523579166347e+00
8.430000000000000000e+02 1.629620401339739733e+00
8.440000000000000000e+02 1.629642273888015414e+00
8.450000000000000000e+02 1.629664141223993168e+00
8.460000000000000000e+02 1.629686003347673218e+00
8.470000000000000000e+02 1.629707860259055563e+00
8.480000000000000000e+02 1.629729711958139982e+00
8.490000000000000000e+02 1.629751558444926474e+00
8.500000000000000000e+02 1.629773399719415261e+00
8.510000000000000000e+02 1.629795235781606344e+00
8.520000000000000000e+02 1.629817066631499500e+00
8.530000000000000000e+02 1.629838892269094952e+00
8.540000000000000000e+02 1.629860712694392477e+00
8.550000000000000000e+02 1.629882527907392298e+00
8.560000000000000000e+02 1.629904337908094192e+00
8.570000000000000000e+02 1.629926142696498381e+00
8.580000000000000000e+02 1.629947942272604866e+00
8.590000000000000000e+02 1.629969736636413424e+00
8.600000000000000000e+02 1.629991525787924056e+00
8.610000000000000000e+02 1.630013309727136983e+00
8.620000000000000000e+02 1.630035088454052206e+00
8.630000000000000000e+02 1.630056861968669502e+00
8.640000000000000000e+02 1.630078630270989093e+00
8.650000000000000000e+02 1.630100393361010980e+00
8.660000000000000000e+02 1.630122151238734940e+00
8.670000000000000000e+02 1.630143903904160974e+00
8.680000000000000000e+02 1.630165651357289303e+00
8.690000000000000000e+02 1.630187393598119927e+00
8.700000000000000000e+02 1.630209130626652625e+00
8.710000000000000000e+02 1.630230862442887618e+00
8.720000000000000000e+02 1.630252589046824685e+00
8.730000000000000000e+02 1.630274310438464047e+00
8.740000000000000000e+02 1.630296026617805483e+00
8.750000000000000000e+02 1.630317737584849214e+00
8.760000000000000000e+02 1.630339443339595240e+00
8.770000000000000000e+02 1.630361143882043340e+00
8.780000000000000000e+02 1.630382839212193513e+00
8.790000000000000000e+02 1.630404529330045982e+00
8.800000000000000000e+02 1.630426214235600746e+00
8.810000000000000000e+02 1.630447893928857583e+00
8.820000000000000000e+02 1.630469568409816716e+00
8.830000000000000000e+02 1.630491237678478145e+00
8.840000000000000000e+02 1.630512901734841646e+00
8.850000000000000000e+02 1.630534560578907222e+00
8.860000000000000000e+02 1.630556214210675092e+00
8.870000000000000000e+02 1.630577862630145258e+00
8.880000000000000000e+02 1.630599505837317498e+00
8.890000000000000000e+02 1.630621143832192033e+00
8.900000000000000000e+02 1.630642776614768641e+00
8.910000000000000000e+02 1.630664404185047545e+00
8.920000000000000000e+02 1.630686026543028522e+00
8.930000000000000000e+02 1.630707643688711794e+00
8.940000000000000000e+02 1.630729255622097362e+00
8.950000000000000000e+02 1.630750862343185004e+00
8.960000000000000000e+02 1.630772463851974718e+00
8.970000000000000000e+02 1.630794060148466951e+00
8.980000000000000000e+02 1.630815651232661034e+00
8.990000000000000000e+02 1.630837237104557635e+00
9.000000000000000000e+02 1.630858817764156088e+00
9.010000000000000000e+02 1.630880393211457058e+00
9.020000000000000000e+02 1.630901963446460101e+00
9.030000000000000000e+02 1.630923528469165218e+00
9.040000000000000000e+02 1.630945088279572630e+00
9.050000000000000000e+02 1.630966642877682338e+00
9.060000000000000000e+02 1.630988192263494119e+00
9.070000000000000000e+02 1.631009736437008195e+00
9.080000000000000000e+02 1.631031275398224345e+00
9.090000000000000000e+02 1.631052809147142790e+00
9.100000000000000000e+02 1.631074337683763531e+00
9.110000000000000000e+02 1.631095861008086123e+00
9.120000000000000000e+02 1.631117379120111233e+00
9.130000000000000000e+02 1.631138892019838416e+00
9.140000000000000000e+02 1.631160399707267894e+00
9.150000000000000000e+02 1.631181902182399446e+00
9.160000000000000000e+02 1.631203399445233293e+00
9.170000000000000000e+02 1.631224891495769214e+00
9.180000000000000000e+02 1.631246378334007430e+00
9.190000000000000000e+02 1.631267859959947719e+00
9.200000000000000000e+02 1.631289336373590304e+00
9.210000000000000000e+02 1.631310807574935184e+00
9.220000000000000000e+02 1.631332273563982138e+00
9.230000000000000000e+02 1.631353734340731165e+00
9.240000000000000000e+02 1.631375189905182710e+00
9.250000000000000000e+02 1.631396640257336106e+00
9.260000000000000000e+02 1.631418085397192019e+00
9.270000000000000000e+02 1.631439525324749784e+00
9.280000000000000000e+02 1.631460960040010066e+00
9.290000000000000000e+02 1.631482389542972422e+00
9.300000000000000000e+02 1.631503813833636851e+00
9.310000000000000000e+02 1.631525232912003576e+00
9.320000000000000000e+02 1.631546646778072596e+00
9.330000000000000000e+02 1.631568055431843689e+00
9.340000000000000000e+02 1.631589458873317078e+00
9.350000000000000000e+02 1.631610857102492540e+00
9.360000000000000000e+02 1.631632250119370298e+00
9.370000000000000000e+02 1.631653637923950351e+00
9.380000000000000000e+02 1.631675020516232477e+00
9.390000000000000000e+02 1.631696397896216677e+00
9.400000000000000000e+02 1.631717770063903172e+00
9.410000000000000000e+02 1.631739137019291963e+00
9.420000000000000000e+02 1.631760498762382827e+00
9.430000000000000000e+02 1.631781855293175987e+00
9.440000000000000000e+02 1.631803206611671220e+00
9.450000000000000000e+02 1.631824552717868748e+00
9.460000000000000000e+02 1.631845893611768350e+00
9.470000000000000000e+02 1.631867229293370247e+00
9.480000000000000000e+02 1.631888559762674440e+00
9.490000000000000000e+02 1.631909885019680706e+00
9.500000000000000000e+02 1.631931205064389268e+00
9.510000000000000000e+02 1.631952519896799902e+00
9.520000000000000000e+02 1.631973829516912833e+00
9.530000000000000000e+02 1.631995133924727837e+00
9.540000000000000000e+02 1.632016433120245136e+00
9.550000000000000000e+02 1.632037727103464508e+00
9.560000000000000000e+02 1.632059015874386176e+00
9.570000000000000000e+02 1.632080299433010140e+00
9.580000000000000000e+02 1.632101577779336177e+00
9.590000000000000000e+02 1.632122850913364287e+00
9.600000000000000000e+02 1.632144118835094915e+00
9.610000000000000000e+02 1.632165381544527394e+00
9.620000000000000000e+02 1.632186639041662390e+00
9.630000000000000000e+02 1.632207891326499460e+00
9.640000000000000000e+02 1.632229138399038604e+00
9.650000000000000000e+02 1.632250380259280043e+00
9.660000000000000000e+02 1.632271616907223777e+00
9.670000000000000000e+02 1.632292848342869584e+00
9.680000000000000000e+02 1.632314074566217466e+00
9.690000000000000000e+02 1.632335295577267642e+00
9.700000000000000000e+02 1.632356511376020114e+00
9.710000000000000000e+02 1.632377721962474881e+00
9.720000000000000000e+02 1.632398927336631500e+00
9.730000000000000000e+02 1.632420127498490636e+00
9.740000000000000000e+02 1.632441322448051846e+00
9.750000000000000000e+02 1.632462512185315129e+00
9.760000000000000000e+02 1.632483696710280707e+00
9.770000000000000000e+02 1.632504876022948581e+00
9.780000000000000000e+02 1.632526050123318528e+00
9.790000000000000000e+02 1.632547219011390771e+00
9.800000000000000000e+02 1.632568382687165087e+00
9.810000000000000000e+02 1.632589541150641699e+00
9.820000000000000000e+02 1.632610694401820606e+00
9.830000000000000000e+02 1.632631842440701586e+00
9.840000000000000000e+02 1.632652985267284640e+00
9.850000000000000000e+02 1.632674122881569989e+00
9.860000000000000000e+02 1.632695255283557634e+00
9.870000000000000000e+02 1.632716382473247352e+00
9.880000000000000000e+02 1.632737504450639365e+00
9.890000000000000000e+02 1.632758621215733452e+00
9.900000000000000000e+02 1.632779732768529835e+00
9.910000000000000000e+02 1.632800839109028512e+00
9.920000000000000000e+02 1.632821940237229263e+00
9.930000000000000000e+02 1.632843036153132088e+00
9.940000000000000000e+02 1.632864126856737208e+00
9.950000000000000000e+02 1.632885212348044623e+00
9.960000000000000000e+02 1.632906292627054112e+00
9.970000000000000000e+02 1.632927367693765897e+00
9.980000000000000000e+02 1.632948437548179754e+00
9.990000000000000000e+02 1.632969502190295907e+00
1.000000000000000000e+03 1.632990561620114356e+00
1.001000000000000000e+03 1.633011615837634878e+00
1.002000000000000000e+03 1.633032664842857473e+00
1.003000000000000000e+03 1.633053708635782364e+00
1.004000000000000000e+03 1.633074747216409550e+00
1.005000000000000000e+03 1.633095780584738810e+00
1.006000000000000000e+03 1.633116808740770365e+00
1.007000000000000000e+03 1.633137831684503993e+00
1.008000000000000000e+03 1.633158849415939917e+00
1.009000000000000000e+03 1.633179861935078137e+00
1.010000000000000000e+03 1.633200869241918429e+00
1.011000000000000000e+03 1.633221871336460795e+00
1.012000000000000000e+03 1.633242868218705457e+00
1.013000000000000000e+03 1.633263859888652414e+00
1.014000000000000000e+03 1.633284846346301444e+00
1.015000000000000000e+03 1.633305827591652770e+00
1.016000000000000000e+03 1.633326803624706169e+00
1.017000000000000000e+03 1.633347774445461864e+00
1.018000000000000000e+03 1.633368740053919854e+00
1.019000000000000000e+03 1.633389700450079918e+00
1.020000000000000000e+03 1.633410655633942055e+00
1.021000000000000000e+03 1.633431605605506487e+00
