# order=6: data_wav [pixel], data_wavsolution [micron]
3.000000000000000000e+00 1.508720994677410721e+00
4.000000000000000000e+00 1.508745997481696577e+00
5.000000000000000000e+00 1.508770997074508902e+00
6.000000000000000000e+00 1.508795993455847473e+00
7.000000000000000000e+00 1.508820986625712290e+00
8.000000000000000000e+00 1.508845976584103576e+00
9.000000000000000000e+00 1.508870963331021331e+00
1.000000000000000000e+01 1.508895946866465332e+00
1.100000000000000000e+01 1.508920927190435801e+00
1.200000000000000000e+01 1.508945904302932517e+00
1.300000000000000000e+01 1.508970878203955479e+00
1.400000000000000000e+01 1.508995848893504910e+00
1.500000000000000000e+01 1.509020816371580587e+00
1.600000000000000000e+01 1.509045780638182732e+00
1.700000000000000000e+01 1.509070741693311124e+00
1.800000000000000000e+01 1.509095699536965984e+00
1.900000000000000000e+01 1.509120654169147091e+00
2.000000000000000000e+01 1.509145605589854666e+00
2.100000000000000000e+01 1.509170553799088488e+00
2.200000000000000000e+01 1.509195498796848778e+00
2.300000000000000000e+01 1.509220440583135314e+00
2.400000000000000000e+01 1.509245379157948319e+00
2.500000000000000000e+01 1.509270314521287570e+00
2.600000000000000000e+01 1.509295246673153068e+00
2.700000000000000000e+01 1.509320175613545034e+00
2.800000000000000000e+01 1.509345101342463469e+00
2.900000000000000000e+01 1.509370023859908150e+00
3.000000000000000000e+01 1.509394943165879077e+00
3.100000000000000000e+01 1.509419859260376473e+00
3.200000000000000000e+01 1.509444772143400337e+00
3.300000000000000000e+01 1.509469681814950226e+00
3.400000000000000000e+01 1.509494588275026805e+00
3.500000000000000000e+01 1.509519491523629631e+00
3.600000000000000000e+01 1.509544391560758703e+00
3.700000000000000000e+01 1.509569288386414243e+00
3.800000000000000000e+01 1.509594182000596030e+00
3.900000000000000000e+01 1.509619072403304063e+00
4.000000000000000000e+01 1.509643959594538787e+00
4.100000000000000000e+01 1.509668843574299535e+00
4.200000000000000000e+01 1.509693724342586751e+00
4.300000000000000000e+01 1.509718601899400436e+00
4.400000000000000000e+01 1.509743476244740368e+00
4.500000000000000000e+01 1.509768347378606546e+00
4.600000000000000000e+01 1.509793215300999192e+00
4.700000000000000000e+01 1.509818080011918306e+00
4.800000000000000000e+01 1.509842941511363668e+00
4.900000000000000000e+01 1.509867799799335275e+00
5.000000000000000000e+01 1.509892654875833351e+00
5.100000000000000000e+01 1.509917506740857673e+00
5.200000000000000000e+01 1.509942355394408464e+00
5.300000000000000000e+01 1.509967200836485501e+00
5.400000000000000000e+01 1.509992043067089007e+00
5.500000000000000000e+01 1.510016882086218759e+00
5.600000000000000000e+01 1.510041717893874980e+00
5.700000000000000000e+01 1.510066550490057447e+00
5.800000000000000000e+01 1.510091379874766160e+00
5.900000000000000000e+01 1.510116206048001342e+00
6.000000000000000000e+01 1.510141029009762992e+00
6.100000000000000000e+01 1.510165848760050888e+00
6.200000000000000000e+01 1.510190665298865254e+00
6.300000000000000000e+01 1.510215478626205643e+00
6.400000000000000000e+01 1.510240288742072723e+00
6.500000000000000000e+01 1.510265095646466049e+00
6.600000000000000000e+01 1.510289899339385622e+00
6.700000000000000000e+01 1.510314699820831663e+00
6.800000000000000000e+01 1.510339497090803951e+00
6.900000000000000000e+01 1.510364291149302707e+00
7.000000000000000000e+01 1.510389081996327709e+00
7.100000000000000000e+01 1.510413869631879180e+00
7.200000000000000000e+01 1.510438654055956897e+00
7.300000000000000000e+01 1.510463435268561083e+00
7.400000000000000000e+01 1.510488213269691515e+00
7.500000000000000000e+01 1.510512988059348416e+00
7.600000000000000000e+01 1.510537759637531563e+00
7.700000000000000000e+01 1.510562528004240956e+00
7.800000000000000000e+01 1.510587293159476818e+00
7.900000000000000000e+01 1.510612055103239149e+00
8.000000000000000000e+01 1.510636813835527725e+00
8.100000000000000000e+01 1.510661569356342548e+00
8.200000000000000000e+01 1.510686321665683840e+00
8.300000000000000000e+01 1.510711070763551378e+00
8.400000000000000000e+01 1.510735816649945384e+00
8.500000000000000000e+01 1.510760559324865859e+00
8.600000000000000000e+01 1.510785298788312359e+00
8.700000000000000000e+01 1.510810035040285548e+00
8.800000000000000000e+01 1.510834768080784762e+00
8.900000000000000000e+01 1.510859497909810445e+00
9.000000000000000000e+01 1.510884224527362596e+00
9.100000000000000000e+01 1.510908947933440993e+00
9.200000000000000000e+01 1.510933668128045859e+00
9.300000000000000000e+01 1.510958385111176971e+00
9.400000000000000000e+01 1.510983098882834330e+00
9.500000000000000000e+01 1.511007809443018157e+00
9.600000000000000000e+01 1.511032516791728453e+00
9.700000000000000000e+01 1.511057220928964995e+00
9.800000000000000000e+01 1.511081921854727783e+00
9.900000000000000000e+01 1.511106619569017040e+00
1.000000000000000000e+02 1.511131314071832765e+00
1.010000000000000000e+02 1.511156005363174515e+00
1.020000000000000000e+02 1.511180693443042955e+00
1.030000000000000000e+02 1.511205378311437419e+00
1.040000000000000000e+02 1.511230059968358574e+00
1.050000000000000000e+02 1.511254738413805754e+00
1.060000000000000000e+02 1.511279413647779624e+00
1.070000000000000000e+02 1.511304085670279518e+00
1.080000000000000000e+02 1.511328754481305880e+00
1.090000000000000000e+02 1.511353420080858712e+00
1.100000000000000000e+02 1.511378082468937789e+00
1.110000000000000000e+02 1.511402741645543335e+00
1.120000000000000000e+02 1.511427397610675127e+00
1.130000000000000000e+02 1.511452050364333166e+00
1.140000000000000000e+02 1.511476699906517673e+00
1.150000000000000000e+02 1.511501346237228427e+00
1.160000000000000000e+02 1.511525989356465649e+00
1.170000000000000000e+02 1.511550629264229340e+00
1.180000000000000000e+02 1.511575265960519054e+00
1.190000000000000000e+02 1.511599899445335460e+00
1.200000000000000000e+02 1.511624529718678112e+00
1.210000000000000000e+02 1.511649156780547010e+00
1.220000000000000000e+02 1.511673780630942376e+00
1.230000000000000000e+02 1.511698401269863989e+00
1.240000000000000000e+02 1.511723018697311849e+00
1.250000000000000000e+02 1.511747632913286177e+00
1.260000000000000000e+02 1.511772243917786973e+00
1.270000000000000000e+02 1.511796851710814016e+00
1.280000000000000000e+02 1.511821456292367527e+00
1.290000000000000000e+02 1.511846057662447285e+00
1.300000000000000000e+02 1.511870655821053289e+00
1.310000000000000000e+02 1.511895250768185761e+00
1.320000000000000000e+02 1.511919842503844480e+00
1.330000000000000000e+02 1.511944431028029667e+00
1.340000000000000000e+02 1.511969016340741323e+00
1.350000000000000000e+02 1.511993598441979225e+00
1.360000000000000000e+02 1.512018177331743374e+00
1.370000000000000000e+02 1.512042753010033991e+00
1.380000000000000000e+02 1.512067325476850854e+00
1.390000000000000000e+02 1.512091894732194186e+00
1.400000000000000000e+02 1.512116460776063764e+00
1.410000000000000000e+02 1.512141023608459589e+00
1.420000000000000000e+02 1.512165583229381882e+00
1.430000000000000000e+02 1.512190139638830644e+00
1.440000000000000000e+02 1.512214692836805652e+00
1.450000000000000000e+02 1.512239242823307128e+00
1.460000000000000000e+02 1.512263789598334851e+00
1.470000000000000000e+02 1.512288333161888820e+00
1.480000000000000000e+02 1.512312873513969258e+00
1.490000000000000000e+02 1.512337410654575942e+00
1.500000000000000000e+02 1.512361944583709095e+00
1.510000000000000000e+02 1.512386475301368716e+00
1.520000000000000000e+02 1.512411002807554583e+00
1.530000000000000000e+02 1.512435527102266697e+00
1.540000000000000000e+02 1.512460048185505279e+00
1.550000000000000000e+02 1.512484566057270108e+00
1.560000000000000000e+02 1.512509080717561405e+00
1.570000000000000000e+02 1.512533592166378948e+00
1.580000000000000000e+02 1.512558100403722738e+00
1.590000000000000000e+02 1.512582605429592997e+00
1.600000000000000000e+02 1.512607107243989724e+00
1.610000000000000000e+02 1.512631605846912697e+00
1.620000000000000000e+02 1.512656101238362139e+00
1.630000000000000000e+02 1.512680593418337827e+00
1.640000000000000000e+02 1.512705082386839761e+00
1.650000000000000000e+02 1.512729568143868164e+00
1.660000000000000000e+02 1.512754050689422813e+00
1.670000000000000000e+02 1.512778530023503931e+00
1.680000000000000000e+02 1.512803006146111517e+00
1.690000000000000000e+02 1.512827479057245350e+00
1.700000000000000000e+02 1.512851948756905429e+00
1.710000000000000000e+02 1.512876415245091977e+00
1.720000000000000000e+02 1.512900878521804771e+00
1.730000000000000000e+02 1.512925338587043811e+00
1.740000000000000000e+02 1.512949795440809542e+00
1.750000000000000000e+02 1.512974249083101297e+00
1.760000000000000000e+02 1.512998699513919520e+00
1.770000000000000000e+02 1.513023146733264213e+00
1.780000000000000000e+02 1.513047590741135151e+00
1.790000000000000000e+02 1.513072031537532558e+00
1.800000000000000000e+02 1.513096469122456211e+00
1.810000000000000000e+02 1.513120903495906111e+00
1.820000000000000000e+02 1.513145334657882479e+00
1.830000000000000000e+02 1.513169762608385094e+00
1.840000000000000000e+02 1.513194187347414177e+00
1.850000000000000000e+02 1.513218608874969728e+00
1.860000000000000000e+02 1.513243027191051304e+00
1.870000000000000000e+02 1.513267442295659571e+00
1.880000000000000000e+02 1.513291854188793861e+00
1.890000000000000000e+02 1.513316262870454842e+00
1.900000000000000000e+02 1.513340668340641848e+00
1.910000000000000000e+02 1.513365070599355544e+00
1.920000000000000000e+02 1.513389469646595265e+00
1.930000000000000000e+02 1.513413865482361453e+00
1.940000000000000000e+02 1.513438258106654111e+00
1.950000000000000000e+02 1.513462647519473014e+00
1.960000000000000000e+02 1.513487033720818165e+00
1.970000000000000000e+02 1.513511416710689783e+00
1.980000000000000000e+02 1.513535796489087870e+00
1.990000000000000000e+02 1.513560173056012204e+00
2.000000000000000000e+02 1.513584546411462783e+00
2.010000000000000000e+02 1.513608916555439832e+00
2.020000000000000000e+02 1.513633283487943126e+00
2.030000000000000000e+02 1.513657647208972890e+00
2.040000000000000000e+02 1.513682007718529121e+00
2.050000000000000000e+02 1.513706365016611377e+00
2.060000000000000000e+02 1.513730719103220324e+00
2.070000000000000000e+02 1.513755069978355294e+00
2.080000000000000000e+02 1.513779417642016734e+00
2.090000000000000000e+02 1.513803762094204641e+00
2.100000000000000000e+02 1.513828103334918795e+00
2.110000000000000000e+02 1.513852441364159418e+00
2.120000000000000000e+02 1.513876776181926287e+00
2.130000000000000000e+02 1.513901107788219402e+00
2.140000000000000000e+02 1.513925436183038986e+00
2.150000000000000000e+02 1.513949761366385038e+00
2.160000000000000000e+02 1.513974083338257337e+00
2.170000000000000000e+02 1.513998402098655882e+00
2.180000000000000000e+02 1.514022717647580896e+00
2.190000000000000000e+02 1.514047029985032156e+00
2.200000000000000000e+02 1.514071339111009884e+00
2.210000000000000000e+02 1.514095645025513859e+00
2.220000000000000000e+02 1.514119947728544302e+00
2.230000000000000000e+02 1.514144247220100992e+00
2.240000000000000000e+02 1.514168543500184150e+00
2.250000000000000000e+02 1.514192836568793554e+00
2.260000000000000000e+02 1.514217126425929427e+00
2.270000000000000000e+02 1.514241413071591547e+00
2.280000000000000000e+02 1.514265696505779912e+00
2.290000000000000000e+02 1.514289976728494969e+00
2.300000000000000000e+02 1.514314253739736049e+00
2.310000000000000000e+02 1.514338527539503598e+00
2.320000000000000000e+02 1.514362798127797394e+00
2.330000000000000000e+02 1.514387065504617658e+00
2.340000000000000000e+02 1.514411329669964390e+00
2.350000000000000000e+02 1.514435590623837369e+00
2.360000000000000000e+02 1.514459848366236594e+00
2.370000000000000000e+02 1.514484102897162288e+00
2.380000000000000000e+02 1.514508354216614228e+00
2.390000000000000000e+02 1.514532602324592636e+00
2.400000000000000000e+02 1.514556847221097291e+00
2.410000000000000000e+02 1.514581088906128414e+00
2.420000000000000000e+02 1.514605327379685784e+00
2.430000000000000000e+02 1.514629562641769622e+00
2.440000000000000000e+02 1.514653794692379707e+00
2.450000000000000000e+02 1.514678023531516038e+00
2.460000000000000000e+02 1.514702249159178837e+00
2.470000000000000000e+02 1.514726471575368105e+00
2.480000000000000000e+02 1.514750690780083620e+00
2.490000000000000000e+02 1.514774906773325380e+00
2.500000000000000000e+02 1.514799119555093609e+00
2.510000000000000000e+02 1.514823329125388307e+00
2.520000000000000000e+02 1.514847535484209029e+00
2.530000000000000000e+02 1.514871738631556441e+00
2.540000000000000000e+02 1.514895938567430100e+00
2.550000000000000000e+02 1.514920135291830006e+00
2.560000000000000000e+02 1.514944328804756379e+00
2.570000000000000000e+02 1.514968519106209000e+00
2.580000000000000000e+02 1.514992706196187866e+00
2.590000000000000000e+02 1.515016890074693423e+00
2.600000000000000000e+02 1.515041070741725004e+00
2.610000000000000000e+02 1.515065248197283054e+00
2.620000000000000000e+02 1.515089422441367573e+00
2.630000000000000000e+02 1.515113593473978337e+00
2.640000000000000000e+02 1.515137761295115348e+00
2.650000000000000000e+02 1.515161925904778828e+00
2.660000000000000000e+02 1.515186087302968776e+00
2.670000000000000000e+02 1.515210245489684970e+00
2.680000000000000000e+02 1.515234400464927411e+00
2.690000000000000000e+02 1.515258552228696320e+00
2.700000000000000000e+02 1.515282700780991476e+00
2.710000000000000000e+02 1.515306846121813100e+00
2.720000000000000000e+02 1.515330988251160971e+00
2.730000000000000000e+02 1.515355127169035310e+00
2.740000000000000000e+02 1.515379262875435895e+00
2.750000000000000000e+02 1.515403395370362949e+00
2.760000000000000000e+02 1.515427524653816249e+00
2.770000000000000000e+02 1.515451650725796018e+00
2.780000000000000000e+02 1.515475773586302033e+00
2.790000000000000000e+02 1.515499893235334516e+00
2.800000000000000000e+02 1.515524009672893246e+00
2.810000000000000000e+02 1.515548122898978223e+00
2.820000000000000000e+02 1.515572232913589668e+00
2.830000000000000000e+02 1.515596339716727359e+00
2.840000000000000000e+02 1.515620443308391518e+00
2.850000000000000000e+02 1.515644543688582147e+00
2.860000000000000000e+02 1.515668640857299021e+00
2.870000000000000000e+02 1.515692734814542142e+00
2.880000000000000000e+02 1.515716825560311731e+00
2.890000000000000000e+02 1.515740913094607567e+00
2.900000000000000000e+02 1.515764997417429871e+00
2.910000000000000000e+02 1.515789078528778422e+00
2.920000000000000000e+02 1.515813156428653441e+00
2.930000000000000000e+02 1.515837231117054706e+00
2.940000000000000000e+02 1.515861302593982218e+00
2.950000000000000000e+02 1.515885370859436421e+00
2.960000000000000000e+02 1.515909435913416647e+00
2.970000000000000000e+02 1.515933497755923343e+00
2.980000000000000000e+02 1.515957556386956506e+00
2.990000000000000000e+02 1.515981611806515916e+00
3.000000000000000000e+02 1.516005664014601573e+00
3.010000000000000000e+02 1.516029713011213698e+00
3.020000000000000000e+02 1.516053758796352069e+00
3.030000000000000000e+02 1.516077801370016909e+00
3.040000000000000000e+02 1.516101840732208217e+00
3.050000000000000000e+02 1.516125876882925549e+00
3.060000000000000000e+02 1.516149909822169572e+00
3.070000000000000000e+02 1.516173939549939620e+00
3.080000000000000000e+02 1.516197966066236358e+00
3.090000000000000000e+02 1.516221989371059120e+00
3.100000000000000000e+02 1.516246009464408351e+00
3.110000000000000000e+02 1.516270026346284050e+00
3.120000000000000000e+02 1.516294040016685996e+00
3.130000000000000000e+02 1.516318050475614410e+00
3.140000000000000000e+02 1.516342057723069070e+00
3.150000000000000000e+02 1.516366061759049977e+00
3.160000000000000000e+02 1.516390062583557352e+00
3.170000000000000000e+02 1.516414060196591196e+00
3.180000000000000000e+02 1.516438054598151064e+00
3.190000000000000000e+02 1.516462045788237623e+00
3.200000000000000000e+02 1.516486033766850428e+00
3.210000000000000000e+02 1.516510018533989479e+00
3.220000000000000000e+02 1.516534000089654999e+00
3.230000000000000000e+02 1.516557978433846765e+00
3.240000000000000000e+02 1.516581953566565000e+00
3.250000000000000000e+02 1.516605925487809481e+00
3.260000000000000000e+02 1.516629894197580430e+00
3.270000000000000000e+02 1.516653859695877626e+00
3.280000000000000000e+02 1.516677821982701069e+00
3.290000000000000000e+02 1.516701781058051202e+00
3.300000000000000000e+02 1.516725736921927359e+00
3.310000000000000000e+02 1.516749689574329985e+00
3.320000000000000000e+02 1.516773639015259079e+00
3.330000000000000000e+02 1.516797585244714419e+00
3.340000000000000000e+02 1.516821528262696006e+00
3.350000000000000000e+02 1.516845468069204061e+00
3.360000000000000000e+02 1.516869404664238363e+00
3.370000000000000000e+02 1.516893338047799134e+00
3.380000000000000000e+02 1.516917268219886150e+00
3.390000000000000000e+02 1.516941195180499635e+00
3.400000000000000000e+02 1.516965118929639589e+00
3.410000000000000000e+02 1.516989039467305567e+00
3.420000000000000000e+02 1.517012956793498013e+00
3.430000000000000000e+02 1.517036870908216928e+00
3.440000000000000000e+02 1.517060781811462089e+00
3.450000000000000000e+02 1.517084689503233719e+00
3.460000000000000000e+02 1.517108593983531595e+00
3.470000000000000000e+02 1.517132495252355939e+00
3.480000000000000000e+02 1.517156393309706530e+00
3.490000000000000000e+02 1.517180288155583368e+00
3.500000000000000000e+02 1.517204179789986673e+00
3.510000000000000000e+02 1.517228068212916225e+00
3.520000000000000000e+02 1.517251953424372246e+00
3.530000000000000000e+02 1.517275835424354735e+00
3.540000000000000000e+02 1.517299714212863471e+00
3.550000000000000000e+02 1.517323589789898453e+00
3.560000000000000000e+02 1.517347462155459903e+00
3.570000000000000000e+02 1.517371331309547600e+00
3.580000000000000000e+02 1.517395197252161765e+00
3.590000000000000000e+02 1.517419059983302176e+00
3.600000000000000000e+02 1.517442919502969056e+00
3.610000000000000000e+02 1.517466775811162183e+00
3.620000000000000000e+02 1.517490628907881556e+00
3.630000000000000000e+02 1.517514478793127397e+00
3.640000000000000000e+02 1.517538325466899707e+00
3.650000000000000000e+02 1.517562168929198263e+00
3.660000000000000000e+02 1.517586009180023066e+00
3.670000000000000000e+02 1.517609846219374337e+00
3.680000000000000000e+02 1.517633680047252076e+00
3.690000000000000000e+02 1.517657510663656062e+00
3.700000000000000000e+02 1.517681338068586294e+00
3.710000000000000000e+02 1.517705162262042995e+00
3.720000000000000000e+02 1.517728983244025942e+00
3.730000000000000000e+02 1.517752801014535358e+00
3.740000000000000000e+02 1.517776615573571020e+00
3.750000000000000000e+02 1.517800426921133150e+00
3.760000000000000000e+02 1.517824235057221527e+00
3.770000000000000000e+02 1.517848039981836372e+00
3.780000000000000000e+02 1.517871841694977464e+00
3.790000000000000000e+02 1.517895640196645024e+00
3.800000000000000000e+02 1.517919435486838831e+00
3.810000000000000000e+02 1.517943227565558884e+00
3.820000000000000000e+02 1.517967016432805405e+00
3.830000000000000000e+02 1.517990802088578395e+00
3.840000000000000000e+02 1.518014584532877631e+00
3.850000000000000000e+02 1.518038363765703114e+00
3.860000000000000000e+02 1.518062139787055065e+00
3.870000000000000000e+02 1.518085912596933262e+00
3.880000000000000000e+02 1.518109682195337928e+00
3.890000000000000000e+02 1.518133448582269063e+00
3.900000000000000000e+02 1.518157211757726222e+00
3.910000000000000000e+02 1.518180971721710071e+00
3.920000000000000000e+02 1.518204728474219944e+00
3.930000000000000000e+02 1.518228482015256287e+00
3.940000000000000000e+02 1.518252232344819097e+00
3.950000000000000000e+02 1.518275979462908154e+00
3.960000000000000000e+02 1.518299723369523679e+00
3.970000000000000000e+02 1.518323464064665451e+00
3.980000000000000000e+02 1.518347201548333691e+00
3.990000000000000000e+02 1.518370935820528178e+00
4.000000000000000000e+02 1.518394666881248911e+00
4.010000000000000000e+02 1.518418394730496113e+00
4.020000000000000000e+02 1.518442119368269561e+00
4.030000000000000000e+02 1.518465840794569477e+00
4.040000000000000000e+02 1.518489559009395862e+00
4.050000000000000000e+02 1.518513274012748271e+00
4.060000000000000000e+02 1.518536985804627371e+00
4.070000000000000000e+02 1.518560694385032717e+00
4.080000000000000000e+02 1.518584399753964309e+00
4.090000000000000000e+02 1.518608101911422370e+00
4.100000000000000000e+02 1.518631800857406677e+00
4.110000000000000000e+02 1.518655496591917231e+00
4.120000000000000000e+02 1.518679189114954475e+00
4.130000000000000000e+02 1.518702878426517744e+00
4.140000000000000000e+02 1.518726564526607481e+00
4.150000000000000000e+02 1.518750247415223686e+00
4.160000000000000000e+02 1.518773927092366138e+00
4.170000000000000000e+02 1.518797603558034837e+00
4.180000000000000000e+02 1.518821276812230003e+00
4.190000000000000000e+02 1.518844946854951639e+00
4.200000000000000000e+02 1.518868613686199520e+00
4.210000000000000000e+02 1.518892277305973648e+00
4.220000000000000000e+02 1.518915937714274245e+00
4.230000000000000000e+02 1.518939594911101088e+00
4.240000000000000000e+02 1.518963248896454399e+00
4.250000000000000000e+02 1.518986899670333957e+00
4.260000000000000000e+02 1.519010547232739983e+00
4.270000000000000000e+02 1.519034191583672255e+00
4.280000000000000000e+02 1.519057832723130996e+00
4.290000000000000000e+02 1.519081470651115984e+00
4.300000000000000000e+02 1.519105105367627218e+00
4.310000000000000000e+02 1.519128736872664920e+00
4.320000000000000000e+02 1.519152365166229091e+00
4.330000000000000000e+02 1.519175990248319508e+00
4.340000000000000000e+02 1.519199612118936171e+00
4.350000000000000000e+02 1.519223230778079303e+00
4.360000000000000000e+02 1.519246846225748904e+00
4.370000000000000000e+02 1.519270458461944751e+00
4.380000000000000000e+02 1.519294067486666844e+00
4.390000000000000000e+02 1.519317673299915405e+00
4.400000000000000000e+02 1.519341275901690214e+00
4.410000000000000000e+02 1.519364875291991490e+00
4.420000000000000000e+02 1.519388471470819013e+00
4.430000000000000000e+02 1.519412064438173005e+00
4.440000000000000000e+02 1.519435654194053242e+00
4.450000000000000000e+02 1.519459240738459949e+00
4.460000000000000000e+02 1.519482824071392901e+00
4.470000000000000000e+02 1.519506404192852100e+00
4.480000000000000000e+02 1.519529981102837768e+00
4.490000000000000000e+02 1.519553554801349904e+00
4.500000000000000000e+02 1.519577125288388286e+00
4.510000000000000000e+02 1.519600692563953137e+00
4.520000000000000000e+02 1.519624256628044012e+00
4.530000000000000000e+02 1.519647817480661578e+00
4.540000000000000000e+02 1.519671375121805390e+00
4.550000000000000000e+02 1.519694929551475449e+00
4.560000000000000000e+02 1.519718480769671975e+00
4.570000000000000000e+02 1.519742028776394749e+00
4.580000000000000000e+02 1.519765573571643991e+00
4.590000000000000000e+02 1.519789115155419479e+00
4.600000000000000000e+02 1.519812653527721436e+00
4.610000000000000000e+02 1.519836188688549639e+00
4.620000000000000000e+02 1.519859720637904310e+00
4.630000000000000000e+02 1.519883249375785228e+00
4.640000000000000000e+02 1.519906774902192614e+00
4.650000000000000000e+02 1.519930297217126247e+00
4.660000000000000000e+02 1.519953816320586126e+00
4.670000000000000000e+02 1.519977332212572474e+00
4.680000000000000000e+02 1.520000844893085290e+00
4.690000000000000000e+02 1.520024354362124352e+00
4.700000000000000000e+02 1.520047860619689661e+00
4.710000000000000000e+02 1.520071363665781439e+00
4.720000000000000000e+02 1.520094863500399462e+00
4.730000000000000000e+02 1.520118360123543955e+00
4.740000000000000000e+02 1.520141853535214693e+00
4.750000000000000000e+02 1.520165343735411900e+00
4.760000000000000000e+02 1.520188830724135354e+00
4.770000000000000000e+02 1.520212314501385276e+00
4.780000000000000000e+02 1.520235795067161444e+00
4.790000000000000000e+02 1.520259272421464081e+00
4.800000000000000000e+02 1.520282746564292964e+00
4.810000000000000000e+02 1.520306217495648315e+00
4.820000000000000000e+02 1.520329685215529913e+00
4.830000000000000000e+02 1.520353149723937758e+00
4.840000000000000000e+02 1.520376611020872071e+00
4.850000000000000000e+02 1.520400069106332852e+00
4.860000000000000000e+02 1.520423523980319880e+00
4.870000000000000000e+02 1.520446975642833154e+00
4.880000000000000000e+02 1.520470424093872897e+00
4.890000000000000000e+02 1.520493869333438886e+00
4.900000000000000000e+02 1.520517311361531343e+00
4.910000000000000000e+02 1.520540750178150047e+00
4.920000000000000000e+02 1.520564185783295219e+00
4.930000000000000000e+02 1.520587618176966638e+00
4.940000000000000000e+02 1.520611047359164525e+00
4.950000000000000000e+02 1.520634473329888658e+00
4.960000000000000000e+02 1.520657896089139260e+00
4.970000000000000000e+02 1.520681315636916109e+00
4.980000000000000000e+02 1.520704731973219426e+00
4.990000000000000000e+02 1.520728145098048989e+00
5.000000000000000000e+02 1.520751555011404799e+00
5.010000000000000000e+02 1.520774961713287077e+00
5.020000000000000000e+02 1.520798365203695823e+00
5.030000000000000000e+02 1.520821765482630816e+00
5.040000000000000000e+02 1.520845162550092056e+00
5.050000000000000000e+02 1.520868556406079763e+00
5.060000000000000000e+02 1.520891947050593718e+00
5.070000000000000000e+02 1.520915334483634140e+00
5.080000000000000000e+02 1.520938718705200809e+00
5.090000000000000000e+02 1.520962099715293947e+00
5.100000000000000000e+02 1.520985477513913331e+00
5.110000000000000000e+02 1.521008852101059183e+00
5.120000000000000000e+02 1.521032223476731282e+00
5.130000000000000000e+02 1.521055591640929849e+00
5.140000000000000000e+02 1.521078956593654663e+00
5.150000000000000000e+02 1.521102318334905723e+00
5.160000000000000000e+02 1.521125676864683252e+00
5.170000000000000000e+02 1.521149032182987249e+00
5.180000000000000000e+02 1.521172384289817492e+00
5.190000000000000000e+02 1.521195733185173982e+00
5.200000000000000000e+02 1.521219078869056940e+00
5.210000000000000000e+02 1.521242421341466367e+00
5.220000000000000000e+02 1.521265760602402040e+00
5.230000000000000000e+02 1.521289096651863959e+00
5.240000000000000000e+02 1.521312429489852347e+00
5.250000000000000000e+02 1.521335759116366981e+00
5.260000000000000000e+02 1.521359085531408084e+00
5.270000000000000000e+02 1.521382408734975433e+00
5.280000000000000000e+02 1.521405728727069251e+00
5.290000000000000000e+02 1.521429045507689315e+00
5.300000000000000000e+02 1.521452359076835847e+00
5.310000000000000000e+02 1.521475669434508626e+00
5.320000000000000000e+02 1.521498976580707652e+00
5.330000000000000000e+02 1.521522280515433145e+00
5.340000000000000000e+02 1.521545581238685108e+00
5.350000000000000000e+02 1.521568878750463316e+00
5.360000000000000000e+02 1.521592173050767771e+00
5.370000000000000000e+02 1.521615464139598695e+00
5.380000000000000000e+02 1.521638752016956087e+00
5.390000000000000000e+02 1.521662036682839725e+00
5.400000000000000000e+02 1.521685318137249610e+00
5.410000000000000000e+02 1.521708596380185963e+00
5.420000000000000000e+02 1.521731871411648562e+00
5.430000000000000000e+02 1.521755143231637630e+00
5.440000000000000000e+02 1.521778411840152945e+00
5.450000000000000000e+02 1.521801677237194728e+00
5.460000000000000000e+02 1.521824939422762757e+00
5.470000000000000000e+02 1.521848198396857033e+00
5.480000000000000000e+02 1.521871454159477999e+00
5.490000000000000000e+02 1.521894706710624989e+00
5.500000000000000000e+02 1.521917956050298448e+00
5.510000000000000000e+02 1.521941202178498376e+00
5.520000000000000000e+02 1.521964445095224550e+00
5.530000000000000000e+02 1.521987684800476970e+00
5.540000000000000000e+02 1.522010921294255859e+00
5.550000000000000000e+02 1.522034154576560994e+00
5.560000000000000000e+02 1.522057384647392597e+00
5.570000000000000000e+02 1.522080611506750669e+00
5.580000000000000000e+02 1.522103835154634766e+00
5.590000000000000000e+02 1.522127055591045552e+00
5.600000000000000000e+02 1.522150272815982586e+00
5.610000000000000000e+02 1.522173486829445865e+00
5.620000000000000000e+02 1.522196697631435391e+00
5.630000000000000000e+02 1.522219905221951608e+00
5.640000000000000000e+02 1.522243109600993849e+00
5.650000000000000000e+02 1.522266310768562558e+00
5.660000000000000000e+02 1.522289508724657736e+00
5.670000000000000000e+02 1.522312703469279160e+00
5.680000000000000000e+02 1.522335895002426831e+00
5.690000000000000000e+02 1.522359083324100970e+00
5.700000000000000000e+02 1.522382268434301578e+00
5.710000000000000000e+02 1.522405450333028432e+00
5.720000000000000000e+02 1.522428629020281532e+00
5.730000000000000000e+02 1.522451804496061101e+00
5.740000000000000000e+02 1.522474976760366916e+00
5.750000000000000000e+02 1.522498145813199200e+00
5.760000000000000000e+02 1.522521311654557952e+00
5.770000000000000000e+02 1.522544474284442728e+00
5.780000000000000000e+02 1.522567633702853973e+00
5.790000000000000000e+02 1.522590789909791686e+00
5.800000000000000000e+02 1.522613942905255646e+00
5.810000000000000000e+02 1.522637092689246074e+00
5.820000000000000000e+02 1.522660239261762749e+00
5.830000000000000000e+02 1.522683382622805892e+00
5.840000000000000000e+02 1.522706522772375282e+00
5.850000000000000000e+02 1.522729659710470917e+00
5.860000000000000000e+02 1.522752793437093022e+00
5.870000000000000000e+02 1.522775923952241595e+00
5.880000000000000000e+02 1.522799051255916414e+00
5.890000000000000000e+02 1.522822175348117479e+00
5.900000000000000000e+02 1.522845296228845013e+00
5.910000000000000000e+02 1.522868413898098794e+00
5.920000000000000000e+02 1.522891528355879043e+00
5.930000000000000000e+02 1.522914639602185538e+00
5.940000000000000000e+02 1.522937747637018502e+00
5.950000000000000000e+02 1.522960852460377712e+00
5.960000000000000000e+02 1.522983954072263391e+00
5.970000000000000000e+02 1.523007052472675316e+00
5.980000000000000000e+02 1.523030147661613709e+00
5.990000000000000000e+02 1.523053239639078349e+00
6.000000000000000000e+02 1.523076328405069235e+00
6.010000000000000000e+02 1.523099413959586590e+00
6.020000000000000000e+02 1.523122496302630413e+00
6.030000000000000000e+02 1.523145575434200483e+00
6.040000000000000000e+02 1.523168651354296799e+00
6.050000000000000000e+02 1.523191724062919583e+00
6.060000000000000000e+02 1.523214793560068836e+00
6.070000000000000000e+02 1.523237859845744113e+00
6.080000000000000000e+02 1.523260922919946081e+00
6.090000000000000000e+02 1.523283982782674295e+00
6.100000000000000000e+02 1.523307039433928756e+00
6.110000000000000000e+02 1.523330092873709685e+00
6.120000000000000000e+02 1.523353143102016860e+00
6.130000000000000000e+02 1.523376190118850282e+00
6.140000000000000000e+02 1.523399233924210394e+00
6.150000000000000000e+02 1.523422274518096531e+00
6.160000000000000000e+02 1.523445311900509136e+00
6.170000000000000000e+02 1.523468346071448209e+00
6.180000000000000000e+02 1.523491377030913529e+00
6.190000000000000000e+02 1.523514404778905096e+00
6.200000000000000000e+02 1.523537429315423131e+00
6.210000000000000000e+02 1.523560450640467634e+00
6.220000000000000000e+02 1.523583468754038384e+00
6.230000000000000000e+02 1.523606483656135380e+00
6.240000000000000000e+02 1.523629495346758844e+00
6.250000000000000000e+02 1.523652503825908555e+00
6.260000000000000000e+02 1.523675509093584735e+00
6.270000000000000000e+02 1.523698511149787160e+00
6.280000000000000000e+02 1.523721509994516055e+00
6.290000000000000000e+02 1.523744505627771195e+00
6.300000000000000000e+02 1.523767498049552804e+00
6.310000000000000000e+02 1.523790487259860660e+00
6.320000000000000000e+02 1.523813473258694984e+00
6.330000000000000000e+02 1.523836456046055554e+00
6.340000000000000000e+02 1.523859435621942593e+00
6.350000000000000000e+02 1.523882411986355878e+00
6.360000000000000000e+02 1.523905385139295410e+00
6.370000000000000000e+02 1.523928355080761410e+00
6.380000000000000000e+02 1.523951321810753656e+00
6.390000000000000000e+02 1.523974285329272371e+00
6.400000000000000000e+02 1.523997245636317555e+00
6.410000000000000000e+02 1.524020202731888984e+00
6.420000000000000000e+02 1.524043156615986661e+00
6.430000000000000000e+02 1.524066107288610805e+00
6.440000000000000000e+02 1.524089054749761196e+00
6.450000000000000000e+02 1.524111998999438056e+00
6.460000000000000000e+02 1.524134940037641162e+00
6.470000000000000000e+02 1.524157877864370736e+00
6.480000000000000000e+02 1.524180812479626557e+00
6.490000000000000000e+02 1.524203743883408624e+00
6.500000000000000000e+02 1.524226672075717159e+00
6.510000000000000000e+02 1.524249597056552163e+00
6.520000000000000000e+02 1.524272518825913414e+00
6.530000000000000000e+02 1.524295437383801133e+00
6.540000000000000000e+02 1.524318352730215098e+00
6.550000000000000000e+02 1.524341264865155310e+00
6.560000000000000000e+02 1.524364173788621990e+00
6.570000000000000000e+02 1.524387079500614917e+00
6.580000000000000000e+02 1.524409982001134312e+00
6.590000000000000000e+02 1.524432881290179953e+00
6.600000000000000000e+02 1.524455777367752063e+00
6.610000000000000000e+02 1.524478670233850419e+00
6.620000000000000000e+02 1.524501559888475244e+00
6.630000000000000000e+02 1.524524446331626315e+00
6.640000000000000000e+02 1.524547329563303855e+00
6.650000000000000000e+02 1.524570209583507641e+00
6.660000000000000000e+02 1.524593086392237895e+00
6.670000000000000000e+02 1.524615959989494396e+00
6.680000000000000000e+02 1.524638830375277365e+00
6.690000000000000000e+02 1.524661697549586581e+00
6.700000000000000000e+02 1.524684561512422043e+00
6.710000000000000000e+02 1.524707422263783974e+00
6.720000000000000000e+02 1.524730279803672151e+00
6.730000000000000000e+02 1.524753134132086796e+00
6.740000000000000000e+02 1.524775985249027910e+00
6.750000000000000000e+02 1.524798833154495270e+00
6.760000000000000000e+02 1.524821677848488877e+00
6.770000000000000000e+02 1.524844519331008952e+00
6.780000000000000000e+02 1.524867357602055273e+00
6.790000000000000000e+02 1.524890192661628063e+00
6.800000000000000000e+02 1.524913024509727100e+00
6.810000000000000000e+02 1.524935853146352605e+00
6.820000000000000000e+02 1.524958678571504356e+00
6.830000000000000000e+02 1.524981500785182353e+00
6.840000000000000000e+02 1.525004319787386819e+00
6.850000000000000000e+02 1.525027135578117754e+00
6.860000000000000000e+02 1.525049948157374935e+00
6.870000000000000000e+02 1.525072757525158362e+00
6.880000000000000000e+02 1.525095563681468258e+00
6.890000000000000000e+02 1.525118366626304622e+00
6.900000000000000000e+02 1.525141166359667233e+00
6.910000000000000000e+02 1.525163962881556090e+00
6.920000000000000000e+02 1.525186756191971416e+00
6.930000000000000000e+02 1.525209546290912987e+00
6.940000000000000000e+02 1.525232333178381028e+00
6.950000000000000000e+02 1.525255116854375315e+00
6.960000000000000000e+02 1.525277897318896070e+00
6.970000000000000000e+02 1.525300674571943071e+00
6.980000000000000000e+02 1.525323448613516542e+00
6.990000000000000000e+02 1.525346219443616258e+00
7.000000000000000000e+02 1.525368987062242443e+00
7.010000000000000000e+02 1.525391751469394874e+00
7.020000000000000000e+02 1.525414512665073552e+00
7.030000000000000000e+02 1.525437270649278698e+00
7.040000000000000000e+02 1.525460025422010313e+00
7.050000000000000000e+02 1.525482776983268174e+00
7.060000000000000000e+02 1.525505525333052281e+00
7.070000000000000000e+02 1.525528270471362857e+00
7.080000000000000000e+02 1.525551012398199680e+00
7.090000000000000000e+02 1.525573751113562970e+00
7.100000000000000000e+02 1.525596486617452729e+00
7.110000000000000000e+02 1.525619218909868513e+00
7.120000000000000000e+02 1.525641947990810987e+00
7.130000000000000000e+02 1.525664673860279485e+00
7.140000000000000000e+02 1.525687396518274674e+00
7.150000000000000000e+02 1.525710115964795888e+00
7.160000000000000000e+02 1.525732832199843569e+00
7.170000000000000000e+02 1.525755545223417720e+00
7.180000000000000000e+02 1.525778255035518116e+00
7.190000000000000000e+02 1.525800961636144981e+00
7.200000000000000000e+02 1.525823665025298093e+00
7.210000000000000000e+02 1.525846365202977450e+00
7.220000000000000000e+02 1.525869062169183277e+00
7.230000000000000000e+02 1.525891755923915571e+00
7.240000000000000000e+02 1.525914446467173891e+00
7.250000000000000000e+02 1.525937133798958900e+00
7.260000000000000000e+02 1.525959817919270156e+00
7.270000000000000000e+02 1.525982498828107659e+00
7.280000000000000000e+02 1.526005176525471629e+00
7.290000000000000000e+02 1.526027851011361847e+00
7.300000000000000000e+02 1.526050522285778532e+00
7.310000000000000000e+02 1.526073190348721464e+00
7.320000000000000000e+02 1.526095855200190865e+00
7.330000000000000000e+02 1.526118516840186512e+00
7.340000000000000000e+02 1.526141175268708405e+00
7.350000000000000000e+02 1.526163830485756767e+00
7.360000000000000000e+02 1.526186482491331597e+00
7.370000000000000000e+02 1.526209131285432674e+00
7.380000000000000000e+02 1.526231776868059997e+00
7.390000000000000000e+02 1.526254419239213789e+00
7.400000000000000000e+02 1.526277058398894049e+00
7.410000000000000000e+02 1.526299694347100555e+00
7.420000000000000000e+02 1.526322327083833308e+00
7.430000000000000000e+02 1.526344956609092529e+00
7.440000000000000000e+02 1.526367582922877997e+00
7.450000000000000000e+02 1.526390206025189933e+00
7.460000000000000000e+02 1.526412825916028115e+00
7.470000000000000000e+02 1.526435442595392766e+00
7.480000000000000000e+02 1.526458056063283664e+00
7.490000000000000000e+02 1.526480666319701029e+00
7.500000000000000000e+02 1.526503273364644642e+00
7.510000000000000000e+02 1.526525877198114500e+00
7.520000000000000000e+02 1.526548477820111049e+00
7.530000000000000000e+02 1.526571075230633623e+00
7.540000000000000000e+02 1.526593669429682665e+00
7.550000000000000000e+02 1.526616260417258175e+00
7.560000000000000000e+02 1.526638848193359932e+00
7.570000000000000000e+02 1.526661432757987935e+00
7.580000000000000000e+02 1.526684014111142407e+00
7.590000000000000000e+02 1.526706592252823125e+00
7.600000000000000000e+02 1.526729167183030311e+00
7.610000000000000000e+02 1.526751738901763744e+00
7.620000000000000000e+02 1.526774307409023645e+00
7.630000000000000000e+02 1.526796872704809793e+00
7.640000000000000000e+02 1.526819434789122409e+00
7.650000000000000000e+02 1.526841993661961272e+00
7.660000000000000000e+02 1.526864549323326603e+00
7.670000000000000000e+02 1.526887101773218181e+00
7.680000000000000000e+02 1.526909651011636226e+00
7.690000000000000000e+02 1.526932197038580519e+00
7.700000000000000000e+02 1.526954739854051057e+00
7.710000000000000000e+02 1.526977279458048065e+00
7.720000000000000000e+02 1.526999815850571540e+00
7.730000000000000000e+02 1.527022349031621262e+00
7.740000000000000000e+02 1.527044879001197231e+00
7.750000000000000000e+02 1.527067405759299668e+00
7.760000000000000000e+02 1.527089929305928351e+00
7.770000000000000000e+02 1.527112449641083503e+00
7.780000000000000000e+02 1.527134966764764901e+00
7.790000000000000000e+02 1.527157480676972767e+00
7.800000000000000000e+02 1.527179991377707102e+00
7.810000000000000000e+02 1.527202498866967462e+00
7.820000000000000000e+02 1.527225003144754290e+00
7.830000000000000000e+02 1.527247504211067586e+00
7.840000000000000000e+02 1.527270002065907128e+00
7.850000000000000000e+02 1.527292496709273140e+00
7.860000000000000000e+02 1.527314988141165397e+00
7.870000000000000000e+02 1.527337476361583901e+00
7.880000000000000000e+02 1.527359961370528874e+00
7.890000000000000000e+02 1.527382443168000314e+00
7.900000000000000000e+02 1.527404921753998002e+00
7.910000000000000000e+02 1.527427397128521935e+00
7.920000000000000000e+02 1.527449869291572337e+00
7.930000000000000000e+02 1.527472338243148986e+00
7.940000000000000000e+02 1.527494803983252103e+00
7.950000000000000000e+02 1.527517266511881688e+00
7.960000000000000000e+02 1.527539725829037298e+00
7.970000000000000000e+02 1.527562181934719598e+00
7.980000000000000000e+02 1.527584634828927923e+00
7.990000000000000000e+02 1.527607084511662716e+00
8.000000000000000000e+02 1.527629530982923978e+00
8.010000000000000000e+02 1.527651974242711486e+00
8.020000000000000000e+02 1.527674414291025462e+00
8.030000000000000000e+02 1.527696851127865685e+00
8.040000000000000000e+02 1.527719284753232154e+00
8.050000000000000000e+02 1.527741715167125092e+00
8.060000000000000000e+02 1.527764142369544498e+00
8.070000000000000000e+02 1.527786566360490150e+00
8.080000000000000000e+02 1.527808987139962049e+00
8.090000000000000000e+02 1.527831404707960417e+00
8.100000000000000000e+02 1.527853819064485252e+00
8.110000000000000000e+02 1.527876230209536113e+00
8.120000000000000000e+02 1.527898638143113663e+00
8.130000000000000000e+02 1.527921042865217238e+00
8.140000000000000000e+02 1.527943444375847504e+00
8.150000000000000000e+02 1.527965842675003794e+00
8.160000000000000000e+02 1.527988237762686774e+00
8.170000000000000000e+02 1.528010629638895779e+00
8.180000000000000000e+02 1.528033018303631252e+00
8.190000000000000000e+02 1.528055403756893194e+00
8.200000000000000000e+02 1.528077785998681382e+00
8.210000000000000000e+02 1.528100165028995816e+00
8.220000000000000000e+02 1.528122540847836719e+00
8.230000000000000000e+02 1.528144913455204090e+00
8.240000000000000000e+02 1.528167282851097708e+00
8.250000000000000000e+02 1.528189649035517572e+00
8.260000000000000000e+02 1.528212012008463905e+00
8.270000000000000000e+02 1.528234371769936706e+00
8.280000000000000000e+02 1.528256728319935531e+00
8.290000000000000000e+02 1.528279081658461047e+00
8.300000000000000000e+02 1.528301431785512587e+00
8.310000000000000000e+02 1.528323778701090818e+00
8.320000000000000000e+02 1.528346122405195073e+00
8.330000000000000000e+02 1.528368462897826019e+00
8.340000000000000000e+02 1.528390800178982989e+00
8.350000000000000000e+02 1.528413134248666427e+00
8.360000000000000000e+02 1.528435465106876334e+00
8.370000000000000000e+02 1.528457792753612488e+00
8.380000000000000000e+02 1.528480117188874887e+00
8.390000000000000000e+02 1.528502438412663755e+00
8.400000000000000000e+02 1.528524756424979092e+00
8.410000000000000000e+02 1.528547071225820675e+00
8.420000000000000000e+02 1.528569382815188504e+00
8.430000000000000000e+02 1.528591691193082802e+00
8.440000000000000000e+02 1.528613996359503346e+00
8.450000000000000000e+02 1.528636298314450359e+00
8.460000000000000000e+02 1.528658597057923840e+00
8.470000000000000000e+02 1.528680892589923346e+00
8.480000000000000000e+02 1.528703184910449542e+00
8.490000000000000000e+02 1.528725474019501762e+00
8.500000000000000000e+02 1.528747759917080451e+00
8.510000000000000000e+02 1.528770042603185608e+00
8.520000000000000000e+02 1.528792322077817012e+00
8.530000000000000000e+02 1.528814598340974884e+00
8.540000000000000000e+02 1.528836871392659003e+00
8.550000000000000000e+02 1.528859141232869367e+00
8.560000000000000000e+02 1.528881407861606201e+00
8.570000000000000000e+02 1.528903671278869503e+00
8.580000000000000000e+02 1.528925931484659051e+00
8.590000000000000000e+02 1.528948188478974846e+00
8.600000000000000000e+02 1.528970442261817109e+00
8.610000000000000000e+02 1.528992692833185618e+00
8.620000000000000000e+02 1.529014940193080596e+00
8.630000000000000000e+02 1.529037184341501820e+00
8.640000000000000000e+02 1.529059425278449513e+00
8.650000000000000000e+02 1.529081663003923452e+00
8.660000000000000000e+02 1.529103897517923860e+00
8.670000000000000000e+02 1.529126128820450514e+00
8.680000000000000000e+02 1.529148356911503637e+00
8.690000000000000000e+02 1.529170581791083006e+00
8.700000000000000000e+02 1.529192803459188843e+00
8.710000000000000000e+02 1.529215021915820927e+00
8.720000000000000000e+02 1.529237237160979257e+00
8.730000000000000000e+02 1.529259449194664056e+00
8.740000000000000000e+02 1.529281658016875323e+00
8.750000000000000000e+02 1.529303863627612836e+00
8.760000000000000000e+02 1.529326066026876596e+00
8.770000000000000000e+02 1.529348265214666824e+00
8.780000000000000000e+02 1.529370461190983299e+00
8.790000000000000000e+02 1.529392653955826242e+00
8.800000000000000000e+02 1.529414843509195432e+00
8.810000000000000000e+02 1.529437029851091090e+00
8.820000000000000000e+02 1.529459212981512994e+00
8.830000000000000000e+02 1.529481392900461367e+00
8.840000000000000000e+02 1.529503569607935987e+00
8.850000000000000000e+02 1.529525743103937074e+00
8.860000000000000000e+02 1.529547913388464409e+00
8.870000000000000000e+02 1.529570080461517989e+00
8.880000000000000000e+02 1.529592244323098260e+00
8.890000000000000000e+02 1.529614404973204556e+00
8.900000000000000000e+02 1.529636562411837319e+00
8.910000000000000000e+02 1.529658716638996330e+00
8.920000000000000000e+02 1.529680867654681808e+00
8.930000000000000000e+02 1.529703015458893756e+00
8.940000000000000000e+02 1.529725160051631949e+00
8.950000000000000000e+02 1.529747301432896389e+00
8.960000000000000000e+02 1.529769439602687298e+00
8.970000000000000000e+02 1.529791574561004452e+00
8.980000000000000000e+02 1.529813706307848076e+00
8.990000000000000000e+02 1.529835834843217945e+00
9.000000000000000000e+02 1.529857960167114284e+00
9.010000000000000000e+02 1.529880082279536868e+00
9.020000000000000000e+02 1.529902201180485921e+00
9.030000000000000000e+02 1.529924316869961221e+00
9.040000000000000000e+02 1.529946429347962766e+00
9.050000000000000000e+02 1.529968538614490781e+00
9.060000000000000000e+02 1.529990644669545263e+00
9.070000000000000000e+02 1.530012747513125992e+00
9.080000000000000000e+02 1.530034847145232968e+00
9.090000000000000000e+02 1.530056943565866412e+00
9.100000000000000000e+02 1.530079036775026324e+00
9.110000000000000000e+02 1.530101126772712261e+00
9.120000000000000000e+02 1.530123213558924888e+00
9.130000000000000000e+02 1.530145297133663762e+00
9.140000000000000000e+02 1.530167377496928882e+00
9.150000000000000000e+02 1.530189454648720471e+00
9.160000000000000000e+02 1.530211528589038306e+00
9.170000000000000000e+02 1.530233599317882387e+00
9.180000000000000000e+02 1.530255666835253159e+00
9.190000000000000000e+02 1.530277731141149955e+00
9.200000000000000000e+02 1.530299792235573220e+00
9.210000000000000000e+02 1.530321850118522953e+00
9.220000000000000000e+02 1.530343904789998932e+00
9.230000000000000000e+02 1.530365956250001158e+00
9.240000000000000000e+02 1.530388004498529853e+00
9.250000000000000000e+02 1.530410049535585015e+00
9.260000000000000000e+02 1.530432091361166425e+00
9.270000000000000000e+02 1.530454129975274080e+00
9.280000000000000000e+02 1.530476165377908204e+00
9.290000000000000000e+02 1.530498197569068575e+00
9.300000000000000000e+02 1.530520226548755414e+00
9.310000000000000000e+02 1.530542252316968721e+00
9.320000000000000000e+02 1.530564274873708053e+00
9.330000000000000000e+02 1.530586294218973853e+00
9.340000000000000000e+02 1.530608310352766122e+00
9.350000000000000000e+02 1.530630323275084637e+00
9.360000000000000000e+02 1.530652332985929620e+00
9.370000000000000000e+02 1.530674339485300850e+00
9.380000000000000000e+02 1.530696342773198548e+00
9.390000000000000000e+02 1.530718342849622493e+00
9.400000000000000000e+02 1.530740339714572684e+00
9.410000000000000000e+02 1.530762333368049344e+00
9.420000000000000000e+02 1.530784323810052472e+00
9.430000000000000000e+02 1.530806311040581846e+00
9.440000000000000000e+02 1.530828295059637467e+00
9.450000000000000000e+02 1.530850275867219557e+00
9.460000000000000000e+02 1.530872253463327892e+00
9.470000000000000000e+02 1.530894227847962696e+00
9.480000000000000000e+02 1.530916199021123747e+00
9.490000000000000000e+02 1.530938166982811266e+00
9.500000000000000000e+02 1.530960131733025031e+00
9.510000000000000000e+02 1.530982093271765265e+00
9.520000000000000000e+02 1.531004051599031746e+00
9.530000000000000000e+02 1.531026006714824694e+00
9.540000000000000000e+02 1.531047958619143889e+00
9.550000000000000000e+02 1.531069907311989331e+00
9.560000000000000000e+02 1.531091852793361241e+00
9.570000000000000000e+02 1.531113795063259619e+00
9.580000000000000000e+02 1.531135734121684244e+00
9.590000000000000000e+02 1.531157669968635116e+00
9.600000000000000000e+02 1.531179602604112455e+00
9.610000000000000000e+02 1.531201532028116041e+00
9.620000000000000000e+02 1.531223458240646096e+00
9.630000000000000000e+02 1.531245381241702619e+00
9.640000000000000000e+02 1.531267301031285388e+00
9.650000000000000000e+02 1.531289217609394404e+00
9.660000000000000000e+02 1.531311130976029666e+00
9.670000000000000000e+02 1.531333041131191619e+00
9.680000000000000000e+02 1.531354948074879596e+00
9.690000000000000000e+02 1.531376851807094264e+00
9.700000000000000000e+02 1.531398752327834956e+00
9.710000000000000000e+02 1.531420649637102116e+00
9.720000000000000000e+02 1.531442543734895745e+00
9.730000000000000000e+02 1.531464434621215620e+00
9.740000000000000000e+02 1.531486322296061742e+00
9.750000000000000000e+02 1.531508206759434332e+00
9.760000000000000000e+02 1.531530088011333390e+00
9.770000000000000000e+02 1.531551966051758695e+00
9.780000000000000000e+02 1.531573840880710247e+00
9.790000000000000000e+02 1.531595712498188266e+00
9.800000000000000000e+02 1.531617580904192533e+00
9.810000000000000000e+02 1.531639446098723267e+00
9.820000000000000000e+02 1.531661308081780248e+00
9.830000000000000000e+02 1.531683166853363698e+00
9.840000000000000000e+02 1.531705022413473394e+00
9.850000000000000000e+02 1.531726874762109558e+00
9.860000000000000000e+02 1.531748723899271969e+00
9.870000000000000000e+02 1.531770569824960848e+00
9.880000000000000000e+02 1.531792412539175974e+00
9.890000000000000000e+02 1.531814252041917346e+00
9.900000000000000000e+02 1.531836088333185186e+00
9.910000000000000000e+02 1.531857921412979495e+00
9.920000000000000000e+02 1.531879751281300051e+00
9.930000000000000000e+02 1.531901577938146852e+00
9.940000000000000000e+02 1.531923401383520122e+00
9.950000000000000000e+02 1.531945221617419861e+00
9.960000000000000000e+02 1.531967038639845624e+00
9.970000000000000000e+02 1.531988852450798078e+00
9.980000000000000000e+02 1.532010663050276777e+00
9.990000000000000000e+02 1.532032470438281724e+00
1.000000000000000000e+03 1.532054274614813139e+00
1.001000000000000000e+03 1.532076075579870800e+00
1.002000000000000000e+03 1.532097873333454707e+00
1.003000000000000000e+03 1.532119667875565305e+00
1.004000000000000000e+03 1.532141459206201928e+00
1.005000000000000000e+03 1.532163247325365019e+00
1.006000000000000000e+03 1.532185032233054578e+00
1.007000000000000000e+03 1.532206813929270384e+00
1.008000000000000000e+03 1.532228592414012436e+00
1.009000000000000000e+03 1.532250367687280956e+00
1.010000000000000000e+03 1.532272139749075945e+00
1.011000000000000000e+03 1.532293908599397181e+00
1.012000000000000000e+03 1.532315674238244663e+00
1.013000000000000000e+03 1.532337436665618613e+00
1.014000000000000000e+03 1.532359195881518810e+00
1.015000000000000000e+03 1.532380951885945475e+00
1.016000000000000000e+03 1.532402704678898386e+00
1.017000000000000000e+03 1.532424454260377766e+00
1.018000000000000000e+03 1.532446200630383393e+00
1.019000000000000000e+03 1.532467943788915488e+00
1.020000000000000000e+03 1.532489683735973829e+00
1.021000000000000000e+03 1.532511420471558639e+00
