# order=24: data_wav [pixel], data_wavsolution [micron]
3.000000000000000000e+00 2.358609215723926678e+00
4.000000000000000000e+00 2.358647072355103180e+00
5.000000000000000000e+00 2.358684926354912115e+00
6.000000000000000000e+00 2.358722777719103103e+00
7.000000000000000000e+00 2.358760626443425323e+00
8.000000000000000000e+00 2.358798472523628842e+00
9.000000000000000000e+00 2.358836315955462837e+00
1.000000000000000000e+01 2.358874156734677374e+00
1.100000000000000000e+01 2.358911994857021632e+00
1.200000000000000000e+01 2.358949830318245677e+00
1.300000000000000000e+01 2.358987663114098687e+00
1.400000000000000000e+01 2.359025493240330285e+00
1.500000000000000000e+01 2.359063320692690091e+00
1.600000000000000000e+01 2.359101145466928173e+00
1.700000000000000000e+01 2.359138967558793265e+00
1.800000000000000000e+01 2.359176786964035877e+00
1.900000000000000000e+01 2.359214603678404742e+00
2.000000000000000000e+01 2.359252417697650372e+00
2.100000000000000000e+01 2.359290229017521945e+00
2.200000000000000000e+01 2.359328037633768638e+00
2.300000000000000000e+01 2.359365843542140517e+00
2.400000000000000000e+01 2.359403646738387206e+00
2.500000000000000000e+01 2.359441447218258325e+00
2.600000000000000000e+01 2.359479244977503498e+00
2.700000000000000000e+01 2.359517040011871902e+00
2.800000000000000000e+01 2.359554832317113160e+00
2.900000000000000000e+01 2.359592621888977781e+00
3.000000000000000000e+01 2.359630408723214501e+00
3.100000000000000000e+01 2.359668192815572940e+00
3.200000000000000000e+01 2.359705974161802722e+00
3.300000000000000000e+01 2.359743752757653912e+00
3.400000000000000000e+01 2.359781528598876132e+00
3.500000000000000000e+01 2.359819301681218118e+00
3.600000000000000000e+01 2.359857072000430378e+00
3.700000000000000000e+01 2.359894839552262091e+00
3.800000000000000000e+01 2.359932604332462880e+00
3.900000000000000000e+01 2.359970366336782366e+00
4.000000000000000000e+01 2.360008125560970171e+00
4.100000000000000000e+01 2.360045882000776363e+00
4.200000000000000000e+01 2.360083635651949674e+00
4.300000000000000000e+01 2.360121386510240171e+00
4.400000000000000000e+01 2.360159134571397033e+00
4.500000000000000000e+01 2.360196879831170769e+00
4.600000000000000000e+01 2.360234622285310113e+00
4.700000000000000000e+01 2.360272361929565577e+00
4.800000000000000000e+01 2.360310098759685449e+00
4.900000000000000000e+01 2.360347832771420684e+00
5.000000000000000000e+01 2.360385563960520017e+00
5.100000000000000000e+01 2.360423292322733069e+00
5.200000000000000000e+01 2.360461017853809906e+00
5.300000000000000000e+01 2.360498740549499708e+00
5.400000000000000000e+01 2.360536460405552539e+00
5.500000000000000000e+01 2.360574177417717578e+00
5.600000000000000000e+01 2.360611891581744448e+00
5.700000000000000000e+01 2.360649602893382770e+00
5.800000000000000000e+01 2.360687311348382611e+00
5.900000000000000000e+01 2.360725016942493149e+00
6.000000000000000000e+01 2.360762719671464005e+00
6.100000000000000000e+01 2.360800419531044803e+00
6.200000000000000000e+01 2.360838116516985163e+00
6.300000000000000000e+01 2.360875810625034266e+00
6.400000000000000000e+01 2.360913501850942620e+00
6.500000000000000000e+01 2.360951190190459403e+00
6.600000000000000000e+01 2.360988875639333795e+00
6.700000000000000000e+01 2.361026558193315861e+00
6.800000000000000000e+01 2.361064237848155223e+00
6.900000000000000000e+01 2.361101914599601503e+00
7.000000000000000000e+01 2.361139588443403881e+00
7.100000000000000000e+01 2.361177259375312421e+00
7.200000000000000000e+01 2.361214927391076301e+00
7.300000000000000000e+01 2.361252592486445590e+00
7.400000000000000000e+01 2.361290254657169463e+00
7.500000000000000000e+01 2.361327913898997544e+00
7.600000000000000000e+01 2.361365570207679898e+00
7.700000000000000000e+01 2.361403223578965704e+00
7.800000000000000000e+01 2.361440874008605029e+00
7.900000000000000000e+01 2.361478521492346605e+00
8.000000000000000000e+01 2.361516166025940944e+00
8.100000000000000000e+01 2.361553807605137223e+00
8.200000000000000000e+01 2.361591446225685065e+00
8.300000000000000000e+01 2.361629081883333647e+00
8.400000000000000000e+01 2.361666714573833481e+00
8.500000000000000000e+01 2.361704344292933744e+00
8.600000000000000000e+01 2.361741971036384058e+00
8.700000000000000000e+01 2.361779594799933601e+00
8.800000000000000000e+01 2.361817215579332441e+00
8.900000000000000000e+01 2.361854833370330198e+00
9.000000000000000000e+01 2.361892448168676495e+00
9.100000000000000000e+01 2.361930059970120510e+00
9.200000000000000000e+01 2.361967668770411866e+00
9.300000000000000000e+01 2.362005274565301072e+00
9.400000000000000000e+01 2.362042877350536862e+00
9.500000000000000000e+01 2.362080477121868860e+00
9.600000000000000000e+01 2.362118073875046687e+00
9.700000000000000000e+01 2.362155667605820408e+00
9.800000000000000000e+01 2.362193258309939647e+00
9.900000000000000000e+01 2.362230845983153138e+00
1.000000000000000000e+02 2.362268430621211390e+00
1.010000000000000000e+02 2.362306012219863582e+00
1.020000000000000000e+02 2.362343590774858892e+00
1.030000000000000000e+02 2.362381166281947831e+00
1.040000000000000000e+02 2.362418738736879575e+00
1.050000000000000000e+02 2.362456308135403749e+00
1.060000000000000000e+02 2.362493874473269972e+00
1.070000000000000000e+02 2.362531437746227869e+00
1.080000000000000000e+02 2.362568997950027061e+00
1.090000000000000000e+02 2.362606555080416726e+00
1.100000000000000000e+02 2.362644109133146930e+00
1.110000000000000000e+02 2.362681660103967296e+00
1.120000000000000000e+02 2.362719207988627002e+00
1.130000000000000000e+02 2.362756752782876113e+00
1.140000000000000000e+02 2.362794294482464252e+00
1.150000000000000000e+02 2.362831833083140598e+00
1.160000000000000000e+02 2.362869368580654772e+00
1.170000000000000000e+02 2.362906900970756841e+00
1.180000000000000000e+02 2.362944430249196426e+00
1.190000000000000000e+02 2.362981956411722262e+00
1.200000000000000000e+02 2.363019479454084859e+00
1.210000000000000000e+02 2.363056999372033395e+00
1.220000000000000000e+02 2.363094516161317493e+00
1.230000000000000000e+02 2.363132029817686774e+00
1.240000000000000000e+02 2.363169540336891306e+00
1.250000000000000000e+02 2.363207047714679820e+00
1.260000000000000000e+02 2.363244551946802385e+00
1.270000000000000000e+02 2.363282053029009067e+00
1.280000000000000000e+02 2.363319550957048598e+00
1.290000000000000000e+02 2.363357045726671046e+00
1.300000000000000000e+02 2.363394537333626033e+00
1.310000000000000000e+02 2.363432025773662737e+00
1.320000000000000000e+02 2.363469511042531224e+00
1.330000000000000000e+02 2.363506993135981116e+00
1.340000000000000000e+02 2.363544472049762035e+00
1.350000000000000000e+02 2.363581947779623160e+00
1.360000000000000000e+02 2.363619420321314113e+00
1.370000000000000000e+02 2.363656889670584960e+00
1.380000000000000000e+02 2.363694355823185322e+00
1.390000000000000000e+02 2.363731818774863935e+00
1.400000000000000000e+02 2.363769278521371309e+00
1.410000000000000000e+02 2.363806735058457065e+00
1.420000000000000000e+02 2.363844188381869937e+00
1.430000000000000000e+02 2.363881638487360437e+00
1.440000000000000000e+02 2.363919085370677742e+00
1.450000000000000000e+02 2.363956529027571474e+00
1.460000000000000000e+02 2.363993969453791255e+00
1.470000000000000000e+02 2.364031406645086264e+00
1.480000000000000000e+02 2.364068840597207011e+00
1.490000000000000000e+02 2.364106271305902673e+00
1.500000000000000000e+02 2.364143698766922874e+00
1.510000000000000000e+02 2.364181122976016791e+00
1.520000000000000000e+02 2.364218543928934491e+00
1.530000000000000000e+02 2.364255961621425595e+00
1.540000000000000000e+02 2.364293376049239725e+00
1.550000000000000000e+02 2.364330787208126061e+00
1.560000000000000000e+02 2.364368195093834224e+00
1.570000000000000000e+02 2.364405599702114724e+00
1.580000000000000000e+02 2.364443001028715852e+00
1.590000000000000000e+02 2.364480399069388117e+00
1.600000000000000000e+02 2.364517793819881142e+00
1.610000000000000000e+02 2.364555185275943661e+00
1.620000000000000000e+02 2.364592573433326628e+00
1.630000000000000000e+02 2.364629958287778333e+00
1.640000000000000000e+02 2.364667339835048843e+00
1.650000000000000000e+02 2.364704718070888223e+00
1.660000000000000000e+02 2.364742092991045652e+00
1.670000000000000000e+02 2.364779464591270308e+00
1.680000000000000000e+02 2.364816832867312701e+00
1.690000000000000000e+02 2.364854197814922010e+00
1.700000000000000000e+02 2.364891559429847412e+00
1.710000000000000000e+02 2.364928917707839418e+00
1.720000000000000000e+02 2.364966272644646761e+00
1.730000000000000000e+02 2.365003624236019508e+00
1.740000000000000000e+02 2.365040972477706838e+00
1.750000000000000000e+02 2.365078317365459259e+00
1.760000000000000000e+02 2.365115658895025508e+00
1.770000000000000000e+02 2.365152997062155205e+00
1.780000000000000000e+02 2.365190331862598416e+00
1.790000000000000000e+02 2.365227663292104765e+00
1.800000000000000000e+02 2.365264991346423429e+00
1.810000000000000000e+02 2.365302316021304030e+00
1.820000000000000000e+02 2.365339637312496635e+00
1.830000000000000000e+02 2.365376955215750421e+00
1.840000000000000000e+02 2.365414269726815011e+00
1.850000000000000000e+02 2.365451580841440471e+00
1.860000000000000000e+02 2.365488888555375535e+00
1.870000000000000000e+02 2.365526192864370714e+00
1.880000000000000000e+02 2.365563493764174741e+00
1.890000000000000000e+02 2.365600791250538126e+00
1.900000000000000000e+02 2.365638085319210049e+00
1.910000000000000000e+02 2.365675375965939686e+00
1.920000000000000000e+02 2.365712663186477549e+00
1.930000000000000000e+02 2.365749946976572371e+00
1.940000000000000000e+02 2.365787227331974218e+00
1.950000000000000000e+02 2.365824504248432714e+00
1.960000000000000000e+02 2.365861777721697035e+00
1.970000000000000000e+02 2.365899047747517248e+00
1.980000000000000000e+02 2.365936314321642975e+00
1.990000000000000000e+02 2.365973577439823394e+00
2.000000000000000000e+02 2.366010837097808572e+00
2.010000000000000000e+02 2.366048093291347687e+00
2.020000000000000000e+02 2.366085346016190361e+00
2.030000000000000000e+02 2.366122595268086659e+00
2.040000000000000000e+02 2.366159841042785761e+00
2.050000000000000000e+02 2.366197083336037732e+00
2.060000000000000000e+02 2.366234322143591307e+00
2.070000000000000000e+02 2.366271557461196995e+00
2.080000000000000000e+02 2.366308789284603975e+00
2.090000000000000000e+02 2.366346017609561869e+00
2.100000000000000000e+02 2.366383242431819856e+00
2.110000000000000000e+02 2.366420463747128444e+00
2.120000000000000000e+02 2.366457681551236814e+00
2.130000000000000000e+02 2.366494895839894586e+00
2.140000000000000000e+02 2.366532106608850938e+00
2.150000000000000000e+02 2.366569313853856382e+00
2.160000000000000000e+02 2.366606517570659651e+00
2.170000000000000000e+02 2.366643717755010368e+00
2.180000000000000000e+02 2.366680914402659042e+00
2.190000000000000000e+02 2.366718107509353963e+00
2.200000000000000000e+02 2.366755297070846087e+00
2.210000000000000000e+02 2.366792483082884146e+00
2.220000000000000000e+02 2.366829665541217764e+00
2.230000000000000000e+02 2.366866844441597006e+00
2.240000000000000000e+02 2.366904019779771051e+00
2.250000000000000000e+02 2.366941191551489965e+00
2.260000000000000000e+02 2.366978359752502481e+00
2.270000000000000000e+02 2.367015524378559110e+00
2.280000000000000000e+02 2.367052685425409031e+00
2.290000000000000000e+02 2.367089842888802309e+00
2.300000000000000000e+02 2.367126996764487679e+00
2.310000000000000000e+02 2.367164147048215206e+00
2.320000000000000000e+02 2.367201293735734513e+00
2.330000000000000000e+02 2.367238436822795666e+00
2.340000000000000000e+02 2.367275576305147400e+00
2.350000000000000000e+02 2.367312712178539780e+00
2.360000000000000000e+02 2.367349844438721984e+00
2.370000000000000000e+02 2.367386973081444523e+00
2.380000000000000000e+02 2.367424098102456131e+00
2.390000000000000000e+02 2.367461219497506875e+00
2.400000000000000000e+02 2.367498337262345931e+00
2.410000000000000000e+02 2.367535451392723367e+00
2.420000000000000000e+02 2.367572561884388804e+00
2.430000000000000000e+02 2.367609668733091421e+00
2.440000000000000000e+02 2.367646771934580840e+00
2.450000000000000000e+02 2.367683871484607128e+00
2.460000000000000000e+02 2.367720967378919461e+00
2.470000000000000000e+02 2.367758059613267463e+00
2.480000000000000000e+02 2.367795148183400755e+00
2.490000000000000000e+02 2.367832233085069404e+00
2.500000000000000000e+02 2.367869314314022589e+00
2.510000000000000000e+02 2.367906391866009930e+00
2.520000000000000000e+02 2.367943465736781050e+00
2.530000000000000000e+02 2.367980535922085572e+00
2.540000000000000000e+02 2.368017602417672673e+00
2.550000000000000000e+02 2.368054665219292865e+00
2.560000000000000000e+02 2.368091724322695324e+00
2.570000000000000000e+02 2.368128779723629229e+00
2.580000000000000000e+02 2.368165831417844647e+00
2.590000000000000000e+02 2.368202879401091199e+00
2.600000000000000000e+02 2.368239923669118507e+00
2.610000000000000000e+02 2.368276964217675751e+00
2.620000000000000000e+02 2.368314001042512551e+00
2.630000000000000000e+02 2.368351034139379419e+00
2.640000000000000000e+02 2.368388063504024643e+00
2.650000000000000000e+02 2.368425089132198735e+00
2.660000000000000000e+02 2.368462111019651317e+00
2.670000000000000000e+02 2.368499129162131123e+00
2.680000000000000000e+02 2.368536143555388662e+00
2.690000000000000000e+02 2.368573154195173558e+00
2.700000000000000000e+02 2.368610161077234544e+00
2.710000000000000000e+02 2.368647164197322130e+00
2.720000000000000000e+02 2.368684163551185495e+00
2.730000000000000000e+02 2.368721159134573817e+00
2.740000000000000000e+02 2.368758150943237606e+00
2.750000000000000000e+02 2.368795138972926040e+00
2.760000000000000000e+02 2.368832123219388297e+00
2.770000000000000000e+02 2.368869103678374888e+00
2.780000000000000000e+02 2.368906080345634546e+00
2.790000000000000000e+02 2.368943053216917338e+00
2.800000000000000000e+02 2.368980022287972886e+00
2.810000000000000000e+02 2.369016987554550369e+00
2.820000000000000000e+02 2.369053949012399851e+00
2.830000000000000000e+02 2.369090906657270956e+00
2.840000000000000000e+02 2.369127860484912862e+00
2.850000000000000000e+02 2.369164810491075190e+00
2.860000000000000000e+02 2.369201756671508008e+00
2.870000000000000000e+02 2.369238699021960937e+00
2.880000000000000000e+02 2.369275637538182711e+00
2.890000000000000000e+02 2.369312572215923840e+00
2.900000000000000000e+02 2.369349503050933947e+00
2.910000000000000000e+02 2.369386430038961766e+00
2.920000000000000000e+02 2.369423353175757807e+00
2.930000000000000000e+02 2.369460272457070804e+00
2.940000000000000000e+02 2.369497187878651268e+00
2.950000000000000000e+02 2.369534099436248376e+00
2.960000000000000000e+02 2.369571007125611750e+00
2.970000000000000000e+02 2.369607910942490570e+00
2.980000000000000000e+02 2.369644810882635344e+00
2.990000000000000000e+02 2.369681706941794808e+00
3.000000000000000000e+02 2.369718599115719027e+00
3.010000000000000000e+02 2.369755487400157623e+00
3.020000000000000000e+02 2.369792371790860219e+00
3.030000000000000000e+02 2.369829252283575993e+00
3.040000000000000000e+02 2.369866128874054567e+00
3.050000000000000000e+02 2.369903001558046451e+00
3.060000000000000000e+02 2.369939870331299936e+00
3.070000000000000000e+02 2.369976735189565975e+00
3.080000000000000000e+02 2.370013596128592859e+00
3.090000000000000000e+02 2.370050453144131097e+00
3.100000000000000000e+02 2.370087306231929869e+00
3.110000000000000000e+02 2.370124155387739240e+00
3.120000000000000000e+02 2.370161000607307944e+00
3.130000000000000000e+02 2.370197841886386492e+00
3.140000000000000000e+02 2.370234679220724061e+00
3.150000000000000000e+02 2.370271512606070274e+00
3.160000000000000000e+02 2.370308342038174754e+00
3.170000000000000000e+02 2.370345167512787121e+00
3.180000000000000000e+02 2.370381989025656999e+00
3.190000000000000000e+02 2.370418806572534010e+00
3.200000000000000000e+02 2.370455620149167331e+00
3.210000000000000000e+02 2.370492429751307473e+00
3.220000000000000000e+02 2.370529235374703170e+00
3.230000000000000000e+02 2.370566037015104488e+00
3.240000000000000000e+02 2.370602834668260606e+00
3.250000000000000000e+02 2.370639628329921589e+00
3.260000000000000000e+02 2.370676417995837060e+00
3.270000000000000000e+02 2.370713203661756197e+00
3.280000000000000000e+02 2.370749985323428621e+00
3.290000000000000000e+02 2.370786762976604400e+00
3.300000000000000000e+02 2.370823536617032712e+00
3.310000000000000000e+02 2.370860306240463622e+00
3.320000000000000000e+02 2.370897071842646309e+00
3.330000000000000000e+02 2.370933833419330394e+00
3.340000000000000000e+02 2.370970590966265501e+00
3.350000000000000000e+02 2.371007344479201251e+00
3.360000000000000000e+02 2.371044093953887710e+00
3.370000000000000000e+02 2.371080839386073613e+00
3.380000000000000000e+02 2.371117580771509470e+00
3.390000000000000000e+02 2.371154318105944014e+00
3.400000000000000000e+02 2.371191051385127313e+00
3.410000000000000000e+02 2.371227780604808988e+00
3.420000000000000000e+02 2.371264505760738661e+00
3.430000000000000000e+02 2.371301226848665955e+00
3.440000000000000000e+02 2.371337943864340048e+00
3.450000000000000000e+02 2.371374656803511005e+00
3.460000000000000000e+02 2.371411365661928450e+00
3.470000000000000000e+02 2.371448070435341560e+00
3.480000000000000000e+02 2.371484771119500401e+00
3.490000000000000000e+02 2.371521467710154152e+00
3.500000000000000000e+02 2.371558160203052434e+00
3.510000000000000000e+02 2.371594848593945315e+00
3.520000000000000000e+02 2.371631532878581972e+00
3.530000000000000000e+02 2.371668213052712471e+00
3.540000000000000000e+02 2.371704889112085546e+00
3.550000000000000000e+02 2.371741561052451708e+00
3.560000000000000000e+02 2.371778228869560134e+00
3.570000000000000000e+02 2.371814892559160448e+00
3.580000000000000000e+02 2.371851552117002271e+00
3.590000000000000000e+02 2.371888207538835225e+00
3.600000000000000000e+02 2.371924858820408932e+00
3.610000000000000000e+02 2.371961505957473015e+00
3.620000000000000000e+02 2.371998148945777096e+00
3.630000000000000000e+02 2.372034787781070797e+00
3.640000000000000000e+02 2.372071422459103296e+00
3.650000000000000000e+02 2.372108052975624659e+00
3.660000000000000000e+02 2.372144679326384509e+00
3.670000000000000000e+02 2.372181301507132023e+00
3.680000000000000000e+02 2.372217919513617268e+00
3.690000000000000000e+02 2.372254533341589422e+00
3.700000000000000000e+02 2.372291142986798551e+00
3.710000000000000000e+02 2.372327748444993833e+00
3.720000000000000000e+02 2.372364349711925335e+00
3.730000000000000000e+02 2.372400946783342235e+00
3.740000000000000000e+02 2.372437539654994154e+00
3.750000000000000000e+02 2.372474128322631159e+00
3.760000000000000000e+02 2.372510712782002429e+00
3.770000000000000000e+02 2.372547293028857140e+00
3.780000000000000000e+02 2.372583869058945805e+00
3.790000000000000000e+02 2.372620440868017599e+00
3.800000000000000000e+02 2.372657008451822147e+00
3.810000000000000000e+02 2.372693571806109070e+00
3.820000000000000000e+02 2.372730130926627989e+00
3.830000000000000000e+02 2.372766685809128528e+00
3.840000000000000000e+02 2.372803236449359865e+00
3.850000000000000000e+02 2.372839782843072065e+00
3.860000000000000000e+02 2.372876324986014751e+00
3.870000000000000000e+02 2.372912862873937545e+00
3.880000000000000000e+02 2.372949396502589625e+00
3.890000000000000000e+02 2.372985925867721058e+00
3.900000000000000000e+02 2.373022450965081021e+00
3.910000000000000000e+02 2.373058971790419580e+00
3.920000000000000000e+02 2.373095488339486359e+00
3.930000000000000000e+02 2.373132000608030090e+00
3.940000000000000000e+02 2.373168508591801285e+00
3.950000000000000000e+02 2.373205012286549120e+00
3.960000000000000000e+02 2.373241511688023664e+00
3.970000000000000000e+02 2.373278006791974093e+00
3.980000000000000000e+02 2.373314497594150030e+00
3.990000000000000000e+02 2.373350984090301097e+00
4.000000000000000000e+02 2.373387466276176916e+00
4.010000000000000000e+02 2.373423944147527109e+00
4.020000000000000000e+02 2.373460417700101299e+00
4.030000000000000000e+02 2.373496886929649108e+00
4.040000000000000000e+02 2.373533351831919713e+00
4.050000000000000000e+02 2.373569812402663626e+00
4.060000000000000000e+02 2.373606268637629579e+00
4.070000000000000000e+02 2.373642720532567640e+00
4.080000000000000000e+02 2.373679168083227431e+00
4.090000000000000000e+02 2.373715611285358573e+00
4.100000000000000000e+02 2.373752050134710245e+00
4.110000000000000000e+02 2.373788484627032069e+00
4.120000000000000000e+02 2.373824914758074112e+00
4.130000000000000000e+02 2.373861340523585994e+00
4.140000000000000000e+02 2.373897761919316451e+00
4.150000000000000000e+02 2.373934178941016437e+00
4.160000000000000000e+02 2.373970591584434242e+00
4.170000000000000000e+02 2.374006999845320376e+00
4.180000000000000000e+02 2.374043403719424017e+00
4.190000000000000000e+02 2.374079803202494787e+00
4.200000000000000000e+02 2.374116198290282309e+00
4.210000000000000000e+02 2.374152588978536649e+00
4.220000000000000000e+02 2.374188975263006540e+00
4.230000000000000000e+02 2.374225357139442050e+00
4.240000000000000000e+02 2.374261734603592799e+00
4.250000000000000000e+02 2.374298107651208412e+00
4.260000000000000000e+02 2.374334476278038508e+00
4.270000000000000000e+02 2.374370840479832712e+00
4.280000000000000000e+02 2.374407200252340644e+00
4.290000000000000000e+02 2.374443555591311483e+00
4.300000000000000000e+02 2.374479906492494852e+00
4.310000000000000000e+02 2.374516252951641260e+00
4.320000000000000000e+02 2.374552594964499441e+00
4.330000000000000000e+02 2.374588932526819018e+00
4.340000000000000000e+02 2.374625265634350058e+00
4.350000000000000000e+02 2.374661594282841737e+00
4.360000000000000000e+02 2.374697918468044122e+00
4.370000000000000000e+02 2.374734238185706392e+00
4.380000000000000000e+02 2.374770553431578168e+00
4.390000000000000000e+02 2.374806864201409073e+00
4.400000000000000000e+02 2.374843170490949174e+00
4.410000000000000000e+02 2.374879472295947647e+00
4.420000000000000000e+02 2.374915769612153671e+00
4.430000000000000000e+02 2.374952062435317757e+00
4.440000000000000000e+02 2.374988350761189082e+00
4.450000000000000000e+02 2.375024634585517269e+00
4.460000000000000000e+02 2.375060913904051496e+00
4.470000000000000000e+02 2.375097188712542273e+00
4.480000000000000000e+02 2.375133459006738335e+00
4.490000000000000000e+02 2.375169724782389746e+00
4.500000000000000000e+02 2.375205986035246131e+00
4.510000000000000000e+02 2.375242242761056666e+00
4.520000000000000000e+02 2.375278494955571418e+00
4.530000000000000000e+02 2.375314742614540009e+00
4.540000000000000000e+02 2.375350985733711617e+00
4.550000000000000000e+02 2.375387224308835865e+00
4.560000000000000000e+02 2.375423458335662819e+00
4.570000000000000000e+02 2.375459687809941656e+00
4.580000000000000000e+02 2.375495912727422443e+00
4.590000000000000000e+02 2.375532133083854358e+00
4.600000000000000000e+02 2.375568348874987024e+00
4.610000000000000000e+02 2.375604560096570061e+00
4.620000000000000000e+02 2.375640766744353094e+00
4.630000000000000000e+02 2.375676968814086187e+00
4.640000000000000000e+02 2.375713166301518076e+00
4.650000000000000000e+02 2.375749359202399269e+00
4.660000000000000000e+02 2.375785547512478502e+00
4.670000000000000000e+02 2.375821731227505840e+00
4.680000000000000000e+02 2.375857910343231350e+00
4.690000000000000000e+02 2.375894084855403765e+00
4.700000000000000000e+02 2.375930254759772708e+00
4.710000000000000000e+02 2.375966420052088690e+00
4.720000000000000000e+02 2.376002580728100444e+00
4.730000000000000000e+02 2.376038736783558036e+00
4.740000000000000000e+02 2.376074888214210645e+00
4.750000000000000000e+02 2.376111035015808337e+00
4.760000000000000000e+02 2.376147177184100290e+00
4.770000000000000000e+02 2.376183314714836570e+00
4.780000000000000000e+02 2.376219447603766355e+00
4.790000000000000000e+02 2.376255575846639267e+00
4.800000000000000000e+02 2.376291699439205374e+00
4.810000000000000000e+02 2.376327818377213852e+00
4.820000000000000000e+02 2.376363932656414324e+00
4.830000000000000000e+02 2.376400042272556412e+00
4.840000000000000000e+02 2.376436147221390183e+00
4.850000000000000000e+02 2.376472247498664370e+00
4.860000000000000000e+02 2.376508343100129039e+00
4.870000000000000000e+02 2.376544434021534258e+00
4.880000000000000000e+02 2.376580520258628759e+00
4.890000000000000000e+02 2.376616601807162610e+00
4.900000000000000000e+02 2.376652678662885432e+00
4.910000000000000000e+02 2.376688750821546847e+00
4.920000000000000000e+02 2.376724818278896034e+00
4.930000000000000000e+02 2.376760881030683059e+00
4.940000000000000000e+02 2.376796939072657544e+00
4.950000000000000000e+02 2.376832992400568667e+00
4.960000000000000000e+02 2.376869041010166494e+00
4.970000000000000000e+02 2.376905084897200204e+00
4.980000000000000000e+02 2.376941124057419863e+00
4.990000000000000000e+02 2.376977158486574648e+00
5.000000000000000000e+02 2.377013188180414627e+00
5.010000000000000000e+02 2.377049213134688976e+00
5.020000000000000000e+02 2.377085233345147319e+00
5.030000000000000000e+02 2.377121248807539278e+00
5.040000000000000000e+02 2.377157259517614474e+00
5.050000000000000000e+02 2.377193265471122974e+00
5.060000000000000000e+02 2.377229266663813512e+00
5.070000000000000000e+02 2.377265263091436598e+00
5.080000000000000000e+02 2.377301254749740966e+00
5.090000000000000000e+02 2.377337241634477127e+00
5.100000000000000000e+02 2.377373223741393815e+00
5.110000000000000000e+02 2.377409201066241096e+00
5.120000000000000000e+02 2.377445173604768591e+00
5.130000000000000000e+02 2.377481141352725480e+00
5.140000000000000000e+02 2.377517104305862272e+00
5.150000000000000000e+02 2.377553062459927702e+00
5.160000000000000000e+02 2.377589015810671391e+00
5.170000000000000000e+02 2.377624964353843406e+00
5.180000000000000000e+02 2.377660908085193370e+00
5.190000000000000000e+02 2.377696847000470459e+00
5.200000000000000000e+02 2.377732781095424297e+00
5.210000000000000000e+02 2.377768710365804949e+00
5.220000000000000000e+02 2.377804634807361595e+00
5.230000000000000000e+02 2.377840554415843854e+00
5.240000000000000000e+02 2.377876469187001351e+00
5.250000000000000000e+02 2.377912379116584152e+00
5.260000000000000000e+02 2.377948284200341433e+00
5.270000000000000000e+02 2.377984184434022819e+00
5.280000000000000000e+02 2.378020079813377929e+00
5.290000000000000000e+02 2.378055970334155944e+00
5.300000000000000000e+02 2.378091855992107373e+00
5.310000000000000000e+02 2.378127736782981394e+00
5.320000000000000000e+02 2.378163612702527185e+00
5.330000000000000000e+02 2.378199483746494813e+00
5.340000000000000000e+02 2.378235349910633900e+00
5.350000000000000000e+02 2.378271211190694068e+00
5.360000000000000000e+02 2.378307067582424494e+00
5.370000000000000000e+02 2.378342919081575246e+00
5.380000000000000000e+02 2.378378765683895946e+00
5.390000000000000000e+02 2.378414607385135771e+00
5.400000000000000000e+02 2.378450444181044343e+00
5.410000000000000000e+02 2.378486276067371730e+00
5.420000000000000000e+02 2.378522103039867108e+00
5.430000000000000000e+02 2.378557925094280545e+00
5.440000000000000000e+02 2.378593742226360774e+00
5.450000000000000000e+02 2.378629554431858306e+00
5.460000000000000000e+02 2.378665361706522763e+00
5.470000000000000000e+02 2.378701164046102878e+00
5.480000000000000000e+02 2.378736961446348719e+00
5.490000000000000000e+02 2.378772753903010351e+00
5.500000000000000000e+02 2.378808541411836508e+00
5.510000000000000000e+02 2.378844323968577257e+00
5.520000000000000000e+02 2.378880101568982219e+00
5.530000000000000000e+02 2.378915874208801018e+00
5.540000000000000000e+02 2.378951641883783275e+00
5.550000000000000000e+02 2.378987404589678611e+00
5.560000000000000000e+02 2.379023162322236207e+00
5.570000000000000000e+02 2.379058915077206127e+00
5.580000000000000000e+02 2.379094662850337993e+00
5.590000000000000000e+02 2.379130405637380985e+00
5.600000000000000000e+02 2.379166143434084724e+00
5.610000000000000000e+02 2.379201876236199276e+00
5.620000000000000000e+02 2.379237604039474263e+00
5.630000000000000000e+02 2.379273326839658864e+00
5.640000000000000000e+02 2.379309044632502701e+00
5.650000000000000000e+02 2.379344757413755396e+00
5.660000000000000000e+02 2.379380465179167015e+00
5.670000000000000000e+02 2.379416167924486736e+00
5.680000000000000000e+02 2.379451865645464181e+00
5.690000000000000000e+02 2.379487558337848974e+00
5.700000000000000000e+02 2.379523245997390735e+00
5.710000000000000000e+02 2.379558928619839087e+00
5.720000000000000000e+02 2.379594606200943652e+00
5.730000000000000000e+02 2.379630278736454052e+00
5.740000000000000000e+02 2.379665946222119910e+00
5.750000000000000000e+02 2.379701608653690847e+00
5.760000000000000000e+02 2.379737266026916043e+00
5.770000000000000000e+02 2.379772918337545562e+00
5.780000000000000000e+02 2.379808565581329027e+00
5.790000000000000000e+02 2.379844207754015617e+00
5.800000000000000000e+02 2.379879844851355397e+00
5.810000000000000000e+02 2.379915476869097546e+00
5.820000000000000000e+02 2.379951103802992129e+00
5.830000000000000000e+02 2.379986725648788770e+00
5.840000000000000000e+02 2.380022342402236202e+00
5.850000000000000000e+02 2.380057954059084935e+00
5.860000000000000000e+02 2.380093560615084591e+00
5.870000000000000000e+02 2.380129162065983905e+00
5.880000000000000000e+02 2.380164758407533387e+00
5.890000000000000000e+02 2.380200349635482215e+00
5.900000000000000000e+02 2.380235935745580012e+00
5.910000000000000000e+02 2.380271516733576398e+00
5.920000000000000000e+02 2.380307092595220997e+00
5.930000000000000000e+02 2.380342663326263430e+00
5.940000000000000000e+02 2.380378228922453321e+00
5.950000000000000000e+02 2.380413789379540290e+00
5.960000000000000000e+02 2.380449344693273961e+00
5.970000000000000000e+02 2.380484894859403511e+00
5.980000000000000000e+02 2.380520439873679006e+00
5.990000000000000000e+02 2.380555979731850069e+00
6.000000000000000000e+02 2.380591514429665878e+00
6.010000000000000000e+02 2.380627043962876499e+00
6.020000000000000000e+02 2.380662568327231554e+00
6.030000000000000000e+02 2.380698087518480222e+00
6.040000000000000000e+02 2.380733601532372123e+00
6.050000000000000000e+02 2.380769110364657326e+00
6.060000000000000000e+02 2.380804614011085008e+00
6.070000000000000000e+02 2.380840112467404790e+00
6.080000000000000000e+02 2.380875605729366740e+00
6.090000000000000000e+02 2.380911093792720035e+00
6.100000000000000000e+02 2.380946576653214297e+00
6.110000000000000000e+02 2.380982054306599149e+00
6.120000000000000000e+02 2.381017526748624213e+00
6.130000000000000000e+02 2.381052993975039556e+00
6.140000000000000000e+02 2.381088455981593910e+00
6.150000000000000000e+02 2.381123912764037343e+00
6.160000000000000000e+02 2.381159364318119476e+00
6.170000000000000000e+02 2.381194810639589932e+00
6.180000000000000000e+02 2.381230251724197888e+00
6.190000000000000000e+02 2.381265687567693856e+00
6.200000000000000000e+02 2.381301118165826569e+00
6.210000000000000000e+02 2.381336543514345649e+00
6.220000000000000000e+02 2.381371963609001607e+00
6.230000000000000000e+02 2.381407378445542733e+00
6.240000000000000000e+02 2.381442788019719980e+00
6.250000000000000000e+02 2.381478192327281640e+00
6.260000000000000000e+02 2.381513591363978222e+00
6.270000000000000000e+02 2.381548985125559348e+00
6.280000000000000000e+02 2.381584373607774197e+00
6.290000000000000000e+02 2.381619756806372390e+00
6.300000000000000000e+02 2.381655134717103550e+00
6.310000000000000000e+02 2.381690507335717299e+00
6.320000000000000000e+02 2.381725874657963704e+00
6.330000000000000000e+02 2.381761236679591498e+00
6.340000000000000000e+02 2.381796593396351192e+00
6.350000000000000000e+02 2.381831944803991519e+00
6.360000000000000000e+02 2.381867290898262990e+00
6.370000000000000000e+02 2.381902631674914339e+00
6.380000000000000000e+02 2.381937967129695632e+00
6.390000000000000000e+02 2.381973297258356492e+00
6.400000000000000000e+02 2.382008622056646541e+00
6.410000000000000000e+02 2.382043941520315400e+00
6.420000000000000000e+02 2.382079255645112248e+00
6.430000000000000000e+02 2.382114564426786707e+00
6.440000000000000000e+02 2.382149867861089287e+00
6.450000000000000000e+02 2.382185165943768279e+00
6.460000000000000000e+02 2.382220458670574192e+00
6.470000000000000000e+02 2.382255746037256650e+00
6.480000000000000000e+02 2.382291028039564829e+00
6.490000000000000000e+02 2.382326304673248352e+00
6.500000000000000000e+02 2.382361575934057285e+00
6.510000000000000000e+02 2.382396841817740807e+00
6.520000000000000000e+02 2.382432102320048539e+00
6.530000000000000000e+02 2.382467357436730104e+00
6.540000000000000000e+02 2.382502607163535124e+00
6.550000000000000000e+02 2.382537851496213221e+00
6.560000000000000000e+02 2.382573090430514018e+00
6.570000000000000000e+02 2.382608323962187136e+00
6.580000000000000000e+02 2.382643552086982197e+00
6.590000000000000000e+02 2.382678774800648824e+00
6.600000000000000000e+02 2.382713992098936640e+00
6.610000000000000000e+02 2.382749203977594821e+00
6.620000000000000000e+02 2.382784410432373434e+00
6.630000000000000000e+02 2.382819611459022102e+00
6.640000000000000000e+02 2.382854807053290003e+00
6.650000000000000000e+02 2.382889997210927202e+00
6.660000000000000000e+02 2.382925181927682878e+00
6.670000000000000000e+02 2.382960361199307098e+00
6.680000000000000000e+02 2.382995535021549038e+00
6.690000000000000000e+02 2.383030703390158767e+00
6.700000000000000000e+02 2.383065866300885460e+00
6.710000000000000000e+02 2.383101023749478742e+00
6.720000000000000000e+02 2.383136175731688677e+00
6.730000000000000000e+02 2.383171322243264445e+00
6.740000000000000000e+02 2.383206463279955223e+00
6.750000000000000000e+02 2.383241598837511521e+00
6.760000000000000000e+02 2.383276728911682518e+00
6.770000000000000000e+02 2.383311853498217836e+00
6.780000000000000000e+02 2.383346972592867097e+00
6.790000000000000000e+02 2.383382086191379923e+00
6.800000000000000000e+02 2.383417194289505936e+00
6.810000000000000000e+02 2.383452296882994315e+00
6.820000000000000000e+02 2.383487393967595125e+00
6.830000000000000000e+02 2.383522485539057989e+00
6.840000000000000000e+02 2.383557571593132529e+00
6.850000000000000000e+02 2.383592652125567923e+00
6.860000000000000000e+02 2.383627727132114238e+00
6.870000000000000000e+02 2.383662796608520651e+00
6.880000000000000000e+02 2.383697860550537229e+00
6.890000000000000000e+02 2.383732918953913149e+00
6.900000000000000000e+02 2.383767971814398479e+00
6.910000000000000000e+02 2.383803019127741951e+00
6.920000000000000000e+02 2.383838060889694521e+00
6.930000000000000000e+02 2.383873097096004479e+00
6.940000000000000000e+02 2.383908127742422334e+00
6.950000000000000000e+02 2.383943152824696821e+00
6.960000000000000000e+02 2.383978172338578450e+00
6.970000000000000000e+02 2.384013186279816399e+00
6.980000000000000000e+02 2.384048194644160290e+00
6.990000000000000000e+02 2.384083197427359746e+00
7.000000000000000000e+02 2.384118194625164389e+00
7.010000000000000000e+02 2.384153186233323840e+00
7.020000000000000000e+02 2.384188172247587278e+00
7.030000000000000000e+02 2.384223152663704770e+00
7.040000000000000000e+02 2.384258127477425937e+00
7.050000000000000000e+02 2.384293096684500401e+00
7.060000000000000000e+02 2.384328060280677342e+00
7.070000000000000000e+02 2.384363018261706824e+00
7.080000000000000000e+02 2.384397970623338026e+00
7.090000000000000000e+02 2.384432917361321014e+00
7.100000000000000000e+02 2.384467858471405410e+00
7.110000000000000000e+02 2.384502793949339949e+00
7.120000000000000000e+02 2.384537723790875141e+00
7.130000000000000000e+02 2.384572647991760608e+00
7.140000000000000000e+02 2.384607566547745083e+00
7.150000000000000000e+02 2.384642479454579078e+00
7.160000000000000000e+02 2.384677386708011770e+00
7.170000000000000000e+02 2.384712288303792782e+00
7.180000000000000000e+02 2.384747184237671735e+00
7.190000000000000000e+02 2.384782074505398253e+00
7.200000000000000000e+02 2.384816959102722400e+00
7.210000000000000000e+02 2.384851838025392912e+00
7.220000000000000000e+02 2.384886711269159854e+00
7.230000000000000000e+02 2.384921578829772404e+00
7.240000000000000000e+02 2.384956440702981073e+00
7.250000000000000000e+02 2.384991296884534595e+00
7.260000000000000000e+02 2.385026147370183036e+00
7.270000000000000000e+02 2.385060992155675574e+00
7.280000000000000000e+02 2.385095831236762720e+00
7.290000000000000000e+02 2.385130664609192763e+00
7.300000000000000000e+02 2.385165492268716214e+00
7.310000000000000000e+02 2.385200314211082695e+00
7.320000000000000000e+02 2.385235130432041384e+00
7.330000000000000000e+02 2.385269940927342347e+00
7.340000000000000000e+02 2.385304745692734318e+00
7.350000000000000000e+02 2.385339544723967808e+00
7.360000000000000000e+02 2.385374338016791995e+00
7.370000000000000000e+02 2.385409125566956945e+00
7.380000000000000000e+02 2.385443907370211392e+00
7.390000000000000000e+02 2.385478683422305846e+00
7.400000000000000000e+02 2.385513453718989041e+00
7.410000000000000000e+02 2.385548218256011488e+00
7.420000000000000000e+02 2.385582977029121921e+00
7.430000000000000000e+02 2.385617730034070849e+00
7.440000000000000000e+02 2.385652477266607008e+00
7.450000000000000000e+02 2.385687218722480463e+00
7.460000000000000000e+02 2.385721954397440392e+00
7.470000000000000000e+02 2.385756684287237306e+00
7.480000000000000000e+02 2.385791408387619938e+00
7.490000000000000000e+02 2.385826126694338356e+00
7.500000000000000000e+02 2.385860839203141737e+00
7.510000000000000000e+02 2.385895545909779702e+00
7.520000000000000000e+02 2.385930246810002764e+00
7.530000000000000000e+02 2.385964941899559211e+00
7.540000000000000000e+02 2.385999631174199553e+00
7.550000000000000000e+02 2.386034314629672970e+00
7.560000000000000000e+02 2.386068992261729527e+00
7.570000000000000000e+02 2.386103664066118402e+00
7.580000000000000000e+02 2.386138330038589217e+00
7.590000000000000000e+02 2.386172990174891595e+00
7.600000000000000000e+02 2.386207644470775158e+00
7.610000000000000000e+02 2.386242292921989527e+00
7.620000000000000000e+02 2.386276935524284326e+00
7.630000000000000000e+02 2.386311572273409176e+00
7.640000000000000000e+02 2.386346203165113700e+00
7.650000000000000000e+02 2.386380828195147519e+00
7.660000000000000000e+02 2.386415447359260256e+00
7.670000000000000000e+02 2.386450060653201088e+00
7.680000000000000000e+02 2.386484668072720083e+00
7.690000000000000000e+02 2.386519269613566863e+00
7.700000000000000000e+02 2.386553865271490604e+00
7.710000000000000000e+02 2.386588455042241375e+00
7.720000000000000000e+02 2.386623038921568352e+00
7.730000000000000000e+02 2.386657616905221602e+00
7.740000000000000000e+02 2.386692188988950747e+00
7.750000000000000000e+02 2.386726755168504521e+00
7.760000000000000000e+02 2.386761315439633435e+00
7.770000000000000000e+02 2.386795869798087111e+00
7.780000000000000000e+02 2.386830418239614282e+00
7.790000000000000000e+02 2.386864960759965459e+00
7.800000000000000000e+02 2.386899497354889821e+00
7.810000000000000000e+02 2.386934028020136989e+00
7.820000000000000000e+02 2.386968552751456585e+00
7.830000000000000000e+02 2.387003071544598232e+00
7.840000000000000000e+02 2.387037584395311551e+00
7.850000000000000000e+02 2.387072091299345722e+00
7.860000000000000000e+02 2.387106592252451254e+00
7.870000000000000000e+02 2.387141087250377325e+00
7.880000000000000000e+02 2.387175576288873113e+00
7.890000000000000000e+02 2.387210059363688686e+00
7.900000000000000000e+02 2.387244536470573664e+00
7.910000000000000000e+02 2.387279007605277226e+00
7.920000000000000000e+02 2.387313472763549438e+00
7.930000000000000000e+02 2.387347931941139478e+00
7.940000000000000000e+02 2.387382385133797413e+00
7.950000000000000000e+02 2.387416832337272421e+00
7.960000000000000000e+02 2.387451273547314567e+00
7.970000000000000000e+02 2.387485708759673031e+00
7.980000000000000000e+02 2.387520137970097434e+00
7.990000000000000000e+02 2.387554561174337842e+00
8.000000000000000000e+02 2.387588978368142989e+00
8.010000000000000000e+02 2.387623389547263386e+00
8.020000000000000000e+02 2.387657794707448211e+00
8.030000000000000000e+02 2.387692193844447086e+00
8.040000000000000000e+02 2.387726586954009633e+00
8.050000000000000000e+02 2.387760974031885475e+00
8.060000000000000000e+02 2.387795355073824233e+00
8.070000000000000000e+02 2.387829730075575529e+00
8.080000000000000000e+02 2.387864099032888543e+00
8.090000000000000000e+02 2.387898461941513784e+00
8.100000000000000000e+02 2.387932818797199985e+00
8.110000000000000000e+02 2.387967169595697214e+00
8.120000000000000000e+02 2.388001514332754649e+00
8.130000000000000000e+02 2.388035853004122355e+00
8.140000000000000000e+02 2.388070185605549511e+00
8.150000000000000000e+02 2.388104512132786184e+00
8.160000000000000000e+02 2.388138832581581994e+00
8.170000000000000000e+02 2.388173146947686121e+00
8.180000000000000000e+02 2.388207455226848186e+00
8.190000000000000000e+02 2.388241757414817812e+00
8.200000000000000000e+02 2.388276053507345065e+00
8.210000000000000000e+02 2.388310343500179123e+00
8.220000000000000000e+02 2.388344627389069608e+00
8.230000000000000000e+02 2.388378905169766142e+00
8.240000000000000000e+02 2.388413176838018348e+00
8.250000000000000000e+02 2.388447442389576292e+00
8.260000000000000000e+02 2.388481701820188707e+00
8.270000000000000000e+02 2.388515955125605661e+00
8.280000000000000000e+02 2.388550202301576775e+00
8.290000000000000000e+02 2.388584443343851671e+00
8.300000000000000000e+02 2.388618678248179972e+00
8.310000000000000000e+02 2.388652907010310855e+00
8.320000000000000000e+02 2.388687129625994388e+00
8.330000000000000000e+02 2.388721346090980191e+00
8.340000000000000000e+02 2.388755556401017444e+00
8.350000000000000000e+02 2.388789760551856212e+00
8.360000000000000000e+02 2.388823958539245673e+00
8.370000000000000000e+02 2.388858150358935895e+00
8.380000000000000000e+02 2.388892336006676054e+00
8.390000000000000000e+02 2.388926515478216217e+00
8.400000000000000000e+02 2.388960688769305563e+00
8.410000000000000000e+02 2.388994855875693712e+00
8.420000000000000000e+02 2.389029016793130289e+00
8.430000000000000000e+02 2.389063171517365358e+00
8.440000000000000000e+02 2.389097320044147654e+00
8.450000000000000000e+02 2.389131462369227688e+00
8.460000000000000000e+02 2.389165598488354636e+00
8.470000000000000000e+02 2.389199728397277678e+00
8.480000000000000000e+02 2.389233852091747323e+00
8.490000000000000000e+02 2.389267969567512306e+00
8.500000000000000000e+02 2.389302080820323138e+00
8.510000000000000000e+02 2.389336185845928551e+00
8.520000000000000000e+02 2.389370284640078612e+00
8.530000000000000000e+02 2.389404377198522500e+00
8.540000000000000000e+02 2.389438463517010725e+00
8.550000000000000000e+02 2.389472543591291576e+00
8.560000000000000000e+02 2.389506617417116008e+00
8.570000000000000000e+02 2.389540684990232755e+00
8.580000000000000000e+02 2.389574746306391440e+00
8.590000000000000000e+02 2.389608801361342127e+00
8.600000000000000000e+02 2.389642850150833997e+00
8.610000000000000000e+02 2.389676892670616670e+00
8.620000000000000000e+02 2.389710928916440213e+00
8.630000000000000000e+02 2.389744958884053805e+00
8.640000000000000000e+02 2.389778982569207066e+00
8.650000000000000000e+02 2.389812999967650065e+00
8.660000000000000000e+02 2.389847011075131533e+00
8.670000000000000000e+02 2.389881015887401539e+00
8.680000000000000000e+02 2.389915014400210147e+00
8.690000000000000000e+02 2.389949006609306092e+00
8.700000000000000000e+02 2.389982992510439441e+00
8.710000000000000000e+02 2.390016972099359815e+00
8.720000000000000000e+02 2.390050945371816837e+00
8.730000000000000000e+02 2.390084912323560129e+00
8.740000000000000000e+02 2.390118872950338869e+00
8.750000000000000000e+02 2.390152827247903122e+00
8.760000000000000000e+02 2.390186775212002068e+00
8.770000000000000000e+02 2.390220716838386217e+00
8.780000000000000000e+02 2.390254652122803858e+00
8.790000000000000000e+02 2.390288581061005502e+00
8.800000000000000000e+02 2.390322503648740771e+00
8.810000000000000000e+02 2.390356419881758843e+00
8.820000000000000000e+02 2.390390329755809340e+00
8.830000000000000000e+02 2.390424233266642329e+00
8.840000000000000000e+02 2.390458130410006543e+00
8.850000000000000000e+02 2.390492021181652493e+00
8.860000000000000000e+02 2.390525905577329802e+00
8.870000000000000000e+02 2.390559783592787202e+00
8.880000000000000000e+02 2.390593655223774761e+00
8.890000000000000000e+02 2.390627520466042100e+00
8.900000000000000000e+02 2.390661379315338841e+00
8.910000000000000000e+02 2.390695231767415052e+00
8.920000000000000000e+02 2.390729077818019022e+00
8.930000000000000000e+02 2.390762917462901704e+00
8.940000000000000000e+02 2.390796750697812278e+00
8.950000000000000000e+02 2.390830577518499922e+00
8.960000000000000000e+02 2.390864397920714701e+00
8.970000000000000000e+02 2.390898211900205794e+00
8.980000000000000000e+02 2.390932019452723711e+00
8.990000000000000000e+02 2.390965820574016742e+00
9.000000000000000000e+02 2.390999615259835398e+00
9.010000000000000000e+02 2.391033403505929300e+00
9.020000000000000000e+02 2.391067185308047627e+00
9.030000000000000000e+02 2.391100960661940000e+00
9.040000000000000000e+02 2.391134729563356487e+00
9.050000000000000000e+02 2.391168492008045821e+00
9.060000000000000000e+02 2.391202247991758512e+00
9.070000000000000000e+02 2.391235997510244182e+00
9.080000000000000000e+02 2.391269740559251566e+00
9.090000000000000000e+02 2.391303477134530731e+00
9.100000000000000000e+02 2.391337207231831741e+00
9.110000000000000000e+02 2.391370930846903331e+00
9.120000000000000000e+02 2.391404647975495568e+00
9.130000000000000000e+02 2.391438358613358073e+00
9.140000000000000000e+02 2.391472062756240469e+00
9.150000000000000000e+02 2.391505760399892377e+00
9.160000000000000000e+02 2.391539451540062977e+00
9.170000000000000000e+02 2.391573136172502334e+00
9.180000000000000000e+02 2.391606814292960070e+00
9.190000000000000000e+02 2.391640485897185364e+00
9.200000000000000000e+02 2.391674150980928282e+00
9.210000000000000000e+02 2.391707809539938001e+00
9.220000000000000000e+02 2.391741461569964589e+00
9.230000000000000000e+02 2.391775107066757222e+00
9.240000000000000000e+02 2.391808746026065968e+00
9.250000000000000000e+02 2.391842378443639561e+00
9.260000000000000000e+02 2.391876004315228510e+00
9.270000000000000000e+02 2.391909623636582438e+00
9.280000000000000000e+02 2.391943236403450079e+00
9.290000000000000000e+02 2.391976842611581944e+00
9.300000000000000000e+02 2.392010442256726765e+00
9.310000000000000000e+02 2.392044035334635055e+00
9.320000000000000000e+02 2.392077621841055546e+00
9.330000000000000000e+02 2.392111201771738749e+00
9.340000000000000000e+02 2.392144775122433398e+00
9.350000000000000000e+02 2.392178341888889559e+00
9.360000000000000000e+02 2.392211902066856855e+00
9.370000000000000000e+02 2.392245455652084907e+00
9.380000000000000000e+02 2.392279002640323338e+00
9.390000000000000000e+02 2.392312543027321325e+00
9.400000000000000000e+02 2.392346076808828492e+00
9.410000000000000000e+02 2.392379603980595348e+00
9.420000000000000000e+02 2.392413124538370184e+00
9.430000000000000000e+02 2.392446638477903509e+00
9.440000000000000000e+02 2.392480145794944946e+00
9.450000000000000000e+02 2.392513646485243672e+00
9.460000000000000000e+02 2.392547140544549311e+00
9.470000000000000000e+02 2.392580627968611928e+00
9.480000000000000000e+02 2.392614108753180258e+00
9.490000000000000000e+02 2.392647582894004810e+00
9.500000000000000000e+02 2.392681050386834762e+00
9.510000000000000000e+02 2.392714511227419738e+00
9.520000000000000000e+02 2.392747965411509359e+00
9.530000000000000000e+02 2.392781412934853247e+00
9.540000000000000000e+02 2.392814853793201024e+00
9.550000000000000000e+02 2.392848287982302313e+00
9.560000000000000000e+02 2.392881715497906736e+00
9.570000000000000000e+02 2.392915136335763915e+00
9.580000000000000000e+02 2.392948550491623028e+00
9.590000000000000000e+02 2.392981957961234141e+00
9.600000000000000000e+02 2.393015358740346876e+00
9.610000000000000000e+02 2.393048752824710412e+00
9.620000000000000000e+02 2.393082140210074815e+00
9.630000000000000000e+02 2.393115520892189263e+00
9.640000000000000000e+02 2.393148894866803822e+00
9.650000000000000000e+02 2.393182262129667670e+00
9.660000000000000000e+02 2.393215622676530430e+00
9.670000000000000000e+02 2.393248976503142167e+00
9.680000000000000000e+02 2.393282323605252060e+00
9.690000000000000000e+02 2.393315663978610175e+00
9.700000000000000000e+02 2.393348997618965246e+00
9.710000000000000000e+02 2.393382324522067783e+00
9.720000000000000000e+02 2.393415644683666965e+00
9.730000000000000000e+02 2.393448958099512414e+00
9.740000000000000000e+02 2.393482264765353307e+00
9.750000000000000000e+02 2.393515564676940155e+00
9.760000000000000000e+02 2.393548857830022136e+00
9.770000000000000000e+02 2.393582144220348429e+00
9.780000000000000000e+02 2.393615423843669099e+00
9.790000000000000000e+02 2.393648696695734213e+00
9.800000000000000000e+02 2.393681962772292060e+00
9.810000000000000000e+02 2.393715222069093596e+00
9.820000000000000000e+02 2.393748474581887553e+00
9.830000000000000000e+02 2.393781720306423555e+00
9.840000000000000000e+02 2.393814959238451667e+00
9.850000000000000000e+02 2.393848191373721512e+00
9.860000000000000000e+02 2.393881416707982268e+00
9.870000000000000000e+02 2.393914635236983557e+00
9.880000000000000000e+02 2.393947846956475445e+00
9.890000000000000000e+02 2.393981051862207110e+00
9.900000000000000000e+02 2.394014249949928175e+00
9.910000000000000000e+02 2.394047441215388705e+00
9.920000000000000000e+02 2.394080625654337435e+00
9.930000000000000000e+02 2.394113803262524875e+00
9.940000000000000000e+02 2.394146974035700204e+00
9.950000000000000000e+02 2.394180137969612598e+00
9.960000000000000000e+02 2.394213295060012570e+00
9.970000000000000000e+02 2.394246445302649295e+00
9.980000000000000000e+02 2.394279588693271954e+00
9.990000000000000000e+02 2.394312725227630612e+00
1.000000000000000000e+03 2.394345854901474890e+00
1.001000000000000000e+03 2.394378977710554413e+00
1.002000000000000000e+03 2.394412093650618800e+00
1.003000000000000000e+03 2.394445202717417231e+00
1.004000000000000000e+03 2.394478304906699329e+00
1.005000000000000000e+03 2.394511400214215158e+00
1.006000000000000000e+03 2.394544488635714341e+00
1.007000000000000000e+03 2.394577570166946057e+00
1.008000000000000000e+03 2.394610644803659927e+00
1.009000000000000000e+03 2.394643712541606018e+00
1.010000000000000000e+03 2.394676773376533507e+00
1.011000000000000000e+03 2.394709827304192018e+00
1.012000000000000000e+03 2.394742874320331616e+00
1.013000000000000000e+03 2.394775914420701479e+00
1.014000000000000000e+03 2.394808947601050786e+00
1.015000000000000000e+03 2.394841973857130046e+00
1.016000000000000000e+03 2.394874993184688439e+00
1.017000000000000000e+03 2.394908005579475585e+00
1.018000000000000000e+03 2.394941011037241108e+00
1.019000000000000000e+03 2.394974009553734184e+00
1.020000000000000000e+03 2.395007001124705326e+00
1.021000000000000000e+03 2.395039985745903266e+00
