# order=26: data_wav [pixel], data_wavsolution [micron]
7.600000000000000000e+01 2.513485050171722524e+00
7.700000000000000000e+01 2.513528437152452888e+00
7.800000000000000000e+01 2.513571818307337224e+00
7.900000000000000000e+01 2.513615193628434330e+00
8.000000000000000000e+01 2.513658563107802557e+00
8.100000000000000000e+01 2.513701926737500703e+00
8.200000000000000000e+01 2.513745284509587119e+00
8.300000000000000000e+01 2.513788636416120159e+00
8.400000000000000000e+01 2.513831982449159508e+00
8.500000000000000000e+01 2.513875322600762630e+00
8.600000000000000000e+01 2.513918656862988321e+00
8.700000000000000000e+01 2.513961985227895379e+00
8.800000000000000000e+01 2.514005307687542157e+00
8.900000000000000000e+01 2.514048624233987450e+00
9.000000000000000000e+01 2.514091934859289612e+00
9.100000000000000000e+01 2.514135239555507884e+00
9.200000000000000000e+01 2.514178538314699729e+00
9.300000000000000000e+01 2.514221831128924389e+00
9.400000000000000000e+01 2.514265117990240661e+00
9.500000000000000000e+01 2.514308398890706453e+00
9.600000000000000000e+01 2.514351673822381006e+00
9.700000000000000000e+01 2.514394942777322228e+00
9.800000000000000000e+01 2.514438205747589361e+00
9.900000000000000000e+01 2.514481462725240757e+00
1.000000000000000000e+02 2.514524713702334768e+00
1.010000000000000000e+02 2.514567958670930192e+00
1.020000000000000000e+02 2.514611197623085381e+00
1.030000000000000000e+02 2.514654430550859132e+00
1.040000000000000000e+02 2.514697657446309798e+00
1.050000000000000000e+02 2.514740878301496174e+00
1.060000000000000000e+02 2.514784093108477059e+00
1.070000000000000000e+02 2.514827301859310360e+00
1.080000000000000000e+02 2.514870504546055319e+00
1.090000000000000000e+02 2.514913701160770287e+00
1.100000000000000000e+02 2.514956891695513619e+00
1.110000000000000000e+02 2.515000076142344110e+00
1.120000000000000000e+02 2.515043254493320113e+00
1.130000000000000000e+02 2.515086426740500425e+00
1.140000000000000000e+02 2.515129592875943398e+00
1.150000000000000000e+02 2.515172752891708274e+00
1.160000000000000000e+02 2.515215906779852517e+00
1.170000000000000000e+02 2.515259054532435812e+00
1.180000000000000000e+02 2.515302196141516067e+00
1.190000000000000000e+02 2.515345331599152079e+00
1.200000000000000000e+02 2.515388460897402201e+00
1.210000000000000000e+02 2.515431584028325229e+00
1.220000000000000000e+02 2.515474700983979961e+00
1.230000000000000000e+02 2.515517811756424749e+00
1.240000000000000000e+02 2.515560916337717945e+00
1.250000000000000000e+02 2.515604014719917902e+00
1.260000000000000000e+02 2.515647106895084306e+00
1.270000000000000000e+02 2.515690192855274621e+00
1.280000000000000000e+02 2.515733272592547642e+00
1.290000000000000000e+02 2.515776346098962613e+00
1.300000000000000000e+02 2.515819413366577439e+00
1.310000000000000000e+02 2.515862474387450920e+00
1.320000000000000000e+02 2.515905529153641407e+00
1.330000000000000000e+02 2.515948577657208141e+00
1.340000000000000000e+02 2.515991619890208586e+00
1.350000000000000000e+02 2.516034655844702428e+00
1.360000000000000000e+02 2.516077685512747575e+00
1.370000000000000000e+02 2.516120708886402824e+00
1.380000000000000000e+02 2.516163725957726971e+00
1.390000000000000000e+02 2.516206736718777925e+00
1.400000000000000000e+02 2.516249741161615372e+00
1.410000000000000000e+02 2.516292739278296775e+00
1.420000000000000000e+02 2.516335731060880931e+00
1.430000000000000000e+02 2.516378716501426638e+00
1.440000000000000000e+02 2.516421695591992691e+00
1.450000000000000000e+02 2.516464668324637444e+00
1.460000000000000000e+02 2.516507634691419693e+00
1.470000000000000000e+02 2.516550594684397346e+00
1.480000000000000000e+02 2.516593548295629645e+00
1.490000000000000000e+02 2.516636495517174943e+00
1.500000000000000000e+02 2.516679436341091591e+00
1.510000000000000000e+02 2.516722370759438832e+00
1.520000000000000000e+02 2.516765298764274572e+00
1.530000000000000000e+02 2.516808220347657610e+00
1.540000000000000000e+02 2.516851135501646297e+00
1.550000000000000000e+02 2.516894044218299875e+00
1.560000000000000000e+02 2.516936946489676252e+00
1.570000000000000000e+02 2.516979842307834225e+00
1.580000000000000000e+02 2.517022731664832147e+00
1.590000000000000000e+02 2.517065614552729258e+00
1.600000000000000000e+02 2.517108490963583467e+00
1.610000000000000000e+02 2.517151360889453571e+00
1.620000000000000000e+02 2.517194224322398366e+00
1.630000000000000000e+02 2.517237081254476205e+00
1.640000000000000000e+02 2.517279931677745441e+00
1.650000000000000000e+02 2.517322775584264871e+00
1.660000000000000000e+02 2.517365612966093291e+00
1.670000000000000000e+02 2.517408443815289054e+00
1.680000000000000000e+02 2.517451268123910957e+00
1.690000000000000000e+02 2.517494085884017352e+00
1.700000000000000000e+02 2.517536897087666592e+00
1.710000000000000000e+02 2.517579701726917474e+00
1.720000000000000000e+02 2.517622499793828794e+00
1.730000000000000000e+02 2.517665291280458906e+00
1.740000000000000000e+02 2.517708076178866605e+00
1.750000000000000000e+02 2.517750854481109801e+00
1.760000000000000000e+02 2.517793626179248179e+00
1.770000000000000000e+02 2.517836391265339202e+00
1.780000000000000000e+02 2.517879149731442112e+00
1.790000000000000000e+02 2.517921901569615262e+00
1.800000000000000000e+02 2.517964646771917447e+00
1.810000000000000000e+02 2.518007385330406578e+00
1.820000000000000000e+02 2.518050117237142338e+00
1.830000000000000000e+02 2.518092842484182192e+00
1.840000000000000000e+02 2.518135561063585381e+00
1.850000000000000000e+02 2.518178272967410702e+00
1.860000000000000000e+02 2.518220978187716064e+00
1.870000000000000000e+02 2.518263676716560262e+00
1.880000000000000000e+02 2.518306368546001650e+00
1.890000000000000000e+02 2.518349053668099469e+00
1.900000000000000000e+02 2.518391732074912071e+00
1.910000000000000000e+02 2.518434403758497364e+00
1.920000000000000000e+02 2.518477068710914590e+00
1.930000000000000000e+02 2.518519726924222546e+00
1.940000000000000000e+02 2.518562378390479140e+00
1.950000000000000000e+02 2.518605023101743168e+00
1.960000000000000000e+02 2.518647661050073427e+00
1.970000000000000000e+02 2.518690292227528271e+00
1.980000000000000000e+02 2.518732916626166496e+00
1.990000000000000000e+02 2.518775534238046454e+00
2.000000000000000000e+02 2.518818145055226942e+00
2.010000000000000000e+02 2.518860749069765870e+00
2.020000000000000000e+02 2.518903346273722921e+00
2.030000000000000000e+02 2.518945936659155560e+00
2.040000000000000000e+02 2.518988520218123472e+00
2.050000000000000000e+02 2.519031096942684123e+00
2.060000000000000000e+02 2.519073666824897195e+00
2.070000000000000000e+02 2.519116229856820155e+00
2.080000000000000000e+02 2.519158786030512243e+00
2.090000000000000000e+02 2.519201335338032255e+00
2.100000000000000000e+02 2.519243877771438100e+00
2.110000000000000000e+02 2.519286413322788576e+00
2.120000000000000000e+02 2.519328941984142478e+00
2.130000000000000000e+02 2.519371463747558160e+00
2.140000000000000000e+02 2.519413978605094417e+00
2.150000000000000000e+02 2.519456486548810048e+00
2.160000000000000000e+02 2.519498987570762960e+00
2.170000000000000000e+02 2.519541481663011950e+00
2.180000000000000000e+02 2.519583968817615816e+00
2.190000000000000000e+02 2.519626449026632908e+00
2.200000000000000000e+02 2.519668922282122026e+00
2.210000000000000000e+02 2.519711388576141520e+00
2.220000000000000000e+02 2.519753847900750188e+00
2.230000000000000000e+02 2.519796300248006382e+00
2.240000000000000000e+02 2.519838745609968900e+00
2.250000000000000000e+02 2.519881183978696093e+00
2.260000000000000000e+02 2.519923615346246759e+00
2.270000000000000000e+02 2.519966039704679694e+00
2.280000000000000000e+02 2.520008457046052808e+00
2.290000000000000000e+02 2.520050867362424896e+00
2.300000000000000000e+02 2.520093270645854755e+00
2.310000000000000000e+02 2.520135666888401182e+00
2.320000000000000000e+02 2.520178056082122087e+00
2.330000000000000000e+02 2.520220438219076264e+00
2.340000000000000000e+02 2.520262813291322956e+00
2.350000000000000000e+02 2.520305181290919627e+00
2.360000000000000000e+02 2.520347542209925962e+00
2.370000000000000000e+02 2.520389896040399869e+00
2.380000000000000000e+02 2.520432242774399700e+00
2.390000000000000000e+02 2.520474582403984698e+00
2.400000000000000000e+02 2.520516914921213214e+00
2.410000000000000000e+02 2.520559240318143601e+00
2.420000000000000000e+02 2.520601558586834212e+00
2.430000000000000000e+02 2.520643869719344732e+00
2.440000000000000000e+02 2.520686173707732625e+00
2.450000000000000000e+02 2.520728470544056687e+00
2.460000000000000000e+02 2.520770760220375717e+00
2.470000000000000000e+02 2.520813042728748510e+00
2.480000000000000000e+02 2.520855318061232975e+00
2.490000000000000000e+02 2.520897586209888352e+00
2.500000000000000000e+02 2.520939847166772552e+00
2.510000000000000000e+02 2.520982100923944813e+00
2.520000000000000000e+02 2.521024347473463489e+00
2.530000000000000000e+02 2.521066586807386933e+00
2.540000000000000000e+02 2.521108818917773942e+00
2.550000000000000000e+02 2.521151043796683311e+00
2.560000000000000000e+02 2.521193261436172950e+00
2.570000000000000000e+02 2.521235471828302099e+00
2.580000000000000000e+02 2.521277674965128668e+00
2.590000000000000000e+02 2.521319870838711896e+00
2.600000000000000000e+02 2.521362059441110137e+00
2.610000000000000000e+02 2.521404240764381743e+00
2.620000000000000000e+02 2.521446414800585512e+00
2.630000000000000000e+02 2.521488581541780238e+00
2.640000000000000000e+02 2.521530740980023833e+00
2.650000000000000000e+02 2.521572893107375535e+00
2.660000000000000000e+02 2.521615037915893698e+00
2.670000000000000000e+02 2.521657175397636674e+00
2.680000000000000000e+02 2.521699305544663261e+00
2.690000000000000000e+02 2.521741428349032255e+00
2.700000000000000000e+02 2.521783543802801564e+00
2.710000000000000000e+02 2.521825651898030429e+00
2.720000000000000000e+02 2.521867752626777204e+00
2.730000000000000000e+02 2.521909845981100240e+00
2.740000000000000000e+02 2.521951931953058335e+00
2.750000000000000000e+02 2.521994010534710284e+00
2.760000000000000000e+02 2.522036081718113998e+00
2.770000000000000000e+02 2.522078145495328716e+00
2.780000000000000000e+02 2.522120201858412791e+00
2.790000000000000000e+02 2.522162250799425021e+00
2.800000000000000000e+02 2.522204292310423313e+00
2.810000000000000000e+02 2.522246326383466908e+00
2.820000000000000000e+02 2.522288353010614159e+00
2.830000000000000000e+02 2.522330372183923419e+00
2.840000000000000000e+02 2.522372383895453485e+00
2.850000000000000000e+02 2.522414388137263153e+00
2.860000000000000000e+02 2.522456384901410775e+00
2.870000000000000000e+02 2.522498374179954705e+00
2.880000000000000000e+02 2.522540355964953740e+00
2.890000000000000000e+02 2.522582330248466675e+00
2.900000000000000000e+02 2.522624297022551865e+00
2.910000000000000000e+02 2.522666256279267660e+00
2.920000000000000000e+02 2.522708208010672859e+00
2.930000000000000000e+02 2.522750152208826258e+00
2.940000000000000000e+02 2.522792088865785765e+00
2.950000000000000000e+02 2.522834017973611065e+00
2.960000000000000000e+02 2.522875939524359623e+00
2.970000000000000000e+02 2.522917853510090680e+00
2.980000000000000000e+02 2.522959759922862144e+00
2.990000000000000000e+02 2.523001658754733700e+00
3.000000000000000000e+02 2.523043549997762813e+00
3.010000000000000000e+02 2.523085433644008724e+00
3.020000000000000000e+02 2.523127309685529784e+00
3.030000000000000000e+02 2.523169178114384348e+00
3.040000000000000000e+02 2.523211038922631655e+00
3.050000000000000000e+02 2.523252892102329614e+00
3.060000000000000000e+02 2.523294737645537023e+00
3.070000000000000000e+02 2.523336575544312232e+00
3.080000000000000000e+02 2.523378405790714485e+00
3.090000000000000000e+02 2.523420228376801688e+00
3.100000000000000000e+02 2.523462043294633084e+00
3.110000000000000000e+02 2.523503850536266579e+00
3.120000000000000000e+02 2.523545650093760973e+00
3.130000000000000000e+02 2.523587441959174615e+00
3.140000000000000000e+02 2.523629226124566749e+00
3.150000000000000000e+02 2.523671002581995282e+00
3.160000000000000000e+02 2.523712771323519011e+00
3.170000000000000000e+02 2.523754532341196732e+00
3.180000000000000000e+02 2.523796285627086800e+00
3.190000000000000000e+02 2.523838031173248009e+00
3.200000000000000000e+02 2.523879768971738713e+00
3.210000000000000000e+02 2.523921499014617265e+00
3.220000000000000000e+02 2.523963221293942460e+00
3.230000000000000000e+02 2.524004935801773097e+00
3.240000000000000000e+02 2.524046642530167528e+00
3.250000000000000000e+02 2.524088341471184549e+00
3.260000000000000000e+02 2.524130032616882513e+00
3.270000000000000000e+02 2.524171715959320217e+00
3.280000000000000000e+02 2.524213391490555569e+00
3.290000000000000000e+02 2.524255059202648255e+00
3.300000000000000000e+02 2.524296719087655738e+00
3.310000000000000000e+02 2.524338371137637260e+00
3.320000000000000000e+02 2.524380015344651174e+00
3.330000000000000000e+02 2.524421651700756275e+00
3.340000000000000000e+02 2.524463280198010917e+00
3.350000000000000000e+02 2.524504900828473897e+00
3.360000000000000000e+02 2.524546513584203122e+00
3.370000000000000000e+02 2.524588118457258279e+00
3.380000000000000000e+02 2.524629715439696831e+00
3.390000000000000000e+02 2.524671304523578463e+00
3.400000000000000000e+02 2.524712885700960641e+00
3.410000000000000000e+02 2.524754458963902604e+00
3.420000000000000000e+02 2.524796024304463149e+00
3.430000000000000000e+02 2.524837581714700185e+00
3.440000000000000000e+02 2.524879131186672510e+00
3.450000000000000000e+02 2.524920672712438918e+00
3.460000000000000000e+02 2.524962206284057764e+00
3.470000000000000000e+02 2.525003731893587844e+00
3.480000000000000000e+02 2.525045249533087510e+00
3.490000000000000000e+02 2.525086759194615116e+00
3.500000000000000000e+02 2.525128260870229902e+00
3.510000000000000000e+02 2.525169754551990220e+00
3.520000000000000000e+02 2.525211240231953980e+00
3.530000000000000000e+02 2.525252717902180866e+00
3.540000000000000000e+02 2.525294187554728786e+00
3.550000000000000000e+02 2.525335649181656095e+00
3.560000000000000000e+02 2.525377102775022031e+00
3.570000000000000000e+02 2.525418548326884505e+00
3.580000000000000000e+02 2.525459985829302756e+00
3.590000000000000000e+02 2.525501415274334693e+00
3.600000000000000000e+02 2.525542836654039558e+00
3.610000000000000000e+02 2.525584249960475258e+00
3.620000000000000000e+02 2.525625655185701035e+00
3.630000000000000000e+02 2.525667052321774797e+00
3.640000000000000000e+02 2.525708441360755785e+00
3.650000000000000000e+02 2.525749822294701907e+00
3.660000000000000000e+02 2.525791195115672405e+00
3.670000000000000000e+02 2.525832559815725187e+00
3.680000000000000000e+02 2.525873916386919493e+00
3.690000000000000000e+02 2.525915264821313677e+00
3.700000000000000000e+02 2.525956605110965647e+00
3.710000000000000000e+02 2.525997937247935088e+00
3.720000000000000000e+02 2.526039261224279908e+00
3.730000000000000000e+02 2.526080577032058461e+00
3.740000000000000000e+02 2.526121884663329986e+00
3.750000000000000000e+02 2.526163184110152837e+00
3.760000000000000000e+02 2.526204475364585367e+00
3.770000000000000000e+02 2.526245758418685927e+00
3.780000000000000000e+02 2.526287033264514204e+00
3.790000000000000000e+02 2.526328299894127216e+00
3.800000000000000000e+02 2.526369558299585094e+00
3.810000000000000000e+02 2.526410808472945302e+00
3.820000000000000000e+02 2.526452050406266636e+00
3.830000000000000000e+02 2.526493284091607894e+00
3.840000000000000000e+02 2.526534509521027871e+00
3.850000000000000000e+02 2.526575726686584478e+00
3.860000000000000000e+02 2.526616935580336953e+00
3.870000000000000000e+02 2.526658136194343207e+00
3.880000000000000000e+02 2.526699328520662480e+00
3.890000000000000000e+02 2.526740512551353124e+00
3.900000000000000000e+02 2.526781688278473492e+00
3.910000000000000000e+02 2.526822855694081937e+00
3.920000000000000000e+02 2.526864014790238144e+00
3.930000000000000000e+02 2.526905165558999578e+00
3.940000000000000000e+02 2.526946307992425034e+00
3.950000000000000000e+02 2.526987442082573754e+00
3.960000000000000000e+02 2.527028567821503202e+00
3.970000000000000000e+02 2.527069685201273064e+00
3.980000000000000000e+02 2.527110794213941247e+00
3.990000000000000000e+02 2.527151894851566105e+00
4.000000000000000000e+02 2.527192987106207323e+00
4.010000000000000000e+02 2.527234070969922364e+00
4.020000000000000000e+02 2.527275146434770026e+00
4.030000000000000000e+02 2.527316213492809549e+00
4.040000000000000000e+02 2.527357272136098398e+00
4.050000000000000000e+02 2.527398322356696259e+00
4.060000000000000000e+02 2.527439364146661038e+00
4.070000000000000000e+02 2.527480397498051534e+00
4.080000000000000000e+02 2.527521422402926099e+00
4.090000000000000000e+02 2.527562438853343973e+00
4.100000000000000000e+02 2.527603446841362622e+00
4.110000000000000000e+02 2.527644446359041730e+00
4.120000000000000000e+02 2.527685437398439205e+00
4.130000000000000000e+02 2.527726419951613845e+00
4.140000000000000000e+02 2.527767394010624002e+00
4.150000000000000000e+02 2.527808359567528917e+00
4.160000000000000000e+02 2.527849316614386055e+00
4.170000000000000000e+02 2.527890265143255100e+00
4.180000000000000000e+02 2.527931205146193960e+00
4.190000000000000000e+02 2.527972136615261434e+00
4.200000000000000000e+02 2.528013059542516316e+00
4.210000000000000000e+02 2.528053973920016517e+00
4.220000000000000000e+02 2.528094879739821277e+00
4.230000000000000000e+02 2.528135776993988948e+00
4.240000000000000000e+02 2.528176665674578327e+00
4.250000000000000000e+02 2.528217545773647323e+00
4.260000000000000000e+02 2.528258417283255177e+00
4.270000000000000000e+02 2.528299280195460241e+00
4.280000000000000000e+02 2.528340134502320868e+00
4.290000000000000000e+02 2.528380980195895855e+00
4.300000000000000000e+02 2.528421817268243998e+00
4.310000000000000000e+02 2.528462645711423651e+00
4.320000000000000000e+02 2.528503465517493165e+00
4.330000000000000000e+02 2.528544276678511782e+00
4.340000000000000000e+02 2.528585079186536966e+00
4.350000000000000000e+02 2.528625873033628402e+00
4.360000000000000000e+02 2.528666658211843998e+00
4.370000000000000000e+02 2.528707434713242996e+00
4.380000000000000000e+02 2.528748202529882860e+00
4.390000000000000000e+02 2.528788961653823275e+00
4.400000000000000000e+02 2.528829712077122593e+00
4.410000000000000000e+02 2.528870453791838724e+00
4.420000000000000000e+02 2.528911186790030907e+00
4.430000000000000000e+02 2.528951911063757496e+00
4.440000000000000000e+02 2.528992626605076843e+00
4.450000000000000000e+02 2.529033333406048190e+00
4.460000000000000000e+02 2.529074031458729444e+00
4.470000000000000000e+02 2.529114720755179402e+00
4.480000000000000000e+02 2.529155401287456861e+00
4.490000000000000000e+02 2.529196073047619731e+00
4.500000000000000000e+02 2.529236736027727694e+00
4.510000000000000000e+02 2.529277390219838217e+00
4.520000000000000000e+02 2.529318035616010540e+00
4.530000000000000000e+02 2.529358672208303016e+00
4.540000000000000000e+02 2.529399299988773997e+00
4.550000000000000000e+02 2.529439918949482724e+00
4.560000000000000000e+02 2.529480529082487106e+00
4.570000000000000000e+02 2.529521130379845939e+00
4.580000000000000000e+02 2.529561722833618020e+00
4.590000000000000000e+02 2.529602306435861703e+00
4.600000000000000000e+02 2.529642881178635783e+00
4.610000000000000000e+02 2.529683447053998169e+00
4.620000000000000000e+02 2.529724004054008546e+00
4.630000000000000000e+02 2.529764552170724379e+00
4.640000000000000000e+02 2.529805091396204908e+00
4.650000000000000000e+02 2.529845621722508486e+00
4.660000000000000000e+02 2.529886143141693911e+00
4.670000000000000000e+02 2.529926655645819089e+00
4.680000000000000000e+02 2.529967159226943707e+00
4.690000000000000000e+02 2.530007653877125229e+00
4.700000000000000000e+02 2.530048139588423339e+00
4.710000000000000000e+02 2.530088616352895503e+00
4.720000000000000000e+02 2.530129084162600961e+00
4.730000000000000000e+02 2.530169543009598065e+00
4.740000000000000000e+02 2.530209992885945613e+00
4.750000000000000000e+02 2.530250433783701514e+00
4.760000000000000000e+02 2.530290865694925451e+00
4.770000000000000000e+02 2.530331288611675333e+00
4.780000000000000000e+02 2.530371702526009514e+00
4.790000000000000000e+02 2.530412107429986790e+00
4.800000000000000000e+02 2.530452503315666402e+00
4.810000000000000000e+02 2.530492890175105813e+00
4.820000000000000000e+02 2.530533268000364266e+00
4.830000000000000000e+02 2.530573636783500113e+00
4.840000000000000000e+02 2.530613996516572151e+00
4.850000000000000000e+02 2.530654347191638731e+00
4.860000000000000000e+02 2.530694688800758207e+00
4.870000000000000000e+02 2.530735021335989821e+00
4.880000000000000000e+02 2.530775344789391923e+00
4.890000000000000000e+02 2.530815659153022867e+00
4.900000000000000000e+02 2.530855964418941006e+00
4.910000000000000000e+02 2.530896260579205581e+00
4.920000000000000000e+02 2.530936547625874500e+00
4.930000000000000000e+02 2.530976825551007003e+00
4.940000000000000000e+02 2.531017094346661001e+00
4.950000000000000000e+02 2.531057354004895732e+00
4.960000000000000000e+02 2.531097604517769106e+00
4.970000000000000000e+02 2.531137845877339920e+00
4.980000000000000000e+02 2.531178078075666971e+00
4.990000000000000000e+02 2.531218301104809054e+00
5.000000000000000000e+02 2.531258514956824079e+00
5.010000000000000000e+02 2.531298719623770843e+00
5.020000000000000000e+02 2.531338915097708142e+00
5.030000000000000000e+02 2.531379101370694773e+00
5.040000000000000000e+02 2.531419278434788644e+00
5.050000000000000000e+02 2.531459446282048553e+00
5.060000000000000000e+02 2.531499604904533296e+00
5.070000000000000000e+02 2.531539754294301670e+00
5.080000000000000000e+02 2.531579894443411582e+00
5.090000000000000000e+02 2.531620025343921832e+00
5.100000000000000000e+02 2.531660146987891213e+00
5.110000000000000000e+02 2.531700259367378525e+00
5.120000000000000000e+02 2.531740362474441675e+00
5.130000000000000000e+02 2.531780456301139903e+00
5.140000000000000000e+02 2.531820540839531120e+00
5.150000000000000000e+02 2.531860616081674120e+00
5.160000000000000000e+02 2.531900682019628146e+00
5.170000000000000000e+02 2.531940738645450661e+00
5.180000000000000000e+02 2.531980785951201351e+00
5.190000000000000000e+02 2.532020823928938125e+00
5.200000000000000000e+02 2.532060852570719334e+00
5.210000000000000000e+02 2.532100871868604219e+00
5.220000000000000000e+02 2.532140881814651134e+00
5.230000000000000000e+02 2.532180882400918431e+00
5.240000000000000000e+02 2.532220873619464463e+00
5.250000000000000000e+02 2.532260855462348914e+00
5.260000000000000000e+02 2.532300827921628805e+00
5.270000000000000000e+02 2.532340790989364265e+00
5.280000000000000000e+02 2.532380744657612759e+00
5.290000000000000000e+02 2.532420688918433083e+00
5.300000000000000000e+02 2.532460623763884477e+00
5.310000000000000000e+02 2.532500549186024408e+00
5.320000000000000000e+02 2.532540465176912559e+00
5.330000000000000000e+02 2.532580371728606394e+00
5.340000000000000000e+02 2.532620268833165600e+00
5.350000000000000000e+02 2.532660156482648084e+00
5.360000000000000000e+02 2.532700034669112643e+00
5.370000000000000000e+02 2.532739903384617630e+00
5.380000000000000000e+02 2.532779762621221842e+00
5.390000000000000000e+02 2.532819612370984075e+00
5.400000000000000000e+02 2.532859452625962238e+00
5.410000000000000000e+02 2.532899283378215571e+00
5.420000000000000000e+02 2.532939104619802428e+00
5.430000000000000000e+02 2.532978916342781162e+00
5.440000000000000000e+02 2.533018718539210123e+00
5.450000000000000000e+02 2.533058511201148999e+00
5.460000000000000000e+02 2.533098294320655253e+00
5.470000000000000000e+02 2.533138067889787681e+00
5.480000000000000000e+02 2.533177831900605526e+00
5.490000000000000000e+02 2.533217586345166694e+00
5.500000000000000000e+02 2.533257331215529984e+00
5.510000000000000000e+02 2.533297066503753747e+00
5.520000000000000000e+02 2.533336792201896781e+00
5.530000000000000000e+02 2.533376508302017438e+00
5.540000000000000000e+02 2.533416214796174959e+00
5.550000000000000000e+02 2.533455911676427252e+00
5.560000000000000000e+02 2.533495598934833115e+00
5.570000000000000000e+02 2.533535276563450900e+00
5.580000000000000000e+02 2.533574944554339403e+00
5.590000000000000000e+02 2.533614602899557422e+00
5.600000000000000000e+02 2.533654251591162865e+00
5.610000000000000000e+02 2.533693890621214972e+00
5.620000000000000000e+02 2.533733519981772098e+00
5.630000000000000000e+02 2.533773139664893037e+00
5.640000000000000000e+02 2.533812749662635699e+00
5.650000000000000000e+02 2.533852349967059325e+00
5.660000000000000000e+02 2.533891940570222268e+00
5.670000000000000000e+02 2.533931521464182879e+00
5.680000000000000000e+02 2.533971092640999956e+00
5.690000000000000000e+02 2.534010654092732295e+00
5.700000000000000000e+02 2.534050205811438250e+00
5.710000000000000000e+02 2.534089747789176172e+00
5.720000000000000000e+02 2.534129280018004859e+00
5.730000000000000000e+02 2.534168802489983108e+00
5.740000000000000000e+02 2.534208315197168826e+00
5.750000000000000000e+02 2.534247818131621255e+00
5.760000000000000000e+02 2.534287311285398747e+00
5.770000000000000000e+02 2.534326794650560100e+00
5.780000000000000000e+02 2.534366268219163665e+00
5.790000000000000000e+02 2.534405731983267795e+00
5.800000000000000000e+02 2.534445185934931288e+00
5.810000000000000000e+02 2.534484630066212940e+00
5.820000000000000000e+02 2.534524064369171104e+00
5.830000000000000000e+02 2.534563488835864131e+00
5.840000000000000000e+02 2.534602903458350820e+00
5.850000000000000000e+02 2.534642308228689966e+00
5.860000000000000000e+02 2.534681703138939923e+00
5.870000000000000000e+02 2.534721088181159043e+00
5.880000000000000000e+02 2.534760463347406567e+00
5.890000000000000000e+02 2.534799828629740404e+00
5.900000000000000000e+02 2.534839184020219349e+00
5.910000000000000000e+02 2.534878529510901757e+00
5.920000000000000000e+02 2.534917865093846867e+00
5.930000000000000000e+02 2.534957190761112589e+00
5.940000000000000000e+02 2.534996506504757718e+00
5.950000000000000000e+02 2.535035812316841053e+00
5.960000000000000000e+02 2.535075108189420945e+00
5.970000000000000000e+02 2.535114394114555747e+00
5.980000000000000000e+02 2.535153670084304700e+00
5.990000000000000000e+02 2.535192936090725713e+00
6.000000000000000000e+02 2.535232192125877582e+00
6.010000000000000000e+02 2.535271438181819104e+00
6.020000000000000000e+02 2.535310674250608631e+00
6.030000000000000000e+02 2.535349900324304517e+00
6.040000000000000000e+02 2.535389116394966003e+00
6.050000000000000000e+02 2.535428322454650996e+00
6.060000000000000000e+02 2.535467518495418737e+00
6.070000000000000000e+02 2.535506704509326692e+00
6.080000000000000000e+02 2.535545880488434545e+00
6.090000000000000000e+02 2.535585046424800648e+00
6.100000000000000000e+02 2.535624202310483355e+00
6.110000000000000000e+02 2.535663348137541018e+00
6.120000000000000000e+02 2.535702483898032877e+00
6.130000000000000000e+02 2.535741609584016842e+00
6.140000000000000000e+02 2.535780725187551710e+00
6.150000000000000000e+02 2.535819830700696276e+00
6.160000000000000000e+02 2.535858926115508893e+00
6.170000000000000000e+02 2.535898011424048359e+00
6.180000000000000000e+02 2.535937086618372582e+00
6.190000000000000000e+02 2.535976151690541247e+00
6.200000000000000000e+02 2.536015206632612262e+00
6.210000000000000000e+02 2.536054251436643980e+00
6.220000000000000000e+02 2.536093286094695198e+00
6.230000000000000000e+02 2.536132310598824713e+00
6.240000000000000000e+02 2.536171324941091321e+00
6.250000000000000000e+02 2.536210329113552930e+00
6.260000000000000000e+02 2.536249323108268339e+00
6.270000000000000000e+02 2.536288306917296342e+00
6.280000000000000000e+02 2.536327280532695294e+00
6.290000000000000000e+02 2.536366243946523547e+00
6.300000000000000000e+02 2.536405197150840340e+00
6.310000000000000000e+02 2.536444140137704029e+00
6.320000000000000000e+02 2.536483072899172964e+00
6.330000000000000000e+02 2.536521995427305498e+00
6.340000000000000000e+02 2.536560907714160873e+00
6.350000000000000000e+02 2.536599809751796997e+00
6.360000000000000000e+02 2.536638701532273110e+00
6.370000000000000000e+02 2.536677583047647122e+00
6.380000000000000000e+02 2.536716454289978273e+00
6.390000000000000000e+02 2.536755315251324472e+00
6.400000000000000000e+02 2.536794165923744515e+00
6.410000000000000000e+02 2.536833006299297200e+00
6.420000000000000000e+02 2.536871836370041322e+00
6.430000000000000000e+02 2.536910656128034791e+00
6.440000000000000000e+02 2.536949465565336403e+00
6.450000000000000000e+02 2.536988264674005400e+00
6.460000000000000000e+02 2.537027053446099245e+00
6.470000000000000000e+02 2.537065831873677180e+00
6.480000000000000000e+02 2.537104599948798000e+00
6.490000000000000000e+02 2.537143357663519616e+00
6.500000000000000000e+02 2.537182105009900823e+00
6.510000000000000000e+02 2.537220841980000419e+00
6.520000000000000000e+02 2.537259568565877199e+00
6.530000000000000000e+02 2.537298284759589073e+00
6.540000000000000000e+02 2.537336990553194838e+00
6.550000000000000000e+02 2.537375685938753733e+00
6.560000000000000000e+02 2.537414370908323225e+00
6.570000000000000000e+02 2.537453045453962996e+00
6.580000000000000000e+02 2.537491709567730513e+00
6.590000000000000000e+02 2.537530363241685460e+00
6.600000000000000000e+02 2.537569006467885302e+00
6.610000000000000000e+02 2.537607639238389723e+00
6.620000000000000000e+02 2.537646261545256632e+00
6.630000000000000000e+02 2.537684873380544381e+00
6.640000000000000000e+02 2.537723474736312212e+00
6.650000000000000000e+02 2.537762065604618478e+00
6.660000000000000000e+02 2.537800645977521530e+00
6.670000000000000000e+02 2.537839215847080165e+00
6.680000000000000000e+02 2.537877775205352737e+00
6.690000000000000000e+02 2.537916324044398042e+00
6.700000000000000000e+02 2.537954862356274432e+00
6.710000000000000000e+02 2.537993390133041149e+00
6.720000000000000000e+02 2.538031907366755657e+00
6.730000000000000000e+02 2.538070414049477197e+00
6.740000000000000000e+02 2.538108910173264565e+00
6.750000000000000000e+02 2.538147395730176115e+00
6.760000000000000000e+02 2.538185870712270198e+00
6.770000000000000000e+02 2.538224335111605168e+00
6.780000000000000000e+02 2.538262788920240265e+00
6.790000000000000000e+02 2.538301232130233842e+00
6.800000000000000000e+02 2.538339664733644696e+00
6.810000000000000000e+02 2.538378086722530735e+00
6.820000000000000000e+02 2.538416498088951201e+00
6.830000000000000000e+02 2.538454898824964001e+00
6.840000000000000000e+02 2.538493288922628377e+00
6.850000000000000000e+02 2.538531668374002681e+00
6.860000000000000000e+02 2.538570037171145266e+00
6.870000000000000000e+02 2.538608395306114929e+00
6.880000000000000000e+02 2.538646742770970022e+00
6.890000000000000000e+02 2.538685079557769342e+00
6.900000000000000000e+02 2.538723405658571686e+00
6.910000000000000000e+02 2.538761721065435406e+00
6.920000000000000000e+02 2.538800025770418856e+00
6.930000000000000000e+02 2.538838319765580831e+00
6.940000000000000000e+02 2.538876603042979685e+00
6.950000000000000000e+02 2.538914875594674214e+00
6.960000000000000000e+02 2.538953137412723216e+00
6.970000000000000000e+02 2.538991388489185042e+00
6.980000000000000000e+02 2.539029628816118045e+00
6.990000000000000000e+02 2.539067858385581022e+00
7.000000000000000000e+02 2.539106077189632327e+00
7.010000000000000000e+02 2.539144285220330755e+00
7.020000000000000000e+02 2.539182482469735103e+00
7.030000000000000000e+02 2.539220668929903724e+00
7.040000000000000000e+02 2.539258844592894970e+00
7.050000000000000000e+02 2.539297009450767639e+00
7.060000000000000000e+02 2.539335163495580527e+00
7.070000000000000000e+02 2.539373306719391543e+00
7.080000000000000000e+02 2.539411439114259927e+00
7.090000000000000000e+02 2.539449560672244033e+00
7.100000000000000000e+02 2.539487671385402656e+00
7.110000000000000000e+02 2.539525771245793706e+00
7.120000000000000000e+02 2.539563860245476423e+00
7.130000000000000000e+02 2.539601938376509160e+00
7.140000000000000000e+02 2.539640005630950270e+00
7.150000000000000000e+02 2.539678062000858549e+00
7.160000000000000000e+02 2.539716107478292795e+00
7.170000000000000000e+02 2.539754142055311359e+00
7.180000000000000000e+02 2.539792165723972595e+00
7.190000000000000000e+02 2.539830178476335742e+00
7.200000000000000000e+02 2.539868180304458711e+00
7.210000000000000000e+02 2.539906171200400298e+00
7.220000000000000000e+02 2.539944151156218854e+00
7.230000000000000000e+02 2.539982120163973178e+00
7.240000000000000000e+02 2.540020078215722066e+00
7.250000000000000000e+02 2.540058025303523870e+00
7.260000000000000000e+02 2.540095961419437387e+00
7.270000000000000000e+02 2.540133886555520526e+00
7.280000000000000000e+02 2.540171800703832528e+00
7.290000000000000000e+02 2.540209703856431744e+00
7.300000000000000000e+02 2.540247596005376973e+00
7.310000000000000000e+02 2.540285477142726123e+00
7.320000000000000000e+02 2.540323347260538878e+00
7.330000000000000000e+02 2.540361206350872703e+00
7.340000000000000000e+02 2.540399054405786838e+00
7.350000000000000000e+02 2.540436891417339194e+00
7.360000000000000000e+02 2.540474717377589453e+00
7.370000000000000000e+02 2.540512532278595081e+00
7.380000000000000000e+02 2.540550336112415319e+00
7.390000000000000000e+02 2.540588128871108964e+00
7.400000000000000000e+02 2.540625910546733479e+00
7.410000000000000000e+02 2.540663681131348550e+00
7.420000000000000000e+02 2.540701440617012086e+00
7.430000000000000000e+02 2.540739188995783326e+00
7.440000000000000000e+02 2.540776926259720181e+00
7.450000000000000000e+02 2.540814652400881446e+00
7.460000000000000000e+02 2.540852367411325918e+00
7.470000000000000000e+02 2.540890071283111951e+00
7.480000000000000000e+02 2.540927764008297896e+00
7.490000000000000000e+02 2.540965445578942994e+00
7.500000000000000000e+02 2.541003115987105154e+00
7.510000000000000000e+02 2.541040775224843173e+00
7.520000000000000000e+02 2.541078423284215848e+00
7.530000000000000000e+02 2.541116060157281531e+00
7.540000000000000000e+02 2.541153685836098575e+00
7.550000000000000000e+02 2.541191300312726220e+00
7.560000000000000000e+02 2.541228903579222820e+00
7.570000000000000000e+02 2.541266495627646282e+00
7.580000000000000000e+02 2.541304076450055849e+00
7.590000000000000000e+02 2.541341646038510316e+00
7.600000000000000000e+02 2.541379204385067592e+00
7.610000000000000000e+02 2.541416751481786473e+00
7.620000000000000000e+02 2.541454287320725314e+00
7.630000000000000000e+02 2.541491811893943353e+00
7.640000000000000000e+02 2.541529325193498945e+00
7.650000000000000000e+02 2.541566827211450441e+00
7.660000000000000000e+02 2.541604317939856195e+00
7.670000000000000000e+02 2.541641797370775446e+00
7.680000000000000000e+02 2.541679265496266105e+00
7.690000000000000000e+02 2.541716722308386966e+00
7.700000000000000000e+02 2.541754167799196829e+00
7.710000000000000000e+02 2.541791601960754488e+00
7.720000000000000000e+02 2.541829024785117852e+00
7.730000000000000000e+02 2.541866436264345719e+00
7.740000000000000000e+02 2.541903836390496885e+00
7.750000000000000000e+02 2.541941225155629702e+00
7.760000000000000000e+02 2.541978602551802968e+00
7.770000000000000000e+02 2.542015968571075035e+00
7.780000000000000000e+02 2.542053323205504256e+00
7.790000000000000000e+02 2.542090666447149871e+00
7.800000000000000000e+02 2.542127998288070234e+00
7.810000000000000000e+02 2.542165318720323697e+00
7.820000000000000000e+02 2.542202627735968612e+00
7.830000000000000000e+02 2.542239925327064221e+00
7.840000000000000000e+02 2.542277211485668875e+00
7.850000000000000000e+02 2.542314486203840485e+00
7.860000000000000000e+02 2.542351749473638733e+00
7.870000000000000000e+02 2.542389001287121530e+00
7.880000000000000000e+02 2.542426241636347228e+00
7.890000000000000000e+02 2.542463470513375068e+00
7.900000000000000000e+02 2.542500687910262958e+00
7.910000000000000000e+02 2.542537893819070138e+00
7.920000000000000000e+02 2.542575088231854963e+00
7.930000000000000000e+02 2.542612271140675340e+00
7.940000000000000000e+02 2.542649442537590954e+00
7.950000000000000000e+02 2.542686602414659713e+00
7.960000000000000000e+02 2.542723750763939972e+00
7.970000000000000000e+02 2.542760887577490969e+00
7.980000000000000000e+02 2.542798012847371059e+00
7.990000000000000000e+02 2.542835126565638593e+00
8.000000000000000000e+02 2.542872228724351924e+00
8.010000000000000000e+02 2.542909319315570293e+00
8.020000000000000000e+02 2.542946398331352054e+00
8.030000000000000000e+02 2.542983465763755557e+00
8.040000000000000000e+02 2.543020521604839601e+00
8.050000000000000000e+02 2.543057565846662538e+00
8.060000000000000000e+02 2.543094598481283164e+00
8.070000000000000000e+02 2.543131619500759832e+00
8.080000000000000000e+02 2.543168628897151784e+00
8.090000000000000000e+02 2.543205626662516483e+00
8.100000000000000000e+02 2.543242612788913171e+00
8.110000000000000000e+02 2.543279587268400643e+00
8.120000000000000000e+02 2.543316550093036810e+00
8.130000000000000000e+02 2.543353501254880911e+00
8.140000000000000000e+02 2.543390440745991299e+00
8.150000000000000000e+02 2.543427368558425883e+00
8.160000000000000000e+02 2.543464284684244348e+00
8.170000000000000000e+02 2.543501189115504602e+00
8.180000000000000000e+02 2.543538081844265442e+00
8.190000000000000000e+02 2.543574962862585664e+00
8.200000000000000000e+02 2.543611832162523179e+00
8.210000000000000000e+02 2.543648689736136781e+00
8.220000000000000000e+02 2.543685535575485712e+00
8.230000000000000000e+02 2.543722369672627437e+00
8.240000000000000000e+02 2.543759192019621640e+00
8.250000000000000000e+02 2.543796002608526230e+00
8.260000000000000000e+02 2.543832801431400004e+00
8.270000000000000000e+02 2.543869588480301314e+00
8.280000000000000000e+02 2.543906363747288957e+00
8.290000000000000000e+02 2.543943127224421730e+00
8.300000000000000000e+02 2.543979878903757541e+00
8.310000000000000000e+02 2.544016618777355632e+00
8.320000000000000000e+02 2.544053346837274354e+00
8.330000000000000000e+02 2.544090063075572061e+00
8.340000000000000000e+02 2.544126767484307550e+00
8.350000000000000000e+02 2.544163460055539172e+00
8.360000000000000000e+02 2.544200140781326169e+00
8.370000000000000000e+02 2.544236809653726450e+00
8.380000000000000000e+02 2.544273466664798367e+00
8.390000000000000000e+02 2.544310111806601160e+00
8.400000000000000000e+02 2.544346745071193183e+00
8.410000000000000000e+02 2.544383366450633233e+00
8.420000000000000000e+02 2.544419975936979217e+00
8.430000000000000000e+02 2.544456573522290377e+00
8.440000000000000000e+02 2.544493159198625065e+00
8.450000000000000000e+02 2.544529732958041635e+00
8.460000000000000000e+02 2.544566294792598882e+00
8.470000000000000000e+02 2.544602844694355603e+00
8.480000000000000000e+02 2.544639382655370152e+00
8.490000000000000000e+02 2.544675908667700881e+00
8.500000000000000000e+02 2.544712422723406586e+00
8.510000000000000000e+02 2.544748924814545621e+00
8.520000000000000000e+02 2.544785414933177226e+00
8.530000000000000000e+02 2.544821893071358865e+00
8.540000000000000000e+02 2.544858359221150224e+00
8.550000000000000000e+02 2.544894813374609654e+00
8.560000000000000000e+02 2.544931255523795066e+00
8.570000000000000000e+02 2.544967685660765699e+00
8.580000000000000000e+02 2.545004103777579907e+00
8.590000000000000000e+02 2.545040509866296041e+00
8.600000000000000000e+02 2.545076903918972899e+00
8.610000000000000000e+02 2.545113285927669278e+00
8.620000000000000000e+02 2.545149655884443529e+00
8.630000000000000000e+02 2.545186013781354006e+00
8.640000000000000000e+02 2.545222359610459950e+00
8.650000000000000000e+02 2.545258693363819269e+00
8.660000000000000000e+02 2.545295015033490316e+00
8.670000000000000000e+02 2.545331324611532775e+00
8.680000000000000000e+02 2.545367622090004112e+00
8.690000000000000000e+02 2.545403907460963566e+00
8.700000000000000000e+02 2.545440180716469492e+00
8.710000000000000000e+02 2.545476441848580684e+00
8.720000000000000000e+02 2.545512690849355053e+00
8.730000000000000000e+02 2.545548927710851839e+00
8.740000000000000000e+02 2.545585152425129838e+00
8.750000000000000000e+02 2.545621364984246515e+00
8.760000000000000000e+02 2.545657565380261556e+00
8.770000000000000000e+02 2.545693753605232867e+00
8.780000000000000000e+02 2.545729929651219692e+00
8.790000000000000000e+02 2.545766093510279937e+00
8.800000000000000000e+02 2.545802245174472400e+00
8.810000000000000000e+02 2.545838384635855434e+00
8.820000000000000000e+02 2.545874511886488278e+00
8.830000000000000000e+02 2.545910626918428843e+00
8.840000000000000000e+02 2.545946729723736368e+00
8.850000000000000000e+02 2.545982820294468318e+00
8.860000000000000000e+02 2.546018898622684379e+00
8.870000000000000000e+02 2.546054964700442902e+00
8.880000000000000000e+02 2.546091018519802240e+00
8.890000000000000000e+02 2.546127060072820747e+00
8.900000000000000000e+02 2.546163089351557218e+00
8.910000000000000000e+02 2.546199106348070451e+00
8.920000000000000000e+02 2.546235111054418798e+00
8.930000000000000000e+02 2.546271103462661056e+00
8.940000000000000000e+02 2.546307083564855578e+00
8.950000000000000000e+02 2.546343051353060716e+00
8.960000000000000000e+02 2.546379006819335711e+00
8.970000000000000000e+02 2.546414949955738471e+00
8.980000000000000000e+02 2.546450880754328239e+00
8.990000000000000000e+02 2.546486799207162921e+00
9.000000000000000000e+02 2.546522705306301315e+00
9.010000000000000000e+02 2.546558599043801774e+00
9.020000000000000000e+02 2.546594480411723538e+00
9.030000000000000000e+02 2.546630349402124960e+00
9.040000000000000000e+02 2.546666206007063948e+00
9.050000000000000000e+02 2.546702050218600188e+00
9.060000000000000000e+02 2.546737882028791145e+00
9.070000000000000000e+02 2.546773701429696501e+00
9.080000000000000000e+02 2.546809508413373724e+00
9.090000000000000000e+02 2.546845302971882052e+00
9.100000000000000000e+02 2.546881085097279840e+00
9.110000000000000000e+02 2.546916854781625883e+00
9.120000000000000000e+02 2.546952612016978534e+00
9.130000000000000000e+02 2.546988356795396591e+00
9.140000000000000000e+02 2.547024089108938405e+00
9.150000000000000000e+02 2.547059808949662330e+00
9.160000000000000000e+02 2.547095516309627605e+00
9.170000000000000000e+02 2.547131211180892141e+00
9.180000000000000000e+02 2.547166893555515177e+00
9.190000000000000000e+02 2.547202563425554622e+00
9.200000000000000000e+02 2.547238220783069718e+00
9.210000000000000000e+02 2.547273865620118372e+00
9.220000000000000000e+02 2.547309497928759825e+00
9.230000000000000000e+02 2.547345117701051986e+00
9.240000000000000000e+02 2.547380724929054097e+00
9.250000000000000000e+02 2.547416319604824064e+00
9.260000000000000000e+02 2.547451901720420686e+00
9.270000000000000000e+02 2.547487471267902759e+00
9.280000000000000000e+02 2.547523028239329079e+00
9.290000000000000000e+02 2.547558572626757556e+00
9.300000000000000000e+02 2.547594104422246986e+00
9.310000000000000000e+02 2.547629623617856165e+00
9.320000000000000000e+02 2.547665130205643891e+00
9.330000000000000000e+02 2.547700624177668072e+00
9.340000000000000000e+02 2.547736105525987504e+00
9.350000000000000000e+02 2.547771574242660986e+00
9.360000000000000000e+02 2.547807030319747312e+00
9.370000000000000000e+02 2.547842473749304393e+00
9.380000000000000000e+02 2.547877904523391024e+00
9.390000000000000000e+02 2.547913322634066446e+00
9.400000000000000000e+02 2.547948728073388125e+00
9.410000000000000000e+02 2.547984120833415300e+00
9.420000000000000000e+02 2.548019500906206769e+00
9.430000000000000000e+02 2.548054868283820440e+00
9.440000000000000000e+02 2.548090222958315554e+00
9.450000000000000000e+02 2.548125564921750019e+00
9.460000000000000000e+02 2.548160894166183077e+00
9.470000000000000000e+02 2.548196210683673080e+00
9.480000000000000000e+02 2.548231514466278380e+00
9.490000000000000000e+02 2.548266805506057331e+00
9.500000000000000000e+02 2.548302083795069173e+00
9.510000000000000000e+02 2.548337349325372259e+00
9.520000000000000000e+02 2.548372602089024941e+00
9.530000000000000000e+02 2.548407842078086016e+00
9.540000000000000000e+02 2.548443069284613838e+00
9.550000000000000000e+02 2.548478283700667202e+00
9.560000000000000000e+02 2.548513485318304905e+00
9.570000000000000000e+02 2.548548674129584857e+00
9.580000000000000000e+02 2.548583850126566297e+00
9.590000000000000000e+02 2.548619013301307135e+00
9.600000000000000000e+02 2.548654163645866610e+00
9.610000000000000000e+02 2.548689301152303077e+00
9.620000000000000000e+02 2.548724425812674887e+00
9.630000000000000000e+02 2.548759537619040838e+00
9.640000000000000000e+02 2.548794636563459282e+00
9.650000000000000000e+02 2.548829722637989015e+00
9.660000000000000000e+02 2.548864795834688390e+00
9.670000000000000000e+02 2.548899856145616649e+00
9.680000000000000000e+02 2.548934903562831256e+00
9.690000000000000000e+02 2.548969938078391895e+00
9.700000000000000000e+02 2.549004959684356475e+00
9.710000000000000000e+02 2.549039968372783793e+00
9.720000000000000000e+02 2.549074964135732202e+00
9.730000000000000000e+02 2.549109946965260498e+00
9.740000000000000000e+02 2.549144916853427478e+00
9.750000000000000000e+02 2.549179873792291051e+00
9.760000000000000000e+02 2.549214817773910458e+00
9.770000000000000000e+02 2.549249748790344050e+00
9.780000000000000000e+02 2.549284666833650181e+00
9.790000000000000000e+02 2.549319571895887648e+00
9.800000000000000000e+02 2.549354463969115248e+00
9.810000000000000000e+02 2.549389343045390888e+00
9.820000000000000000e+02 2.549424209116773810e+00
9.830000000000000000e+02 2.549459062175322366e+00
9.840000000000000000e+02 2.549493902213094909e+00
9.850000000000000000e+02 2.549528729222150236e+00
9.860000000000000000e+02 2.549563543194547144e+00
9.870000000000000000e+02 2.549598344122343541e+00
9.880000000000000000e+02 2.549633131997598667e+00
9.890000000000000000e+02 2.549667906812370877e+00
9.900000000000000000e+02 2.549702668558718965e+00
9.910000000000000000e+02 2.549737417228700842e+00
9.920000000000000000e+02 2.549772152814375747e+00
9.930000000000000000e+02 2.549806875307802034e+00
9.940000000000000000e+02 2.549841584701038055e+00
9.950000000000000000e+02 2.549876280986142607e+00
9.960000000000000000e+02 2.549910964155174486e+00
9.970000000000000000e+02 2.549945634200192046e+00
9.980000000000000000e+02 2.549980291113253639e+00
9.990000000000000000e+02 2.550014934886418061e+00
1.000000000000000000e+03 2.550049565511743666e+00
1.001000000000000000e+03 2.550084182981289693e+00
1.002000000000000000e+03 2.550118787287114053e+00
1.003000000000000000e+03 2.550153378421275541e+00
1.004000000000000000e+03 2.550187956375832954e+00
1.005000000000000000e+03 2.550222521142844645e+00
1.006000000000000000e+03 2.550257072714368967e+00
1.007000000000000000e+03 2.550291611082464716e+00
1.008000000000000000e+03 2.550326136239190244e+00
1.009000000000000000e+03 2.550360648176604794e+00
1.010000000000000000e+03 2.550395146886766273e+00
1.011000000000000000e+03 2.550429632361733923e+00
1.012000000000000000e+03 2.550464104593565207e+00
1.013000000000000000e+03 2.550498563574319810e+00
1.014000000000000000e+03 2.550533009296056086e+00
1.015000000000000000e+03 2.550567441750831943e+00
1.016000000000000000e+03 2.550601860930706621e+00
1.017000000000000000e+03 2.550636266827738474e+00
1.018000000000000000e+03 2.550670659433985854e+00
1.019000000000000000e+03 2.550705038741508002e+00
1.020000000000000000e+03 2.550739404742362826e+00
1.021000000000000000e+03 2.550773757428609123e+00
