# order=10: data_wav [pixel], data_wavsolution [micron]
3.000000000000000000e+00 1.640241075153445527e+00
4.000000000000000000e+00 1.640268064067172071e+00
5.000000000000000000e+00 1.640295049624792112e+00
6.000000000000000000e+00 1.640322031826305871e+00
7.000000000000000000e+00 1.640349010671713348e+00
8.000000000000000000e+00 1.640375986161014321e+00
9.000000000000000000e+00 1.640402958294209235e+00
1.000000000000000000e+01 1.640429927071297644e+00
1.100000000000000000e+01 1.640456892492279772e+00
1.200000000000000000e+01 1.640483854557155619e+00
1.300000000000000000e+01 1.640510813265924961e+00
1.400000000000000000e+01 1.640537768618588244e+00
1.500000000000000000e+01 1.640564720615145022e+00
1.600000000000000000e+01 1.640591669255595519e+00
1.700000000000000000e+01 1.640618614539939735e+00
1.800000000000000000e+01 1.640645556468177668e+00
1.900000000000000000e+01 1.640672495040309098e+00
2.000000000000000000e+01 1.640699430256334468e+00
2.100000000000000000e+01 1.640726362116253334e+00
2.200000000000000000e+01 1.640753290620065918e+00
2.300000000000000000e+01 1.640780215767772221e+00
2.400000000000000000e+01 1.640807137559372020e+00
2.500000000000000000e+01 1.640834055994865759e+00
2.600000000000000000e+01 1.640860971074252994e+00
2.700000000000000000e+01 1.640887882797533948e+00
2.800000000000000000e+01 1.640914791164708619e+00
2.900000000000000000e+01 1.640941696175776787e+00
3.000000000000000000e+01 1.640968597830738895e+00
3.100000000000000000e+01 1.640995496129594500e+00
3.200000000000000000e+01 1.641022391072343822e+00
3.300000000000000000e+01 1.641049282658986863e+00
3.400000000000000000e+01 1.641076170889523622e+00
3.500000000000000000e+01 1.641103055763953877e+00
3.600000000000000000e+01 1.641129937282277851e+00
3.700000000000000000e+01 1.641156815444495765e+00
3.800000000000000000e+01 1.641183690250607174e+00
3.900000000000000000e+01 1.641210561700612081e+00
4.000000000000000000e+01 1.641237429794510927e+00
4.100000000000000000e+01 1.641264294532303269e+00
4.200000000000000000e+01 1.641291155913989330e+00
4.300000000000000000e+01 1.641318013939569109e+00
4.400000000000000000e+01 1.641344868609042607e+00
4.500000000000000000e+01 1.641371719922409822e+00
4.600000000000000000e+01 1.641398567879670534e+00
4.700000000000000000e+01 1.641425412480824964e+00
4.800000000000000000e+01 1.641452253725873112e+00
4.900000000000000000e+01 1.641479091614814978e+00
5.000000000000000000e+01 1.641505926147650563e+00
5.100000000000000000e+01 1.641532757324379643e+00
5.200000000000000000e+01 1.641559585145002664e+00
5.300000000000000000e+01 1.641586409609519182e+00
5.400000000000000000e+01 1.641613230717929417e+00
5.500000000000000000e+01 1.641640048470233371e+00
5.600000000000000000e+01 1.641666862866430820e+00
5.700000000000000000e+01 1.641693673906521989e+00
5.800000000000000000e+01 1.641720481590507097e+00
5.900000000000000000e+01 1.641747285918385479e+00
6.000000000000000000e+01 1.641774086890157802e+00
6.100000000000000000e+01 1.641800884505823843e+00
6.200000000000000000e+01 1.641827678765383380e+00
6.300000000000000000e+01 1.641854469668836636e+00
6.400000000000000000e+01 1.641881257216183609e+00
6.500000000000000000e+01 1.641908041407424301e+00
6.600000000000000000e+01 1.641934822242558711e+00
6.700000000000000000e+01 1.641961599721586618e+00
6.800000000000000000e+01 1.641988373844508464e+00
6.900000000000000000e+01 1.642015144611323807e+00
7.000000000000000000e+01 1.642041912022032868e+00
7.100000000000000000e+01 1.642068676076635425e+00
7.200000000000000000e+01 1.642095436775131923e+00
7.300000000000000000e+01 1.642122194117521916e+00
7.400000000000000000e+01 1.642148948103805628e+00
7.500000000000000000e+01 1.642175698733983058e+00
7.600000000000000000e+01 1.642202446008054206e+00
7.700000000000000000e+01 1.642229189926018851e+00
7.800000000000000000e+01 1.642255930487877436e+00
7.900000000000000000e+01 1.642282667693629516e+00
8.000000000000000000e+01 1.642309401543275316e+00
8.100000000000000000e+01 1.642336132036814833e+00
8.200000000000000000e+01 1.642362859174247847e+00
8.300000000000000000e+01 1.642389582955574800e+00
8.400000000000000000e+01 1.642416303380795251e+00
8.500000000000000000e+01 1.642443020449909419e+00
8.600000000000000000e+01 1.642469734162917305e+00
8.700000000000000000e+01 1.642496444519818910e+00
8.800000000000000000e+01 1.642523151520614011e+00
8.900000000000000000e+01 1.642549855165302830e+00
9.000000000000000000e+01 1.642576555453885589e+00
9.100000000000000000e+01 1.642603252386361623e+00
9.200000000000000000e+01 1.642629945962731597e+00
9.300000000000000000e+01 1.642656636182995289e+00
9.400000000000000000e+01 1.642683323047152477e+00
9.500000000000000000e+01 1.642710006555203384e+00
9.600000000000000000e+01 1.642736686707148008e+00
9.700000000000000000e+01 1.642763363502986351e+00
9.800000000000000000e+01 1.642790036942718412e+00
9.900000000000000000e+01 1.642816707026343970e+00
1.000000000000000000e+02 1.642843373753863245e+00
1.010000000000000000e+02 1.642870037125276239e+00
1.020000000000000000e+02 1.642896697140582951e+00
1.030000000000000000e+02 1.642923353799783381e+00
1.040000000000000000e+02 1.642950007102877308e+00
1.050000000000000000e+02 1.642976657049864952e+00
1.060000000000000000e+02 1.643003303640746315e+00
1.070000000000000000e+02 1.643029946875521397e+00
1.080000000000000000e+02 1.643056586754190196e+00
1.090000000000000000e+02 1.643083223276752713e+00
1.100000000000000000e+02 1.643109856443208727e+00
1.110000000000000000e+02 1.643136486253558459e+00
1.120000000000000000e+02 1.643163112707801909e+00
1.130000000000000000e+02 1.643189735805939078e+00
1.140000000000000000e+02 1.643216355547969743e+00
1.150000000000000000e+02 1.643242971933894347e+00
1.160000000000000000e+02 1.643269584963712449e+00
1.170000000000000000e+02 1.643296194637424268e+00
1.180000000000000000e+02 1.643322800955029805e+00
1.190000000000000000e+02 1.643349403916528839e+00
1.200000000000000000e+02 1.643376003521921813e+00
1.210000000000000000e+02 1.643402599771208283e+00
1.220000000000000000e+02 1.643429192664388472e+00
1.230000000000000000e+02 1.643455782201462378e+00
1.240000000000000000e+02 1.643482368382429781e+00
1.250000000000000000e+02 1.643508951207291124e+00
1.260000000000000000e+02 1.643535530676045964e+00
1.270000000000000000e+02 1.643562106788694521e+00
1.280000000000000000e+02 1.643588679545236797e+00
1.290000000000000000e+02 1.643615248945672791e+00
1.300000000000000000e+02 1.643641814990002281e+00
1.310000000000000000e+02 1.643668377678225712e+00
1.320000000000000000e+02 1.643694937010342638e+00
1.330000000000000000e+02 1.643721492986353283e+00
1.340000000000000000e+02 1.643748045606257646e+00
1.350000000000000000e+02 1.643774594870055505e+00
1.360000000000000000e+02 1.643801140777747305e+00
1.370000000000000000e+02 1.643827683329332601e+00
1.380000000000000000e+02 1.643854222524811615e+00
1.390000000000000000e+02 1.643880758364184347e+00
1.400000000000000000e+02 1.643907290847450575e+00
1.410000000000000000e+02 1.643933819974610744e+00
1.420000000000000000e+02 1.643960345745664409e+00
1.430000000000000000e+02 1.643986868160611792e+00
1.440000000000000000e+02 1.644013387219452893e+00
1.450000000000000000e+02 1.644039902922187713e+00
1.460000000000000000e+02 1.644066415268816028e+00
1.470000000000000000e+02 1.644092924259338284e+00
1.480000000000000000e+02 1.644119429893754036e+00
1.490000000000000000e+02 1.644145932172063507e+00
1.500000000000000000e+02 1.644172431094266473e+00
1.510000000000000000e+02 1.644198926660363380e+00
1.520000000000000000e+02 1.644225418870353783e+00
1.530000000000000000e+02 1.644251907724238126e+00
1.540000000000000000e+02 1.644278393222015966e+00
1.550000000000000000e+02 1.644304875363687302e+00
1.560000000000000000e+02 1.644331354149252578e+00
1.570000000000000000e+02 1.644357829578711350e+00
1.580000000000000000e+02 1.644384301652064062e+00
1.590000000000000000e+02 1.644410770369310271e+00
1.600000000000000000e+02 1.644437235730450197e+00
1.610000000000000000e+02 1.644463697735483620e+00
1.620000000000000000e+02 1.644490156384410984e+00
1.630000000000000000e+02 1.644516611677231843e+00
1.640000000000000000e+02 1.644543063613946421e+00
1.650000000000000000e+02 1.644569512194554717e+00
1.660000000000000000e+02 1.644595957419056731e+00
1.670000000000000000e+02 1.644622399287452241e+00
1.680000000000000000e+02 1.644648837799741692e+00
1.690000000000000000e+02 1.644675272955924639e+00
1.700000000000000000e+02 1.644701704756001304e+00
1.710000000000000000e+02 1.644728133199971465e+00
1.720000000000000000e+02 1.644754558287835566e+00
1.730000000000000000e+02 1.644780980019593164e+00
1.740000000000000000e+02 1.644807398395244702e+00
1.750000000000000000e+02 1.644833813414789736e+00
1.760000000000000000e+02 1.644860225078228488e+00
1.770000000000000000e+02 1.644886633385560737e+00
1.780000000000000000e+02 1.644913038336786926e+00
1.790000000000000000e+02 1.644939439931906611e+00
1.800000000000000000e+02 1.644965838170920014e+00
1.810000000000000000e+02 1.644992233053827135e+00
1.820000000000000000e+02 1.645018624580627975e+00
1.830000000000000000e+02 1.645045012751322311e+00
1.840000000000000000e+02 1.645071397565910365e+00
1.850000000000000000e+02 1.645097779024392359e+00
1.860000000000000000e+02 1.645124157126767628e+00
1.870000000000000000e+02 1.645150531873036837e+00
1.880000000000000000e+02 1.645176903263199764e+00
1.890000000000000000e+02 1.645203271297256187e+00
1.900000000000000000e+02 1.645229635975206328e+00
1.910000000000000000e+02 1.645255997297050188e+00
1.920000000000000000e+02 1.645282355262787766e+00
1.930000000000000000e+02 1.645308709872419062e+00
1.940000000000000000e+02 1.645335061125943854e+00
1.950000000000000000e+02 1.645361409023362365e+00
1.960000000000000000e+02 1.645387753564674593e+00
1.970000000000000000e+02 1.645414094749880540e+00
1.980000000000000000e+02 1.645440432578980205e+00
1.990000000000000000e+02 1.645466767051973367e+00
2.000000000000000000e+02 1.645493098168860469e+00
2.010000000000000000e+02 1.645519425929641066e+00
2.020000000000000000e+02 1.645545750334315382e+00
2.030000000000000000e+02 1.645572071382883417e+00
2.040000000000000000e+02 1.645598389075344947e+00
2.050000000000000000e+02 1.645624703411700196e+00
2.060000000000000000e+02 1.645651014391949385e+00
2.070000000000000000e+02 1.645677322016092070e+00
2.080000000000000000e+02 1.645703626284128251e+00
2.090000000000000000e+02 1.645729927196058373e+00
2.100000000000000000e+02 1.645756224751881991e+00
2.110000000000000000e+02 1.645782518951599549e+00
2.120000000000000000e+02 1.645808809795210603e+00
2.130000000000000000e+02 1.645835097282715154e+00
2.140000000000000000e+02 1.645861381414113644e+00
2.150000000000000000e+02 1.645887662189405631e+00
2.160000000000000000e+02 1.645913939608591559e+00
2.170000000000000000e+02 1.645940213671670982e+00
2.180000000000000000e+02 1.645966484378644124e+00
2.190000000000000000e+02 1.645992751729510761e+00
2.200000000000000000e+02 1.646019015724271339e+00
2.210000000000000000e+02 1.646045276362925414e+00
2.220000000000000000e+02 1.646071533645473206e+00
2.230000000000000000e+02 1.646097787571914717e+00
2.240000000000000000e+02 1.646124038142249946e+00
2.250000000000000000e+02 1.646150285356478893e+00
2.260000000000000000e+02 1.646176529214601336e+00
2.270000000000000000e+02 1.646202769716617498e+00
2.280000000000000000e+02 1.646229006862527378e+00
2.290000000000000000e+02 1.646255240652330976e+00
2.300000000000000000e+02 1.646281471086028292e+00
2.310000000000000000e+02 1.646307698163619104e+00
2.320000000000000000e+02 1.646333921885103635e+00
2.330000000000000000e+02 1.646360142250481884e+00
2.340000000000000000e+02 1.646386359259753851e+00
2.350000000000000000e+02 1.646412572912919536e+00
2.360000000000000000e+02 1.646438783209978718e+00
2.370000000000000000e+02 1.646464990150931840e+00
2.380000000000000000e+02 1.646491193735778458e+00
2.390000000000000000e+02 1.646517393964518794e+00
2.400000000000000000e+02 1.646543590837152626e+00
2.410000000000000000e+02 1.646569784353680399e+00
2.420000000000000000e+02 1.646595974514101668e+00
2.430000000000000000e+02 1.646622161318416655e+00
2.440000000000000000e+02 1.646648344766625360e+00
2.450000000000000000e+02 1.646674524858727784e+00
2.460000000000000000e+02 1.646700701594723926e+00
2.470000000000000000e+02 1.646726874974613564e+00
2.480000000000000000e+02 1.646753044998396920e+00
2.490000000000000000e+02 1.646779211666073994e+00
2.500000000000000000e+02 1.646805374977644787e+00
2.510000000000000000e+02 1.646831534933109298e+00
2.520000000000000000e+02 1.646857691532467305e+00
2.530000000000000000e+02 1.646883844775719252e+00
2.540000000000000000e+02 1.646909994662864696e+00
2.550000000000000000e+02 1.646936141193903858e+00
2.560000000000000000e+02 1.646962284368836515e+00
2.570000000000000000e+02 1.646988424187663114e+00
2.580000000000000000e+02 1.647014560650383208e+00
2.590000000000000000e+02 1.647040693756997021e+00
2.600000000000000000e+02 1.647066823507504552e+00
2.610000000000000000e+02 1.647092949901905801e+00
2.620000000000000000e+02 1.647119072940200768e+00
2.630000000000000000e+02 1.647145192622389231e+00
2.640000000000000000e+02 1.647171308948471413e+00
2.650000000000000000e+02 1.647197421918447313e+00
2.660000000000000000e+02 1.647223531532316931e+00
2.670000000000000000e+02 1.647249637790080268e+00
2.680000000000000000e+02 1.647275740691737100e+00
2.690000000000000000e+02 1.647301840237287651e+00
2.700000000000000000e+02 1.647327936426731920e+00
2.710000000000000000e+02 1.647354029260069908e+00
2.720000000000000000e+02 1.647380118737301613e+00
2.730000000000000000e+02 1.647406204858426815e+00
2.740000000000000000e+02 1.647432287623445957e+00
2.750000000000000000e+02 1.647458367032358595e+00
2.760000000000000000e+02 1.647484443085164951e+00
2.770000000000000000e+02 1.647510515781864804e+00
2.780000000000000000e+02 1.647536585122458597e+00
2.790000000000000000e+02 1.647562651106945886e+00
2.800000000000000000e+02 1.647588713735326893e+00
2.810000000000000000e+02 1.647614773007601618e+00
2.820000000000000000e+02 1.647640828923770062e+00
2.830000000000000000e+02 1.647666881483832224e+00
2.840000000000000000e+02 1.647692930687787882e+00
2.850000000000000000e+02 1.647718976535637259e+00
2.860000000000000000e+02 1.647745019027380353e+00
2.870000000000000000e+02 1.647771058163017166e+00
2.880000000000000000e+02 1.647797093942547697e+00
2.890000000000000000e+02 1.647823126365971724e+00
2.900000000000000000e+02 1.647849155433289692e+00
2.910000000000000000e+02 1.647875181144501155e+00
2.920000000000000000e+02 1.647901203499606337e+00
2.930000000000000000e+02 1.647927222498605015e+00
2.940000000000000000e+02 1.647953238141497634e+00
2.950000000000000000e+02 1.647979250428283748e+00
2.960000000000000000e+02 1.648005259358963581e+00
2.970000000000000000e+02 1.648031264933537132e+00
2.980000000000000000e+02 1.648057267152004401e+00
2.990000000000000000e+02 1.648083266014365389e+00
3.000000000000000000e+02 1.648109261520619873e+00
3.010000000000000000e+02 1.648135253670768074e+00
3.020000000000000000e+02 1.648161242464809995e+00
3.030000000000000000e+02 1.648187227902745633e+00
3.040000000000000000e+02 1.648213209984574990e+00
3.050000000000000000e+02 1.648239188710297842e+00
3.060000000000000000e+02 1.648265164079914413e+00
3.070000000000000000e+02 1.648291136093424702e+00
3.080000000000000000e+02 1.648317104750828710e+00
3.090000000000000000e+02 1.648343070052126436e+00
3.100000000000000000e+02 1.648369031997317657e+00
3.110000000000000000e+02 1.648394990586402820e+00
3.120000000000000000e+02 1.648420945819381478e+00
3.130000000000000000e+02 1.648446897696253854e+00
3.140000000000000000e+02 1.648472846217019727e+00
3.150000000000000000e+02 1.648498791381679540e+00
3.160000000000000000e+02 1.648524733190232849e+00
3.170000000000000000e+02 1.648550671642679877e+00
3.180000000000000000e+02 1.648576606739020622e+00
3.190000000000000000e+02 1.648602538479255086e+00
3.200000000000000000e+02 1.648628466863383268e+00
3.210000000000000000e+02 1.648654391891404947e+00
3.220000000000000000e+02 1.648680313563320343e+00
3.230000000000000000e+02 1.648706231879129458e+00
3.240000000000000000e+02 1.648732146838832291e+00
3.250000000000000000e+02 1.648758058442428842e+00
3.260000000000000000e+02 1.648783966689918890e+00
3.270000000000000000e+02 1.648809871581302877e+00
3.280000000000000000e+02 1.648835773116580361e+00
3.290000000000000000e+02 1.648861671295751563e+00
3.300000000000000000e+02 1.648887566118816261e+00
3.310000000000000000e+02 1.648913457585774900e+00
3.320000000000000000e+02 1.648939345696627035e+00
3.330000000000000000e+02 1.648965230451372888e+00
3.340000000000000000e+02 1.648991111850012459e+00
3.350000000000000000e+02 1.649016989892545748e+00
3.360000000000000000e+02 1.649042864578972756e+00
3.370000000000000000e+02 1.649068735909293260e+00
3.380000000000000000e+02 1.649094603883507482e+00
3.390000000000000000e+02 1.649120468501615422e+00
3.400000000000000000e+02 1.649146329763617080e+00
3.410000000000000000e+02 1.649172187669512457e+00
3.420000000000000000e+02 1.649198042219301330e+00
3.430000000000000000e+02 1.649223893412983921e+00
3.440000000000000000e+02 1.649249741250560231e+00
3.450000000000000000e+02 1.649275585732030258e+00
3.460000000000000000e+02 1.649301426857394004e+00
3.470000000000000000e+02 1.649327264626651246e+00
3.480000000000000000e+02 1.649353099039802428e+00
3.490000000000000000e+02 1.649378930096847107e+00
3.500000000000000000e+02 1.649404757797785503e+00
3.510000000000000000e+02 1.649430582142617396e+00
3.520000000000000000e+02 1.649456403131343230e+00
3.530000000000000000e+02 1.649482220763962559e+00
3.540000000000000000e+02 1.649508035040475606e+00
3.550000000000000000e+02 1.649533845960882372e+00
3.560000000000000000e+02 1.649559653525182856e+00
3.570000000000000000e+02 1.649585457733377059e+00
3.580000000000000000e+02 1.649611258585464757e+00
3.590000000000000000e+02 1.649637056081446174e+00
3.600000000000000000e+02 1.649662850221321309e+00
3.610000000000000000e+02 1.649688641005090162e+00
3.620000000000000000e+02 1.649714428432752733e+00
3.630000000000000000e+02 1.649740212504308801e+00
3.640000000000000000e+02 1.649765993219758808e+00
3.650000000000000000e+02 1.649791770579102312e+00
3.660000000000000000e+02 1.649817544582339535e+00
3.670000000000000000e+02 1.649843315229470253e+00
3.680000000000000000e+02 1.649869082520494912e+00
3.690000000000000000e+02 1.649894846455413067e+00
3.700000000000000000e+02 1.649920607034224940e+00
3.710000000000000000e+02 1.649946364256930531e+00
3.720000000000000000e+02 1.649972118123529841e+00
3.730000000000000000e+02 1.649997868634022868e+00
3.740000000000000000e+02 1.650023615788409392e+00
3.750000000000000000e+02 1.650049359586689635e+00
3.760000000000000000e+02 1.650075100028863595e+00
3.770000000000000000e+02 1.650100837114931274e+00
3.780000000000000000e+02 1.650126570844892671e+00
3.790000000000000000e+02 1.650152301218747564e+00
3.800000000000000000e+02 1.650178028236496175e+00
3.810000000000000000e+02 1.650203751898138504e+00
3.820000000000000000e+02 1.650229472203674552e+00
3.830000000000000000e+02 1.650255189153104318e+00
3.840000000000000000e+02 1.650280902746427580e+00
3.850000000000000000e+02 1.650306612983644783e+00
3.860000000000000000e+02 1.650332319864755481e+00
3.870000000000000000e+02 1.650358023389759898e+00
3.880000000000000000e+02 1.650383723558658033e+00
3.890000000000000000e+02 1.650409420371449665e+00
3.900000000000000000e+02 1.650435113828135014e+00
3.910000000000000000e+02 1.650460803928714304e+00
3.920000000000000000e+02 1.650486490673187090e+00
3.930000000000000000e+02 1.650512174061553372e+00
3.940000000000000000e+02 1.650537854093813595e+00
3.950000000000000000e+02 1.650563530769967313e+00
3.960000000000000000e+02 1.650589204090014972e+00
3.970000000000000000e+02 1.650614874053956127e+00
3.980000000000000000e+02 1.650640540661790778e+00
3.990000000000000000e+02 1.650666203913519370e+00
4.000000000000000000e+02 1.650691863809141680e+00
4.010000000000000000e+02 1.650717520348657485e+00
4.020000000000000000e+02 1.650743173532067010e+00
4.030000000000000000e+02 1.650768823359370252e+00
4.040000000000000000e+02 1.650794469830567213e+00
4.050000000000000000e+02 1.650820112945657669e+00
4.060000000000000000e+02 1.650845752704641844e+00
4.070000000000000000e+02 1.650871389107519960e+00
4.080000000000000000e+02 1.650897022154291349e+00
4.090000000000000000e+02 1.650922651844956679e+00
4.100000000000000000e+02 1.650948278179515727e+00
4.110000000000000000e+02 1.650973901157968271e+00
4.120000000000000000e+02 1.650999520780314533e+00
4.130000000000000000e+02 1.651025137046554514e+00
4.140000000000000000e+02 1.651050749956688213e+00
4.150000000000000000e+02 1.651076359510715630e+00
4.160000000000000000e+02 1.651101965708636543e+00
4.170000000000000000e+02 1.651127568550451397e+00
4.180000000000000000e+02 1.651153168036159746e+00
4.190000000000000000e+02 1.651178764165761592e+00
4.200000000000000000e+02 1.651204356939257378e+00
4.210000000000000000e+02 1.651229946356646883e+00
4.220000000000000000e+02 1.651255532417929883e+00
4.230000000000000000e+02 1.651281115123106602e+00
4.240000000000000000e+02 1.651306694472177039e+00
4.250000000000000000e+02 1.651332270465141194e+00
4.260000000000000000e+02 1.651357843101998846e+00
4.270000000000000000e+02 1.651383412382750437e+00
4.280000000000000000e+02 1.651408978307395525e+00
4.290000000000000000e+02 1.651434540875934331e+00
4.300000000000000000e+02 1.651460100088366856e+00
4.310000000000000000e+02 1.651485655944692876e+00
4.320000000000000000e+02 1.651511208444912837e+00
4.330000000000000000e+02 1.651536757589026294e+00
4.340000000000000000e+02 1.651562303377033469e+00
4.350000000000000000e+02 1.651587845808934363e+00
4.360000000000000000e+02 1.651613384884728752e+00
4.370000000000000000e+02 1.651638920604417082e+00
4.380000000000000000e+02 1.651664452967998908e+00
4.390000000000000000e+02 1.651689981975474453e+00
4.400000000000000000e+02 1.651715507626843715e+00
4.410000000000000000e+02 1.651741029922106696e+00
4.420000000000000000e+02 1.651766548861263173e+00
4.430000000000000000e+02 1.651792064444313590e+00
4.440000000000000000e+02 1.651817576671257504e+00
4.450000000000000000e+02 1.651843085542095135e+00
4.460000000000000000e+02 1.651868591056826263e+00
4.470000000000000000e+02 1.651894093215451331e+00
4.480000000000000000e+02 1.651919592017969896e+00
4.490000000000000000e+02 1.651945087464382400e+00
4.500000000000000000e+02 1.651970579554688401e+00
4.510000000000000000e+02 1.651996068288887898e+00
4.520000000000000000e+02 1.652021553666981335e+00
4.530000000000000000e+02 1.652047035688968268e+00
4.540000000000000000e+02 1.652072514354849142e+00
4.550000000000000000e+02 1.652097989664623512e+00
4.560000000000000000e+02 1.652123461618291600e+00
4.570000000000000000e+02 1.652148930215853184e+00
4.580000000000000000e+02 1.652174395457308709e+00
4.590000000000000000e+02 1.652199857342657729e+00
4.600000000000000000e+02 1.652225315871900468e+00
4.610000000000000000e+02 1.652250771045036926e+00
4.620000000000000000e+02 1.652276222862067101e+00
4.630000000000000000e+02 1.652301671322990773e+00
4.640000000000000000e+02 1.652327116427808384e+00
4.650000000000000000e+02 1.652352558176519493e+00
4.660000000000000000e+02 1.652377996569124319e+00
4.670000000000000000e+02 1.652403431605622863e+00
4.680000000000000000e+02 1.652428863286014904e+00
4.690000000000000000e+02 1.652454291610300885e+00
4.700000000000000000e+02 1.652479716578480362e+00
4.710000000000000000e+02 1.652505138190553557e+00
4.720000000000000000e+02 1.652530556446520471e+00
4.730000000000000000e+02 1.652555971346381103e+00
4.740000000000000000e+02 1.652581382890135231e+00
4.750000000000000000e+02 1.652606791077783077e+00
4.760000000000000000e+02 1.652632195909324642e+00
4.770000000000000000e+02 1.652657597384759924e+00
4.780000000000000000e+02 1.652682995504088925e+00
4.790000000000000000e+02 1.652708390267311422e+00
4.800000000000000000e+02 1.652733781674427860e+00
4.810000000000000000e+02 1.652759169725437793e+00
4.820000000000000000e+02 1.652784554420341445e+00
4.830000000000000000e+02 1.652809935759138815e+00
4.840000000000000000e+02 1.652835313741829681e+00
4.850000000000000000e+02 1.652860688368414488e+00
4.860000000000000000e+02 1.652886059638892791e+00
4.870000000000000000e+02 1.652911427553264812e+00
4.880000000000000000e+02 1.652936792111530551e+00
4.890000000000000000e+02 1.652962153313689786e+00
4.900000000000000000e+02 1.652987511159742962e+00
4.910000000000000000e+02 1.653012865649689633e+00
4.920000000000000000e+02 1.653038216783530023e+00
4.930000000000000000e+02 1.653063564561264132e+00
4.940000000000000000e+02 1.653088908982891958e+00
4.950000000000000000e+02 1.653114250048413281e+00
4.960000000000000000e+02 1.653139587757828322e+00
4.970000000000000000e+02 1.653164922111137081e+00
4.980000000000000000e+02 1.653190253108339558e+00
4.990000000000000000e+02 1.653215580749435754e+00
5.000000000000000000e+02 1.653240905034425667e+00
5.010000000000000000e+02 1.653266225963309077e+00
5.020000000000000000e+02 1.653291543536086206e+00
5.030000000000000000e+02 1.653316857752757052e+00
5.040000000000000000e+02 1.653342168613321617e+00
5.050000000000000000e+02 1.653367476117779900e+00
5.060000000000000000e+02 1.653392780266131679e+00
5.070000000000000000e+02 1.653418081058377176e+00
5.080000000000000000e+02 1.653443378494516391e+00
5.090000000000000000e+02 1.653468672574549325e+00
5.100000000000000000e+02 1.653493963298475977e+00
5.110000000000000000e+02 1.653519250666296125e+00
5.120000000000000000e+02 1.653544534678010214e+00
5.130000000000000000e+02 1.653569815333617798e+00
5.140000000000000000e+02 1.653595092633119101e+00
5.150000000000000000e+02 1.653620366576513900e+00
5.160000000000000000e+02 1.653645637163802640e+00
5.170000000000000000e+02 1.653670904394984875e+00
5.180000000000000000e+02 1.653696168270060829e+00
5.190000000000000000e+02 1.653721428789030501e+00
5.200000000000000000e+02 1.653746685951893891e+00
5.210000000000000000e+02 1.653771939758651000e+00
5.220000000000000000e+02 1.653797190209301604e+00
5.230000000000000000e+02 1.653822437303845927e+00
5.240000000000000000e+02 1.653847681042283968e+00
5.250000000000000000e+02 1.653872921424615727e+00
5.260000000000000000e+02 1.653898158450841205e+00
5.270000000000000000e+02 1.653923392120960179e+00
5.280000000000000000e+02 1.653948622434972870e+00
5.290000000000000000e+02 1.653973849392879281e+00
5.300000000000000000e+02 1.653999072994679409e+00
5.310000000000000000e+02 1.654024293240373256e+00
5.320000000000000000e+02 1.654049510129960598e+00
5.330000000000000000e+02 1.654074723663441882e+00
5.340000000000000000e+02 1.654099933840816661e+00
5.350000000000000000e+02 1.654125140662085158e+00
5.360000000000000000e+02 1.654150344127247152e+00
5.370000000000000000e+02 1.654175544236303086e+00
5.380000000000000000e+02 1.654200740989252516e+00
5.390000000000000000e+02 1.654225934386095886e+00
5.400000000000000000e+02 1.654251124426832753e+00
5.410000000000000000e+02 1.654276311111463116e+00
5.420000000000000000e+02 1.654301494439987419e+00
5.430000000000000000e+02 1.654326674412405218e+00
5.440000000000000000e+02 1.654351851028716958e+00
5.450000000000000000e+02 1.654377024288922193e+00
5.460000000000000000e+02 1.654402194193020925e+00
5.470000000000000000e+02 1.654427360741013597e+00
5.480000000000000000e+02 1.654452523932899988e+00
5.490000000000000000e+02 1.654477683768679874e+00
5.500000000000000000e+02 1.654502840248353479e+00
5.510000000000000000e+02 1.654527993371920802e+00
5.520000000000000000e+02 1.654553143139381843e+00
5.530000000000000000e+02 1.654578289550736381e+00
5.540000000000000000e+02 1.654603432605984636e+00
5.550000000000000000e+02 1.654628572305126832e+00
5.560000000000000000e+02 1.654653708648162524e+00
5.570000000000000000e+02 1.654678841635091713e+00
5.580000000000000000e+02 1.654703971265914841e+00
5.590000000000000000e+02 1.654729097540631466e+00
5.600000000000000000e+02 1.654754220459241809e+00
5.610000000000000000e+02 1.654779340021745870e+00
5.620000000000000000e+02 1.654804456228143650e+00
5.630000000000000000e+02 1.654829569078435147e+00
5.640000000000000000e+02 1.654854678572620141e+00
5.650000000000000000e+02 1.654879784710699075e+00
5.660000000000000000e+02 1.654904887492671506e+00
5.670000000000000000e+02 1.654929986918537654e+00
5.680000000000000000e+02 1.654955082988297299e+00
5.690000000000000000e+02 1.654980175701950884e+00
5.700000000000000000e+02 1.655005265059497965e+00
5.710000000000000000e+02 1.655030351060938765e+00
5.720000000000000000e+02 1.655055433706273282e+00
5.730000000000000000e+02 1.655080512995501518e+00
5.740000000000000000e+02 1.655105588928623250e+00
5.750000000000000000e+02 1.655130661505638923e+00
5.760000000000000000e+02 1.655155730726548091e+00
5.770000000000000000e+02 1.655180796591350978e+00
5.780000000000000000e+02 1.655205859100047583e+00
5.790000000000000000e+02 1.655230918252637684e+00
5.800000000000000000e+02 1.655255974049121725e+00
5.810000000000000000e+02 1.655281026489499263e+00
5.820000000000000000e+02 1.655306075573770519e+00
5.830000000000000000e+02 1.655331121301935493e+00
5.840000000000000000e+02 1.655356163673993963e+00
5.850000000000000000e+02 1.655381202689946374e+00
5.860000000000000000e+02 1.655406238349792281e+00
5.870000000000000000e+02 1.655431270653531906e+00
5.880000000000000000e+02 1.655456299601165249e+00
5.890000000000000000e+02 1.655481325192692310e+00
5.900000000000000000e+02 1.655506347428112868e+00
5.910000000000000000e+02 1.655531366307427366e+00
5.920000000000000000e+02 1.655556381830635360e+00
5.930000000000000000e+02 1.655581393997737072e+00
5.940000000000000000e+02 1.655606402808732502e+00
5.950000000000000000e+02 1.655631408263621429e+00
5.960000000000000000e+02 1.655656410362404296e+00
5.970000000000000000e+02 1.655681409105080659e+00
5.980000000000000000e+02 1.655706404491650741e+00
5.990000000000000000e+02 1.655731396522114540e+00
6.000000000000000000e+02 1.655756385196471836e+00
6.010000000000000000e+02 1.655781370514723072e+00
6.020000000000000000e+02 1.655806352476867804e+00
6.030000000000000000e+02 1.655831331082906255e+00
6.040000000000000000e+02 1.655856306332838424e+00
6.050000000000000000e+02 1.655881278226664310e+00
6.060000000000000000e+02 1.655906246764383694e+00
6.070000000000000000e+02 1.655931211945996795e+00
6.080000000000000000e+02 1.655956173771503837e+00
6.090000000000000000e+02 1.655981132240904374e+00
6.100000000000000000e+02 1.656006087354198408e+00
6.110000000000000000e+02 1.656031039111386383e+00
6.120000000000000000e+02 1.656055987512467853e+00
6.130000000000000000e+02 1.656080932557443042e+00
6.140000000000000000e+02 1.656105874246311949e+00
6.150000000000000000e+02 1.656130812579074574e+00
6.160000000000000000e+02 1.656155747555730917e+00
6.170000000000000000e+02 1.656180679176280757e+00
6.180000000000000000e+02 1.656205607440724314e+00
6.190000000000000000e+02 1.656230532349061590e+00
6.200000000000000000e+02 1.656255453901292585e+00
6.210000000000000000e+02 1.656280372097417297e+00
6.220000000000000000e+02 1.656305286937435506e+00
6.230000000000000000e+02 1.656330198421347655e+00
6.240000000000000000e+02 1.656355106549153300e+00
6.250000000000000000e+02 1.656380011320852663e+00
6.260000000000000000e+02 1.656404912736445523e+00
6.270000000000000000e+02 1.656429810795932323e+00
6.280000000000000000e+02 1.656454705499312618e+00
6.290000000000000000e+02 1.656479596846586633e+00
6.300000000000000000e+02 1.656504484837754365e+00
6.310000000000000000e+02 1.656529369472815816e+00
6.320000000000000000e+02 1.656554250751770985e+00
6.330000000000000000e+02 1.656579128674619650e+00
6.340000000000000000e+02 1.656604003241362033e+00
6.350000000000000000e+02 1.656628874451998135e+00
6.360000000000000000e+02 1.656653742306527954e+00
6.370000000000000000e+02 1.656678606804951492e+00
6.380000000000000000e+02 1.656703467947268527e+00
6.390000000000000000e+02 1.656728325733479279e+00
6.400000000000000000e+02 1.656753180163583972e+00
6.410000000000000000e+02 1.656778031237581938e+00
6.420000000000000000e+02 1.656802878955473846e+00
6.430000000000000000e+02 1.656827723317259471e+00
6.440000000000000000e+02 1.656852564322938592e+00
6.450000000000000000e+02 1.656877401972511432e+00
6.460000000000000000e+02 1.656902236265977990e+00
6.470000000000000000e+02 1.656927067203338266e+00
6.480000000000000000e+02 1.656951894784592039e+00
6.490000000000000000e+02 1.656976719009739751e+00
6.500000000000000000e+02 1.657001539878780960e+00
6.510000000000000000e+02 1.657026357391715887e+00
6.520000000000000000e+02 1.657051171548544533e+00
6.530000000000000000e+02 1.657075982349266674e+00
6.540000000000000000e+02 1.657100789793882756e+00
6.550000000000000000e+02 1.657125593882392334e+00
6.560000000000000000e+02 1.657150394614795630e+00
6.570000000000000000e+02 1.657175191991092644e+00
6.580000000000000000e+02 1.657199986011283155e+00
6.590000000000000000e+02 1.657224776675367606e+00
6.600000000000000000e+02 1.657249563983345553e+00
6.610000000000000000e+02 1.657274347935217218e+00
6.620000000000000000e+02 1.657299128530982602e+00
6.630000000000000000e+02 1.657323905770641703e+00
6.640000000000000000e+02 1.657348679654194301e+00
6.650000000000000000e+02 1.657373450181640839e+00
6.660000000000000000e+02 1.657398217352980874e+00
6.670000000000000000e+02 1.657422981168214626e+00
6.680000000000000000e+02 1.657447741627342097e+00
6.690000000000000000e+02 1.657472498730363064e+00
6.700000000000000000e+02 1.657497252477277971e+00
6.710000000000000000e+02 1.657522002868086375e+00
6.720000000000000000e+02 1.657546749902788497e+00
6.730000000000000000e+02 1.657571493581384336e+00
6.740000000000000000e+02 1.657596233903873673e+00
6.750000000000000000e+02 1.657620970870256949e+00
6.760000000000000000e+02 1.657645704480533722e+00
6.770000000000000000e+02 1.657670434734704212e+00
6.780000000000000000e+02 1.657695161632768421e+00
6.790000000000000000e+02 1.657719885174726349e+00
6.800000000000000000e+02 1.657744605360577772e+00
6.810000000000000000e+02 1.657769322190322914e+00
6.820000000000000000e+02 1.657794035663961996e+00
6.830000000000000000e+02 1.657818745781494574e+00
6.840000000000000000e+02 1.657843452542920648e+00
6.850000000000000000e+02 1.657868155948240663e+00
6.860000000000000000e+02 1.657892855997454173e+00
6.870000000000000000e+02 1.657917552690561402e+00
6.880000000000000000e+02 1.657942246027562350e+00
6.890000000000000000e+02 1.657966936008457015e+00
6.900000000000000000e+02 1.657991622633245399e+00
6.910000000000000000e+02 1.658016305901927279e+00
6.920000000000000000e+02 1.658040985814502877e+00
6.930000000000000000e+02 1.658065662370972193e+00
6.940000000000000000e+02 1.658090335571335228e+00
6.950000000000000000e+02 1.658115005415591980e+00
6.960000000000000000e+02 1.658139671903742229e+00
6.970000000000000000e+02 1.658164335035786419e+00
6.980000000000000000e+02 1.658188994811724104e+00
6.990000000000000000e+02 1.658213651231555508e+00
7.000000000000000000e+02 1.658238304295280408e+00
7.010000000000000000e+02 1.658262954002899248e+00
7.020000000000000000e+02 1.658287600354411584e+00
7.030000000000000000e+02 1.658312243349817638e+00
7.040000000000000000e+02 1.658336882989117411e+00
7.050000000000000000e+02 1.658361519272310902e+00
7.060000000000000000e+02 1.658386152199398111e+00
7.070000000000000000e+02 1.658410781770378817e+00
7.080000000000000000e+02 1.658435407985253240e+00
7.090000000000000000e+02 1.658460030844021382e+00
7.100000000000000000e+02 1.658484650346683242e+00
7.110000000000000000e+02 1.658509266493238821e+00
7.120000000000000000e+02 1.658533879283687895e+00
7.130000000000000000e+02 1.658558488718030910e+00
7.140000000000000000e+02 1.658583094796267421e+00
7.150000000000000000e+02 1.658607697518397650e+00
7.160000000000000000e+02 1.658632296884421375e+00
7.170000000000000000e+02 1.658656892894339041e+00
7.180000000000000000e+02 1.658681485548150203e+00
7.190000000000000000e+02 1.658706074845855083e+00
7.200000000000000000e+02 1.658730660787453681e+00
7.210000000000000000e+02 1.658755243372945998e+00
7.220000000000000000e+02 1.658779822602331810e+00
7.230000000000000000e+02 1.658804398475611563e+00
7.240000000000000000e+02 1.658828970992784813e+00
7.250000000000000000e+02 1.658853540153851780e+00
7.260000000000000000e+02 1.658878105958812466e+00
7.270000000000000000e+02 1.658902668407666647e+00
7.280000000000000000e+02 1.658927227500414769e+00
7.290000000000000000e+02 1.658951783237056388e+00
7.300000000000000000e+02 1.658976335617591724e+00
7.310000000000000000e+02 1.659000884642020779e+00
7.320000000000000000e+02 1.659025430310343552e+00
7.330000000000000000e+02 1.659049972622559821e+00
7.340000000000000000e+02 1.659074511578669808e+00
7.350000000000000000e+02 1.659099047178673514e+00
7.360000000000000000e+02 1.659123579422570938e+00
7.370000000000000000e+02 1.659148108310362080e+00
7.380000000000000000e+02 1.659172633842046940e+00
7.390000000000000000e+02 1.659197156017625296e+00
7.400000000000000000e+02 1.659221674837097371e+00
7.410000000000000000e+02 1.659246190300463164e+00
7.420000000000000000e+02 1.659270702407722675e+00
7.430000000000000000e+02 1.659295211158875683e+00
7.440000000000000000e+02 1.659319716553922630e+00
7.450000000000000000e+02 1.659344218592863074e+00
7.460000000000000000e+02 1.659368717275697236e+00
7.470000000000000000e+02 1.659393212602425116e+00
7.480000000000000000e+02 1.659417704573046493e+00
7.490000000000000000e+02 1.659442193187561809e+00
7.500000000000000000e+02 1.659466678445970622e+00
7.510000000000000000e+02 1.659491160348273153e+00
7.520000000000000000e+02 1.659515638894469403e+00
7.530000000000000000e+02 1.659540114084559370e+00
7.540000000000000000e+02 1.659564585918542834e+00
7.550000000000000000e+02 1.659589054396420238e+00
7.560000000000000000e+02 1.659613519518191138e+00
7.570000000000000000e+02 1.659637981283855757e+00
7.580000000000000000e+02 1.659662439693413871e+00
7.590000000000000000e+02 1.659686894746865926e+00
7.600000000000000000e+02 1.659711346444211477e+00
7.610000000000000000e+02 1.659735794785450969e+00
7.620000000000000000e+02 1.659760239770583956e+00
7.630000000000000000e+02 1.659784681399610440e+00
7.640000000000000000e+02 1.659809119672530864e+00
7.650000000000000000e+02 1.659833554589344784e+00
7.660000000000000000e+02 1.659857986150052644e+00
7.670000000000000000e+02 1.659882414354654001e+00
7.680000000000000000e+02 1.659906839203149076e+00
7.690000000000000000e+02 1.659931260695537647e+00
7.700000000000000000e+02 1.659955678831820158e+00
7.710000000000000000e+02 1.659980093611996166e+00
7.720000000000000000e+02 1.660004505036065892e+00
7.730000000000000000e+02 1.660028913104029336e+00
7.740000000000000000e+02 1.660053317815886498e+00
7.750000000000000000e+02 1.660077719171637156e+00
7.760000000000000000e+02 1.660102117171281755e+00
7.770000000000000000e+02 1.660126511814819850e+00
7.780000000000000000e+02 1.660150903102251663e+00
7.790000000000000000e+02 1.660175291033576972e+00
7.800000000000000000e+02 1.660199675608796221e+00
7.810000000000000000e+02 1.660224056827908967e+00
7.820000000000000000e+02 1.660248434690915653e+00
7.830000000000000000e+02 1.660272809197815835e+00
7.840000000000000000e+02 1.660297180348609736e+00
7.850000000000000000e+02 1.660321548143297132e+00
7.860000000000000000e+02 1.660345912581878469e+00
7.870000000000000000e+02 1.660370273664353302e+00
7.880000000000000000e+02 1.660394631390721853e+00
7.890000000000000000e+02 1.660418985760984123e+00
7.900000000000000000e+02 1.660443336775140111e+00
7.910000000000000000e+02 1.660467684433189595e+00
7.920000000000000000e+02 1.660492028735132797e+00
7.930000000000000000e+02 1.660516369680969717e+00
7.940000000000000000e+02 1.660540707270700356e+00
7.950000000000000000e+02 1.660565041504324713e+00
7.960000000000000000e+02 1.660589372381842788e+00
7.970000000000000000e+02 1.660613699903254359e+00
7.980000000000000000e+02 1.660638024068559648e+00
7.990000000000000000e+02 1.660662344877758656e+00
8.000000000000000000e+02 1.660686662330851382e+00
8.010000000000000000e+02 1.660710976427837826e+00
8.020000000000000000e+02 1.660735287168717766e+00
8.030000000000000000e+02 1.660759594553491425e+00
8.040000000000000000e+02 1.660783898582158802e+00
8.050000000000000000e+02 1.660808199254719897e+00
8.060000000000000000e+02 1.660832496571174710e+00
8.070000000000000000e+02 1.660856790531523020e+00
8.080000000000000000e+02 1.660881081135765269e+00
8.090000000000000000e+02 1.660905368383901015e+00
8.100000000000000000e+02 1.660929652275930479e+00
8.110000000000000000e+02 1.660953932811853440e+00
8.120000000000000000e+02 1.660978209991670340e+00
8.130000000000000000e+02 1.661002483815380737e+00
8.140000000000000000e+02 1.661026754282984852e+00
8.150000000000000000e+02 1.661051021394482685e+00
8.160000000000000000e+02 1.661075285149874237e+00
8.170000000000000000e+02 1.661099545549159506e+00
8.180000000000000000e+02 1.661123802592338272e+00
8.190000000000000000e+02 1.661148056279410756e+00
8.200000000000000000e+02 1.661172306610376959e+00
8.210000000000000000e+02 1.661196553585236879e+00
8.220000000000000000e+02 1.661220797203990518e+00
8.230000000000000000e+02 1.661245037466637653e+00
8.240000000000000000e+02 1.661269274373178728e+00
8.250000000000000000e+02 1.661293507923613300e+00
8.260000000000000000e+02 1.661317738117941589e+00
8.270000000000000000e+02 1.661341964956163375e+00
8.280000000000000000e+02 1.661366188438279101e+00
8.290000000000000000e+02 1.661390408564288323e+00
8.300000000000000000e+02 1.661414625334191264e+00
8.310000000000000000e+02 1.661438838747987923e+00
8.320000000000000000e+02 1.661463048805678300e+00
8.330000000000000000e+02 1.661487255507262173e+00
8.340000000000000000e+02 1.661511458852739986e+00
8.350000000000000000e+02 1.661535658842111296e+00
8.360000000000000000e+02 1.661559855475376324e+00
8.370000000000000000e+02 1.661584048752535070e+00
8.380000000000000000e+02 1.661608238673587312e+00
8.390000000000000000e+02 1.661632425238533495e+00
8.400000000000000000e+02 1.661656608447373173e+00
8.410000000000000000e+02 1.661680788300106570e+00
8.420000000000000000e+02 1.661704964796733686e+00
8.430000000000000000e+02 1.661729137937254519e+00
8.440000000000000000e+02 1.661753307721668849e+00
8.450000000000000000e+02 1.661777474149976896e+00
8.460000000000000000e+02 1.661801637222178885e+00
8.470000000000000000e+02 1.661825796938274147e+00
8.480000000000000000e+02 1.661849953298263349e+00
8.490000000000000000e+02 1.661874106302146270e+00
8.500000000000000000e+02 1.661898255949922687e+00
8.510000000000000000e+02 1.661922402241592822e+00
8.520000000000000000e+02 1.661946545177156676e+00
8.530000000000000000e+02 1.661970684756614247e+00
8.540000000000000000e+02 1.661994820979965537e+00
8.550000000000000000e+02 1.662018953847210323e+00
8.560000000000000000e+02 1.662043083358348827e+00
8.570000000000000000e+02 1.662067209513381050e+00
8.580000000000000000e+02 1.662091332312306990e+00
8.590000000000000000e+02 1.662115451755126649e+00
8.600000000000000000e+02 1.662139567841839805e+00
8.610000000000000000e+02 1.662163680572446678e+00
8.620000000000000000e+02 1.662187789946947269e+00
8.630000000000000000e+02 1.662211895965341579e+00
8.640000000000000000e+02 1.662235998627629607e+00
8.650000000000000000e+02 1.662260097933811354e+00
8.660000000000000000e+02 1.662284193883886596e+00
8.670000000000000000e+02 1.662308286477855557e+00
8.680000000000000000e+02 1.662332375715718236e+00
8.690000000000000000e+02 1.662356461597474633e+00
8.700000000000000000e+02 1.662380544123124526e+00
8.710000000000000000e+02 1.662404623292668360e+00
8.720000000000000000e+02 1.662428699106105690e+00
8.730000000000000000e+02 1.662452771563436738e+00
8.740000000000000000e+02 1.662476840664661504e+00
8.750000000000000000e+02 1.662500906409779766e+00
8.760000000000000000e+02 1.662524968798791969e+00
8.770000000000000000e+02 1.662549027831697668e+00
8.780000000000000000e+02 1.662573083508497085e+00
8.790000000000000000e+02 1.662597135829190220e+00
8.800000000000000000e+02 1.662621184793776852e+00
8.810000000000000000e+02 1.662645230402257424e+00
8.820000000000000000e+02 1.662669272654631492e+00
8.830000000000000000e+02 1.662693311550899278e+00
8.840000000000000000e+02 1.662717347091060782e+00
8.850000000000000000e+02 1.662741379275116005e+00
8.860000000000000000e+02 1.662765408103064946e+00
8.870000000000000000e+02 1.662789433574907383e+00
8.880000000000000000e+02 1.662813455690643538e+00
8.890000000000000000e+02 1.662837474450273412e+00
8.900000000000000000e+02 1.662861489853797003e+00
8.910000000000000000e+02 1.662885501901214091e+00
8.920000000000000000e+02 1.662909510592525120e+00
8.930000000000000000e+02 1.662933515927729644e+00
8.940000000000000000e+02 1.662957517906827887e+00
8.950000000000000000e+02 1.662981516529819848e+00
8.960000000000000000e+02 1.663005511796705527e+00
8.970000000000000000e+02 1.663029503707484702e+00
8.980000000000000000e+02 1.663053492262157596e+00
8.990000000000000000e+02 1.663077477460724207e+00
9.000000000000000000e+02 1.663101459303184537e+00
9.010000000000000000e+02 1.663125437789538585e+00
9.020000000000000000e+02 1.663149412919786130e+00
9.030000000000000000e+02 1.663173384693927614e+00
9.040000000000000000e+02 1.663197353111962595e+00
9.050000000000000000e+02 1.663221318173891294e+00
9.060000000000000000e+02 1.663245279879713712e+00
9.070000000000000000e+02 1.663269238229429625e+00
9.080000000000000000e+02 1.663293193223039257e+00
9.090000000000000000e+02 1.663317144860542829e+00
9.100000000000000000e+02 1.663341093141939897e+00
9.110000000000000000e+02 1.663365038067230461e+00
9.120000000000000000e+02 1.663388979636414966e+00
9.130000000000000000e+02 1.663412917849492967e+00
9.140000000000000000e+02 1.663436852706464908e+00
9.150000000000000000e+02 1.663460784207330345e+00
9.160000000000000000e+02 1.663484712352089501e+00
9.170000000000000000e+02 1.663508637140742152e+00
9.180000000000000000e+02 1.663532558573288744e+00
9.190000000000000000e+02 1.663556476649728832e+00
9.200000000000000000e+02 1.663580391370062639e+00
9.210000000000000000e+02 1.663604302734290163e+00
9.220000000000000000e+02 1.663628210742411406e+00
9.230000000000000000e+02 1.663652115394426145e+00
9.240000000000000000e+02 1.663676016690334825e+00
9.250000000000000000e+02 1.663699914630137000e+00
9.260000000000000000e+02 1.663723809213832894e+00
9.270000000000000000e+02 1.663747700441422506e+00
9.280000000000000000e+02 1.663771588312905614e+00
9.290000000000000000e+02 1.663795472828282662e+00
9.300000000000000000e+02 1.663819353987553207e+00
9.310000000000000000e+02 1.663843231790717470e+00
9.320000000000000000e+02 1.663867106237775451e+00
9.330000000000000000e+02 1.663890977328726928e+00
9.340000000000000000e+02 1.663914845063572345e+00
9.350000000000000000e+02 1.663938709442311259e+00
9.360000000000000000e+02 1.663962570464943891e+00
9.370000000000000000e+02 1.663986428131470241e+00
9.380000000000000000e+02 1.664010282441890309e+00
9.390000000000000000e+02 1.664034133396203874e+00
9.400000000000000000e+02 1.664057980994411379e+00
9.410000000000000000e+02 1.664081825236512380e+00
9.420000000000000000e+02 1.664105666122507099e+00
9.430000000000000000e+02 1.664129503652395314e+00
9.440000000000000000e+02 1.664153337826177470e+00
9.450000000000000000e+02 1.664177168643853122e+00
9.460000000000000000e+02 1.664200996105422714e+00
9.470000000000000000e+02 1.664224820210885802e+00
9.480000000000000000e+02 1.664248640960242387e+00
9.490000000000000000e+02 1.664272458353492912e+00
9.500000000000000000e+02 1.664296272390636933e+00
9.510000000000000000e+02 1.664320083071674894e+00
9.520000000000000000e+02 1.664343890396606351e+00
9.530000000000000000e+02 1.664367694365431527e+00
9.540000000000000000e+02 1.664391494978150199e+00
9.550000000000000000e+02 1.664415292234762811e+00
9.560000000000000000e+02 1.664439086135268919e+00
9.570000000000000000e+02 1.664462876679668746e+00
9.580000000000000000e+02 1.664486663867962291e+00
9.590000000000000000e+02 1.664510447700149554e+00
9.600000000000000000e+02 1.664534228176230313e+00
9.610000000000000000e+02 1.664558005296205012e+00
9.620000000000000000e+02 1.664581779060073208e+00
9.630000000000000000e+02 1.664605549467835122e+00
9.640000000000000000e+02 1.664629316519490754e+00
9.650000000000000000e+02 1.664653080215039882e+00
9.660000000000000000e+02 1.664676840554482951e+00
9.670000000000000000e+02 1.664700597537819515e+00
9.680000000000000000e+02 1.664724351165049798e+00
9.690000000000000000e+02 1.664748101436173799e+00
9.700000000000000000e+02 1.664771848351191297e+00
9.710000000000000000e+02 1.664795591910102734e+00
9.720000000000000000e+02 1.664819332112907668e+00
9.730000000000000000e+02 1.664843068959606320e+00
9.740000000000000000e+02 1.664866802450198691e+00
9.750000000000000000e+02 1.664890532584684779e+00
9.760000000000000000e+02 1.664914259363064364e+00
9.770000000000000000e+02 1.664937982785337889e+00
9.780000000000000000e+02 1.664961702851504910e+00
9.790000000000000000e+02 1.664985419561565649e+00
9.800000000000000000e+02 1.665009132915519885e+00
9.810000000000000000e+02 1.665032842913368061e+00
9.820000000000000000e+02 1.665056549555109733e+00
9.830000000000000000e+02 1.665080252840745345e+00
9.840000000000000000e+02 1.665103952770274454e+00
9.850000000000000000e+02 1.665127649343697058e+00
9.860000000000000000e+02 1.665151342561013603e+00
9.870000000000000000e+02 1.665175032422223644e+00
9.880000000000000000e+02 1.665198718927327626e+00
9.890000000000000000e+02 1.665222402076325103e+00
9.900000000000000000e+02 1.665246081869216299e+00
9.910000000000000000e+02 1.665269758306000991e+00
9.920000000000000000e+02 1.665293431386679623e+00
9.930000000000000000e+02 1.665317101111251752e+00
9.940000000000000000e+02 1.665340767479717599e+00
9.950000000000000000e+02 1.665364430492077163e+00
9.960000000000000000e+02 1.665388090148330447e+00
9.970000000000000000e+02 1.665411746448477226e+00
9.980000000000000000e+02 1.665435399392517946e+00
9.990000000000000000e+02 1.665459048980452161e+00
1.000000000000000000e+03 1.665482695212280095e+00
1.001000000000000000e+03 1.665506338088001748e+00
1.002000000000000000e+03 1.665529977607616896e+00
1.003000000000000000e+03 1.665553613771125985e+00
1.004000000000000000e+03 1.665577246578528570e+00
1.005000000000000000e+03 1.665600876029824873e+00
1.006000000000000000e+03 1.665624502125014894e+00
1.007000000000000000e+03 1.665648124864098412e+00
1.008000000000000000e+03 1.665671744247075869e+00
1.009000000000000000e+03 1.665695360273946823e+00
1.010000000000000000e+03 1.665718972944711496e+00
1.011000000000000000e+03 1.665742582259369886e+00
1.012000000000000000e+03 1.665766188217921995e+00
1.013000000000000000e+03 1.665789790820367600e+00
1.014000000000000000e+03 1.665813390066707145e+00
1.015000000000000000e+03 1.665836985956940186e+00
1.016000000000000000e+03 1.665860578491066946e+00
1.017000000000000000e+03 1.665884167669087201e+00
1.018000000000000000e+03 1.665907753491001397e+00
1.019000000000000000e+03 1.665931335956809090e+00
1.020000000000000000e+03 1.665954915066510722e+00
1.021000000000000000e+03 1.665978490820105851e+00
