# order=23: data_wav [pixel], data_wavsolution [micron]
3.000000000000000000e+00 2.287131947849267544e+00
4.000000000000000000e+00 2.287168669699509493e+00
5.000000000000000000e+00 2.287205388847300735e+00
6.000000000000000000e+00 2.287242105289284844e+00
7.000000000000000000e+00 2.287278819022104948e+00
8.000000000000000000e+00 2.287315530042404177e+00
9.000000000000000000e+00 2.287352238346825661e+00
1.000000000000000000e+01 2.287388943932012975e+00
1.100000000000000000e+01 2.287425646794609246e+00
1.200000000000000000e+01 2.287462346931257162e+00
1.300000000000000000e+01 2.287499044338601184e+00
1.400000000000000000e+01 2.287535739013283109e+00
1.500000000000000000e+01 2.287572430951947400e+00
1.600000000000000000e+01 2.287609120151236741e+00
1.700000000000000000e+01 2.287645806607794707e+00
1.800000000000000000e+01 2.287682490318263984e+00
1.900000000000000000e+01 2.287719171279288144e+00
2.000000000000000000e+01 2.287755849487510762e+00
2.100000000000000000e+01 2.287792524939574523e+00
2.200000000000000000e+01 2.287829197632123446e+00
2.300000000000000000e+01 2.287865867561799771e+00
2.400000000000000000e+01 2.287902534725247516e+00
2.500000000000000000e+01 2.287939199119109368e+00
2.600000000000000000e+01 2.287975860740028899e+00
2.700000000000000000e+01 2.288012519584649684e+00
2.800000000000000000e+01 2.288049175649614408e+00
2.900000000000000000e+01 2.288085828931566645e+00
3.000000000000000000e+01 2.288122479427149525e+00
3.100000000000000000e+01 2.288159127133006177e+00
3.200000000000000000e+01 2.288195772045780174e+00
3.300000000000000000e+01 2.288232414162114647e+00
3.400000000000000000e+01 2.288269053478652726e+00
3.500000000000000000e+01 2.288305689992037539e+00
3.600000000000000000e+01 2.288342323698913106e+00
3.700000000000000000e+01 2.288378954595921666e+00
3.800000000000000000e+01 2.288415582679706795e+00
3.900000000000000000e+01 2.288452207946912065e+00
4.000000000000000000e+01 2.288488830394180606e+00
4.100000000000000000e+01 2.288525450018155105e+00
4.200000000000000000e+01 2.288562066815479579e+00
4.300000000000000000e+01 2.288598680782797157e+00
4.400000000000000000e+01 2.288635291916750969e+00
4.500000000000000000e+01 2.288671900213984145e+00
4.600000000000000000e+01 2.288708505671139815e+00
4.700000000000000000e+01 2.288745108284861551e+00
4.800000000000000000e+01 2.288781708051792485e+00
4.900000000000000000e+01 2.288818304968575745e+00
5.000000000000000000e+01 2.288854899031854906e+00
5.100000000000000000e+01 2.288891490238272652e+00
5.200000000000000000e+01 2.288928078584473003e+00
5.300000000000000000e+01 2.288964664067098642e+00
5.400000000000000000e+01 2.289001246682793145e+00
5.500000000000000000e+01 2.289037826428199196e+00
5.600000000000000000e+01 2.289074403299960814e+00
5.700000000000000000e+01 2.289110977294720684e+00
5.800000000000000000e+01 2.289147548409122379e+00
5.900000000000000000e+01 2.289184116639809030e+00
6.000000000000000000e+01 2.289220681983423766e+00
6.100000000000000000e+01 2.289257244436610161e+00
6.200000000000000000e+01 2.289293803996011345e+00
6.300000000000000000e+01 2.289330360658270003e+00
6.400000000000000000e+01 2.289366914420030152e+00
6.500000000000000000e+01 2.289403465277934924e+00
6.600000000000000000e+01 2.289440013228627446e+00
6.700000000000000000e+01 2.289476558268750850e+00
6.800000000000000000e+01 2.289513100394948264e+00
6.900000000000000000e+01 2.289549639603863262e+00
7.000000000000000000e+01 2.289586175892138975e+00
7.100000000000000000e+01 2.289622709256418531e+00
7.200000000000000000e+01 2.289659239693345505e+00
7.300000000000000000e+01 2.289695767199563026e+00
7.400000000000000000e+01 2.289732291771714223e+00
7.500000000000000000e+01 2.289768813406442227e+00
7.600000000000000000e+01 2.289805332100390611e+00
7.700000000000000000e+01 2.289841847850202505e+00
7.800000000000000000e+01 2.289878360652521039e+00
7.900000000000000000e+01 2.289914870503989786e+00
8.000000000000000000e+01 2.289951377401251431e+00
8.100000000000000000e+01 2.289987881340949549e+00
8.200000000000000000e+01 2.290024382319727714e+00
8.300000000000000000e+01 2.290060880334228610e+00
8.400000000000000000e+01 2.290097375381095812e+00
8.500000000000000000e+01 2.290133867456972894e+00
8.600000000000000000e+01 2.290170356558502096e+00
8.700000000000000000e+01 2.290206842682327881e+00
8.800000000000000000e+01 2.290243325825092491e+00
8.900000000000000000e+01 2.290279805983439498e+00
9.000000000000000000e+01 2.290316283154012478e+00
9.100000000000000000e+01 2.290352757333454559e+00
9.200000000000000000e+01 2.290389228518408871e+00
9.300000000000000000e+01 2.290425696705518543e+00
9.400000000000000000e+01 2.290462161891426707e+00
9.500000000000000000e+01 2.290498624072777378e+00
9.600000000000000000e+01 2.290535083246213244e+00
9.700000000000000000e+01 2.290571539408377433e+00
9.800000000000000000e+01 2.290607992555913075e+00
9.900000000000000000e+01 2.290644442685464188e+00
1.000000000000000000e+02 2.290680889793673458e+00
1.010000000000000000e+02 2.290717333877184458e+00
1.020000000000000000e+02 2.290753774932639875e+00
1.030000000000000000e+02 2.290790212956683281e+00
1.040000000000000000e+02 2.290826647945958250e+00
1.050000000000000000e+02 2.290863079897107468e+00
1.060000000000000000e+02 2.290899508806774509e+00
1.070000000000000000e+02 2.290935934671602947e+00
1.080000000000000000e+02 2.290972357488235023e+00
1.090000000000000000e+02 2.291008777253315198e+00
1.100000000000000000e+02 2.291045193963485715e+00
1.110000000000000000e+02 2.291081607615390592e+00
1.120000000000000000e+02 2.291118018205672513e+00
1.130000000000000000e+02 2.291154425730975053e+00
1.140000000000000000e+02 2.291190830187941341e+00
1.150000000000000000e+02 2.291227231573214507e+00
1.160000000000000000e+02 2.291263629883438124e+00
1.170000000000000000e+02 2.291300025115255323e+00
1.180000000000000000e+02 2.291336417265309233e+00
1.190000000000000000e+02 2.291372806330242984e+00
1.200000000000000000e+02 2.291409192306700593e+00
1.210000000000000000e+02 2.291445575191324302e+00
1.220000000000000000e+02 2.291481954980757685e+00
1.230000000000000000e+02 2.291518331671644315e+00
1.240000000000000000e+02 2.291554705260627323e+00
1.250000000000000000e+02 2.291591075744349837e+00
1.260000000000000000e+02 2.291627443119454988e+00
1.270000000000000000e+02 2.291663807382586349e+00
1.280000000000000000e+02 2.291700168530386605e+00
1.290000000000000000e+02 2.291736526559499776e+00
1.300000000000000000e+02 2.291772881466568990e+00
1.310000000000000000e+02 2.291809233248236932e+00
1.320000000000000000e+02 2.291845581901147177e+00
1.330000000000000000e+02 2.291881927421942855e+00
1.340000000000000000e+02 2.291918269807267539e+00
1.350000000000000000e+02 2.291954609053764358e+00
1.360000000000000000e+02 2.291990945158075998e+00
1.370000000000000000e+02 2.292027278116846922e+00
1.380000000000000000e+02 2.292063607926718927e+00
1.390000000000000000e+02 2.292099934584336474e+00
1.400000000000000000e+02 2.292136258086342249e+00
1.410000000000000000e+02 2.292172578429379382e+00
1.420000000000000000e+02 2.292208895610091890e+00
1.430000000000000000e+02 2.292245209625122015e+00
1.440000000000000000e+02 2.292281520471113332e+00
1.450000000000000000e+02 2.292317828144709413e+00
1.460000000000000000e+02 2.292354132642553388e+00
1.470000000000000000e+02 2.292390433961288387e+00
1.480000000000000000e+02 2.292426732097557540e+00
1.490000000000000000e+02 2.292463027048004420e+00
1.500000000000000000e+02 2.292499318809272157e+00
1.510000000000000000e+02 2.292535607378003881e+00
1.520000000000000000e+02 2.292571892750842721e+00
1.530000000000000000e+02 2.292608174924432696e+00
1.540000000000000000e+02 2.292644453895416046e+00
1.550000000000000000e+02 2.292680729660436789e+00
1.560000000000000000e+02 2.292717002216137612e+00
1.570000000000000000e+02 2.292753271559162087e+00
1.580000000000000000e+02 2.292789537686153345e+00
1.590000000000000000e+02 2.292825800593754959e+00
1.600000000000000000e+02 2.292862060278609615e+00
1.610000000000000000e+02 2.292898316737360886e+00
1.620000000000000000e+02 2.292934569966651903e+00
1.630000000000000000e+02 2.292970819963126239e+00
1.640000000000000000e+02 2.293007066723427023e+00
1.650000000000000000e+02 2.293043310244196942e+00
1.660000000000000000e+02 2.293079550522080012e+00
1.670000000000000000e+02 2.293115787553719365e+00
1.680000000000000000e+02 2.293152021335757684e+00
1.690000000000000000e+02 2.293188251864838989e+00
1.700000000000000000e+02 2.293224479137605964e+00
1.710000000000000000e+02 2.293260703150701740e+00
1.720000000000000000e+02 2.293296923900770334e+00
1.730000000000000000e+02 2.293333141384454432e+00
1.740000000000000000e+02 2.293369355598397163e+00
1.750000000000000000e+02 2.293405566539242102e+00
1.760000000000000000e+02 2.293441774203632377e+00
1.770000000000000000e+02 2.293477978588211563e+00
1.780000000000000000e+02 2.293514179689622345e+00
1.790000000000000000e+02 2.293550377504508297e+00
1.800000000000000000e+02 2.293586572029512549e+00
1.810000000000000000e+02 2.293622763261278230e+00
1.820000000000000000e+02 2.293658951196448914e+00
1.830000000000000000e+02 2.293695135831668175e+00
1.840000000000000000e+02 2.293731317163578254e+00
1.850000000000000000e+02 2.293767495188823169e+00
1.860000000000000000e+02 2.293803669904045606e+00
1.870000000000000000e+02 2.293839841305889582e+00
1.880000000000000000e+02 2.293876009390997783e+00
1.890000000000000000e+02 2.293912174156013783e+00
1.900000000000000000e+02 2.293948335597580712e+00
1.910000000000000000e+02 2.293984493712341255e+00
1.920000000000000000e+02 2.294020648496939430e+00
1.930000000000000000e+02 2.294056799948018366e+00
1.940000000000000000e+02 2.294092948062221193e+00
1.950000000000000000e+02 2.294129092836191042e+00
1.960000000000000000e+02 2.294165234266571485e+00
1.970000000000000000e+02 2.294201372350005208e+00
1.980000000000000000e+02 2.294237507083136229e+00
1.990000000000000000e+02 2.294273638462607234e+00
2.000000000000000000e+02 2.294309766485061353e+00
2.010000000000000000e+02 2.294345891147142158e+00
2.020000000000000000e+02 2.294382012445493224e+00
2.030000000000000000e+02 2.294418130376757237e+00
2.040000000000000000e+02 2.294454244937577325e+00
2.050000000000000000e+02 2.294490356124597508e+00
2.060000000000000000e+02 2.294526463934460470e+00
2.070000000000000000e+02 2.294562568363809785e+00
2.080000000000000000e+02 2.294598669409288139e+00
2.090000000000000000e+02 2.294634767067539105e+00
2.100000000000000000e+02 2.294670861335206258e+00
2.110000000000000000e+02 2.294706952208932282e+00
2.120000000000000000e+02 2.294743039685361197e+00
2.130000000000000000e+02 2.294779123761135242e+00
2.140000000000000000e+02 2.294815204432898437e+00
2.150000000000000000e+02 2.294851281697293910e+00
2.160000000000000000e+02 2.294887355550964347e+00
2.170000000000000000e+02 2.294923425990553767e+00
2.180000000000000000e+02 2.294959493012705298e+00
2.190000000000000000e+02 2.294995556614061627e+00
2.200000000000000000e+02 2.295031616791266327e+00
2.210000000000000000e+02 2.295067673540962971e+00
2.220000000000000000e+02 2.295103726859794691e+00
2.230000000000000000e+02 2.295139776744404170e+00
2.240000000000000000e+02 2.295175823191434983e+00
2.250000000000000000e+02 2.295211866197530703e+00
2.260000000000000000e+02 2.295247905759334461e+00
2.270000000000000000e+02 2.295283941873489386e+00
2.280000000000000000e+02 2.295319974536638608e+00
2.290000000000000000e+02 2.295356003745425699e+00
2.300000000000000000e+02 2.295392029496493347e+00
2.310000000000000000e+02 2.295428051786485568e+00
2.320000000000000000e+02 2.295464070612045049e+00
2.330000000000000000e+02 2.295500085969814918e+00
2.340000000000000000e+02 2.295536097856439195e+00
2.350000000000000000e+02 2.295572106268560564e+00
2.360000000000000000e+02 2.295608111202822155e+00
2.370000000000000000e+02 2.295644112655867541e+00
2.380000000000000000e+02 2.295680110624339854e+00
2.390000000000000000e+02 2.295716105104882221e+00
2.400000000000000000e+02 2.295752096094138217e+00
2.410000000000000000e+02 2.295788083588750972e+00
2.420000000000000000e+02 2.295824067585363615e+00
2.430000000000000000e+02 2.295860048080619276e+00
2.440000000000000000e+02 2.295896025071161528e+00
2.450000000000000000e+02 2.295931998553633502e+00
2.460000000000000000e+02 2.295967968524678327e+00
2.470000000000000000e+02 2.296003934980939132e+00
2.480000000000000000e+02 2.296039897919059936e+00
2.490000000000000000e+02 2.296075857335682979e+00
2.500000000000000000e+02 2.296111813227452281e+00
2.510000000000000000e+02 2.296147765591010526e+00
2.520000000000000000e+02 2.296183714423001287e+00
2.530000000000000000e+02 2.296219659720068140e+00
2.540000000000000000e+02 2.296255601478853325e+00
2.550000000000000000e+02 2.296291539696001305e+00
2.560000000000000000e+02 2.296327474368154320e+00
2.570000000000000000e+02 2.296363405491956389e+00
2.580000000000000000e+02 2.296399333064050197e+00
2.590000000000000000e+02 2.296435257081079317e+00
2.600000000000000000e+02 2.296471177539686881e+00
2.610000000000000000e+02 2.296507094436516017e+00
2.620000000000000000e+02 2.296543007768210298e+00
2.630000000000000000e+02 2.296578917531412856e+00
2.640000000000000000e+02 2.296614823722766818e+00
2.650000000000000000e+02 2.296650726338915316e+00
2.660000000000000000e+02 2.296686625376501922e+00
2.670000000000000000e+02 2.296722520832169767e+00
2.680000000000000000e+02 2.296758412702561980e+00
2.690000000000000000e+02 2.296794300984322135e+00
2.700000000000000000e+02 2.296830185674092917e+00
2.710000000000000000e+02 2.296866066768518344e+00
2.720000000000000000e+02 2.296901944264241102e+00
2.730000000000000000e+02 2.296937818157904765e+00
2.740000000000000000e+02 2.296973688446152018e+00
2.750000000000000000e+02 2.297009555125626878e+00
2.760000000000000000e+02 2.297045418192972033e+00
2.770000000000000000e+02 2.297081277644830610e+00
2.780000000000000000e+02 2.297117133477846629e+00
2.790000000000000000e+02 2.297152985688662774e+00
2.800000000000000000e+02 2.297188834273922620e+00
2.810000000000000000e+02 2.297224679230268851e+00
2.820000000000000000e+02 2.297260520554345486e+00
2.830000000000000000e+02 2.297296358242794767e+00
2.840000000000000000e+02 2.297332192292261155e+00
2.850000000000000000e+02 2.297368022699386891e+00
2.860000000000000000e+02 2.297403849460815994e+00
2.870000000000000000e+02 2.297439672573190705e+00
2.880000000000000000e+02 2.297475492033155486e+00
2.890000000000000000e+02 2.297511307837353023e+00
2.900000000000000000e+02 2.297547119982426445e+00
2.910000000000000000e+02 2.297582928465018881e+00
2.920000000000000000e+02 2.297618733281773906e+00
2.930000000000000000e+02 2.297654534429335094e+00
2.940000000000000000e+02 2.297690331904345129e+00
2.950000000000000000e+02 2.297726125703447142e+00
2.960000000000000000e+02 2.297761915823284706e+00
2.970000000000000000e+02 2.297797702260501396e+00
2.980000000000000000e+02 2.297833485011739896e+00
2.990000000000000000e+02 2.297869264073643336e+00
3.000000000000000000e+02 2.297905039442855735e+00
3.010000000000000000e+02 2.297940811116019777e+00
3.020000000000000000e+02 2.297976579089778593e+00
3.030000000000000000e+02 2.298012343360776200e+00
3.040000000000000000e+02 2.298048103925654839e+00
3.050000000000000000e+02 2.298083860781058529e+00
3.060000000000000000e+02 2.298119613923630400e+00
3.070000000000000000e+02 2.298155363350013136e+00
3.080000000000000000e+02 2.298191109056850756e+00
3.090000000000000000e+02 2.298226851040785945e+00
3.100000000000000000e+02 2.298262589298462277e+00
3.110000000000000000e+02 2.298298323826522438e+00
3.120000000000000000e+02 2.298334054621610889e+00
3.130000000000000000e+02 2.298369781680369428e+00
3.140000000000000000e+02 2.298405504999442517e+00
3.150000000000000000e+02 2.298441224575472841e+00
3.160000000000000000e+02 2.298476940405103530e+00
3.170000000000000000e+02 2.298512652484977714e+00
3.180000000000000000e+02 2.298548360811739411e+00
3.190000000000000000e+02 2.298584065382031305e+00
3.200000000000000000e+02 2.298619766192496527e+00
3.210000000000000000e+02 2.298655463239779095e+00
3.220000000000000000e+02 2.298691156520521250e+00
3.230000000000000000e+02 2.298726846031366566e+00
3.240000000000000000e+02 2.298762531768958617e+00
3.250000000000000000e+02 2.298798213729940532e+00
3.260000000000000000e+02 2.298833891910955440e+00
3.270000000000000000e+02 2.298869566308646917e+00
3.280000000000000000e+02 2.298905236919657646e+00
3.290000000000000000e+02 2.298940903740631203e+00
3.300000000000000000e+02 2.298976566768210716e+00
3.310000000000000000e+02 2.299012225999039760e+00
3.320000000000000000e+02 2.299047881429761464e+00
3.330000000000000000e+02 2.299083533057018514e+00
3.340000000000000000e+02 2.299119180877454927e+00
3.350000000000000000e+02 2.299154824887713833e+00
3.360000000000000000e+02 2.299190465084437918e+00
3.370000000000000000e+02 2.299226101464271199e+00
3.380000000000000000e+02 2.299261734023856363e+00
3.390000000000000000e+02 2.299297362759836538e+00
3.400000000000000000e+02 2.299332987668855743e+00
3.410000000000000000e+02 2.299368608747556664e+00
3.420000000000000000e+02 2.299404225992582429e+00
3.430000000000000000e+02 2.299439839400576613e+00
3.440000000000000000e+02 2.299475448968182789e+00
3.450000000000000000e+02 2.299511054692043199e+00
3.460000000000000000e+02 2.299546656568801861e+00
3.470000000000000000e+02 2.299582254595101904e+00
3.480000000000000000e+02 2.299617848767586903e+00
3.490000000000000000e+02 2.299653439082899098e+00
3.500000000000000000e+02 2.299689025537682507e+00
3.510000000000000000e+02 2.299724608128580705e+00
3.520000000000000000e+02 2.299760186852235933e+00
3.530000000000000000e+02 2.299795761705292207e+00
3.540000000000000000e+02 2.299831332684392660e+00
3.550000000000000000e+02 2.299866899786180419e+00
3.560000000000000000e+02 2.299902463007299058e+00
3.570000000000000000e+02 2.299938022344390820e+00
3.580000000000000000e+02 2.299973577794100166e+00
3.590000000000000000e+02 2.300009129353069781e+00
3.600000000000000000e+02 2.300044677017943240e+00
3.610000000000000000e+02 2.300080220785363228e+00
3.620000000000000000e+02 2.300115760651973318e+00
3.630000000000000000e+02 2.300151296614416641e+00
3.640000000000000000e+02 2.300186828669336769e+00
3.650000000000000000e+02 2.300222356813376834e+00
3.660000000000000000e+02 2.300257881043179964e+00
3.670000000000000000e+02 2.300293401355389289e+00
3.680000000000000000e+02 2.300328917746648383e+00
3.690000000000000000e+02 2.300364430213600375e+00
3.700000000000000000e+02 2.300399938752887952e+00
3.710000000000000000e+02 2.300435443361155574e+00
3.720000000000000000e+02 2.300470944035045484e+00
3.730000000000000000e+02 2.300506440771201255e+00
3.740000000000000000e+02 2.300541933566266017e+00
3.750000000000000000e+02 2.300577422416883344e+00
3.760000000000000000e+02 2.300612907319696365e+00
3.770000000000000000e+02 2.300648388271348210e+00
3.780000000000000000e+02 2.300683865268482009e+00
3.790000000000000000e+02 2.300719338307741335e+00
3.800000000000000000e+02 2.300754807385769318e+00
3.810000000000000000e+02 2.300790272499209088e+00
3.820000000000000000e+02 2.300825733644703774e+00
3.830000000000000000e+02 2.300861190818896951e+00
3.840000000000000000e+02 2.300896644018431747e+00
3.850000000000000000e+02 2.300932093239951737e+00
3.860000000000000000e+02 2.300967538480099606e+00
3.870000000000000000e+02 2.301002979735518927e+00
3.880000000000000000e+02 2.301038417002852832e+00
3.890000000000000000e+02 2.301073850278744448e+00
3.900000000000000000e+02 2.301109279559837351e+00
3.910000000000000000e+02 2.301144704842774669e+00
3.920000000000000000e+02 2.301180126124199532e+00
3.930000000000000000e+02 2.301215543400755514e+00
3.940000000000000000e+02 2.301250956669085301e+00
3.950000000000000000e+02 2.301286365925832911e+00
3.960000000000000000e+02 2.301321771167640584e+00
3.970000000000000000e+02 2.301357172391152783e+00
3.980000000000000000e+02 2.301392569593011750e+00
3.990000000000000000e+02 2.301427962769861058e+00
4.000000000000000000e+02 2.301463351918344280e+00
4.010000000000000000e+02 2.301498737035104103e+00
4.020000000000000000e+02 2.301534118116784100e+00
4.030000000000000000e+02 2.301569495160027845e+00
4.040000000000000000e+02 2.301604868161478024e+00
4.050000000000000000e+02 2.301640237117778209e+00
4.060000000000000000e+02 2.301675602025571088e+00
4.070000000000000000e+02 2.301710962881501121e+00
4.080000000000000000e+02 2.301746319682210107e+00
4.090000000000000000e+02 2.301781672424342506e+00
4.100000000000000000e+02 2.301817021104540562e+00
4.110000000000000000e+02 2.301852365719448734e+00
4.120000000000000000e+02 2.301887706265708822e+00
4.130000000000000000e+02 2.301923042739965286e+00
4.140000000000000000e+02 2.301958375138860813e+00
4.150000000000000000e+02 2.301993703459038976e+00
4.160000000000000000e+02 2.302029027697142460e+00
4.170000000000000000e+02 2.302064347849814840e+00
4.180000000000000000e+02 2.302099663913699690e+00
4.190000000000000000e+02 2.302134975885439694e+00
4.200000000000000000e+02 2.302170283761678427e+00
4.210000000000000000e+02 2.302205587539059017e+00
4.220000000000000000e+02 2.302240887214225040e+00
4.230000000000000000e+02 2.302276182783819181e+00
4.240000000000000000e+02 2.302311474244485456e+00
4.250000000000000000e+02 2.302346761592866109e+00
4.260000000000000000e+02 2.302382044825605156e+00
4.270000000000000000e+02 2.302417323939345728e+00
4.280000000000000000e+02 2.302452598930730954e+00
4.290000000000000000e+02 2.302487869796404407e+00
4.300000000000000000e+02 2.302523136533008330e+00
4.310000000000000000e+02 2.302558399137187184e+00
4.320000000000000000e+02 2.302593657605583655e+00
4.330000000000000000e+02 2.302628911934841316e+00
4.340000000000000000e+02 2.302664162121602853e+00
4.350000000000000000e+02 2.302699408162511840e+00
4.360000000000000000e+02 2.302734650054211407e+00
4.370000000000000000e+02 2.302769887793345127e+00
4.380000000000000000e+02 2.302805121376556130e+00
4.390000000000000000e+02 2.302840350800487101e+00
4.400000000000000000e+02 2.302875576061782503e+00
4.410000000000000000e+02 2.302910797157084133e+00
4.420000000000000000e+02 2.302946014083036452e+00
4.430000000000000000e+02 2.302981226836282147e+00
4.440000000000000000e+02 2.303016435413464347e+00
4.450000000000000000e+02 2.303051639811226625e+00
4.460000000000000000e+02 2.303086840026212112e+00
4.470000000000000000e+02 2.303122036055063937e+00
4.480000000000000000e+02 2.303157227894425674e+00
4.490000000000000000e+02 2.303192415540940008e+00
4.500000000000000000e+02 2.303227598991250957e+00
4.510000000000000000e+02 2.303262778242001207e+00
4.520000000000000000e+02 2.303297953289834332e+00
4.530000000000000000e+02 2.303333124131393017e+00
4.540000000000000000e+02 2.303368290763321280e+00
4.550000000000000000e+02 2.303403453182261806e+00
4.560000000000000000e+02 2.303438611384858170e+00
4.570000000000000000e+02 2.303473765367753501e+00
4.580000000000000000e+02 2.303508915127591372e+00
4.590000000000000000e+02 2.303544060661014470e+00
4.600000000000000000e+02 2.303579201964665923e+00
4.610000000000000000e+02 2.303614339035189751e+00
4.620000000000000000e+02 2.303649471869228638e+00
4.630000000000000000e+02 2.303684600463426158e+00
4.640000000000000000e+02 2.303719724814425440e+00
4.650000000000000000e+02 2.303754844918869171e+00
4.660000000000000000e+02 2.303789960773401813e+00
4.670000000000000000e+02 2.303825072374665606e+00
4.680000000000000000e+02 2.303860179719304124e+00
4.690000000000000000e+02 2.303895282803960498e+00
4.700000000000000000e+02 2.303930381625278301e+00
4.710000000000000000e+02 2.303965476179900662e+00
4.720000000000000000e+02 2.304000566464470712e+00
4.730000000000000000e+02 2.304035652475632023e+00
4.740000000000000000e+02 2.304070734210027283e+00
4.750000000000000000e+02 2.304105811664300063e+00
4.760000000000000000e+02 2.304140884835093495e+00
4.770000000000000000e+02 2.304175953719050707e+00
4.780000000000000000e+02 2.304211018312815717e+00
4.790000000000000000e+02 2.304246078613030768e+00
4.800000000000000000e+02 2.304281134616339877e+00
4.810000000000000000e+02 2.304316186319385729e+00
4.820000000000000000e+02 2.304351233718811898e+00
4.830000000000000000e+02 2.304386276811261958e+00
4.840000000000000000e+02 2.304421315593378150e+00
4.850000000000000000e+02 2.304456350061804937e+00
4.860000000000000000e+02 2.304491380213184559e+00
4.870000000000000000e+02 2.304526406044161035e+00
4.880000000000000000e+02 2.304561427551377051e+00
4.890000000000000000e+02 2.304596444731476179e+00
4.900000000000000000e+02 2.304631457581101106e+00
4.910000000000000000e+02 2.304666466096896293e+00
4.920000000000000000e+02 2.304701470275503539e+00
4.930000000000000000e+02 2.304736470113567304e+00
4.940000000000000000e+02 2.304771465607730274e+00
4.950000000000000000e+02 2.304806456754635580e+00
4.960000000000000000e+02 2.304841443550926794e+00
4.970000000000000000e+02 2.304876425993247047e+00
4.980000000000000000e+02 2.304911404078239467e+00
4.990000000000000000e+02 2.304946377802547630e+00
5.000000000000000000e+02 2.304981347162814220e+00
5.010000000000000000e+02 2.305016312155682812e+00
5.020000000000000000e+02 2.305051272777796978e+00
5.030000000000000000e+02 2.305086229025799405e+00
5.040000000000000000e+02 2.305121180896334110e+00
5.050000000000000000e+02 2.305156128386043335e+00
5.060000000000000000e+02 2.305191071491571098e+00
5.070000000000000000e+02 2.305226010209560528e+00
5.080000000000000000e+02 2.305260944536654311e+00
5.090000000000000000e+02 2.305295874469496464e+00
5.100000000000000000e+02 2.305330800004729674e+00
5.110000000000000000e+02 2.305365721138997515e+00
5.120000000000000000e+02 2.305400637868943114e+00
5.130000000000000000e+02 2.305435550191210048e+00
5.140000000000000000e+02 2.305470458102441000e+00
5.150000000000000000e+02 2.305505361599279546e+00
5.160000000000000000e+02 2.305540260678368814e+00
5.170000000000000000e+02 2.305575155336352378e+00
5.180000000000000000e+02 2.305610045569872923e+00
5.190000000000000000e+02 2.305644931375574025e+00
5.200000000000000000e+02 2.305679812750099256e+00
5.210000000000000000e+02 2.305714689690091301e+00
5.220000000000000000e+02 2.305749562192193736e+00
5.230000000000000000e+02 2.305784430253049688e+00
5.240000000000000000e+02 2.305819293869302289e+00
5.250000000000000000e+02 2.305854153037595111e+00
5.260000000000000000e+02 2.305889007754571285e+00
5.270000000000000000e+02 2.305923858016873940e+00
5.280000000000000000e+02 2.305958703821146649e+00
5.290000000000000000e+02 2.305993545164032099e+00
5.300000000000000000e+02 2.306028382042173863e+00
5.310000000000000000e+02 2.306063214452215515e+00
5.320000000000000000e+02 2.306098042390799741e+00
5.330000000000000000e+02 2.306132865854570113e+00
5.340000000000000000e+02 2.306167684840169763e+00
5.350000000000000000e+02 2.306202499344241819e+00
5.360000000000000000e+02 2.306237309363429855e+00
5.370000000000000000e+02 2.306272114894377001e+00
5.380000000000000000e+02 2.306306915933726387e+00
5.390000000000000000e+02 2.306341712478121586e+00
5.400000000000000000e+02 2.306376504524205284e+00
5.410000000000000000e+02 2.306411292068621499e+00
5.420000000000000000e+02 2.306446075108012472e+00
5.430000000000000000e+02 2.306480853639022222e+00
5.440000000000000000e+02 2.306515627658293877e+00
5.450000000000000000e+02 2.306550397162471011e+00
5.460000000000000000e+02 2.306585162148195867e+00
5.470000000000000000e+02 2.306619922612112461e+00
5.480000000000000000e+02 2.306654678550863924e+00
5.490000000000000000e+02 2.306689429961093829e+00
5.500000000000000000e+02 2.306724176839444418e+00
5.510000000000000000e+02 2.306758919182560152e+00
5.520000000000000000e+02 2.306793656987083274e+00
5.530000000000000000e+02 2.306828390249657801e+00
5.540000000000000000e+02 2.306863118966926862e+00
5.550000000000000000e+02 2.306897843135533144e+00
5.560000000000000000e+02 2.306932562752120219e+00
5.570000000000000000e+02 2.306967277813331663e+00
5.580000000000000000e+02 2.307001988315810603e+00
5.590000000000000000e+02 2.307036694256199727e+00
5.600000000000000000e+02 2.307071395631143051e+00
5.610000000000000000e+02 2.307106092437283262e+00
5.620000000000000000e+02 2.307140784671263933e+00
5.630000000000000000e+02 2.307175472329728194e+00
5.640000000000000000e+02 2.307210155409319174e+00
5.650000000000000000e+02 2.307244833906680448e+00
5.660000000000000000e+02 2.307279507818454700e+00
5.670000000000000000e+02 2.307314177141285949e+00
5.680000000000000000e+02 2.307348841871816880e+00
5.690000000000000000e+02 2.307383502006691067e+00
5.700000000000000000e+02 2.307418157542551640e+00
5.710000000000000000e+02 2.307452808476041728e+00
5.720000000000000000e+02 2.307487454803804905e+00
5.730000000000000000e+02 2.307522096522483857e+00
5.740000000000000000e+02 2.307556733628722156e+00
5.750000000000000000e+02 2.307591366119163379e+00
5.760000000000000000e+02 2.307625993990450208e+00
5.770000000000000000e+02 2.307660617239226664e+00
5.780000000000000000e+02 2.307695235862134986e+00
5.790000000000000000e+02 2.307729849855819193e+00
5.800000000000000000e+02 2.307764459216921971e+00
5.810000000000000000e+02 2.307799063942087336e+00
5.820000000000000000e+02 2.307833664027957532e+00
5.830000000000000000e+02 2.307868259471177019e+00
5.840000000000000000e+02 2.307902850268388040e+00
5.850000000000000000e+02 2.307937436416234167e+00
5.860000000000000000e+02 2.307972017911358531e+00
5.870000000000000000e+02 2.308006594750404705e+00
5.880000000000000000e+02 2.308041166930015820e+00
5.890000000000000000e+02 2.308075734446835003e+00
5.900000000000000000e+02 2.308110297297505387e+00
5.910000000000000000e+02 2.308144855478670543e+00
5.920000000000000000e+02 2.308179408986974046e+00
5.930000000000000000e+02 2.308213957819058137e+00
5.940000000000000000e+02 2.308248501971566835e+00
5.950000000000000000e+02 2.308283041441143268e+00
5.960000000000000000e+02 2.308317576224430123e+00
5.970000000000000000e+02 2.308352106318071861e+00
5.980000000000000000e+02 2.308386631718710280e+00
5.990000000000000000e+02 2.308421152422989842e+00
6.000000000000000000e+02 2.308455668427553231e+00
6.010000000000000000e+02 2.308490179729043579e+00
6.020000000000000000e+02 2.308524686324104458e+00
6.030000000000000000e+02 2.308559188209378998e+00
6.040000000000000000e+02 2.308593685381510774e+00
6.050000000000000000e+02 2.308628177837142026e+00
6.060000000000000000e+02 2.308662665572917216e+00
6.070000000000000000e+02 2.308697148585479031e+00
6.080000000000000000e+02 2.308731626871470599e+00
6.090000000000000000e+02 2.308766100427535495e+00
6.100000000000000000e+02 2.308800569250316403e+00
6.110000000000000000e+02 2.308835033336457343e+00
6.120000000000000000e+02 2.308869492682600999e+00
6.130000000000000000e+02 2.308903947285390945e+00
6.140000000000000000e+02 2.308938397141470311e+00
6.150000000000000000e+02 2.308972842247482671e+00
6.160000000000000000e+02 2.309007282600070265e+00
6.170000000000000000e+02 2.309041718195877557e+00
6.180000000000000000e+02 2.309076149031547232e+00
6.190000000000000000e+02 2.309110575103722418e+00
6.200000000000000000e+02 2.309144996409046691e+00
6.210000000000000000e+02 2.309179412944163179e+00
6.220000000000000000e+02 2.309213824705714568e+00
6.230000000000000000e+02 2.309248231690345321e+00
6.240000000000000000e+02 2.309282633894697678e+00
6.250000000000000000e+02 2.309317031315415214e+00
6.260000000000000000e+02 2.309351423949141502e+00
6.270000000000000000e+02 2.309385811792519227e+00
6.280000000000000000e+02 2.309420194842191520e+00
6.290000000000000000e+02 2.309454573094802399e+00
6.300000000000000000e+02 2.309488946546994992e+00
6.310000000000000000e+02 2.309523315195411985e+00
6.320000000000000000e+02 2.309557679036696953e+00
6.330000000000000000e+02 2.309592038067493025e+00
6.340000000000000000e+02 2.309626392284443330e+00
6.350000000000000000e+02 2.309660741684191887e+00
6.360000000000000000e+02 2.309695086263380936e+00
6.370000000000000000e+02 2.309729426018654497e+00
6.380000000000000000e+02 2.309763760946655253e+00
6.390000000000000000e+02 2.309798091044027224e+00
6.400000000000000000e+02 2.309832416307412650e+00
6.410000000000000000e+02 2.309866736733455106e+00
6.420000000000000000e+02 2.309901052318798609e+00
6.430000000000000000e+02 2.309935363060085400e+00
6.440000000000000000e+02 2.309969668953959498e+00
6.450000000000000000e+02 2.310003969997063589e+00
6.460000000000000000e+02 2.310038266186041245e+00
6.470000000000000000e+02 2.310072557517535152e+00
6.480000000000000000e+02 2.310106843988189773e+00
6.490000000000000000e+02 2.310141125594646905e+00
6.500000000000000000e+02 2.310175402333551009e+00
6.510000000000000000e+02 2.310209674201544772e+00
6.520000000000000000e+02 2.310243941195271322e+00
6.530000000000000000e+02 2.310278203311374234e+00
6.540000000000000000e+02 2.310312460546496194e+00
6.550000000000000000e+02 2.310346712897281662e+00
6.560000000000000000e+02 2.310380960360372438e+00
6.570000000000000000e+02 2.310415202932412537e+00
6.580000000000000000e+02 2.310449440610045535e+00
6.590000000000000000e+02 2.310483673389914117e+00
6.600000000000000000e+02 2.310517901268661412e+00
6.610000000000000000e+02 2.310552124242930994e+00
6.620000000000000000e+02 2.310586342309365993e+00
6.630000000000000000e+02 2.310620555464609982e+00
6.640000000000000000e+02 2.310654763705306092e+00
6.650000000000000000e+02 2.310688967028097007e+00
6.660000000000000000e+02 2.310723165429626746e+00
6.670000000000000000e+02 2.310757358906537995e+00
6.680000000000000000e+02 2.310791547455474326e+00
6.690000000000000000e+02 2.310825731073078870e+00
6.700000000000000000e+02 2.310859909755995201e+00
6.710000000000000000e+02 2.310894083500866003e+00
6.720000000000000000e+02 2.310928252304334851e+00
6.730000000000000000e+02 2.310962416163044875e+00
6.740000000000000000e+02 2.310996575073639203e+00
6.750000000000000000e+02 2.311030729032761855e+00
6.760000000000000000e+02 2.311064878037055070e+00
6.770000000000000000e+02 2.311099022083162424e+00
6.780000000000000000e+02 2.311133161167727490e+00
6.790000000000000000e+02 2.311167295287393397e+00
6.800000000000000000e+02 2.311201424438803276e+00
6.810000000000000000e+02 2.311235548618600255e+00
6.820000000000000000e+02 2.311269667823427909e+00
6.830000000000000000e+02 2.311303782049929367e+00
6.840000000000000000e+02 2.311337891294747759e+00
6.850000000000000000e+02 2.311371995554526659e+00
6.860000000000000000e+02 2.311406094825908752e+00
6.870000000000000000e+02 2.311440189105537613e+00
6.880000000000000000e+02 2.311474278390056369e+00
6.890000000000000000e+02 2.311508362676108597e+00
6.900000000000000000e+02 2.311542441960337424e+00
6.910000000000000000e+02 2.311576516239385981e+00
6.920000000000000000e+02 2.311610585509897398e+00
6.930000000000000000e+02 2.311644649768515247e+00
6.940000000000000000e+02 2.311678709011882660e+00
6.950000000000000000e+02 2.311712763236642765e+00
6.960000000000000000e+02 2.311746812439439136e+00
6.970000000000000000e+02 2.311780856616914459e+00
6.980000000000000000e+02 2.311814895765712308e+00
6.990000000000000000e+02 2.311848929882475812e+00
7.000000000000000000e+02 2.311882958963848989e+00
7.010000000000000000e+02 2.311916983006473636e+00
7.020000000000000000e+02 2.311951002006994216e+00
7.030000000000000000e+02 2.311985015962053858e+00
7.040000000000000000e+02 2.312019024868295247e+00
7.050000000000000000e+02 2.312053028722361958e+00
7.060000000000000000e+02 2.312087027520897120e+00
7.070000000000000000e+02 2.312121021260544307e+00
7.080000000000000000e+02 2.312155009937946204e+00
7.090000000000000000e+02 2.312188993549746385e+00
7.100000000000000000e+02 2.312222972092588424e+00
7.110000000000000000e+02 2.312256945563115007e+00
7.120000000000000000e+02 2.312290913957970151e+00
7.130000000000000000e+02 2.312324877273796098e+00
7.140000000000000000e+02 2.312358835507236865e+00
7.150000000000000000e+02 2.312392788654935138e+00
7.160000000000000000e+02 2.312426736713534492e+00
7.170000000000000000e+02 2.312460679679678499e+00
7.180000000000000000e+02 2.312494617550009846e+00
7.190000000000000000e+02 2.312528550321171661e+00
7.200000000000000000e+02 2.312562477989807963e+00
7.210000000000000000e+02 2.312596400552561438e+00
7.220000000000000000e+02 2.312630318006075658e+00
7.230000000000000000e+02 2.312664230346993310e+00
7.240000000000000000e+02 2.312698137571958412e+00
7.250000000000000000e+02 2.312732039677613649e+00
7.260000000000000000e+02 2.312765936660602595e+00
7.270000000000000000e+02 2.312799828517567935e+00
7.280000000000000000e+02 2.312833715245153687e+00
7.290000000000000000e+02 2.312867596840002982e+00
7.300000000000000000e+02 2.312901473298758503e+00
7.310000000000000000e+02 2.312935344618063827e+00
7.320000000000000000e+02 2.312969210794562525e+00
7.330000000000000000e+02 2.313003071824897283e+00
7.340000000000000000e+02 2.313036927705711676e+00
7.350000000000000000e+02 2.313070778433648833e+00
7.360000000000000000e+02 2.313104624005352328e+00
7.370000000000000000e+02 2.313138464417464846e+00
7.380000000000000000e+02 2.313172299666629961e+00
7.390000000000000000e+02 2.313206129749491247e+00
7.400000000000000000e+02 2.313239954662691389e+00
7.410000000000000000e+02 2.313273774402873517e+00
7.420000000000000000e+02 2.313307588966681649e+00
7.430000000000000000e+02 2.313341398350758471e+00
7.440000000000000000e+02 2.313375202551747556e+00
7.450000000000000000e+02 2.313409001566292034e+00
7.460000000000000000e+02 2.313442795391035034e+00
7.470000000000000000e+02 2.313476584022619686e+00
7.480000000000000000e+02 2.313510367457689565e+00
7.490000000000000000e+02 2.313544145692887799e+00
7.500000000000000000e+02 2.313577918724857518e+00
7.510000000000000000e+02 2.313611686550242297e+00
7.520000000000000000e+02 2.313645449165684820e+00
7.530000000000000000e+02 2.313679206567829105e+00
7.540000000000000000e+02 2.313712958753317839e+00
7.550000000000000000e+02 2.313746705718794594e+00
7.560000000000000000e+02 2.313780447460902057e+00
7.570000000000000000e+02 2.313814183976284244e+00
7.580000000000000000e+02 2.313847915261583843e+00
7.590000000000000000e+02 2.313881641313444426e+00
7.600000000000000000e+02 2.313915362128508679e+00
7.610000000000000000e+02 2.313949077703420620e+00
7.620000000000000000e+02 2.313982788034823379e+00
7.630000000000000000e+02 2.314016493119359641e+00
7.640000000000000000e+02 2.314050192953673424e+00
7.650000000000000000e+02 2.314083887534407413e+00
7.660000000000000000e+02 2.314117576858204739e+00
7.670000000000000000e+02 2.314151260921709419e+00
7.680000000000000000e+02 2.314184939721563694e+00
7.690000000000000000e+02 2.314218613254411583e+00
7.700000000000000000e+02 2.314252281516896215e+00
7.710000000000000000e+02 2.314285944505660719e+00
7.720000000000000000e+02 2.314319602217348226e+00
7.730000000000000000e+02 2.314353254648602309e+00
7.740000000000000000e+02 2.314386901796065654e+00
7.750000000000000000e+02 2.314420543656381835e+00
7.760000000000000000e+02 2.314454180226194424e+00
7.770000000000000000e+02 2.314487811502146553e+00
7.780000000000000000e+02 2.314521437480880905e+00
7.790000000000000000e+02 2.314555058159041501e+00
7.800000000000000000e+02 2.314588673533271024e+00
7.810000000000000000e+02 2.314622283600213049e+00
7.820000000000000000e+02 2.314655888356510705e+00
7.830000000000000000e+02 2.314689487798807122e+00
7.840000000000000000e+02 2.314723081923745873e+00
7.850000000000000000e+02 2.314756670727970089e+00
7.860000000000000000e+02 2.314790254208122455e+00
7.870000000000000000e+02 2.314823832360846989e+00
7.880000000000000000e+02 2.314857405182786820e+00
7.890000000000000000e+02 2.314890972670585079e+00
7.900000000000000000e+02 2.314924534820884894e+00
7.910000000000000000e+02 2.314958091630329395e+00
7.920000000000000000e+02 2.314991643095562157e+00
7.930000000000000000e+02 2.315025189213226309e+00
7.940000000000000000e+02 2.315058729979965424e+00
7.950000000000000000e+02 2.315092265392422188e+00
7.960000000000000000e+02 2.315125795447240176e+00
7.970000000000000000e+02 2.315159320141062516e+00
7.980000000000000000e+02 2.315192839470532338e+00
7.990000000000000000e+02 2.315226353432293216e+00
8.000000000000000000e+02 2.315259862022988280e+00
8.010000000000000000e+02 2.315293365239260659e+00
8.020000000000000000e+02 2.315326863077753927e+00
8.030000000000000000e+02 2.315360355535111214e+00
8.040000000000000000e+02 2.315393842607975206e+00
8.050000000000000000e+02 2.315427324292989919e+00
8.060000000000000000e+02 2.315460800586798484e+00
8.070000000000000000e+02 2.315494271486043587e+00
8.080000000000000000e+02 2.315527736987368801e+00
8.090000000000000000e+02 2.315561197087417700e+00
8.100000000000000000e+02 2.315594651782833413e+00
8.110000000000000000e+02 2.315628101070258626e+00
8.120000000000000000e+02 2.315661544946337358e+00
8.130000000000000000e+02 2.315694983407712293e+00
8.140000000000000000e+02 2.315728416451027005e+00
8.150000000000000000e+02 2.315761844072924625e+00
8.160000000000000000e+02 2.315795266270048725e+00
8.170000000000000000e+02 2.315828683039041991e+00
8.180000000000000000e+02 2.315862094376547997e+00
8.190000000000000000e+02 2.315895500279209873e+00
8.200000000000000000e+02 2.315928900743670749e+00
8.210000000000000000e+02 2.315962295766574197e+00
8.220000000000000000e+02 2.315995685344563793e+00
8.230000000000000000e+02 2.316029069474281776e+00
8.240000000000000000e+02 2.316062448152372166e+00
8.250000000000000000e+02 2.316095821375478092e+00
8.260000000000000000e+02 2.316129189140242239e+00
8.270000000000000000e+02 2.316162551443308626e+00
8.280000000000000000e+02 2.316195908281320381e+00
8.290000000000000000e+02 2.316229259650920635e+00
8.300000000000000000e+02 2.316262605548752518e+00
8.310000000000000000e+02 2.316295945971459158e+00
8.320000000000000000e+02 2.316329280915684130e+00
8.330000000000000000e+02 2.316362610378070563e+00
8.340000000000000000e+02 2.316395934355261588e+00
8.350000000000000000e+02 2.316429252843900333e+00
8.360000000000000000e+02 2.316462565840630816e+00
8.370000000000000000e+02 2.316495873342095280e+00
8.380000000000000000e+02 2.316529175344937741e+00
8.390000000000000000e+02 2.316562471845801330e+00
8.400000000000000000e+02 2.316595762841328732e+00
8.410000000000000000e+02 2.316629048328163964e+00
8.420000000000000000e+02 2.316662328302949714e+00
8.430000000000000000e+02 2.316695602762329553e+00
8.440000000000000000e+02 2.316728871702946613e+00
8.450000000000000000e+02 2.316762135121444022e+00
8.460000000000000000e+02 2.316795393014464910e+00
8.470000000000000000e+02 2.316828645378653295e+00
8.480000000000000000e+02 2.316861892210651419e+00
8.490000000000000000e+02 2.316895133507103299e+00
8.500000000000000000e+02 2.316928369264652066e+00
8.510000000000000000e+02 2.316961599479940404e+00
8.520000000000000000e+02 2.316994824149612331e+00
8.530000000000000000e+02 2.317028043270310533e+00
8.540000000000000000e+02 2.317061256838678585e+00
8.550000000000000000e+02 2.317094464851359614e+00
8.560000000000000000e+02 2.317127667304996752e+00
8.570000000000000000e+02 2.317160864196233572e+00
8.580000000000000000e+02 2.317194055521712759e+00
8.590000000000000000e+02 2.317227241278078331e+00
8.600000000000000000e+02 2.317260421461972975e+00
8.610000000000000000e+02 2.317293596070039818e+00
8.620000000000000000e+02 2.317326765098922881e+00
8.630000000000000000e+02 2.317359928545264847e+00
8.640000000000000000e+02 2.317393086405708846e+00
8.650000000000000000e+02 2.317426238676898453e+00
8.660000000000000000e+02 2.317459385355476797e+00
8.670000000000000000e+02 2.317492526438087008e+00
8.680000000000000000e+02 2.317525661921372659e+00
8.690000000000000000e+02 2.317558791801976881e+00
8.700000000000000000e+02 2.317591916076542802e+00
8.710000000000000000e+02 2.317625034741713552e+00
8.720000000000000000e+02 2.317658147794132706e+00
8.730000000000000000e+02 2.317691255230443392e+00
8.740000000000000000e+02 2.317724357047288741e+00
8.750000000000000000e+02 2.317757453241311882e+00
8.760000000000000000e+02 2.317790543809156834e+00
8.770000000000000000e+02 2.317823628747465836e+00
8.780000000000000000e+02 2.317856708052882908e+00
8.790000000000000000e+02 2.317889781722050735e+00
8.800000000000000000e+02 2.317922849751612890e+00
8.810000000000000000e+02 2.317955912138212504e+00
8.820000000000000000e+02 2.317988968878493150e+00
8.830000000000000000e+02 2.318022019969097514e+00
8.840000000000000000e+02 2.318055065406669168e+00
8.850000000000000000e+02 2.318088105187851689e+00
8.860000000000000000e+02 2.318121139309287759e+00
8.870000000000000000e+02 2.318154167767620955e+00
8.880000000000000000e+02 2.318187190559493960e+00
8.890000000000000000e+02 2.318220207681551237e+00
8.900000000000000000e+02 2.318253219130434584e+00
8.910000000000000000e+02 2.318286224902788462e+00
8.920000000000000000e+02 2.318319224995255556e+00
8.930000000000000000e+02 2.318352219404478998e+00
8.940000000000000000e+02 2.318385208127102359e+00
8.950000000000000000e+02 2.318418191159768327e+00
8.960000000000000000e+02 2.318451168499120918e+00
8.970000000000000000e+02 2.318484140141803262e+00
8.980000000000000000e+02 2.318517106084458046e+00
8.990000000000000000e+02 2.318550066323729286e+00
9.000000000000000000e+02 2.318583020856259669e+00
9.010000000000000000e+02 2.318615969678692323e+00
9.020000000000000000e+02 2.318648912787670824e+00
9.030000000000000000e+02 2.318681850179838300e+00
9.040000000000000000e+02 2.318714781851838325e+00
9.050000000000000000e+02 2.318747707800314029e+00
9.060000000000000000e+02 2.318780628021908097e+00
9.070000000000000000e+02 2.318813542513264547e+00
9.080000000000000000e+02 2.318846451271026066e+00
9.090000000000000000e+02 2.318879354291836226e+00
9.100000000000000000e+02 2.318912251572338157e+00
9.110000000000000000e+02 2.318945143109175433e+00
9.120000000000000000e+02 2.318978028898990740e+00
9.130000000000000000e+02 2.319010908938427651e+00
9.140000000000000000e+02 2.319043783224129296e+00
9.150000000000000000e+02 2.319076651752739249e+00
9.160000000000000000e+02 2.319109514520900195e+00
9.170000000000000000e+02 2.319142371525255708e+00
9.180000000000000000e+02 2.319175222762449362e+00
9.190000000000000000e+02 2.319208068229123842e+00
9.200000000000000000e+02 2.319240907921922723e+00
9.210000000000000000e+02 2.319273741837489133e+00
9.220000000000000000e+02 2.319306569972466203e+00
9.230000000000000000e+02 2.319339392323497506e+00
9.240000000000000000e+02 2.319372208887226172e+00
9.250000000000000000e+02 2.319405019660295331e+00
9.260000000000000000e+02 2.319437824639348555e+00
9.270000000000000000e+02 2.319470623821028532e+00
9.280000000000000000e+02 2.319503417201979278e+00
9.290000000000000000e+02 2.319536204778843036e+00
9.300000000000000000e+02 2.319568986548263823e+00
9.310000000000000000e+02 2.319601762506884768e+00
9.320000000000000000e+02 2.319634532651349001e+00
9.330000000000000000e+02 2.319667296978300097e+00
9.340000000000000000e+02 2.319700055484380741e+00
9.350000000000000000e+02 2.319732808166234506e+00
9.360000000000000000e+02 2.319765555020504522e+00
9.370000000000000000e+02 2.319798296043833918e+00
9.380000000000000000e+02 2.319831031232866714e+00
9.390000000000000000e+02 2.319863760584245149e+00
9.400000000000000000e+02 2.319896484094613243e+00
9.410000000000000000e+02 2.319929201760613680e+00
9.420000000000000000e+02 2.319961913578890034e+00
9.430000000000000000e+02 2.319994619546085435e+00
9.440000000000000000e+02 2.320027319658843457e+00
9.450000000000000000e+02 2.320060013913806785e+00
9.460000000000000000e+02 2.320092702307618993e+00
9.470000000000000000e+02 2.320125384836923210e+00
9.480000000000000000e+02 2.320158061498363011e+00
9.490000000000000000e+02 2.320190732288581525e+00
9.500000000000000000e+02 2.320223397204221438e+00
9.510000000000000000e+02 2.320256056241926768e+00
9.520000000000000000e+02 2.320288709398340643e+00
9.530000000000000000e+02 2.320321356670105750e+00
9.540000000000000000e+02 2.320353998053866107e+00
9.550000000000000000e+02 2.320386633546264399e+00
9.560000000000000000e+02 2.320419263143943756e+00
9.570000000000000000e+02 2.320451886843548195e+00
9.580000000000000000e+02 2.320484504641719958e+00
9.590000000000000000e+02 2.320517116535103064e+00
9.600000000000000000e+02 2.320549722520340641e+00
9.610000000000000000e+02 2.320582322594075819e+00
9.620000000000000000e+02 2.320614916752952173e+00
9.630000000000000000e+02 2.320647504993612387e+00
9.640000000000000000e+02 2.320680087312699591e+00
9.650000000000000000e+02 2.320712663706857803e+00
9.660000000000000000e+02 2.320745234172730154e+00
9.670000000000000000e+02 2.320777798706959327e+00
9.680000000000000000e+02 2.320810357306188898e+00
9.690000000000000000e+02 2.320842909967061996e+00
9.700000000000000000e+02 2.320875456686221749e+00
9.710000000000000000e+02 2.320907997460312178e+00
9.720000000000000000e+02 2.320940532285975522e+00
9.730000000000000000e+02 2.320973061159855799e+00
9.740000000000000000e+02 2.321005584078596140e+00
9.750000000000000000e+02 2.321038101038839230e+00
9.760000000000000000e+02 2.321070612037228642e+00
9.770000000000000000e+02 2.321103117070407951e+00
9.780000000000000000e+02 2.321135616135020285e+00
9.790000000000000000e+02 2.321168109227708332e+00
9.800000000000000000e+02 2.321200596345116107e+00
9.810000000000000000e+02 2.321233077483886742e+00
9.820000000000000000e+02 2.321265552640662921e+00
9.830000000000000000e+02 2.321298021812088219e+00
9.840000000000000000e+02 2.321330484994805765e+00
9.850000000000000000e+02 2.321362942185459133e+00
9.860000000000000000e+02 2.321395393380691452e+00
9.870000000000000000e+02 2.321427838577146296e+00
9.880000000000000000e+02 2.321460277771465908e+00
9.890000000000000000e+02 2.321492710960294747e+00
9.900000000000000000e+02 2.321525138140275057e+00
9.910000000000000000e+02 2.321557559308050411e+00
9.920000000000000000e+02 2.321589974460264383e+00
9.930000000000000000e+02 2.321622383593560102e+00
9.940000000000000000e+02 2.321654786704580697e+00
9.950000000000000000e+02 2.321687183789969744e+00
9.960000000000000000e+02 2.321719574846369927e+00
9.970000000000000000e+02 2.321751959870424376e+00
9.980000000000000000e+02 2.321784338858777108e+00
9.990000000000000000e+02 2.321816711808071254e+00
1.000000000000000000e+03 2.321849078714949499e+00
1.001000000000000000e+03 2.321881439576055417e+00
1.002000000000000000e+03 2.321913794388032581e+00
1.003000000000000000e+03 2.321946143147523678e+00
1.004000000000000000e+03 2.321978485851172280e+00
1.005000000000000000e+03 2.322010822495621074e+00
1.006000000000000000e+03 2.322043153077514521e+00
1.007000000000000000e+03 2.322075477593494863e+00
1.008000000000000000e+03 2.322107796040205230e+00
1.009000000000000000e+03 2.322140108414289639e+00
1.010000000000000000e+03 2.322172414712391220e+00
1.011000000000000000e+03 2.322204714931152658e+00
1.012000000000000000e+03 2.322237009067217528e+00
1.013000000000000000e+03 2.322269297117229403e+00
1.014000000000000000e+03 2.322301579077830969e+00
1.015000000000000000e+03 2.322333854945665799e+00
1.016000000000000000e+03 2.322366124717377023e+00
1.017000000000000000e+03 2.322398388389607771e+00
1.018000000000000000e+03 2.322430645959001616e+00
1.019000000000000000e+03 2.322462897422201689e+00
1.020000000000000000e+03 2.322495142775851118e+00
1.021000000000000000e+03 2.322527382016593478e+00
