# order=7: data_wav [pixel], data_wavsolution [micron]
3.000000000000000000e+00 1.542058739335003148e+00
4.000000000000000000e+00 1.542058432963364645e+00
5.000000000000000000e+00 1.542058422940139950e+00
6.000000000000000000e+00 1.542058709265329730e+00
7.000000000000000000e+00 1.542059291938933319e+00
8.000000000000000000e+00 1.542060170960951160e+00
9.000000000000000000e+00 1.542061346331383032e+00
1.000000000000000000e+01 1.542062818050228934e+00
1.100000000000000000e+01 1.542064586117488867e+00
1.200000000000000000e+01 1.542066650533163052e+00
1.300000000000000000e+01 1.542069011297251269e+00
1.400000000000000000e+01 1.542071668409753737e+00
1.500000000000000000e+01 1.542074621870670237e+00
1.600000000000000000e+01 1.542077871680000767e+00
1.700000000000000000e+01 1.542081417837745327e+00
1.800000000000000000e+01 1.542085260343903919e+00
1.900000000000000000e+01 1.542089399198476762e+00
2.000000000000000000e+01 1.542093834401463637e+00
2.100000000000000000e+01 1.542098565952864764e+00
2.200000000000000000e+01 1.542103593852679699e+00
2.300000000000000000e+01 1.542108918100908888e+00
2.400000000000000000e+01 1.542114538697552328e+00
2.500000000000000000e+01 1.542120455642609578e+00
2.600000000000000000e+01 1.542126668936081080e+00
2.700000000000000000e+01 1.542133178577966612e+00
2.800000000000000000e+01 1.542139984568266398e+00
2.900000000000000000e+01 1.542147086906979991e+00
3.000000000000000000e+01 1.542154485594107838e+00
3.100000000000000000e+01 1.542162180629649715e+00
3.200000000000000000e+01 1.542170172013605844e+00
3.300000000000000000e+01 1.542178459745976005e+00
3.400000000000000000e+01 1.542187043826760195e+00
3.500000000000000000e+01 1.542195924255958417e+00
3.600000000000000000e+01 1.542205101033570891e+00
3.700000000000000000e+01 1.542214574159597396e+00
3.800000000000000000e+01 1.542224343634037931e+00
3.900000000000000000e+01 1.542234409456892719e+00
4.000000000000000000e+01 1.542244771628161537e+00
4.100000000000000000e+01 1.542255430147844386e+00
4.200000000000000000e+01 1.542266385015941266e+00
4.300000000000000000e+01 1.542277636232452398e+00
4.400000000000000000e+01 1.542289183797377561e+00
4.500000000000000000e+01 1.542301027710716754e+00
4.600000000000000000e+01 1.542313167972469978e+00
4.700000000000000000e+01 1.542325604582637455e+00
4.800000000000000000e+01 1.542338337541218962e+00
4.900000000000000000e+01 1.542351366848214722e+00
5.000000000000000000e+01 1.542364692503624291e+00
5.100000000000000000e+01 1.542378314507448112e+00
5.200000000000000000e+01 1.542392232859686185e+00
5.300000000000000000e+01 1.542406447560338068e+00
5.400000000000000000e+01 1.542420958609404202e+00
5.500000000000000000e+01 1.542435766006884368e+00
5.600000000000000000e+01 1.542450869752778564e+00
5.700000000000000000e+01 1.542466269847087013e+00
5.800000000000000000e+01 1.542481966289809492e+00
5.900000000000000000e+01 1.542497959080946002e+00
6.000000000000000000e+01 1.542514248220496764e+00
6.100000000000000000e+01 1.542530833708461557e+00
6.200000000000000000e+01 1.542547715544840381e+00
6.300000000000000000e+01 1.542564893729633235e+00
6.400000000000000000e+01 1.542582368262840342e+00
6.500000000000000000e+01 1.542600139144461480e+00
6.600000000000000000e+01 1.542618206374496648e+00
6.700000000000000000e+01 1.542636569952945846e+00
6.800000000000000000e+01 1.542655229879809298e+00
6.900000000000000000e+01 1.542674186155086780e+00
7.000000000000000000e+01 1.542693438778778514e+00
7.100000000000000000e+01 1.542712987750884057e+00
7.200000000000000000e+01 1.542732833071403853e+00
7.300000000000000000e+01 1.542752974740337679e+00
7.400000000000000000e+01 1.542773412757685758e+00
7.500000000000000000e+01 1.542794147123447868e+00
7.600000000000000000e+01 1.542815177837624008e+00
7.700000000000000000e+01 1.542836504900214178e+00
7.800000000000000000e+01 1.542858128311218602e+00
7.900000000000000000e+01 1.542880048070637056e+00
8.000000000000000000e+01 1.542902264178469540e+00
8.100000000000000000e+01 1.542924776634716277e+00
8.200000000000000000e+01 1.542947585439376823e+00
8.300000000000000000e+01 1.542970690592451621e+00
8.400000000000000000e+01 1.542994092093940672e+00
8.500000000000000000e+01 1.543017789943843532e+00
8.600000000000000000e+01 1.543041784142160644e+00
8.700000000000000000e+01 1.543066074688892009e+00
8.800000000000000000e+01 1.543090661584037182e+00
8.900000000000000000e+01 1.543115544827596608e+00
9.000000000000000000e+01 1.543140724419570065e+00
9.100000000000000000e+01 1.543166200359957552e+00
9.200000000000000000e+01 1.543191972648759291e+00
9.300000000000000000e+01 1.543218041285975062e+00
9.400000000000000000e+01 1.543244406271604863e+00
9.500000000000000000e+01 1.543271067605648694e+00
9.600000000000000000e+01 1.543298025288106778e+00
9.700000000000000000e+01 1.543325279318978893e+00
9.800000000000000000e+01 1.543352829698265261e+00
9.900000000000000000e+01 1.543380676425965436e+00
1.000000000000000000e+02 1.543408819502079865e+00
1.010000000000000000e+02 1.543437258926608324e+00
1.020000000000000000e+02 1.543465994699551036e+00
1.030000000000000000e+02 1.543495026820907778e+00
1.040000000000000000e+02 1.543524355290678551e+00
1.050000000000000000e+02 1.543553980108863355e+00
1.060000000000000000e+02 1.543583901275462411e+00
1.070000000000000000e+02 1.543614118790475498e+00
1.080000000000000000e+02 1.543644632653902615e+00
1.090000000000000000e+02 1.543675442865743763e+00
1.100000000000000000e+02 1.543706549425999164e+00
1.110000000000000000e+02 1.543737952334668595e+00
1.120000000000000000e+02 1.543769651591752057e+00
1.130000000000000000e+02 1.543801647197249771e+00
1.140000000000000000e+02 1.543833939151161516e+00
1.150000000000000000e+02 1.543866527453487292e+00
1.160000000000000000e+02 1.543899412104227320e+00
1.170000000000000000e+02 1.543932593103381157e+00
1.180000000000000000e+02 1.543966070450949246e+00
1.190000000000000000e+02 1.543999844146931588e+00
1.200000000000000000e+02 1.544033914191327739e+00
1.210000000000000000e+02 1.544068280584138142e+00
1.220000000000000000e+02 1.544102943325362798e+00
1.230000000000000000e+02 1.544137902415001262e+00
1.240000000000000000e+02 1.544173157853053979e+00
1.250000000000000000e+02 1.544208709639520727e+00
1.260000000000000000e+02 1.544244557774401505e+00
1.270000000000000000e+02 1.544280702257696536e+00
1.280000000000000000e+02 1.544317143089405597e+00
1.290000000000000000e+02 1.544353880269528689e+00
1.300000000000000000e+02 1.544390913798065812e+00
1.310000000000000000e+02 1.544428243675017187e+00
1.320000000000000000e+02 1.544465869900382593e+00
1.330000000000000000e+02 1.544503792474162029e+00
1.340000000000000000e+02 1.544542011396355718e+00
1.350000000000000000e+02 1.544580526666963438e+00
1.360000000000000000e+02 1.544619338285985188e+00
1.370000000000000000e+02 1.544658446253421191e+00
1.380000000000000000e+02 1.544697850569271003e+00
1.390000000000000000e+02 1.544737551233535067e+00
1.400000000000000000e+02 1.544777548246213383e+00
1.410000000000000000e+02 1.544817841607305509e+00
1.420000000000000000e+02 1.544858431316811886e+00
1.430000000000000000e+02 1.544899317374732295e+00
1.440000000000000000e+02 1.544940499781066956e+00
1.450000000000000000e+02 1.544981978535815426e+00
1.460000000000000000e+02 1.545023753638978148e+00
1.470000000000000000e+02 1.545065825090555123e+00
1.480000000000000000e+02 1.545108192890545906e+00
1.490000000000000000e+02 1.545150857038950942e+00
1.500000000000000000e+02 1.545193817535770009e+00
1.510000000000000000e+02 1.545237074381003328e+00
1.520000000000000000e+02 1.545280627574650678e+00
1.530000000000000000e+02 1.545324477116712059e+00
1.540000000000000000e+02 1.545368623007187470e+00
1.550000000000000000e+02 1.545413065246077133e+00
1.560000000000000000e+02 1.545457803833380606e+00
1.570000000000000000e+02 1.545502838769098553e+00
1.580000000000000000e+02 1.545548170053230308e+00
1.590000000000000000e+02 1.545593797685776316e+00
1.600000000000000000e+02 1.545639721666736355e+00
1.610000000000000000e+02 1.545685941996110424e+00
1.620000000000000000e+02 1.545732458673898746e+00
1.630000000000000000e+02 1.545779271700101098e+00
1.640000000000000000e+02 1.545826381074717482e+00
1.650000000000000000e+02 1.545873786797747895e+00
1.660000000000000000e+02 1.545921488869192562e+00
1.670000000000000000e+02 1.545969487289051258e+00
1.680000000000000000e+02 1.546017782057323986e+00
1.690000000000000000e+02 1.546066373174010966e+00
1.700000000000000000e+02 1.546115260639111977e+00
1.710000000000000000e+02 1.546164444452627018e+00
1.720000000000000000e+02 1.546213924614556090e+00
1.730000000000000000e+02 1.546263701124899415e+00
1.740000000000000000e+02 1.546313773983656770e+00
1.750000000000000000e+02 1.546364143190828155e+00
1.760000000000000000e+02 1.546414808746413794e+00
1.770000000000000000e+02 1.546465770650413463e+00
1.780000000000000000e+02 1.546517028902827162e+00
1.790000000000000000e+02 1.546568583503654892e+00
1.800000000000000000e+02 1.546620434452896875e+00
1.810000000000000000e+02 1.546672581750552888e+00
1.820000000000000000e+02 1.546725025396622932e+00
1.830000000000000000e+02 1.546777765391107229e+00
1.840000000000000000e+02 1.546830801734005556e+00
1.850000000000000000e+02 1.546884134425317914e+00
1.860000000000000000e+02 1.546937763465044302e+00
1.870000000000000000e+02 1.546991688853184943e+00
1.880000000000000000e+02 1.547045910589739615e+00
1.890000000000000000e+02 1.547100428674708317e+00
1.900000000000000000e+02 1.547155243108091272e+00
1.910000000000000000e+02 1.547210353889888257e+00
1.920000000000000000e+02 1.547265761020099273e+00
1.930000000000000000e+02 1.547321464498724319e+00
1.940000000000000000e+02 1.547377464325763619e+00
1.950000000000000000e+02 1.547433760501216948e+00
1.960000000000000000e+02 1.547490353025084309e+00
1.970000000000000000e+02 1.547547241897365922e+00
1.980000000000000000e+02 1.547604427118061343e+00
1.990000000000000000e+02 1.547661908687171239e+00
2.000000000000000000e+02 1.547719686604694944e+00
2.010000000000000000e+02 1.547777760870632902e+00
2.020000000000000000e+02 1.547836131484984890e+00
2.030000000000000000e+02 1.547894798447750908e+00
2.040000000000000000e+02 1.547953761758931179e+00
2.050000000000000000e+02 1.548013021418525259e+00
2.060000000000000000e+02 1.548072577426533591e+00
2.070000000000000000e+02 1.548132429782956176e+00
2.080000000000000000e+02 1.548192578487792792e+00
2.090000000000000000e+02 1.548253023541043438e+00
2.100000000000000000e+02 1.548313764942708115e+00
2.110000000000000000e+02 1.548374802692786822e+00
2.120000000000000000e+02 1.548436136791279782e+00
2.130000000000000000e+02 1.548497767238186773e+00
2.140000000000000000e+02 1.548559694033508016e+00
2.150000000000000000e+02 1.548621917177243068e+00
2.160000000000000000e+02 1.548684436669392372e+00
2.170000000000000000e+02 1.548747252509955930e+00
2.180000000000000000e+02 1.548810364698933295e+00
2.190000000000000000e+02 1.548873773236324913e+00
2.200000000000000000e+02 1.548937478122130562e+00
2.210000000000000000e+02 1.549001479356350464e+00
2.220000000000000000e+02 1.549065776938984174e+00
2.230000000000000000e+02 1.549130370870032136e+00
2.240000000000000000e+02 1.549195261149494129e+00
2.250000000000000000e+02 1.549260447777370375e+00
2.260000000000000000e+02 1.549325930753660652e+00
2.270000000000000000e+02 1.549391710078364959e+00
2.280000000000000000e+02 1.549457785751483296e+00
2.290000000000000000e+02 1.549524157773015887e+00
2.300000000000000000e+02 1.549590826142962507e+00
2.310000000000000000e+02 1.549657790861323159e+00
2.320000000000000000e+02 1.549725051928098063e+00
2.330000000000000000e+02 1.549792609343286998e+00
2.340000000000000000e+02 1.549860463106889963e+00
2.350000000000000000e+02 1.549928613218906959e+00
2.360000000000000000e+02 1.549997059679338207e+00
2.370000000000000000e+02 1.550065802488183486e+00
2.380000000000000000e+02 1.550134841645442796e+00
2.390000000000000000e+02 1.550204177151116136e+00
2.400000000000000000e+02 1.550273809005203729e+00
2.410000000000000000e+02 1.550343737207705352e+00
2.420000000000000000e+02 1.550413961758621229e+00
2.430000000000000000e+02 1.550484482657950913e+00
2.440000000000000000e+02 1.550555299905694850e+00
2.450000000000000000e+02 1.550626413501853040e+00
2.460000000000000000e+02 1.550697823446425039e+00
2.470000000000000000e+02 1.550769529739411290e+00
2.480000000000000000e+02 1.550841532380811572e+00
2.490000000000000000e+02 1.550913831370625884e+00
2.500000000000000000e+02 1.550986426708854449e+00
2.510000000000000000e+02 1.551059318395497044e+00
2.520000000000000000e+02 1.551132506430553670e+00
2.530000000000000000e+02 1.551205990814024549e+00
2.540000000000000000e+02 1.551279771545909458e+00
2.550000000000000000e+02 1.551353848626208398e+00
2.560000000000000000e+02 1.551428222054921369e+00
2.570000000000000000e+02 1.551502891832048592e+00
2.580000000000000000e+02 1.551577857957589845e+00
2.590000000000000000e+02 1.551653120431545130e+00
2.600000000000000000e+02 1.551728679253914445e+00
2.610000000000000000e+02 1.551804534424698012e+00
2.620000000000000000e+02 1.551880685943895610e+00
2.630000000000000000e+02 1.551957133811507461e+00
2.640000000000000000e+02 1.552033878027533120e+00
2.650000000000000000e+02 1.552110918591973032e+00
2.660000000000000000e+02 1.552188255504826975e+00
2.670000000000000000e+02 1.552265888766095170e+00
2.680000000000000000e+02 1.552343818375777396e+00
2.690000000000000000e+02 1.552422044333873652e+00
2.700000000000000000e+02 1.552500566640383939e+00
2.710000000000000000e+02 1.552579385295308478e+00
2.720000000000000000e+02 1.552658500298647049e+00
2.730000000000000000e+02 1.552737911650399649e+00
2.740000000000000000e+02 1.552817619350566281e+00
2.750000000000000000e+02 1.552897623399147164e+00
2.760000000000000000e+02 1.552977923796142079e+00
2.770000000000000000e+02 1.553058520541551246e+00
2.780000000000000000e+02 1.553139413635374222e+00
2.790000000000000000e+02 1.553220603077611450e+00
2.800000000000000000e+02 1.553302088868262709e+00
2.810000000000000000e+02 1.553383871007328221e+00
2.820000000000000000e+02 1.553465949494807763e+00
2.830000000000000000e+02 1.553548324330701336e+00
2.840000000000000000e+02 1.553630995515008939e+00
2.850000000000000000e+02 1.553713963047730795e+00
2.860000000000000000e+02 1.553797226928866682e+00
2.870000000000000000e+02 1.553880787158416599e+00
2.880000000000000000e+02 1.553964643736380546e+00
2.890000000000000000e+02 1.554048796662758747e+00
2.900000000000000000e+02 1.554133245937550978e+00
2.910000000000000000e+02 1.554217991560757239e+00
2.920000000000000000e+02 1.554303033532377754e+00
2.930000000000000000e+02 1.554388371852412298e+00
2.940000000000000000e+02 1.554474006520860874e+00
2.950000000000000000e+02 1.554559937537723702e+00
2.960000000000000000e+02 1.554646164903000338e+00
2.970000000000000000e+02 1.554732688616691227e+00
2.980000000000000000e+02 1.554819508678796369e+00
2.990000000000000000e+02 1.554906625089315320e+00
3.000000000000000000e+02 1.554994037848248523e+00
3.010000000000000000e+02 1.555081746955595978e+00
3.020000000000000000e+02 1.555169752411357242e+00
3.030000000000000000e+02 1.555258054215532759e+00
3.040000000000000000e+02 1.555346652368122307e+00
3.050000000000000000e+02 1.555435546869125885e+00
3.060000000000000000e+02 1.555524737718543715e+00
3.070000000000000000e+02 1.555614224916375576e+00
3.080000000000000000e+02 1.555704008462621468e+00
3.090000000000000000e+02 1.555794088357281391e+00
3.100000000000000000e+02 1.555884464600355566e+00
3.110000000000000000e+02 1.555975137191843771e+00
3.120000000000000000e+02 1.556066106131746007e+00
3.130000000000000000e+02 1.556157371420062496e+00
3.140000000000000000e+02 1.556248933056793016e+00
3.150000000000000000e+02 1.556340791041937566e+00
3.160000000000000000e+02 1.556432945375496368e+00
3.170000000000000000e+02 1.556525396057468980e+00
3.180000000000000000e+02 1.556618143087855843e+00
3.190000000000000000e+02 1.556711186466656960e+00
3.200000000000000000e+02 1.556804526193871885e+00
3.210000000000000000e+02 1.556898162269501062e+00
3.220000000000000000e+02 1.556992094693544271e+00
3.230000000000000000e+02 1.557086323466001732e+00
3.240000000000000000e+02 1.557180848586873223e+00
3.250000000000000000e+02 1.557275670056158745e+00
3.260000000000000000e+02 1.557370787873858298e+00
3.270000000000000000e+02 1.557466202039972103e+00
3.280000000000000000e+02 1.557561912554499939e+00
3.290000000000000000e+02 1.557657919417441805e+00
3.300000000000000000e+02 1.557754222628797702e+00
3.310000000000000000e+02 1.557850822188567852e+00
3.320000000000000000e+02 1.557947718096752032e+00
3.330000000000000000e+02 1.558044910353350243e+00
3.340000000000000000e+02 1.558142398958362707e+00
3.350000000000000000e+02 1.558240183911789201e+00
3.360000000000000000e+02 1.558338265213629725e+00
3.370000000000000000e+02 1.558436642863884281e+00
3.380000000000000000e+02 1.558535316862553088e+00
3.390000000000000000e+02 1.558634287209635927e+00
3.400000000000000000e+02 1.558733553905132796e+00
3.410000000000000000e+02 1.558833116949043918e+00
3.420000000000000000e+02 1.558932976341369070e+00
3.430000000000000000e+02 1.559033132082108253e+00
3.440000000000000000e+02 1.559133584171261466e+00
3.450000000000000000e+02 1.559234332608828932e+00
3.460000000000000000e+02 1.559335377394810429e+00
3.470000000000000000e+02 1.559436718529206178e+00
3.480000000000000000e+02 1.559538356012015736e+00
3.490000000000000000e+02 1.559640289843239547e+00
3.500000000000000000e+02 1.559742520022877388e+00
3.510000000000000000e+02 1.559845046550929482e+00
3.520000000000000000e+02 1.559947869427395384e+00
3.530000000000000000e+02 1.560050988652275539e+00
3.540000000000000000e+02 1.560154404225569946e+00
3.550000000000000000e+02 1.560258116147278162e+00
3.560000000000000000e+02 1.560362124417400631e+00
3.570000000000000000e+02 1.560466429035937130e+00
3.580000000000000000e+02 1.560571030002887882e+00
3.590000000000000000e+02 1.560675927318252443e+00
3.600000000000000000e+02 1.560781120982031256e+00
3.610000000000000000e+02 1.560886610994224322e+00
3.620000000000000000e+02 1.560992397354831196e+00
3.630000000000000000e+02 1.561098480063852323e+00
3.640000000000000000e+02 1.561204859121287480e+00
3.650000000000000000e+02 1.561311534527136891e+00
3.660000000000000000e+02 1.561418506281400109e+00
3.670000000000000000e+02 1.561525774384077581e+00
3.680000000000000000e+02 1.561633338835169305e+00
3.690000000000000000e+02 1.561741199634674837e+00
3.700000000000000000e+02 1.561849356782594622e+00
3.710000000000000000e+02 1.561957810278928438e+00
3.720000000000000000e+02 1.562066560123676506e+00
3.730000000000000000e+02 1.562175606316838383e+00
3.740000000000000000e+02 1.562284948858414513e+00
3.750000000000000000e+02 1.562394587748404895e+00
3.760000000000000000e+02 1.562504522986809086e+00
3.770000000000000000e+02 1.562614754573627529e+00
3.780000000000000000e+02 1.562725282508860003e+00
3.790000000000000000e+02 1.562836106792506730e+00
3.800000000000000000e+02 1.562947227424567265e+00
3.810000000000000000e+02 1.563058644405042052e+00
3.820000000000000000e+02 1.563170357733931093e+00
3.830000000000000000e+02 1.563282367411233942e+00
3.840000000000000000e+02 1.563394673436951043e+00
3.850000000000000000e+02 1.563507275811082176e+00
3.860000000000000000e+02 1.563620174533627560e+00
3.870000000000000000e+02 1.563733369604586754e+00
3.880000000000000000e+02 1.563846861023960200e+00
3.890000000000000000e+02 1.563960648791747676e+00
3.900000000000000000e+02 1.564074732907949405e+00
3.910000000000000000e+02 1.564189113372565165e+00
3.920000000000000000e+02 1.564303790185594956e+00
3.930000000000000000e+02 1.564418763347038777e+00
3.940000000000000000e+02 1.564534032856896850e+00
3.950000000000000000e+02 1.564649598715168954e+00
3.960000000000000000e+02 1.564765460921855089e+00
3.970000000000000000e+02 1.564881619476955477e+00
3.980000000000000000e+02 1.564998074380469895e+00
3.990000000000000000e+02 1.565114825632398343e+00
4.000000000000000000e+02 1.565231873232740822e+00
4.010000000000000000e+02 1.565349217181497554e+00
4.020000000000000000e+02 1.565466857478668317e+00
4.030000000000000000e+02 1.565584794124253110e+00
4.040000000000000000e+02 1.565703027118252155e+00
4.050000000000000000e+02 1.565821556460665231e+00
4.060000000000000000e+02 1.565940382151492338e+00
4.070000000000000000e+02 1.566059504190733476e+00
4.080000000000000000e+02 1.566178922578388866e+00
4.090000000000000000e+02 1.566298637314458286e+00
4.100000000000000000e+02 1.566418648398941738e+00
4.110000000000000000e+02 1.566538955831839441e+00
4.120000000000000000e+02 1.566659559613150954e+00
4.130000000000000000e+02 1.566780459742876719e+00
4.140000000000000000e+02 1.566901656221016736e+00
4.150000000000000000e+02 1.567023149047570785e+00
4.160000000000000000e+02 1.567144938222538864e+00
4.170000000000000000e+02 1.567267023745920973e+00
4.180000000000000000e+02 1.567389405617717113e+00
4.190000000000000000e+02 1.567512083837927506e+00
4.200000000000000000e+02 1.567635058406551929e+00
4.210000000000000000e+02 1.567758329323590605e+00
4.220000000000000000e+02 1.567881896589043089e+00
4.230000000000000000e+02 1.568005760202909826e+00
4.240000000000000000e+02 1.568129920165190594e+00
4.250000000000000000e+02 1.568254376475885614e+00
4.260000000000000000e+02 1.568379129134994665e+00
4.270000000000000000e+02 1.568504178142517747e+00
4.280000000000000000e+02 1.568629523498454859e+00
4.290000000000000000e+02 1.568755165202806223e+00
4.300000000000000000e+02 1.568881103255571619e+00
4.310000000000000000e+02 1.569007337656751044e+00
4.320000000000000000e+02 1.569133868406344723e+00
4.330000000000000000e+02 1.569260695504352210e+00
4.340000000000000000e+02 1.569387818950774172e+00
4.350000000000000000e+02 1.569515238745609942e+00
4.360000000000000000e+02 1.569642954888859965e+00
4.370000000000000000e+02 1.569770967380524018e+00
4.380000000000000000e+02 1.569899276220602102e+00
4.390000000000000000e+02 1.570027881409094217e+00
4.400000000000000000e+02 1.570156782946000584e+00
4.410000000000000000e+02 1.570285980831320982e+00
4.420000000000000000e+02 1.570415475065055633e+00
4.430000000000000000e+02 1.570545265647204092e+00
4.440000000000000000e+02 1.570675352577766803e+00
4.450000000000000000e+02 1.570805735856743546e+00
4.460000000000000000e+02 1.570936415484134541e+00
4.470000000000000000e+02 1.571067391459939566e+00
4.480000000000000000e+02 1.571198663784158622e+00
4.490000000000000000e+02 1.571330232456791709e+00
4.500000000000000000e+02 1.571462097477839048e+00
4.510000000000000000e+02 1.571594258847300418e+00
4.520000000000000000e+02 1.571726716565175819e+00
4.530000000000000000e+02 1.571859470631465250e+00
4.540000000000000000e+02 1.571992521046168934e+00
4.550000000000000000e+02 1.572125867809286648e+00
4.560000000000000000e+02 1.572259510920818615e+00
4.570000000000000000e+02 1.572393450380764390e+00
4.580000000000000000e+02 1.572527686189124418e+00
4.590000000000000000e+02 1.572662218345898477e+00
4.600000000000000000e+02 1.572797046851086789e+00
4.610000000000000000e+02 1.572932171704689130e+00
4.620000000000000000e+02 1.573067592906705503e+00
4.630000000000000000e+02 1.573203310457135906e+00
4.640000000000000000e+02 1.573339324355980562e+00
4.650000000000000000e+02 1.573475634603239248e+00
4.660000000000000000e+02 1.573612241198911965e+00
4.670000000000000000e+02 1.573749144142998713e+00
4.680000000000000000e+02 1.573886343435499713e+00
4.690000000000000000e+02 1.574023839076414744e+00
4.700000000000000000e+02 1.574161631065744027e+00
4.710000000000000000e+02 1.574299719403487119e+00
4.720000000000000000e+02 1.574438104089644463e+00
4.730000000000000000e+02 1.574576785124215839e+00
4.740000000000000000e+02 1.574715762507201466e+00
4.750000000000000000e+02 1.574855036238601125e+00
4.760000000000000000e+02 1.574994606318414814e+00
4.770000000000000000e+02 1.575134472746642533e+00
4.780000000000000000e+02 1.575274635523284505e+00
4.790000000000000000e+02 1.575415094648340508e+00
4.800000000000000000e+02 1.575555850121810542e+00
4.810000000000000000e+02 1.575696901943694606e+00
4.820000000000000000e+02 1.575838250113992922e+00
4.830000000000000000e+02 1.575979894632705269e+00
4.840000000000000000e+02 1.576121835499831869e+00
4.850000000000000000e+02 1.576264072715372278e+00
4.860000000000000000e+02 1.576406606279326938e+00
4.870000000000000000e+02 1.576549436191695630e+00
4.880000000000000000e+02 1.576692562452478574e+00
4.890000000000000000e+02 1.576835985061675327e+00
4.900000000000000000e+02 1.576979704019286554e+00
4.910000000000000000e+02 1.577123719325311590e+00
4.920000000000000000e+02 1.577268030979750879e+00
4.930000000000000000e+02 1.577412638982603976e+00
4.940000000000000000e+02 1.577557543333871548e+00
4.950000000000000000e+02 1.577702744033552928e+00
4.960000000000000000e+02 1.577848241081648561e+00
4.970000000000000000e+02 1.577994034478158225e+00
4.980000000000000000e+02 1.578140124223081919e+00
4.990000000000000000e+02 1.578286510316419866e+00
5.000000000000000000e+02 1.578433192758171844e+00
5.010000000000000000e+02 1.578580171548337852e+00
5.020000000000000000e+02 1.578727446686917890e+00
5.030000000000000000e+02 1.578875018173912181e+00
5.040000000000000000e+02 1.579022886009320503e+00
5.050000000000000000e+02 1.579171050193142856e+00
5.060000000000000000e+02 1.579319510725379461e+00
5.070000000000000000e+02 1.579468267606030096e+00
5.080000000000000000e+02 1.579617320835094763e+00
5.090000000000000000e+02 1.579766670412573681e+00
5.100000000000000000e+02 1.579916316338466409e+00
5.110000000000000000e+02 1.580066258612773389e+00
5.120000000000000000e+02 1.580216497235494622e+00
5.130000000000000000e+02 1.580367032206629663e+00
5.140000000000000000e+02 1.580517863526178957e+00
5.150000000000000000e+02 1.580668991194142281e+00
5.160000000000000000e+02 1.580820415210519858e+00
5.170000000000000000e+02 1.580972135575311466e+00
5.180000000000000000e+02 1.581124152288517104e+00
5.190000000000000000e+02 1.581276465350136773e+00
5.200000000000000000e+02 1.581429074760170694e+00
5.210000000000000000e+02 1.581581980518618424e+00
5.220000000000000000e+02 1.581735182625480629e+00
5.230000000000000000e+02 1.581888681080756642e+00
5.240000000000000000e+02 1.582042475884446908e+00
5.250000000000000000e+02 1.582196567036551205e+00
5.260000000000000000e+02 1.582350954537069532e+00
5.270000000000000000e+02 1.582505638386002111e+00
5.280000000000000000e+02 1.582660618583348722e+00
5.290000000000000000e+02 1.582815895129109363e+00
5.300000000000000000e+02 1.582971468023284034e+00
5.310000000000000000e+02 1.583127337265872958e+00
5.320000000000000000e+02 1.583283502856875913e+00
5.330000000000000000e+02 1.583439964796292898e+00
5.340000000000000000e+02 1.583596723084124136e+00
5.350000000000000000e+02 1.583753777720369404e+00
5.360000000000000000e+02 1.583911128705028704e+00
5.370000000000000000e+02 1.584068776038102033e+00
5.380000000000000000e+02 1.584226719719589616e+00
5.390000000000000000e+02 1.584384959749491228e+00
5.400000000000000000e+02 1.584543496127806872e+00
5.410000000000000000e+02 1.584702328854536768e+00
5.420000000000000000e+02 1.584861457929680695e+00
5.430000000000000000e+02 1.585020883353238652e+00
5.440000000000000000e+02 1.585180605125210640e+00
5.450000000000000000e+02 1.585340623245596881e+00
5.460000000000000000e+02 1.585500937714397152e+00
5.470000000000000000e+02 1.585661548531611453e+00
5.480000000000000000e+02 1.585822455697240008e+00
5.490000000000000000e+02 1.585983659211282593e+00
5.500000000000000000e+02 1.586145159073739208e+00
5.510000000000000000e+02 1.586306955284609854e+00
5.520000000000000000e+02 1.586469047843894753e+00
5.530000000000000000e+02 1.586631436751593682e+00
5.540000000000000000e+02 1.586794122007706642e+00
5.550000000000000000e+02 1.586957103612233855e+00
5.560000000000000000e+02 1.587120381565175098e+00
5.570000000000000000e+02 1.587283955866530372e+00
5.580000000000000000e+02 1.587447826516299676e+00
5.590000000000000000e+02 1.587611993514483233e+00
5.600000000000000000e+02 1.587776456861080820e+00
5.610000000000000000e+02 1.587941216556092439e+00
5.620000000000000000e+02 1.588106272599518309e+00
5.630000000000000000e+02 1.588271624991358211e+00
5.640000000000000000e+02 1.588437273731612143e+00
5.650000000000000000e+02 1.588603218820280105e+00
5.660000000000000000e+02 1.588769460257362320e+00
5.670000000000000000e+02 1.588935998042858566e+00
5.680000000000000000e+02 1.589102832176768842e+00
5.690000000000000000e+02 1.589269962659093371e+00
5.700000000000000000e+02 1.589437389489831931e+00
5.710000000000000000e+02 1.589605112668984521e+00
5.720000000000000000e+02 1.589773132196551142e+00
5.730000000000000000e+02 1.589941448072532015e+00
5.740000000000000000e+02 1.590110060296926919e+00
5.750000000000000000e+02 1.590278968869735854e+00
5.760000000000000000e+02 1.590448173790959041e+00
5.770000000000000000e+02 1.590617675060596259e+00
5.780000000000000000e+02 1.590787472678647507e+00
5.790000000000000000e+02 1.590957566645112786e+00
5.800000000000000000e+02 1.591127956959992318e+00
5.810000000000000000e+02 1.591298643623285880e+00
5.820000000000000000e+02 1.591469626634993473e+00
5.830000000000000000e+02 1.591640905995115318e+00
5.840000000000000000e+02 1.591812481703651194e+00
5.850000000000000000e+02 1.591984353760601101e+00
5.860000000000000000e+02 1.592156522165965038e+00
5.870000000000000000e+02 1.592328986919743228e+00
5.880000000000000000e+02 1.592501748021935448e+00
5.890000000000000000e+02 1.592674805472541699e+00
5.900000000000000000e+02 1.592848159271562203e+00
5.910000000000000000e+02 1.593021809418996515e+00
5.920000000000000000e+02 1.593195755914845302e+00
5.930000000000000000e+02 1.593369998759107897e+00
5.940000000000000000e+02 1.593544537951784745e+00
5.950000000000000000e+02 1.593719373492875624e+00
5.960000000000000000e+02 1.593894505382380533e+00
5.970000000000000000e+02 1.594069933620299473e+00
5.980000000000000000e+02 1.594245658206632665e+00
5.990000000000000000e+02 1.594421679141379888e+00
6.000000000000000000e+02 1.594597996424541364e+00
6.010000000000000000e+02 1.594774610056116648e+00
6.020000000000000000e+02 1.594951520036106185e+00
6.030000000000000000e+02 1.595128726364509975e+00
6.040000000000000000e+02 1.595306229041327573e+00
6.050000000000000000e+02 1.595484028066559423e+00
6.060000000000000000e+02 1.595662123440205304e+00
6.070000000000000000e+02 1.595840515162265216e+00
6.080000000000000000e+02 1.596019203232739381e+00
6.090000000000000000e+02 1.596198187651627576e+00
6.100000000000000000e+02 1.596377468418929801e+00
6.110000000000000000e+02 1.596557045534646280e+00
6.120000000000000000e+02 1.596736918998776789e+00
6.130000000000000000e+02 1.596917088811321328e+00
6.140000000000000000e+02 1.597097554972279898e+00
6.150000000000000000e+02 1.597278317481652721e+00
6.160000000000000000e+02 1.597459376339439574e+00
6.170000000000000000e+02 1.597640731545640458e+00
6.180000000000000000e+02 1.597822383100255594e+00
6.190000000000000000e+02 1.598004331003284539e+00
6.200000000000000000e+02 1.598186575254727959e+00
6.210000000000000000e+02 1.598369115854585187e+00
6.220000000000000000e+02 1.598551952802856668e+00
6.230000000000000000e+02 1.598735086099542180e+00
6.240000000000000000e+02 1.598918515744641722e+00
6.250000000000000000e+02 1.599102241738155294e+00
6.260000000000000000e+02 1.599286264080083120e+00
6.270000000000000000e+02 1.599470582770424976e+00
6.280000000000000000e+02 1.599655197809180862e+00
6.290000000000000000e+02 1.599840109196351001e+00
6.300000000000000000e+02 1.600025316931935171e+00
6.310000000000000000e+02 1.600210821015933371e+00
6.320000000000000000e+02 1.600396621448345824e+00
6.330000000000000000e+02 1.600582718229172308e+00
6.340000000000000000e+02 1.600769111358412822e+00
6.350000000000000000e+02 1.600955800836067366e+00
6.360000000000000000e+02 1.601142786662136164e+00
6.370000000000000000e+02 1.601330068836618992e+00
6.380000000000000000e+02 1.601517647359515850e+00
6.390000000000000000e+02 1.601705522230826739e+00
6.400000000000000000e+02 1.601893693450551881e+00
6.410000000000000000e+02 1.602082161018691053e+00
6.420000000000000000e+02 1.602270924935244478e+00
6.430000000000000000e+02 1.602459985200211712e+00
6.440000000000000000e+02 1.602649341813593198e+00
6.450000000000000000e+02 1.602838994775388937e+00
6.460000000000000000e+02 1.603028944085598484e+00
6.470000000000000000e+02 1.603219189744222284e+00
6.480000000000000000e+02 1.603409731751260114e+00
6.490000000000000000e+02 1.603600570106711976e+00
6.500000000000000000e+02 1.603791704810578089e+00
6.510000000000000000e+02 1.603983135862858234e+00
6.520000000000000000e+02 1.604174863263552409e+00
6.530000000000000000e+02 1.604366887012660614e+00
6.540000000000000000e+02 1.604559207110183072e+00
6.550000000000000000e+02 1.604751823556119561e+00
6.560000000000000000e+02 1.604944736350470302e+00
6.570000000000000000e+02 1.605137945493234852e+00
6.580000000000000000e+02 1.605331450984413655e+00
6.590000000000000000e+02 1.605525252824006488e+00
6.600000000000000000e+02 1.605719351012013574e+00
6.610000000000000000e+02 1.605913745548434690e+00
6.620000000000000000e+02 1.606108436433269837e+00
6.630000000000000000e+02 1.606303423666519015e+00
6.640000000000000000e+02 1.606498707248182445e+00
6.650000000000000000e+02 1.606694287178259906e+00
6.660000000000000000e+02 1.606890163456751397e+00
6.670000000000000000e+02 1.607086336083656919e+00
6.680000000000000000e+02 1.607282805058976694e+00
6.690000000000000000e+02 1.607479570382710499e+00
6.700000000000000000e+02 1.607676632054858334e+00
6.710000000000000000e+02 1.607873990075420423e+00
6.720000000000000000e+02 1.608071644444396542e+00
6.730000000000000000e+02 1.608269595161786691e+00
6.740000000000000000e+02 1.608467842227591094e+00
6.750000000000000000e+02 1.608666385641809526e+00
6.760000000000000000e+02 1.608865225404441990e+00
6.770000000000000000e+02 1.609064361515488484e+00
6.780000000000000000e+02 1.609263793974949230e+00
6.790000000000000000e+02 1.609463522782823786e+00
6.800000000000000000e+02 1.609663547939112815e+00
6.810000000000000000e+02 1.609863869443815654e+00
6.820000000000000000e+02 1.610064487296932745e+00
6.830000000000000000e+02 1.610265401498463866e+00
6.840000000000000000e+02 1.610466612048409019e+00
6.850000000000000000e+02 1.610668118946768423e+00
6.860000000000000000e+02 1.610869922193541859e+00
6.870000000000000000e+02 1.611072021788729325e+00
6.880000000000000000e+02 1.611274417732330821e+00
6.890000000000000000e+02 1.611477110024346571e+00
6.900000000000000000e+02 1.611680098664776351e+00
6.910000000000000000e+02 1.611883383653620383e+00
6.920000000000000000e+02 1.612086964990878224e+00
6.930000000000000000e+02 1.612290842676550318e+00
6.940000000000000000e+02 1.612495016710636442e+00
6.950000000000000000e+02 1.612699487093136819e+00
6.960000000000000000e+02 1.612904253824051004e+00
6.970000000000000000e+02 1.613109316903379664e+00
6.980000000000000000e+02 1.613314676331122133e+00
6.990000000000000000e+02 1.613520332107278632e+00
7.000000000000000000e+02 1.613726284231849384e+00
7.010000000000000000e+02 1.613932532704834166e+00
7.020000000000000000e+02 1.614139077526233201e+00
7.030000000000000000e+02 1.614345918696046267e+00
7.040000000000000000e+02 1.614553056214273363e+00
7.050000000000000000e+02 1.614760490080914490e+00
7.060000000000000000e+02 1.614968220295969870e+00
7.070000000000000000e+02 1.615176246859439280e+00
7.080000000000000000e+02 1.615384569771322720e+00
7.090000000000000000e+02 1.615593189031620192e+00
7.100000000000000000e+02 1.615802104640331915e+00
7.110000000000000000e+02 1.616011316597457670e+00
7.120000000000000000e+02 1.616220824902997455e+00
7.130000000000000000e+02 1.616430629556951493e+00
7.140000000000000000e+02 1.616640730559319561e+00
7.150000000000000000e+02 1.616851127910101660e+00
7.160000000000000000e+02 1.617061821609297789e+00
7.170000000000000000e+02 1.617272811656908171e+00
7.180000000000000000e+02 1.617484098052932584e+00
7.190000000000000000e+02 1.617695680797371027e+00
7.200000000000000000e+02 1.617907559890223723e+00
7.210000000000000000e+02 1.618119735331490450e+00
7.220000000000000000e+02 1.618332207121171207e+00
7.230000000000000000e+02 1.618544975259265994e+00
7.240000000000000000e+02 1.618758039745775035e+00
7.250000000000000000e+02 1.618971400580698106e+00
7.260000000000000000e+02 1.619185057764035207e+00
7.270000000000000000e+02 1.619399011295786561e+00
7.280000000000000000e+02 1.619613261175951946e+00
7.290000000000000000e+02 1.619827807404531361e+00
7.300000000000000000e+02 1.620042649981525029e+00
7.310000000000000000e+02 1.620257788906932506e+00
7.320000000000000000e+02 1.620473224180754235e+00
7.330000000000000000e+02 1.620688955802990217e+00
7.340000000000000000e+02 1.620904983773640007e+00
7.350000000000000000e+02 1.621121308092704050e+00
7.360000000000000000e+02 1.621337928760182123e+00
7.370000000000000000e+02 1.621554845776074449e+00
7.380000000000000000e+02 1.621772059140380584e+00
7.390000000000000000e+02 1.621989568853100971e+00
7.400000000000000000e+02 1.622207374914235611e+00
7.410000000000000000e+02 1.622425477323784060e+00
7.420000000000000000e+02 1.622643876081746761e+00
7.430000000000000000e+02 1.622862571188123493e+00
7.440000000000000000e+02 1.623081562642914477e+00
7.450000000000000000e+02 1.623300850446119270e+00
7.460000000000000000e+02 1.623520434597738316e+00
7.470000000000000000e+02 1.623740315097771614e+00
7.480000000000000000e+02 1.623960491946218720e+00
7.490000000000000000e+02 1.624180965143080080e+00
7.500000000000000000e+02 1.624401734688355470e+00
7.510000000000000000e+02 1.624622800582045112e+00
7.520000000000000000e+02 1.624844162824148563e+00
7.530000000000000000e+02 1.625065821414666267e+00
7.540000000000000000e+02 1.625287776353598224e+00
7.550000000000000000e+02 1.625510027640943989e+00
7.560000000000000000e+02 1.625732575276704006e+00
7.570000000000000000e+02 1.625955419260878054e+00
7.580000000000000000e+02 1.626178559593466355e+00
7.590000000000000000e+02 1.626401996274468464e+00
7.600000000000000000e+02 1.626625729303884826e+00
7.610000000000000000e+02 1.626849758681715219e+00
7.620000000000000000e+02 1.627074084407959864e+00
7.630000000000000000e+02 1.627298706482618540e+00
7.640000000000000000e+02 1.627523624905691246e+00
7.650000000000000000e+02 1.627748839677177983e+00
7.660000000000000000e+02 1.627974350797078973e+00
7.670000000000000000e+02 1.628200158265393993e+00
7.680000000000000000e+02 1.628426262082123044e+00
7.690000000000000000e+02 1.628652662247266347e+00
7.700000000000000000e+02 1.628879358760823681e+00
7.710000000000000000e+02 1.629106351622795046e+00
7.720000000000000000e+02 1.629333640833180441e+00
7.730000000000000000e+02 1.629561226391980089e+00
7.740000000000000000e+02 1.629789108299193767e+00
7.750000000000000000e+02 1.630017286554821476e+00
7.760000000000000000e+02 1.630245761158863438e+00
7.770000000000000000e+02 1.630474532111319430e+00
7.780000000000000000e+02 1.630703599412189453e+00
7.790000000000000000e+02 1.630932963061473506e+00
7.800000000000000000e+02 1.631162623059171812e+00
7.810000000000000000e+02 1.631392579405284149e+00
7.820000000000000000e+02 1.631622832099810516e+00
7.830000000000000000e+02 1.631853381142751136e+00
7.840000000000000000e+02 1.632084226534105564e+00
7.850000000000000000e+02 1.632315368273874467e+00
7.860000000000000000e+02 1.632546806362057179e+00
7.870000000000000000e+02 1.632778540798654143e+00
7.880000000000000000e+02 1.633010571583665138e+00
7.890000000000000000e+02 1.633242898717090164e+00
7.900000000000000000e+02 1.633475522198929220e+00
7.910000000000000000e+02 1.633708442029182528e+00
7.920000000000000000e+02 1.633941658207849867e+00
7.930000000000000000e+02 1.634175170734931459e+00
7.940000000000000000e+02 1.634408979610426860e+00
7.950000000000000000e+02 1.634643084834336513e+00
7.960000000000000000e+02 1.634877486406660418e+00
7.970000000000000000e+02 1.635112184327398133e+00
7.980000000000000000e+02 1.635347178596550100e+00
7.990000000000000000e+02 1.635582469214116097e+00
8.000000000000000000e+02 1.635818056180096125e+00
8.010000000000000000e+02 1.636053939494490406e+00
8.020000000000000000e+02 1.636290119157298717e+00
8.030000000000000000e+02 1.636526595168521059e+00
8.040000000000000000e+02 1.636763367528157653e+00
8.050000000000000000e+02 1.637000436236208278e+00
8.060000000000000000e+02 1.637237801292672934e+00
8.070000000000000000e+02 1.637475462697551620e+00
8.080000000000000000e+02 1.637713420450844559e+00
8.090000000000000000e+02 1.637951674552551529e+00
8.100000000000000000e+02 1.638190225002672529e+00
8.110000000000000000e+02 1.638429071801207559e+00
8.120000000000000000e+02 1.638668214948156843e+00
8.130000000000000000e+02 1.638907654443520157e+00
8.140000000000000000e+02 1.639147390287297723e+00
8.150000000000000000e+02 1.639387422479489098e+00
8.160000000000000000e+02 1.639627751020094726e+00
8.170000000000000000e+02 1.639868375909114606e+00
8.180000000000000000e+02 1.640109297146548295e+00
8.190000000000000000e+02 1.640350514732396237e+00
8.200000000000000000e+02 1.640592028666658209e+00
8.210000000000000000e+02 1.640833838949334211e+00
8.220000000000000000e+02 1.641075945580424467e+00
8.230000000000000000e+02 1.641318348559928753e+00
8.240000000000000000e+02 1.641561047887847069e+00
8.250000000000000000e+02 1.641804043564179638e+00
8.260000000000000000e+02 1.642047335588926238e+00
8.270000000000000000e+02 1.642290923962086868e+00
8.280000000000000000e+02 1.642534808683661529e+00
8.290000000000000000e+02 1.642778989753650443e+00
8.300000000000000000e+02 1.643023467172053387e+00
8.310000000000000000e+02 1.643268240938870361e+00
8.320000000000000000e+02 1.643513311054101367e+00
8.330000000000000000e+02 1.643758677517746625e+00
8.340000000000000000e+02 1.644004340329805913e+00
8.350000000000000000e+02 1.644250299490279232e+00
8.360000000000000000e+02 1.644496554999166804e+00
8.370000000000000000e+02 1.644743106856468406e+00
8.380000000000000000e+02 1.644989955062184039e+00
8.390000000000000000e+02 1.645237099616313925e+00
8.400000000000000000e+02 1.645484540518857841e+00
8.410000000000000000e+02 1.645732277769815788e+00
8.420000000000000000e+02 1.645980311369187765e+00
8.430000000000000000e+02 1.646228641316973995e+00
8.440000000000000000e+02 1.646477267613174256e+00
8.450000000000000000e+02 1.646726190257788547e+00
8.460000000000000000e+02 1.646975409250816869e+00
8.470000000000000000e+02 1.647224924592259443e+00
8.480000000000000000e+02 1.647474736282116048e+00
8.490000000000000000e+02 1.647724844320386905e+00
8.500000000000000000e+02 1.647975248707071572e+00
8.510000000000000000e+02 1.648225949442170490e+00
8.520000000000000000e+02 1.648476946525683440e+00
8.530000000000000000e+02 1.648728239957610642e+00
8.540000000000000000e+02 1.648979829737951874e+00
8.550000000000000000e+02 1.649231715866707138e+00
8.560000000000000000e+02 1.649483898343876431e+00
8.570000000000000000e+02 1.649736377169459978e+00
8.580000000000000000e+02 1.649989152343457333e+00
8.590000000000000000e+02 1.650242223865869162e+00
8.600000000000000000e+02 1.650495591736694800e+00
8.610000000000000000e+02 1.650749255955934691e+00
8.620000000000000000e+02 1.651003216523588613e+00
8.630000000000000000e+02 1.651257473439656565e+00
8.640000000000000000e+02 1.651512026704138769e+00
8.650000000000000000e+02 1.651766876317035004e+00
8.660000000000000000e+02 1.652022022278345270e+00
8.670000000000000000e+02 1.652277464588069789e+00
8.680000000000000000e+02 1.652533203246208116e+00
8.690000000000000000e+02 1.652789238252760695e+00
8.700000000000000000e+02 1.653045569607727527e+00
8.710000000000000000e+02 1.653302197311108168e+00
8.720000000000000000e+02 1.653559121362903062e+00
8.730000000000000000e+02 1.653816341763111986e+00
8.740000000000000000e+02 1.654073858511735162e+00
8.750000000000000000e+02 1.654331671608772369e+00
8.760000000000000000e+02 1.654589781054223607e+00
8.770000000000000000e+02 1.654848186848088876e+00
8.780000000000000000e+02 1.655106888990368397e+00
8.790000000000000000e+02 1.655365887481061726e+00
8.800000000000000000e+02 1.655625182320169531e+00
8.810000000000000000e+02 1.655884773507691143e+00
8.820000000000000000e+02 1.656144661043627009e+00
8.830000000000000000e+02 1.656404844927976905e+00
8.840000000000000000e+02 1.656665325160740831e+00
8.850000000000000000e+02 1.656926101741919011e+00
8.860000000000000000e+02 1.657187174671511221e+00
8.870000000000000000e+02 1.657448543949517461e+00
8.880000000000000000e+02 1.657710209575937732e+00
8.890000000000000000e+02 1.657972171550772256e+00
8.900000000000000000e+02 1.658234429874020810e+00
8.910000000000000000e+02 1.658496984545683617e+00
8.920000000000000000e+02 1.658759835565760232e+00
8.930000000000000000e+02 1.659022982934251100e+00
8.940000000000000000e+02 1.659286426651155999e+00
8.950000000000000000e+02 1.659550166716475150e+00
8.960000000000000000e+02 1.659814203130208110e+00
8.970000000000000000e+02 1.660078535892355323e+00
8.980000000000000000e+02 1.660343165002916788e+00
8.990000000000000000e+02 1.660608090461892061e+00
9.000000000000000000e+02 1.660873312269281588e+00
9.010000000000000000e+02 1.661138830425085144e+00
9.020000000000000000e+02 1.661404644929302954e+00
9.030000000000000000e+02 1.661670755781934794e+00
9.040000000000000000e+02 1.661937162982980665e+00
9.050000000000000000e+02 1.662203866532440566e+00
9.060000000000000000e+02 1.662470866430314498e+00
9.070000000000000000e+02 1.662738162676602682e+00
9.080000000000000000e+02 1.663005755271305119e+00
9.090000000000000000e+02 1.663273644214421365e+00
9.100000000000000000e+02 1.663541829505951863e+00
9.110000000000000000e+02 1.663810311145896392e+00
9.120000000000000000e+02 1.664079089134254952e+00
9.130000000000000000e+02 1.664348163471027764e+00
9.140000000000000000e+02 1.664617534156214385e+00
9.150000000000000000e+02 1.664887201189815480e+00
9.160000000000000000e+02 1.665157164571830384e+00
9.170000000000000000e+02 1.665427424302259540e+00
9.180000000000000000e+02 1.665697980381102727e+00
9.190000000000000000e+02 1.665968832808359945e+00
9.200000000000000000e+02 1.666239981584031415e+00
9.210000000000000000e+02 1.666511426708116916e+00
9.220000000000000000e+02 1.666783168180616448e+00
9.230000000000000000e+02 1.667055206001530010e+00
9.240000000000000000e+02 1.667327540170857825e+00
9.250000000000000000e+02 1.667600170688599670e+00
9.260000000000000000e+02 1.667873097554755546e+00
9.270000000000000000e+02 1.668146320769325675e+00
9.280000000000000000e+02 1.668419840332309834e+00
9.290000000000000000e+02 1.668693656243708023e+00
9.300000000000000000e+02 1.668967768503520244e+00
9.310000000000000000e+02 1.669242177111746717e+00
9.320000000000000000e+02 1.669516882068387220e+00
9.330000000000000000e+02 1.669791883373441754e+00
9.340000000000000000e+02 1.670067181026910541e+00
9.350000000000000000e+02 1.670342775028793358e+00
9.360000000000000000e+02 1.670618665379090206e+00
9.370000000000000000e+02 1.670894852077801085e+00
9.380000000000000000e+02 1.671171335124926216e+00
9.390000000000000000e+02 1.671448114520465378e+00
9.400000000000000000e+02 1.671725190264418570e+00
9.410000000000000000e+02 1.672002562356786015e+00
9.420000000000000000e+02 1.672280230797567491e+00
9.430000000000000000e+02 1.672558195586762997e+00
9.440000000000000000e+02 1.672836456724372534e+00
9.450000000000000000e+02 1.673115014210396323e+00
9.460000000000000000e+02 1.673393868044834143e+00
9.470000000000000000e+02 1.673673018227685994e+00
9.480000000000000000e+02 1.673952464758952097e+00
9.490000000000000000e+02 1.674232207638632008e+00
9.500000000000000000e+02 1.674512246866726395e+00
9.510000000000000000e+02 1.674792582443234590e+00
9.520000000000000000e+02 1.675073214368157037e+00
9.530000000000000000e+02 1.675354142641493516e+00
9.540000000000000000e+02 1.675635367263244024e+00
9.550000000000000000e+02 1.675916888233408786e+00
9.560000000000000000e+02 1.676198705551987356e+00
9.570000000000000000e+02 1.676480819218980400e+00
9.580000000000000000e+02 1.676763229234387254e+00
9.590000000000000000e+02 1.677045935598208359e+00
9.600000000000000000e+02 1.677328938310443496e+00
9.610000000000000000e+02 1.677612237371092663e+00
9.620000000000000000e+02 1.677895832780155860e+00
9.630000000000000000e+02 1.678179724537633311e+00
9.640000000000000000e+02 1.678463912643524791e+00
9.650000000000000000e+02 1.678748397097830525e+00
9.660000000000000000e+02 1.679033177900550289e+00
9.670000000000000000e+02 1.679318255051684083e+00
9.680000000000000000e+02 1.679603628551231909e+00
9.690000000000000000e+02 1.679889298399193764e+00
9.700000000000000000e+02 1.680175264595569873e+00
9.710000000000000000e+02 1.680461527140360012e+00
9.720000000000000000e+02 1.680748086033564404e+00
9.730000000000000000e+02 1.681034941275182604e+00
9.740000000000000000e+02 1.681322092865215057e+00
9.750000000000000000e+02 1.681609540803661762e+00
9.760000000000000000e+02 1.681897285090522276e+00
9.770000000000000000e+02 1.682185325725797043e+00
9.780000000000000000e+02 1.682473662709485840e+00
9.790000000000000000e+02 1.682762296041588668e+00
9.800000000000000000e+02 1.683051225722105748e+00
9.810000000000000000e+02 1.683340451751036859e+00
9.820000000000000000e+02 1.683629974128382001e+00
9.830000000000000000e+02 1.683919792854141395e+00
9.840000000000000000e+02 1.684209907928314820e+00
9.850000000000000000e+02 1.684500319350902275e+00
9.860000000000000000e+02 1.684791027121903761e+00
9.870000000000000000e+02 1.685082031241319500e+00
9.880000000000000000e+02 1.685373331709149269e+00
9.890000000000000000e+02 1.685664928525393069e+00
9.900000000000000000e+02 1.685956821690051122e+00
9.910000000000000000e+02 1.686249011203122983e+00
9.920000000000000000e+02 1.686541497064609096e+00
9.930000000000000000e+02 1.686834279274509463e+00
9.940000000000000000e+02 1.687127357832823638e+00
9.950000000000000000e+02 1.687420732739552065e+00
9.960000000000000000e+02 1.687714403994694745e+00
9.970000000000000000e+02 1.688008371598251234e+00
9.980000000000000000e+02 1.688302635550221975e+00
9.990000000000000000e+02 1.688597195850606747e+00
1.000000000000000000e+03 1.688892052499405771e+00
1.001000000000000000e+03 1.689187205496618605e+00
1.002000000000000000e+03 1.689482654842245690e+00
1.003000000000000000e+03 1.689778400536286806e+00
1.004000000000000000e+03 1.690074442578742175e+00
1.005000000000000000e+03 1.690370780969611575e+00
1.006000000000000000e+03 1.690667415708895005e+00
1.007000000000000000e+03 1.690964346796592466e+00
1.008000000000000000e+03 1.691261574232704179e+00
1.009000000000000000e+03 1.691559098017229923e+00
1.010000000000000000e+03 1.691856918150169697e+00
1.011000000000000000e+03 1.692155034631523502e+00
1.012000000000000000e+03 1.692453447461291560e+00
1.013000000000000000e+03 1.692752156639473649e+00
1.014000000000000000e+03 1.693051162166069989e+00
1.015000000000000000e+03 1.693350464041080139e+00
1.016000000000000000e+03 1.693650062264504541e+00
1.017000000000000000e+03 1.693949956836342974e+00
1.018000000000000000e+03 1.694250147756595659e+00
1.019000000000000000e+03 1.694550635025262375e+00
1.020000000000000000e+03 1.694851418642343122e+00
1.021000000000000000e+03 1.695152498607837899e+00
