# order=3: data_wav [pixel], data_wavsolution [micron]
3.000000000000000000e+00 1.423038497742816322e+00
4.000000000000000000e+00 1.423062264938674160e+00
5.000000000000000000e+00 1.423086028939772651e+00
6.000000000000000000e+00 1.423109789746112241e+00
7.000000000000000000e+00 1.423133547357692263e+00
8.000000000000000000e+00 1.423157301774513162e+00
9.000000000000000000e+00 1.423181052996574936e+00
1.000000000000000000e+01 1.423204801023877586e+00
1.100000000000000000e+01 1.423228545856420890e+00
1.200000000000000000e+01 1.423252287494204849e+00
1.300000000000000000e+01 1.423276025937229683e+00
1.400000000000000000e+01 1.423299761185495393e+00
1.500000000000000000e+01 1.423323493239001758e+00
1.600000000000000000e+01 1.423347222097748777e+00
1.700000000000000000e+01 1.423370947761736893e+00
1.800000000000000000e+01 1.423394670230965664e+00
1.900000000000000000e+01 1.423418389505435089e+00
2.000000000000000000e+01 1.423442105585145390e+00
2.100000000000000000e+01 1.423465818470096345e+00
2.200000000000000000e+01 1.423489528160288176e+00
2.300000000000000000e+01 1.423513234655720883e+00
2.400000000000000000e+01 1.423536937956394244e+00
2.500000000000000000e+01 1.423560638062308481e+00
2.600000000000000000e+01 1.423584334973463372e+00
2.700000000000000000e+01 1.423608028689859140e+00
2.800000000000000000e+01 1.423631719211495561e+00
2.900000000000000000e+01 1.423655406538372858e+00
3.000000000000000000e+01 1.423679090670490810e+00
3.100000000000000000e+01 1.423702771607849638e+00
3.200000000000000000e+01 1.423726449350449341e+00
3.300000000000000000e+01 1.423750123898289699e+00
3.400000000000000000e+01 1.423773795251370933e+00
3.500000000000000000e+01 1.423797463409692821e+00
3.600000000000000000e+01 1.423821128373255585e+00
3.700000000000000000e+01 1.423844790142059002e+00
3.800000000000000000e+01 1.423868448716103297e+00
3.900000000000000000e+01 1.423892104095388467e+00
4.000000000000000000e+01 1.423915756279914291e+00
4.100000000000000000e+01 1.423939405269680769e+00
4.200000000000000000e+01 1.423963051064688123e+00
4.300000000000000000e+01 1.423986693664936354e+00
4.400000000000000000e+01 1.424010333070425238e+00
4.500000000000000000e+01 1.424033969281154999e+00
4.600000000000000000e+01 1.424057602297125413e+00
4.700000000000000000e+01 1.424081232118336704e+00
4.800000000000000000e+01 1.424104858744788871e+00
4.900000000000000000e+01 1.424128482176481691e+00
5.000000000000000000e+01 1.424152102413415166e+00
5.100000000000000000e+01 1.424175719455589517e+00
5.200000000000000000e+01 1.424199333303004744e+00
5.300000000000000000e+01 1.424222943955660625e+00
5.400000000000000000e+01 1.424246551413557382e+00
5.500000000000000000e+01 1.424270155676694793e+00
5.600000000000000000e+01 1.424293756745073081e+00
5.700000000000000000e+01 1.424317354618692244e+00
5.800000000000000000e+01 1.424340949297552061e+00
5.900000000000000000e+01 1.424364540781652533e+00
6.000000000000000000e+01 1.424388129070993880e+00
6.100000000000000000e+01 1.424411714165576104e+00
6.200000000000000000e+01 1.424435296065398981e+00
6.300000000000000000e+01 1.424458874770462735e+00
6.400000000000000000e+01 1.424482450280767143e+00
6.500000000000000000e+01 1.424506022596312427e+00
6.600000000000000000e+01 1.424529591717098365e+00
6.700000000000000000e+01 1.424553157643125179e+00
6.800000000000000000e+01 1.424576720374392869e+00
6.900000000000000000e+01 1.424600279910901213e+00
7.000000000000000000e+01 1.424623836252650433e+00
7.100000000000000000e+01 1.424647389399640307e+00
7.200000000000000000e+01 1.424670939351871057e+00
7.300000000000000000e+01 1.424694486109342462e+00
7.400000000000000000e+01 1.424718029672054742e+00
7.500000000000000000e+01 1.424741570040007677e+00
7.600000000000000000e+01 1.424765107213201487e+00
7.700000000000000000e+01 1.424788641191636174e+00
7.800000000000000000e+01 1.424812171975311514e+00
7.900000000000000000e+01 1.424835699564227731e+00
8.000000000000000000e+01 1.424859223958384602e+00
8.100000000000000000e+01 1.424882745157782349e+00
8.200000000000000000e+01 1.424906263162420750e+00
8.300000000000000000e+01 1.424929777972300027e+00
8.400000000000000000e+01 1.424953289587419958e+00
8.500000000000000000e+01 1.424976798007780765e+00
8.600000000000000000e+01 1.425000303233382448e+00
8.700000000000000000e+01 1.425023805264224785e+00
8.800000000000000000e+01 1.425047304100307777e+00
8.900000000000000000e+01 1.425070799741631866e+00
9.000000000000000000e+01 1.425094292188196388e+00
9.100000000000000000e+01 1.425117781440002007e+00
9.200000000000000000e+01 1.425141267497048059e+00
9.300000000000000000e+01 1.425164750359335208e+00
9.400000000000000000e+01 1.425188230026863012e+00
9.500000000000000000e+01 1.425211706499631470e+00
9.600000000000000000e+01 1.425235179777640804e+00
9.700000000000000000e+01 1.425258649860891014e+00
9.800000000000000000e+01 1.425282116749381878e+00
9.900000000000000000e+01 1.425305580443113618e+00
1.000000000000000000e+02 1.425329040942086012e+00
1.010000000000000000e+02 1.425352498246299282e+00
1.020000000000000000e+02 1.425375952355753428e+00
1.030000000000000000e+02 1.425399403270448229e+00
1.040000000000000000e+02 1.425422850990383683e+00
1.050000000000000000e+02 1.425446295515560013e+00
1.060000000000000000e+02 1.425469736845977220e+00
1.070000000000000000e+02 1.425493174981635081e+00
1.080000000000000000e+02 1.425516609922533817e+00
1.090000000000000000e+02 1.425540041668673208e+00
1.100000000000000000e+02 1.425563470220053475e+00
1.110000000000000000e+02 1.425586895576674396e+00
1.120000000000000000e+02 1.425610317738536192e+00
1.130000000000000000e+02 1.425633736705638865e+00
1.140000000000000000e+02 1.425657152477982192e+00
1.150000000000000000e+02 1.425680565055566174e+00
1.160000000000000000e+02 1.425703974438391253e+00
1.170000000000000000e+02 1.425727380626456764e+00
1.180000000000000000e+02 1.425750783619763373e+00
1.190000000000000000e+02 1.425774183418310415e+00
1.200000000000000000e+02 1.425797580022098554e+00
1.210000000000000000e+02 1.425820973431127348e+00
1.220000000000000000e+02 1.425844363645396795e+00
1.230000000000000000e+02 1.425867750664907119e+00
1.240000000000000000e+02 1.425891134489658318e+00
1.250000000000000000e+02 1.425914515119650172e+00
1.260000000000000000e+02 1.425937892554882902e+00
1.270000000000000000e+02 1.425961266795356286e+00
1.280000000000000000e+02 1.425984637841070546e+00
1.290000000000000000e+02 1.426008005692025460e+00
1.300000000000000000e+02 1.426031370348221250e+00
1.310000000000000000e+02 1.426054731809657916e+00
1.320000000000000000e+02 1.426078090076335236e+00
1.330000000000000000e+02 1.426101445148253211e+00
1.340000000000000000e+02 1.426124797025412283e+00
1.350000000000000000e+02 1.426148145707811787e+00
1.360000000000000000e+02 1.426171491195452390e+00
1.370000000000000000e+02 1.426194833488333424e+00
1.380000000000000000e+02 1.426218172586455557e+00
1.390000000000000000e+02 1.426241508489818344e+00
1.400000000000000000e+02 1.426264841198421784e+00
1.410000000000000000e+02 1.426288170712266101e+00
1.420000000000000000e+02 1.426311497031351294e+00
1.430000000000000000e+02 1.426334820155677141e+00
1.440000000000000000e+02 1.426358140085243864e+00
1.450000000000000000e+02 1.426381456820051241e+00
1.460000000000000000e+02 1.426404770360099494e+00
1.470000000000000000e+02 1.426428080705388401e+00
1.480000000000000000e+02 1.426451387855918185e+00
1.490000000000000000e+02 1.426474691811688844e+00
1.500000000000000000e+02 1.426497992572700158e+00
1.510000000000000000e+02 1.426521290138952125e+00
1.520000000000000000e+02 1.426544584510444968e+00
1.530000000000000000e+02 1.426567875687178688e+00
1.540000000000000000e+02 1.426591163669153062e+00
1.550000000000000000e+02 1.426614448456368311e+00
1.560000000000000000e+02 1.426637730048824215e+00
1.570000000000000000e+02 1.426661008446520995e+00
1.580000000000000000e+02 1.426684283649458651e+00
1.590000000000000000e+02 1.426707555657636961e+00
1.600000000000000000e+02 1.426730824471055925e+00
1.610000000000000000e+02 1.426754090089715987e+00
1.620000000000000000e+02 1.426777352513616481e+00
1.630000000000000000e+02 1.426800611742758074e+00
1.640000000000000000e+02 1.426823867777140098e+00
1.650000000000000000e+02 1.426847120616763220e+00
1.660000000000000000e+02 1.426870370261626997e+00
1.670000000000000000e+02 1.426893616711731427e+00
1.680000000000000000e+02 1.426916859967076734e+00
1.690000000000000000e+02 1.426940100027662917e+00
1.700000000000000000e+02 1.426963336893489753e+00
1.710000000000000000e+02 1.426986570564557466e+00
1.720000000000000000e+02 1.427009801040865833e+00
1.730000000000000000e+02 1.427033028322415076e+00
1.740000000000000000e+02 1.427056252409204973e+00
1.750000000000000000e+02 1.427079473301235746e+00
1.760000000000000000e+02 1.427102690998507173e+00
1.770000000000000000e+02 1.427125905501019476e+00
1.780000000000000000e+02 1.427149116808772655e+00
1.790000000000000000e+02 1.427172324921766489e+00
1.800000000000000000e+02 1.427195529840001198e+00
1.810000000000000000e+02 1.427218731563476561e+00
1.820000000000000000e+02 1.427241930092192801e+00
1.830000000000000000e+02 1.427265125426149694e+00
1.840000000000000000e+02 1.427288317565347464e+00
1.850000000000000000e+02 1.427311506509785888e+00
1.860000000000000000e+02 1.427334692259465188e+00
1.870000000000000000e+02 1.427357874814385363e+00
1.880000000000000000e+02 1.427381054174546193e+00
1.890000000000000000e+02 1.427404230339947899e+00
1.900000000000000000e+02 1.427427403310590259e+00
1.910000000000000000e+02 1.427450573086473495e+00
1.920000000000000000e+02 1.427473739667597386e+00
1.930000000000000000e+02 1.427496903053962152e+00
1.940000000000000000e+02 1.427520063245567794e+00
1.950000000000000000e+02 1.427543220242414090e+00
1.960000000000000000e+02 1.427566374044501041e+00
1.970000000000000000e+02 1.427589524651828867e+00
1.980000000000000000e+02 1.427612672064397570e+00
1.990000000000000000e+02 1.427635816282206926e+00
2.000000000000000000e+02 1.427658957305257159e+00
2.010000000000000000e+02 1.427682095133548046e+00
2.020000000000000000e+02 1.427705229767079809e+00
2.030000000000000000e+02 1.427728361205852448e+00
2.040000000000000000e+02 1.427751489449865741e+00
2.050000000000000000e+02 1.427774614499119687e+00
2.060000000000000000e+02 1.427797736353614511e+00
2.070000000000000000e+02 1.427820855013350210e+00
2.080000000000000000e+02 1.427843970478326563e+00
2.090000000000000000e+02 1.427867082748543792e+00
2.100000000000000000e+02 1.427890191824001676e+00
2.110000000000000000e+02 1.427913297704700435e+00
2.120000000000000000e+02 1.427936400390639848e+00
2.130000000000000000e+02 1.427959499881820138e+00
2.140000000000000000e+02 1.427982596178241304e+00
2.150000000000000000e+02 1.428005689279903123e+00
2.160000000000000000e+02 1.428028779186805819e+00
2.170000000000000000e+02 1.428051865898949169e+00
2.180000000000000000e+02 1.428074949416333395e+00
2.190000000000000000e+02 1.428098029738958274e+00
2.200000000000000000e+02 1.428121106866824030e+00
2.210000000000000000e+02 1.428144180799930441e+00
2.220000000000000000e+02 1.428167251538277727e+00
2.230000000000000000e+02 1.428190319081865889e+00
2.240000000000000000e+02 1.428213383430694705e+00
2.250000000000000000e+02 1.428236444584764397e+00
2.260000000000000000e+02 1.428259502544074744e+00
2.270000000000000000e+02 1.428282557308625966e+00
2.280000000000000000e+02 1.428305608878417843e+00
2.290000000000000000e+02 1.428328657253450595e+00
2.300000000000000000e+02 1.428351702433724002e+00
2.310000000000000000e+02 1.428374744419238285e+00
2.320000000000000000e+02 1.428397783209993444e+00
2.330000000000000000e+02 1.428420818805989256e+00
2.340000000000000000e+02 1.428443851207225723e+00
2.350000000000000000e+02 1.428466880413703288e+00
2.360000000000000000e+02 1.428489906425421285e+00
2.370000000000000000e+02 1.428512929242380380e+00
2.380000000000000000e+02 1.428535948864580130e+00
2.390000000000000000e+02 1.428558965292020533e+00
2.400000000000000000e+02 1.428581978524701812e+00
2.410000000000000000e+02 1.428604988562623745e+00
2.420000000000000000e+02 1.428627995405786777e+00
2.430000000000000000e+02 1.428650999054190240e+00
2.440000000000000000e+02 1.428673999507834580e+00
2.450000000000000000e+02 1.428696996766719796e+00
2.460000000000000000e+02 1.428719990830845665e+00
2.470000000000000000e+02 1.428742981700212411e+00
2.480000000000000000e+02 1.428765969374820033e+00
2.490000000000000000e+02 1.428788953854668309e+00
2.500000000000000000e+02 1.428811935139757239e+00
2.510000000000000000e+02 1.428834913230087045e+00
2.520000000000000000e+02 1.428857888125657727e+00
2.530000000000000000e+02 1.428880859826469063e+00
2.540000000000000000e+02 1.428903828332521275e+00
2.550000000000000000e+02 1.428926793643814142e+00
2.560000000000000000e+02 1.428949755760347884e+00
2.570000000000000000e+02 1.428972714682122280e+00
2.580000000000000000e+02 1.428995670409137553e+00
2.590000000000000000e+02 1.429018622941393701e+00
2.600000000000000000e+02 1.429041572278890504e+00
2.610000000000000000e+02 1.429064518421628183e+00
2.620000000000000000e+02 1.429087461369606515e+00
2.630000000000000000e+02 1.429110401122825502e+00
2.640000000000000000e+02 1.429133337681285587e+00
2.650000000000000000e+02 1.429156271044986326e+00
2.660000000000000000e+02 1.429179201213927719e+00
2.670000000000000000e+02 1.429202128188109988e+00
2.680000000000000000e+02 1.429225051967532911e+00
2.690000000000000000e+02 1.429247972552196710e+00
2.700000000000000000e+02 1.429270889942101386e+00
2.710000000000000000e+02 1.429293804137246715e+00
2.720000000000000000e+02 1.429316715137632920e+00
2.730000000000000000e+02 1.429339622943259780e+00
2.740000000000000000e+02 1.429362527554127515e+00
2.750000000000000000e+02 1.429385428970236127e+00
2.760000000000000000e+02 1.429408327191585171e+00
2.770000000000000000e+02 1.429431222218175312e+00
2.780000000000000000e+02 1.429454114050006108e+00
2.790000000000000000e+02 1.429477002687077780e+00
2.800000000000000000e+02 1.429499888129390106e+00
2.810000000000000000e+02 1.429522770376943086e+00
2.820000000000000000e+02 1.429545649429737164e+00
2.830000000000000000e+02 1.429568525287771896e+00
2.840000000000000000e+02 1.429591397951047282e+00
2.850000000000000000e+02 1.429614267419563545e+00
2.860000000000000000e+02 1.429637133693320461e+00
2.870000000000000000e+02 1.429659996772318253e+00
2.880000000000000000e+02 1.429682856656556922e+00
2.890000000000000000e+02 1.429705713346036244e+00
2.900000000000000000e+02 1.429728566840756443e+00
2.910000000000000000e+02 1.429751417140717296e+00
2.920000000000000000e+02 1.429774264245919024e+00
2.930000000000000000e+02 1.429797108156361407e+00
2.940000000000000000e+02 1.429819948872044666e+00
2.950000000000000000e+02 1.429842786392968801e+00
2.960000000000000000e+02 1.429865620719133590e+00
2.970000000000000000e+02 1.429888451850539033e+00
2.980000000000000000e+02 1.429911279787185574e+00
2.990000000000000000e+02 1.429934104529072547e+00
3.000000000000000000e+02 1.429956926076200618e+00
3.010000000000000000e+02 1.429979744428569122e+00
3.020000000000000000e+02 1.430002559586178723e+00
3.030000000000000000e+02 1.430025371549028979e+00
3.040000000000000000e+02 1.430048180317119888e+00
3.050000000000000000e+02 1.430070985890451674e+00
3.060000000000000000e+02 1.430093788269024335e+00
3.070000000000000000e+02 1.430116587452837651e+00
3.080000000000000000e+02 1.430139383441891843e+00
3.090000000000000000e+02 1.430162176236186689e+00
3.100000000000000000e+02 1.430184965835722410e+00
3.110000000000000000e+02 1.430207752240498786e+00
3.120000000000000000e+02 1.430230535450516038e+00
3.130000000000000000e+02 1.430253315465773944e+00
3.140000000000000000e+02 1.430276092286272727e+00
3.150000000000000000e+02 1.430298865912012385e+00
3.160000000000000000e+02 1.430321636342992697e+00
3.170000000000000000e+02 1.430344403579213886e+00
3.180000000000000000e+02 1.430367167620675728e+00
3.190000000000000000e+02 1.430389928467378446e+00
3.200000000000000000e+02 1.430412686119321819e+00
3.210000000000000000e+02 1.430435440576506068e+00
3.220000000000000000e+02 1.430458191838931192e+00
3.230000000000000000e+02 1.430480939906596971e+00
3.240000000000000000e+02 1.430503684779503404e+00
3.250000000000000000e+02 1.430526426457650713e+00
3.260000000000000000e+02 1.430549164941038898e+00
3.270000000000000000e+02 1.430571900229667737e+00
3.280000000000000000e+02 1.430594632323537452e+00
3.290000000000000000e+02 1.430617361222647821e+00
3.300000000000000000e+02 1.430640086926999066e+00
3.310000000000000000e+02 1.430662809436591187e+00
3.320000000000000000e+02 1.430685528751423963e+00
3.330000000000000000e+02 1.430708244871497392e+00
3.340000000000000000e+02 1.430730957796811920e+00
3.350000000000000000e+02 1.430753667527366879e+00
3.360000000000000000e+02 1.430776374063162715e+00
3.370000000000000000e+02 1.430799077404199426e+00
3.380000000000000000e+02 1.430821777550477014e+00
3.390000000000000000e+02 1.430844474501995256e+00
3.400000000000000000e+02 1.430867168258754152e+00
3.410000000000000000e+02 1.430889858820753924e+00
3.420000000000000000e+02 1.430912546187994572e+00
3.430000000000000000e+02 1.430935230360475874e+00
3.440000000000000000e+02 1.430957911338197830e+00
3.450000000000000000e+02 1.430980589121160884e+00
3.460000000000000000e+02 1.431003263709364370e+00
3.470000000000000000e+02 1.431025935102808955e+00
3.480000000000000000e+02 1.431048603301494193e+00
3.490000000000000000e+02 1.431071268305420086e+00
3.500000000000000000e+02 1.431093930114586854e+00
3.510000000000000000e+02 1.431116588728994499e+00
3.520000000000000000e+02 1.431139244148642797e+00
3.530000000000000000e+02 1.431161896373531750e+00
3.540000000000000000e+02 1.431184545403661801e+00
3.550000000000000000e+02 1.431207191239032284e+00
3.560000000000000000e+02 1.431229833879643865e+00
3.570000000000000000e+02 1.431252473325496100e+00
3.580000000000000000e+02 1.431275109576588989e+00
3.590000000000000000e+02 1.431297742632922754e+00
3.600000000000000000e+02 1.431320372494497395e+00
3.610000000000000000e+02 1.431342999161312690e+00
3.620000000000000000e+02 1.431365622633368639e+00
3.630000000000000000e+02 1.431388242910665687e+00
3.640000000000000000e+02 1.431410859993203166e+00
3.650000000000000000e+02 1.431433473880981744e+00
3.660000000000000000e+02 1.431456084574000975e+00
3.670000000000000000e+02 1.431478692072260861e+00
3.680000000000000000e+02 1.431501296375761623e+00
3.690000000000000000e+02 1.431523897484503038e+00
3.700000000000000000e+02 1.431546495398485552e+00
3.710000000000000000e+02 1.431569090117708498e+00
3.720000000000000000e+02 1.431591681642172320e+00
3.730000000000000000e+02 1.431614269971877018e+00
3.740000000000000000e+02 1.431636855106822592e+00
3.750000000000000000e+02 1.431659437047008598e+00
3.760000000000000000e+02 1.431682015792435703e+00
3.770000000000000000e+02 1.431704591343103461e+00
3.780000000000000000e+02 1.431727163699011873e+00
3.790000000000000000e+02 1.431749732860161162e+00
3.800000000000000000e+02 1.431772298826551326e+00
3.810000000000000000e+02 1.431794861598182145e+00
3.820000000000000000e+02 1.431817421175053839e+00
3.830000000000000000e+02 1.431839977557166188e+00
3.840000000000000000e+02 1.431862530744519413e+00
3.850000000000000000e+02 1.431885080737113514e+00
3.860000000000000000e+02 1.431907627534948269e+00
3.870000000000000000e+02 1.431930171138023677e+00
3.880000000000000000e+02 1.431952711546339962e+00
3.890000000000000000e+02 1.431975248759897124e+00
3.900000000000000000e+02 1.431997782778694939e+00
3.910000000000000000e+02 1.432020313602733630e+00
3.920000000000000000e+02 1.432042841232012975e+00
3.930000000000000000e+02 1.432065365666533197e+00
3.940000000000000000e+02 1.432087886906294072e+00
3.950000000000000000e+02 1.432110404951295823e+00
3.960000000000000000e+02 1.432132919801538451e+00
3.970000000000000000e+02 1.432155431457021733e+00
3.980000000000000000e+02 1.432177939917745890e+00
3.990000000000000000e+02 1.432200445183710702e+00
4.000000000000000000e+02 1.432222947254916390e+00
4.010000000000000000e+02 1.432245446131362732e+00
4.020000000000000000e+02 1.432267941813049950e+00
4.030000000000000000e+02 1.432290434299977822e+00
4.040000000000000000e+02 1.432312923592146570e+00
4.050000000000000000e+02 1.432335409689556194e+00
4.060000000000000000e+02 1.432357892592206472e+00
4.070000000000000000e+02 1.432380372300097404e+00
4.080000000000000000e+02 1.432402848813229213e+00
4.090000000000000000e+02 1.432425322131601897e+00
4.100000000000000000e+02 1.432447792255215235e+00
4.110000000000000000e+02 1.432470259184069450e+00
4.120000000000000000e+02 1.432492722918164541e+00
4.130000000000000000e+02 1.432515183457500285e+00
4.140000000000000000e+02 1.432537640802076684e+00
4.150000000000000000e+02 1.432560094951893959e+00
4.160000000000000000e+02 1.432582545906952110e+00
4.170000000000000000e+02 1.432604993667250914e+00
4.180000000000000000e+02 1.432627438232790595e+00
4.190000000000000000e+02 1.432649879603570930e+00
4.200000000000000000e+02 1.432672317779592142e+00
4.210000000000000000e+02 1.432694752760854007e+00
4.220000000000000000e+02 1.432717184547356748e+00
4.230000000000000000e+02 1.432739613139100365e+00
4.240000000000000000e+02 1.432762038536084637e+00
4.250000000000000000e+02 1.432784460738309562e+00
4.260000000000000000e+02 1.432806879745775586e+00
4.270000000000000000e+02 1.432829295558482041e+00
4.280000000000000000e+02 1.432851708176429595e+00
4.290000000000000000e+02 1.432874117599617581e+00
4.300000000000000000e+02 1.432896523828046664e+00
4.310000000000000000e+02 1.432918926861716402e+00
4.320000000000000000e+02 1.432941326700626794e+00
4.330000000000000000e+02 1.432963723344778062e+00
4.340000000000000000e+02 1.432986116794170206e+00
4.350000000000000000e+02 1.433008507048803004e+00
4.360000000000000000e+02 1.433030894108676678e+00
4.370000000000000000e+02 1.433053277973791007e+00
4.380000000000000000e+02 1.433075658644146211e+00
4.390000000000000000e+02 1.433098036119742069e+00
4.400000000000000000e+02 1.433120410400578804e+00
4.410000000000000000e+02 1.433142781486656414e+00
4.420000000000000000e+02 1.433165149377974679e+00
4.430000000000000000e+02 1.433187514074533597e+00
4.440000000000000000e+02 1.433209875576333392e+00
4.450000000000000000e+02 1.433232233883374063e+00
4.460000000000000000e+02 1.433254588995655388e+00
4.470000000000000000e+02 1.433276940913177588e+00
4.480000000000000000e+02 1.433299289635940665e+00
4.490000000000000000e+02 1.433321635163944396e+00
4.500000000000000000e+02 1.433343977497188781e+00
4.510000000000000000e+02 1.433366316635674043e+00
4.520000000000000000e+02 1.433388652579400180e+00
4.530000000000000000e+02 1.433410985328366971e+00
4.540000000000000000e+02 1.433433314882574638e+00
4.550000000000000000e+02 1.433455641242022960e+00
4.560000000000000000e+02 1.433477964406712157e+00
4.570000000000000000e+02 1.433500284376642009e+00
4.580000000000000000e+02 1.433522601151812736e+00
4.590000000000000000e+02 1.433544914732224118e+00
4.600000000000000000e+02 1.433567225117876376e+00
4.610000000000000000e+02 1.433589532308769510e+00
4.620000000000000000e+02 1.433611836304903298e+00
4.630000000000000000e+02 1.433634137106277961e+00
4.640000000000000000e+02 1.433656434712893279e+00
4.650000000000000000e+02 1.433678729124749474e+00
4.660000000000000000e+02 1.433701020341846322e+00
4.670000000000000000e+02 1.433723308364184046e+00
4.680000000000000000e+02 1.433745593191762646e+00
4.690000000000000000e+02 1.433767874824581900e+00
4.700000000000000000e+02 1.433790153262641809e+00
4.710000000000000000e+02 1.433812428505942593e+00
4.720000000000000000e+02 1.433834700554484254e+00
4.730000000000000000e+02 1.433856969408266568e+00
4.740000000000000000e+02 1.433879235067289759e+00
4.750000000000000000e+02 1.433901497531553604e+00
4.760000000000000000e+02 1.433923756801058325e+00
4.770000000000000000e+02 1.433946012875803921e+00
4.780000000000000000e+02 1.433968265755790172e+00
4.790000000000000000e+02 1.433990515441017077e+00
4.800000000000000000e+02 1.434012761931485080e+00
4.810000000000000000e+02 1.434035005227193516e+00
4.820000000000000000e+02 1.434057245328142827e+00
4.830000000000000000e+02 1.434079482234333014e+00
4.840000000000000000e+02 1.434101715945764077e+00
4.850000000000000000e+02 1.434123946462435795e+00
4.860000000000000000e+02 1.434146173784348166e+00
4.870000000000000000e+02 1.434168397911501414e+00
4.880000000000000000e+02 1.434190618843895537e+00
4.890000000000000000e+02 1.434212836581530315e+00
4.900000000000000000e+02 1.434235051124405746e+00
4.910000000000000000e+02 1.434257262472522276e+00
4.920000000000000000e+02 1.434279470625879238e+00
4.930000000000000000e+02 1.434301675584477298e+00
4.940000000000000000e+02 1.434323877348316012e+00
4.950000000000000000e+02 1.434346075917395380e+00
4.960000000000000000e+02 1.434368271291715624e+00
4.970000000000000000e+02 1.434390463471276744e+00
4.980000000000000000e+02 1.434412652456078519e+00
4.990000000000000000e+02 1.434434838246120947e+00
5.000000000000000000e+02 1.434457020841404473e+00
5.010000000000000000e+02 1.434479200241928432e+00
5.020000000000000000e+02 1.434501376447693488e+00
5.030000000000000000e+02 1.434523549458699199e+00
5.040000000000000000e+02 1.434545719274945563e+00
5.050000000000000000e+02 1.434567885896432804e+00
5.060000000000000000e+02 1.434590049323160921e+00
5.070000000000000000e+02 1.434612209555129692e+00
5.080000000000000000e+02 1.434634366592339116e+00
5.090000000000000000e+02 1.434656520434789639e+00
5.100000000000000000e+02 1.434678671082480594e+00
5.110000000000000000e+02 1.434700818535412647e+00
5.120000000000000000e+02 1.434722962793585355e+00
5.130000000000000000e+02 1.434745103856998716e+00
5.140000000000000000e+02 1.434767241725652953e+00
5.150000000000000000e+02 1.434789376399548066e+00
5.160000000000000000e+02 1.434811507878683834e+00
5.170000000000000000e+02 1.434833636163060255e+00
5.180000000000000000e+02 1.434855761252677775e+00
5.190000000000000000e+02 1.434877883147535726e+00
5.200000000000000000e+02 1.434900001847634776e+00
5.210000000000000000e+02 1.434922117352974480e+00
5.220000000000000000e+02 1.434944229663554838e+00
5.230000000000000000e+02 1.434966338779376072e+00
5.240000000000000000e+02 1.434988444700437960e+00
5.250000000000000000e+02 1.435010547426740946e+00
5.260000000000000000e+02 1.435032646958284364e+00
5.270000000000000000e+02 1.435054743295068658e+00
5.280000000000000000e+02 1.435076836437093828e+00
5.290000000000000000e+02 1.435098926384359874e+00
5.300000000000000000e+02 1.435121013136866353e+00
5.310000000000000000e+02 1.435143096694613929e+00
5.320000000000000000e+02 1.435165177057602159e+00
5.330000000000000000e+02 1.435187254225831044e+00
5.340000000000000000e+02 1.435209328199300804e+00
5.350000000000000000e+02 1.435231398978011441e+00
5.360000000000000000e+02 1.435253466561962732e+00
5.370000000000000000e+02 1.435275530951154899e+00
5.380000000000000000e+02 1.435297592145587720e+00
5.390000000000000000e+02 1.435319650145261416e+00
5.400000000000000000e+02 1.435341704950175989e+00
5.410000000000000000e+02 1.435363756560331217e+00
5.420000000000000000e+02 1.435385804975727098e+00
5.430000000000000000e+02 1.435407850196363855e+00
5.440000000000000000e+02 1.435429892222241488e+00
5.450000000000000000e+02 1.435451931053359775e+00
5.460000000000000000e+02 1.435473966689718939e+00
5.470000000000000000e+02 1.435495999131318756e+00
5.480000000000000000e+02 1.435518028378159450e+00
5.490000000000000000e+02 1.435540054430240797e+00
5.500000000000000000e+02 1.435562077287563021e+00
5.510000000000000000e+02 1.435584096950126121e+00
5.520000000000000000e+02 1.435606113417929874e+00
5.530000000000000000e+02 1.435628126690974504e+00
5.540000000000000000e+02 1.435650136769259788e+00
5.550000000000000000e+02 1.435672143652785726e+00
5.560000000000000000e+02 1.435694147341552762e+00
5.570000000000000000e+02 1.435716147835560452e+00
5.580000000000000000e+02 1.435738145134808796e+00
5.590000000000000000e+02 1.435760139239298017e+00
5.600000000000000000e+02 1.435782130149027891e+00
5.610000000000000000e+02 1.435804117863998863e+00
5.620000000000000000e+02 1.435826102384210268e+00
5.630000000000000000e+02 1.435848083709662548e+00
5.640000000000000000e+02 1.435870061840355705e+00
5.650000000000000000e+02 1.435892036776289515e+00
5.660000000000000000e+02 1.435914008517464202e+00
5.670000000000000000e+02 1.435935977063879765e+00
5.680000000000000000e+02 1.435957942415535982e+00
5.690000000000000000e+02 1.435979904572432853e+00
5.700000000000000000e+02 1.436001863534570600e+00
5.710000000000000000e+02 1.436023819301949223e+00
5.720000000000000000e+02 1.436045771874568500e+00
5.730000000000000000e+02 1.436067721252428653e+00
5.740000000000000000e+02 1.436089667435529460e+00
5.750000000000000000e+02 1.436111610423871143e+00
5.760000000000000000e+02 1.436133550217453481e+00
5.770000000000000000e+02 1.436155486816276694e+00
5.780000000000000000e+02 1.436177420220340784e+00
5.790000000000000000e+02 1.436199350429645527e+00
5.800000000000000000e+02 1.436221277444190925e+00
5.810000000000000000e+02 1.436243201263977198e+00
5.820000000000000000e+02 1.436265121889004348e+00
5.830000000000000000e+02 1.436287039319272152e+00
5.840000000000000000e+02 1.436308953554780832e+00
5.850000000000000000e+02 1.436330864595530388e+00
5.860000000000000000e+02 1.436352772441520598e+00
5.870000000000000000e+02 1.436374677092751462e+00
5.880000000000000000e+02 1.436396578549223202e+00
5.890000000000000000e+02 1.436418476810935818e+00
5.900000000000000000e+02 1.436440371877889088e+00
5.910000000000000000e+02 1.436462263750083235e+00
5.920000000000000000e+02 1.436484152427518035e+00
5.930000000000000000e+02 1.436506037910193712e+00
5.940000000000000000e+02 1.436527920198110042e+00
5.950000000000000000e+02 1.436549799291267249e+00
5.960000000000000000e+02 1.436571675189665109e+00
5.970000000000000000e+02 1.436593547893304068e+00
5.980000000000000000e+02 1.436615417402183459e+00
5.990000000000000000e+02 1.436637283716303726e+00
6.000000000000000000e+02 1.436659146835664869e+00
6.010000000000000000e+02 1.436681006760266666e+00
6.020000000000000000e+02 1.436702863490109339e+00
6.030000000000000000e+02 1.436724717025192666e+00
6.040000000000000000e+02 1.436746567365516869e+00
6.050000000000000000e+02 1.436768414511081948e+00
6.060000000000000000e+02 1.436790258461887682e+00
6.070000000000000000e+02 1.436812099217934069e+00
6.080000000000000000e+02 1.436833936779221554e+00
6.090000000000000000e+02 1.436855771145749472e+00
6.100000000000000000e+02 1.436877602317518487e+00
6.110000000000000000e+02 1.436899430294527935e+00
6.120000000000000000e+02 1.436921255076778481e+00
6.130000000000000000e+02 1.436943076664269681e+00
6.140000000000000000e+02 1.436964895057001534e+00
6.150000000000000000e+02 1.436986710254974264e+00
6.160000000000000000e+02 1.437008522258187870e+00
6.170000000000000000e+02 1.437030331066642130e+00
6.180000000000000000e+02 1.437052136680337266e+00
6.190000000000000000e+02 1.437073939099273057e+00
6.200000000000000000e+02 1.437095738323449723e+00
6.210000000000000000e+02 1.437117534352867043e+00
6.220000000000000000e+02 1.437139327187525240e+00
6.230000000000000000e+02 1.437161116827424090e+00
6.240000000000000000e+02 1.437182903272563816e+00
6.250000000000000000e+02 1.437204686522944419e+00
6.260000000000000000e+02 1.437226466578565676e+00
6.270000000000000000e+02 1.437248243439427808e+00
6.280000000000000000e+02 1.437270017105530595e+00
6.290000000000000000e+02 1.437291787576874258e+00
6.300000000000000000e+02 1.437313554853458575e+00
6.310000000000000000e+02 1.437335318935283768e+00
6.320000000000000000e+02 1.437357079822349837e+00
6.330000000000000000e+02 1.437378837514656560e+00
6.340000000000000000e+02 1.437400592012203937e+00
6.350000000000000000e+02 1.437422343314992190e+00
6.360000000000000000e+02 1.437444091423021320e+00
6.370000000000000000e+02 1.437465836336291103e+00
6.380000000000000000e+02 1.437487578054801762e+00
6.390000000000000000e+02 1.437509316578553076e+00
6.400000000000000000e+02 1.437531051907545265e+00
6.410000000000000000e+02 1.437552784041778331e+00
6.420000000000000000e+02 1.437574512981252051e+00
6.430000000000000000e+02 1.437596238725966424e+00
6.440000000000000000e+02 1.437617961275921674e+00
6.450000000000000000e+02 1.437639680631117800e+00
6.460000000000000000e+02 1.437661396791554580e+00
6.470000000000000000e+02 1.437683109757232236e+00
6.480000000000000000e+02 1.437704819528150546e+00
6.490000000000000000e+02 1.437726526104309732e+00
6.500000000000000000e+02 1.437748229485709794e+00
6.510000000000000000e+02 1.437769929672350511e+00
6.520000000000000000e+02 1.437791626664231881e+00
6.530000000000000000e+02 1.437813320461354127e+00
6.540000000000000000e+02 1.437835011063717250e+00
6.550000000000000000e+02 1.437856698471321026e+00
6.560000000000000000e+02 1.437878382684165679e+00
6.570000000000000000e+02 1.437900063702250986e+00
6.580000000000000000e+02 1.437921741525577168e+00
6.590000000000000000e+02 1.437943416154144227e+00
6.600000000000000000e+02 1.437965087587951940e+00
6.610000000000000000e+02 1.437986755827000307e+00
6.620000000000000000e+02 1.438008420871289550e+00
6.630000000000000000e+02 1.438030082720819669e+00
6.640000000000000000e+02 1.438051741375590442e+00
6.650000000000000000e+02 1.438073396835602091e+00
6.660000000000000000e+02 1.438095049100854395e+00
6.670000000000000000e+02 1.438116698171347574e+00
6.680000000000000000e+02 1.438138344047081629e+00
6.690000000000000000e+02 1.438159986728056339e+00
6.700000000000000000e+02 1.438181626214271702e+00
6.710000000000000000e+02 1.438203262505727942e+00
6.720000000000000000e+02 1.438224895602425057e+00
6.730000000000000000e+02 1.438246525504362827e+00
6.740000000000000000e+02 1.438268152211541473e+00
6.750000000000000000e+02 1.438289775723960773e+00
6.760000000000000000e+02 1.438311396041620949e+00
6.770000000000000000e+02 1.438333013164522001e+00
6.780000000000000000e+02 1.438354627092663707e+00
6.790000000000000000e+02 1.438376237826046067e+00
6.800000000000000000e+02 1.438397845364669303e+00
6.810000000000000000e+02 1.438419449708533415e+00
6.820000000000000000e+02 1.438441050857638182e+00
6.830000000000000000e+02 1.438462648811983824e+00
6.840000000000000000e+02 1.438484243571570120e+00
6.850000000000000000e+02 1.438505835136397293e+00
6.860000000000000000e+02 1.438527423506465119e+00
6.870000000000000000e+02 1.438549008681773822e+00
6.880000000000000000e+02 1.438570590662323401e+00
6.890000000000000000e+02 1.438592169448113633e+00
6.900000000000000000e+02 1.438613745039144742e+00
6.910000000000000000e+02 1.438635317435416505e+00
6.920000000000000000e+02 1.438656886636929144e+00
6.930000000000000000e+02 1.438678452643682437e+00
6.940000000000000000e+02 1.438700015455676606e+00
6.950000000000000000e+02 1.438721575072911429e+00
6.960000000000000000e+02 1.438743131495387129e+00
6.970000000000000000e+02 1.438764684723103704e+00
6.980000000000000000e+02 1.438786234756060933e+00
6.990000000000000000e+02 1.438807781594258817e+00
7.000000000000000000e+02 1.438829325237697798e+00
7.010000000000000000e+02 1.438850865686377212e+00
7.020000000000000000e+02 1.438872402940297723e+00
7.030000000000000000e+02 1.438893936999458667e+00
7.040000000000000000e+02 1.438915467863860709e+00
7.050000000000000000e+02 1.438936995533503405e+00
7.060000000000000000e+02 1.438958520008386754e+00
7.070000000000000000e+02 1.438980041288510980e+00
7.080000000000000000e+02 1.439001559373876082e+00
7.090000000000000000e+02 1.439023074264481838e+00
7.100000000000000000e+02 1.439044585960328471e+00
7.110000000000000000e+02 1.439066094461415757e+00
7.120000000000000000e+02 1.439087599767743919e+00
7.130000000000000000e+02 1.439109101879312735e+00
7.140000000000000000e+02 1.439130600796122428e+00
7.150000000000000000e+02 1.439152096518172996e+00
7.160000000000000000e+02 1.439173589045464219e+00
7.170000000000000000e+02 1.439195078377996317e+00
7.180000000000000000e+02 1.439216564515769070e+00
7.190000000000000000e+02 1.439238047458782699e+00
7.200000000000000000e+02 1.439259527207036982e+00
7.210000000000000000e+02 1.439281003760532140e+00
7.220000000000000000e+02 1.439302477119267953e+00
7.230000000000000000e+02 1.439323947283244642e+00
7.240000000000000000e+02 1.439345414252461985e+00
7.250000000000000000e+02 1.439366878026920427e+00
7.260000000000000000e+02 1.439388338606619300e+00
7.270000000000000000e+02 1.439409795991559049e+00
7.280000000000000000e+02 1.439431250181739674e+00
7.290000000000000000e+02 1.439452701177160954e+00
7.300000000000000000e+02 1.439474148977823109e+00
7.310000000000000000e+02 1.439495593583726141e+00
7.320000000000000000e+02 1.439517034994869604e+00
7.330000000000000000e+02 1.439538473211254166e+00
7.340000000000000000e+02 1.439559908232879382e+00
7.350000000000000000e+02 1.439581340059745473e+00
7.360000000000000000e+02 1.439602768691852219e+00
7.370000000000000000e+02 1.439624194129199841e+00
7.380000000000000000e+02 1.439645616371788117e+00
7.390000000000000000e+02 1.439667035419617269e+00
7.400000000000000000e+02 1.439688451272687075e+00
7.410000000000000000e+02 1.439709863930997757e+00
7.420000000000000000e+02 1.439731273394549094e+00
7.430000000000000000e+02 1.439752679663341528e+00
7.440000000000000000e+02 1.439774082737374394e+00
7.450000000000000000e+02 1.439795482616648137e+00
7.460000000000000000e+02 1.439816879301162755e+00
7.470000000000000000e+02 1.439838272790918028e+00
7.480000000000000000e+02 1.439859663085914177e+00
7.490000000000000000e+02 1.439881050186150979e+00
7.500000000000000000e+02 1.439902434091628658e+00
7.510000000000000000e+02 1.439923814802347213e+00
7.520000000000000000e+02 1.439945192318306422e+00
7.530000000000000000e+02 1.439966566639506285e+00
7.540000000000000000e+02 1.439987937765947246e+00
7.550000000000000000e+02 1.440009305697628639e+00
7.560000000000000000e+02 1.440030670434551130e+00
7.570000000000000000e+02 1.440052031976714053e+00
7.580000000000000000e+02 1.440073390324118074e+00
7.590000000000000000e+02 1.440094745476762750e+00
7.600000000000000000e+02 1.440116097434648079e+00
7.610000000000000000e+02 1.440137446197774285e+00
7.620000000000000000e+02 1.440158791766141366e+00
7.630000000000000000e+02 1.440180134139749102e+00
7.640000000000000000e+02 1.440201473318597714e+00
7.650000000000000000e+02 1.440222809302686979e+00
7.660000000000000000e+02 1.440244142092017121e+00
7.670000000000000000e+02 1.440265471686587917e+00
7.680000000000000000e+02 1.440286798086399589e+00
7.690000000000000000e+02 1.440308121291451915e+00
7.700000000000000000e+02 1.440329441301745117e+00
7.710000000000000000e+02 1.440350758117279195e+00
7.720000000000000000e+02 1.440372071738053927e+00
7.730000000000000000e+02 1.440393382164069536e+00
7.740000000000000000e+02 1.440414689395325798e+00
7.750000000000000000e+02 1.440435993431822936e+00
7.760000000000000000e+02 1.440457294273560729e+00
7.770000000000000000e+02 1.440478591920539397e+00
7.780000000000000000e+02 1.440499886372758942e+00
7.790000000000000000e+02 1.440521177630219141e+00
7.800000000000000000e+02 1.440542465692919993e+00
7.810000000000000000e+02 1.440563750560861722e+00
7.820000000000000000e+02 1.440585032234044327e+00
7.830000000000000000e+02 1.440606310712467586e+00
7.840000000000000000e+02 1.440627585996131721e+00
7.850000000000000000e+02 1.440648858085036510e+00
7.860000000000000000e+02 1.440670126979182175e+00
7.870000000000000000e+02 1.440691392678568716e+00
7.880000000000000000e+02 1.440712655183195912e+00
7.890000000000000000e+02 1.440733914493063761e+00
7.900000000000000000e+02 1.440755170608172708e+00
7.910000000000000000e+02 1.440776423528522088e+00
7.920000000000000000e+02 1.440797673254112343e+00
7.930000000000000000e+02 1.440818919784943475e+00
7.940000000000000000e+02 1.440840163121015483e+00
7.950000000000000000e+02 1.440861403262327922e+00
7.960000000000000000e+02 1.440882640208881460e+00
7.970000000000000000e+02 1.440903873960675652e+00
7.980000000000000000e+02 1.440925104517710498e+00
7.990000000000000000e+02 1.440946331879986442e+00
8.000000000000000000e+02 1.440967556047502818e+00
8.010000000000000000e+02 1.440988777020260070e+00
8.020000000000000000e+02 1.441009994798258198e+00
8.030000000000000000e+02 1.441031209381497202e+00
8.040000000000000000e+02 1.441052420769976639e+00
8.050000000000000000e+02 1.441073628963697173e+00
8.060000000000000000e+02 1.441094833962658361e+00
8.070000000000000000e+02 1.441116035766860204e+00
8.080000000000000000e+02 1.441137234376303145e+00
8.090000000000000000e+02 1.441158429790986517e+00
8.100000000000000000e+02 1.441179622010910766e+00
8.110000000000000000e+02 1.441200811036075891e+00
8.120000000000000000e+02 1.441221996866481891e+00
8.130000000000000000e+02 1.441243179502128324e+00
8.140000000000000000e+02 1.441264358943015855e+00
8.150000000000000000e+02 1.441285535189144040e+00
8.160000000000000000e+02 1.441306708240512879e+00
8.170000000000000000e+02 1.441327878097122817e+00
8.180000000000000000e+02 1.441349044758973186e+00
8.190000000000000000e+02 1.441370208226064431e+00
8.200000000000000000e+02 1.441391368498396552e+00
8.210000000000000000e+02 1.441412525575969550e+00
8.220000000000000000e+02 1.441433679458782979e+00
8.230000000000000000e+02 1.441454830146837507e+00
8.240000000000000000e+02 1.441475977640132689e+00
8.250000000000000000e+02 1.441497121938668524e+00
8.260000000000000000e+02 1.441518263042445236e+00
8.270000000000000000e+02 1.441539400951462824e+00
8.280000000000000000e+02 1.441560535665721066e+00
8.290000000000000000e+02 1.441581667185220184e+00
8.300000000000000000e+02 1.441602795509959956e+00
8.310000000000000000e+02 1.441623920639940604e+00
8.320000000000000000e+02 1.441645042575162128e+00
8.330000000000000000e+02 1.441666161315624306e+00
8.340000000000000000e+02 1.441687276861327138e+00
8.350000000000000000e+02 1.441708389212270847e+00
8.360000000000000000e+02 1.441729498368455431e+00
8.370000000000000000e+02 1.441750604329880669e+00
8.380000000000000000e+02 1.441771707096546784e+00
8.390000000000000000e+02 1.441792806668453553e+00
8.400000000000000000e+02 1.441813903045601197e+00
8.410000000000000000e+02 1.441834996227989496e+00
8.420000000000000000e+02 1.441856086215618671e+00
8.430000000000000000e+02 1.441877173008488722e+00
8.440000000000000000e+02 1.441898256606599427e+00
8.450000000000000000e+02 1.441919337009951008e+00
8.460000000000000000e+02 1.441940414218543243e+00
8.470000000000000000e+02 1.441961488232376354e+00
8.480000000000000000e+02 1.441982559051450119e+00
8.490000000000000000e+02 1.442003626675764760e+00
8.500000000000000000e+02 1.442024691105320056e+00
8.510000000000000000e+02 1.442045752340116227e+00
8.520000000000000000e+02 1.442066810380153274e+00
8.530000000000000000e+02 1.442087865225430976e+00
8.540000000000000000e+02 1.442108916875949332e+00
8.550000000000000000e+02 1.442129965331708785e+00
8.560000000000000000e+02 1.442151010592708671e+00
8.570000000000000000e+02 1.442172052658949655e+00
8.580000000000000000e+02 1.442193091530431071e+00
8.590000000000000000e+02 1.442214127207153584e+00
8.600000000000000000e+02 1.442235159689116752e+00
8.610000000000000000e+02 1.442256188976320574e+00
8.620000000000000000e+02 1.442277215068765273e+00
8.630000000000000000e+02 1.442298237966450847e+00
8.640000000000000000e+02 1.442319257669377075e+00
8.650000000000000000e+02 1.442340274177544179e+00
8.660000000000000000e+02 1.442361287490951938e+00
8.670000000000000000e+02 1.442382297609600572e+00
8.680000000000000000e+02 1.442403304533489861e+00
8.690000000000000000e+02 1.442424308262620025e+00
8.700000000000000000e+02 1.442445308796991066e+00
8.710000000000000000e+02 1.442466306136602761e+00
8.720000000000000000e+02 1.442487300281455331e+00
8.730000000000000000e+02 1.442508291231548556e+00
8.740000000000000000e+02 1.442529278986882657e+00
8.750000000000000000e+02 1.442550263547457412e+00
8.760000000000000000e+02 1.442571244913273043e+00
8.770000000000000000e+02 1.442592223084329328e+00
8.780000000000000000e+02 1.442613198060626489e+00
8.790000000000000000e+02 1.442634169842164304e+00
8.800000000000000000e+02 1.442655138428943218e+00
8.810000000000000000e+02 1.442676103820962563e+00
8.820000000000000000e+02 1.442697066018222785e+00
8.830000000000000000e+02 1.442718025020723882e+00
8.840000000000000000e+02 1.442738980828465634e+00
8.850000000000000000e+02 1.442759933441448261e+00
8.860000000000000000e+02 1.442780882859671765e+00
8.870000000000000000e+02 1.442801829083135701e+00
8.880000000000000000e+02 1.442822772111840735e+00
8.890000000000000000e+02 1.442843711945786422e+00
8.900000000000000000e+02 1.442864648584972986e+00
8.910000000000000000e+02 1.442885582029400204e+00
8.920000000000000000e+02 1.442906512279068076e+00
8.930000000000000000e+02 1.442927439333977047e+00
8.940000000000000000e+02 1.442948363194126671e+00
8.950000000000000000e+02 1.442969283859516949e+00
8.960000000000000000e+02 1.442990201330148103e+00
8.970000000000000000e+02 1.443011115606019912e+00
8.980000000000000000e+02 1.443032026687132596e+00
8.990000000000000000e+02 1.443052934573486157e+00
9.000000000000000000e+02 1.443073839265080371e+00
9.010000000000000000e+02 1.443094740761915462e+00
9.020000000000000000e+02 1.443115639063991207e+00
9.030000000000000000e+02 1.443136534171307828e+00
9.040000000000000000e+02 1.443157426083865102e+00
9.050000000000000000e+02 1.443178314801663253e+00
9.060000000000000000e+02 1.443199200324702280e+00
9.070000000000000000e+02 1.443220082652981962e+00
9.080000000000000000e+02 1.443240961786502297e+00
9.090000000000000000e+02 1.443261837725263730e+00
9.100000000000000000e+02 1.443282710469265595e+00
9.110000000000000000e+02 1.443303580018508336e+00
9.120000000000000000e+02 1.443324446372991954e+00
9.130000000000000000e+02 1.443345309532716447e+00
9.140000000000000000e+02 1.443366169497681595e+00
9.150000000000000000e+02 1.443387026267887396e+00
9.160000000000000000e+02 1.443407879843334074e+00
9.170000000000000000e+02 1.443428730224021628e+00
9.180000000000000000e+02 1.443449577409949836e+00
9.190000000000000000e+02 1.443470421401118697e+00
9.200000000000000000e+02 1.443491262197528657e+00
9.210000000000000000e+02 1.443512099799179271e+00
9.220000000000000000e+02 1.443532934206070539e+00
9.230000000000000000e+02 1.443553765418202683e+00
9.240000000000000000e+02 1.443574593435575482e+00
9.250000000000000000e+02 1.443595418258189156e+00
9.260000000000000000e+02 1.443616239886043706e+00
9.270000000000000000e+02 1.443637058319138911e+00
9.280000000000000000e+02 1.443657873557474991e+00
9.290000000000000000e+02 1.443678685601051725e+00
9.300000000000000000e+02 1.443699494449869336e+00
9.310000000000000000e+02 1.443720300103927601e+00
9.320000000000000000e+02 1.443741102563226741e+00
9.330000000000000000e+02 1.443761901827766536e+00
9.340000000000000000e+02 1.443782697897547429e+00
9.350000000000000000e+02 1.443803490772568754e+00
9.360000000000000000e+02 1.443824280452830955e+00
9.370000000000000000e+02 1.443845066938334032e+00
9.380000000000000000e+02 1.443865850229077763e+00
9.390000000000000000e+02 1.443886630325062370e+00
9.400000000000000000e+02 1.443907407226287631e+00
9.410000000000000000e+02 1.443928180932753769e+00
9.420000000000000000e+02 1.443948951444460782e+00
9.430000000000000000e+02 1.443969718761408449e+00
9.440000000000000000e+02 1.443990482883596771e+00
9.450000000000000000e+02 1.444011243811025968e+00
9.460000000000000000e+02 1.444032001543696042e+00
9.470000000000000000e+02 1.444052756081606770e+00
9.480000000000000000e+02 1.444073507424758374e+00
9.490000000000000000e+02 1.444094255573150631e+00
9.500000000000000000e+02 1.444115000526783765e+00
9.510000000000000000e+02 1.444135742285657775e+00
9.520000000000000000e+02 1.444156480849772439e+00
9.530000000000000000e+02 1.444177216219127757e+00
9.540000000000000000e+02 1.444197948393723951e+00
9.550000000000000000e+02 1.444218677373561022e+00
9.560000000000000000e+02 1.444239403158638746e+00
9.570000000000000000e+02 1.444260125748957346e+00
9.580000000000000000e+02 1.444280845144516601e+00
9.590000000000000000e+02 1.444301561345316731e+00
9.600000000000000000e+02 1.444322274351357738e+00
9.610000000000000000e+02 1.444342984162639398e+00
9.620000000000000000e+02 1.444363690779161713e+00
9.630000000000000000e+02 1.444384394200924904e+00
9.640000000000000000e+02 1.444405094427928971e+00
9.650000000000000000e+02 1.444425791460173691e+00
9.660000000000000000e+02 1.444446485297659288e+00
9.670000000000000000e+02 1.444467175940385539e+00
9.680000000000000000e+02 1.444487863388352666e+00
9.690000000000000000e+02 1.444508547641560670e+00
9.700000000000000000e+02 1.444529228700009327e+00
9.710000000000000000e+02 1.444549906563698638e+00
9.720000000000000000e+02 1.444570581232628825e+00
9.730000000000000000e+02 1.444591252706799889e+00
9.740000000000000000e+02 1.444611920986211606e+00
9.750000000000000000e+02 1.444632586070864200e+00
9.760000000000000000e+02 1.444653247960757447e+00
9.770000000000000000e+02 1.444673906655891571e+00
9.780000000000000000e+02 1.444694562156266571e+00
9.790000000000000000e+02 1.444715214461882002e+00
9.800000000000000000e+02 1.444735863572738532e+00
9.810000000000000000e+02 1.444756509488835716e+00
9.820000000000000000e+02 1.444777152210173776e+00
9.830000000000000000e+02 1.444797791736752490e+00
9.840000000000000000e+02 1.444818428068572080e+00
9.850000000000000000e+02 1.444839061205632325e+00
9.860000000000000000e+02 1.444859691147933445e+00
9.870000000000000000e+02 1.444880317895475219e+00
9.880000000000000000e+02 1.444900941448257869e+00
9.890000000000000000e+02 1.444921561806281396e+00
9.900000000000000000e+02 1.444942178969545576e+00
9.910000000000000000e+02 1.444962792938050633e+00
9.920000000000000000e+02 1.444983403711796344e+00
9.930000000000000000e+02 1.445004011290782930e+00
9.940000000000000000e+02 1.445024615675010171e+00
9.950000000000000000e+02 1.445045216864478288e+00
9.960000000000000000e+02 1.445065814859187059e+00
9.970000000000000000e+02 1.445086409659136706e+00
9.980000000000000000e+02 1.445107001264327229e+00
9.990000000000000000e+02 1.445127589674758406e+00
1.000000000000000000e+03 1.445148174890430237e+00
1.001000000000000000e+03 1.445168756911343166e+00
1.002000000000000000e+03 1.445189335737496528e+00
1.003000000000000000e+03 1.445209911368890987e+00
1.004000000000000000e+03 1.445230483805525878e+00
1.005000000000000000e+03 1.445251053047401868e+00
1.006000000000000000e+03 1.445271619094518512e+00
1.007000000000000000e+03 1.445292181946875809e+00
1.008000000000000000e+03 1.445312741604473983e+00
1.009000000000000000e+03 1.445333298067313033e+00
1.010000000000000000e+03 1.445353851335392736e+00
1.011000000000000000e+03 1.445374401408713316e+00
1.012000000000000000e+03 1.445394948287274550e+00
1.013000000000000000e+03 1.445415491971076660e+00
1.014000000000000000e+03 1.445436032460119424e+00
1.015000000000000000e+03 1.445456569754403064e+00
1.016000000000000000e+03 1.445477103853927581e+00
1.017000000000000000e+03 1.445497634758692751e+00
1.018000000000000000e+03 1.445518162468698797e+00
1.019000000000000000e+03 1.445538686983945498e+00
1.020000000000000000e+03 1.445559208304433074e+00
1.021000000000000000e+03 1.445579726430161305e+00
