# order=4: data_wav [pixel], data_wavsolution [micron]
3.000000000000000000e+00 1.450526852140499701e+00
4.000000000000000000e+00 1.450550891905353801e+00
5.000000000000000000e+00 1.450574928767066840e+00
6.000000000000000000e+00 1.450598962725638819e+00
7.000000000000000000e+00 1.450622993781069958e+00
8.000000000000000000e+00 1.450647021933360037e+00
9.000000000000000000e+00 1.450671047182509055e+00
1.000000000000000000e+01 1.450695069528517234e+00
1.100000000000000000e+01 1.450719088971384130e+00
1.200000000000000000e+01 1.450743105511110187e+00
1.300000000000000000e+01 1.450767119147695405e+00
1.400000000000000000e+01 1.450791129881139563e+00
1.500000000000000000e+01 1.450815137711442659e+00
1.600000000000000000e+01 1.450839142638604695e+00
1.700000000000000000e+01 1.450863144662625670e+00
1.800000000000000000e+01 1.450887143783505806e+00
1.900000000000000000e+01 1.450911140001244881e+00
2.000000000000000000e+01 1.450935133315843117e+00
2.100000000000000000e+01 1.450959123727300293e+00
2.200000000000000000e+01 1.450983111235616407e+00
2.300000000000000000e+01 1.451007095840791461e+00
2.400000000000000000e+01 1.451031077542825454e+00
2.500000000000000000e+01 1.451055056341718608e+00
2.600000000000000000e+01 1.451079032237470701e+00
2.700000000000000000e+01 1.451103005230081955e+00
2.800000000000000000e+01 1.451126975319552148e+00
2.900000000000000000e+01 1.451150942505881281e+00
3.000000000000000000e+01 1.451174906789069352e+00
3.100000000000000000e+01 1.451198868169116585e+00
3.200000000000000000e+01 1.451222826646022535e+00
3.300000000000000000e+01 1.451246782219787868e+00
3.400000000000000000e+01 1.451270734890411918e+00
3.500000000000000000e+01 1.451294684657895129e+00
3.600000000000000000e+01 1.451318631522237279e+00
3.700000000000000000e+01 1.451342575483438369e+00
3.800000000000000000e+01 1.451366516541498619e+00
3.900000000000000000e+01 1.451390454696417809e+00
4.000000000000000000e+01 1.451414389948195938e+00
4.100000000000000000e+01 1.451438322296833006e+00
4.200000000000000000e+01 1.451462251742329235e+00
4.300000000000000000e+01 1.451486178284684403e+00
4.400000000000000000e+01 1.451510101923898510e+00
4.500000000000000000e+01 1.451534022659971779e+00
4.600000000000000000e+01 1.451557940492903986e+00
4.700000000000000000e+01 1.451581855422695133e+00
4.800000000000000000e+01 1.451605767449345441e+00
4.900000000000000000e+01 1.451629676572854466e+00
5.000000000000000000e+01 1.451653582793222652e+00
5.100000000000000000e+01 1.451677486110449999e+00
5.200000000000000000e+01 1.451701386524536064e+00
5.300000000000000000e+01 1.451725284035481289e+00
5.400000000000000000e+01 1.451749178643285676e+00
5.500000000000000000e+01 1.451773070347948780e+00
5.600000000000000000e+01 1.451796959149471045e+00
5.700000000000000000e+01 1.451820845047852249e+00
5.800000000000000000e+01 1.451844728043092392e+00
5.900000000000000000e+01 1.451868608135191696e+00
6.000000000000000000e+01 1.451892485324149940e+00
6.100000000000000000e+01 1.451916359609967122e+00
6.200000000000000000e+01 1.451940230992643466e+00
6.300000000000000000e+01 1.451964099472178527e+00
6.400000000000000000e+01 1.451987965048572971e+00
6.500000000000000000e+01 1.452011827721826132e+00
6.600000000000000000e+01 1.452035687491938454e+00
6.700000000000000000e+01 1.452059544358909715e+00
6.800000000000000000e+01 1.452083398322739916e+00
6.900000000000000000e+01 1.452107249383429055e+00
7.000000000000000000e+01 1.452131097540977356e+00
7.100000000000000000e+01 1.452154942795384596e+00
7.200000000000000000e+01 1.452178785146650997e+00
7.300000000000000000e+01 1.452202624594776115e+00
7.400000000000000000e+01 1.452226461139760394e+00
7.500000000000000000e+01 1.452250294781603834e+00
7.600000000000000000e+01 1.452274125520305992e+00
7.700000000000000000e+01 1.452297953355867310e+00
7.800000000000000000e+01 1.452321778288287568e+00
7.900000000000000000e+01 1.452345600317566765e+00
8.000000000000000000e+01 1.452369419443705123e+00
8.100000000000000000e+01 1.452393235666702420e+00
8.200000000000000000e+01 1.452417048986558656e+00
8.300000000000000000e+01 1.452440859403274054e+00
8.400000000000000000e+01 1.452464666916848390e+00
8.500000000000000000e+01 1.452488471527281666e+00
8.600000000000000000e+01 1.452512273234573881e+00
8.700000000000000000e+01 1.452536072038725257e+00
8.800000000000000000e+01 1.452559867939735572e+00
8.900000000000000000e+01 1.452583660937604826e+00
9.000000000000000000e+01 1.452607451032333241e+00
9.100000000000000000e+01 1.452631238223920596e+00
9.200000000000000000e+01 1.452655022512366889e+00
9.300000000000000000e+01 1.452678803897672122e+00
9.400000000000000000e+01 1.452702582379836516e+00
9.500000000000000000e+01 1.452726357958859849e+00
9.600000000000000000e+01 1.452750130634742121e+00
9.700000000000000000e+01 1.452773900407483554e+00
9.800000000000000000e+01 1.452797667277083926e+00
9.900000000000000000e+01 1.452821431243543238e+00
1.000000000000000000e+02 1.452845192306861710e+00
1.010000000000000000e+02 1.452868950467038900e+00
1.020000000000000000e+02 1.452892705724075251e+00
1.030000000000000000e+02 1.452916458077970763e+00
1.040000000000000000e+02 1.452940207528724992e+00
1.050000000000000000e+02 1.452963954076338382e+00
1.060000000000000000e+02 1.452987697720810711e+00
1.070000000000000000e+02 1.453011438462142202e+00
1.080000000000000000e+02 1.453035176300332409e+00
1.090000000000000000e+02 1.453058911235382000e+00
1.100000000000000000e+02 1.453082643267290308e+00
1.110000000000000000e+02 1.453106372396057555e+00
1.120000000000000000e+02 1.453130098621683963e+00
1.130000000000000000e+02 1.453153821944169533e+00
1.140000000000000000e+02 1.453177542363513819e+00
1.150000000000000000e+02 1.453201259879717266e+00
1.160000000000000000e+02 1.453224974492779653e+00
1.170000000000000000e+02 1.453248686202700979e+00
1.180000000000000000e+02 1.453272395009481466e+00
1.190000000000000000e+02 1.453296100913120892e+00
1.200000000000000000e+02 1.453319803913619257e+00
1.210000000000000000e+02 1.453343504010976561e+00
1.220000000000000000e+02 1.453367201205193027e+00
1.230000000000000000e+02 1.453390895496268431e+00
1.240000000000000000e+02 1.453414586884202997e+00
1.250000000000000000e+02 1.453438275368996280e+00
1.260000000000000000e+02 1.453461960950648724e+00
1.270000000000000000e+02 1.453485643629160329e+00
1.280000000000000000e+02 1.453509323404530651e+00
1.290000000000000000e+02 1.453533000276760134e+00
1.300000000000000000e+02 1.453556674245848557e+00
1.310000000000000000e+02 1.453580345311795918e+00
1.320000000000000000e+02 1.453604013474602441e+00
1.330000000000000000e+02 1.453627678734267903e+00
1.340000000000000000e+02 1.453651341090792304e+00
1.350000000000000000e+02 1.453675000544175866e+00
1.360000000000000000e+02 1.453698657094418145e+00
1.370000000000000000e+02 1.453722310741519808e+00
1.380000000000000000e+02 1.453745961485480187e+00
1.390000000000000000e+02 1.453769609326299728e+00
1.400000000000000000e+02 1.453793254263978207e+00
1.410000000000000000e+02 1.453816896298515626e+00
1.420000000000000000e+02 1.453840535429911984e+00
1.430000000000000000e+02 1.453864171658167503e+00
1.440000000000000000e+02 1.453887804983281962e+00
1.450000000000000000e+02 1.453911435405255581e+00
1.460000000000000000e+02 1.453935062924087918e+00
1.470000000000000000e+02 1.453958687539779415e+00
1.480000000000000000e+02 1.453982309252330074e+00
1.490000000000000000e+02 1.454005928061739450e+00
1.500000000000000000e+02 1.454029543968007987e+00
1.510000000000000000e+02 1.454053156971135463e+00
1.520000000000000000e+02 1.454076767071122100e+00
1.530000000000000000e+02 1.454100374267967455e+00
1.540000000000000000e+02 1.454123978561671970e+00
1.550000000000000000e+02 1.454147579952235647e+00
1.560000000000000000e+02 1.454171178439658041e+00
1.570000000000000000e+02 1.454194774023939596e+00
1.580000000000000000e+02 1.454218366705080090e+00
1.590000000000000000e+02 1.454241956483079745e+00
1.600000000000000000e+02 1.454265543357938117e+00
1.610000000000000000e+02 1.454289127329655651e+00
1.620000000000000000e+02 1.454312708398232346e+00
1.630000000000000000e+02 1.454336286563667757e+00
1.640000000000000000e+02 1.454359861825962330e+00
1.650000000000000000e+02 1.454383434185115842e+00
1.660000000000000000e+02 1.454407003641128515e+00
1.670000000000000000e+02 1.454430570193999905e+00
1.680000000000000000e+02 1.454454133843730679e+00
1.690000000000000000e+02 1.454477694590320169e+00
1.700000000000000000e+02 1.454501252433768599e+00
1.710000000000000000e+02 1.454524807374076190e+00
1.720000000000000000e+02 1.454548359411242942e+00
1.730000000000000000e+02 1.454571908545268411e+00
1.740000000000000000e+02 1.454595454776153041e+00
1.750000000000000000e+02 1.454618998103896610e+00
1.760000000000000000e+02 1.454642538528499118e+00
1.770000000000000000e+02 1.454666076049960788e+00
1.780000000000000000e+02 1.454689610668281396e+00
1.790000000000000000e+02 1.454713142383460944e+00
1.800000000000000000e+02 1.454736671195499431e+00
1.810000000000000000e+02 1.454760197104397079e+00
1.820000000000000000e+02 1.454783720110153666e+00
1.830000000000000000e+02 1.454807240212769193e+00
1.840000000000000000e+02 1.454830757412243880e+00
1.850000000000000000e+02 1.454854271708577507e+00
1.860000000000000000e+02 1.454877783101770072e+00
1.870000000000000000e+02 1.454901291591821799e+00
1.880000000000000000e+02 1.454924797178732243e+00
1.890000000000000000e+02 1.454948299862502070e+00
1.900000000000000000e+02 1.454971799643130614e+00
1.910000000000000000e+02 1.454995296520618320e+00
1.920000000000000000e+02 1.455018790494964742e+00
1.930000000000000000e+02 1.455042281566170548e+00
1.940000000000000000e+02 1.455065769734235070e+00
1.950000000000000000e+02 1.455089254999158754e+00
1.960000000000000000e+02 1.455112737360941377e+00
1.970000000000000000e+02 1.455136216819582939e+00
1.980000000000000000e+02 1.455159693375083663e+00
1.990000000000000000e+02 1.455183167027443325e+00
2.000000000000000000e+02 1.455206637776661927e+00
2.010000000000000000e+02 1.455230105622739689e+00
2.020000000000000000e+02 1.455253570565676391e+00
2.030000000000000000e+02 1.455277032605472032e+00
2.040000000000000000e+02 1.455300491742126612e+00
2.050000000000000000e+02 1.455323947975640353e+00
2.060000000000000000e+02 1.455347401306013033e+00
2.070000000000000000e+02 1.455370851733244653e+00
2.080000000000000000e+02 1.455394299257335433e+00
2.090000000000000000e+02 1.455417743878284931e+00
2.100000000000000000e+02 1.455441185596093590e+00
2.110000000000000000e+02 1.455464624410761409e+00
2.120000000000000000e+02 1.455488060322288169e+00
2.130000000000000000e+02 1.455511493330673867e+00
2.140000000000000000e+02 1.455534923435918504e+00
2.150000000000000000e+02 1.455558350638022080e+00
2.160000000000000000e+02 1.455581774936984818e+00
2.170000000000000000e+02 1.455605196332806495e+00
2.180000000000000000e+02 1.455628614825487332e+00
2.190000000000000000e+02 1.455652030415026887e+00
2.200000000000000000e+02 1.455675443101425603e+00
2.210000000000000000e+02 1.455698852884683481e+00
2.220000000000000000e+02 1.455722259764800075e+00
2.230000000000000000e+02 1.455745663741775831e+00
2.240000000000000000e+02 1.455769064815610525e+00
2.250000000000000000e+02 1.455792462986304381e+00
2.260000000000000000e+02 1.455815858253856954e+00
2.270000000000000000e+02 1.455839250618268688e+00
2.280000000000000000e+02 1.455862640079539583e+00
2.290000000000000000e+02 1.455886026637669195e+00
2.300000000000000000e+02 1.455909410292657968e+00
2.310000000000000000e+02 1.455932791044505681e+00
2.320000000000000000e+02 1.455956168893212554e+00
2.330000000000000000e+02 1.455979543838778367e+00
2.340000000000000000e+02 1.456002915881203119e+00
2.350000000000000000e+02 1.456026285020486810e+00
2.360000000000000000e+02 1.456049651256629440e+00
2.370000000000000000e+02 1.456073014589631232e+00
2.380000000000000000e+02 1.456096375019492184e+00
2.390000000000000000e+02 1.456119732546211853e+00
2.400000000000000000e+02 1.456143087169790684e+00
2.410000000000000000e+02 1.456166438890228454e+00
2.420000000000000000e+02 1.456189787707525163e+00
2.430000000000000000e+02 1.456213133621681033e+00
2.440000000000000000e+02 1.456236476632695842e+00
2.450000000000000000e+02 1.456259816740569590e+00
2.460000000000000000e+02 1.456283153945302278e+00
2.470000000000000000e+02 1.456306488246894126e+00
2.480000000000000000e+02 1.456329819645344914e+00
2.490000000000000000e+02 1.456353148140654641e+00
2.500000000000000000e+02 1.456376473732823529e+00
2.510000000000000000e+02 1.456399796421851356e+00
2.520000000000000000e+02 1.456423116207738122e+00
2.530000000000000000e+02 1.456446433090484049e+00
2.540000000000000000e+02 1.456469747070088694e+00
2.550000000000000000e+02 1.456493058146552499e+00
2.560000000000000000e+02 1.456516366319875466e+00
2.570000000000000000e+02 1.456539671590057150e+00
2.580000000000000000e+02 1.456562973957097995e+00
2.590000000000000000e+02 1.456586273420998001e+00
2.600000000000000000e+02 1.456609569981756724e+00
2.610000000000000000e+02 1.456632863639374609e+00
2.620000000000000000e+02 1.456656154393851432e+00
2.630000000000000000e+02 1.456679442245187195e+00
2.640000000000000000e+02 1.456702727193382119e+00
2.650000000000000000e+02 1.456726009238435982e+00
2.660000000000000000e+02 1.456749288380348784e+00
2.670000000000000000e+02 1.456772564619120747e+00
2.680000000000000000e+02 1.456795837954751649e+00
2.690000000000000000e+02 1.456819108387241490e+00
2.700000000000000000e+02 1.456842375916590271e+00
2.710000000000000000e+02 1.456865640542798213e+00
2.720000000000000000e+02 1.456888902265865093e+00
2.730000000000000000e+02 1.456912161085790913e+00
2.740000000000000000e+02 1.456935417002575672e+00
2.750000000000000000e+02 1.456958670016219592e+00
2.760000000000000000e+02 1.456981920126722452e+00
2.770000000000000000e+02 1.457005167334084472e+00
2.780000000000000000e+02 1.457028411638305210e+00
2.790000000000000000e+02 1.457051653039385108e+00
2.800000000000000000e+02 1.457074891537324168e+00
2.810000000000000000e+02 1.457098127132121945e+00
2.820000000000000000e+02 1.457121359823778883e+00
2.830000000000000000e+02 1.457144589612294761e+00
2.840000000000000000e+02 1.457167816497669799e+00
2.850000000000000000e+02 1.457191040479903554e+00
2.860000000000000000e+02 1.457214261558996471e+00
2.870000000000000000e+02 1.457237479734948549e+00
2.880000000000000000e+02 1.457260695007759344e+00
2.890000000000000000e+02 1.457283907377429300e+00
2.900000000000000000e+02 1.457307116843958195e+00
2.910000000000000000e+02 1.457330323407346251e+00
2.920000000000000000e+02 1.457353527067593024e+00
2.930000000000000000e+02 1.457376727824698959e+00
2.940000000000000000e+02 1.457399925678664054e+00
2.950000000000000000e+02 1.457423120629487867e+00
2.960000000000000000e+02 1.457446312677170841e+00
2.970000000000000000e+02 1.457469501821712754e+00
2.980000000000000000e+02 1.457492688063113828e+00
2.990000000000000000e+02 1.457515871401373619e+00
3.000000000000000000e+02 1.457539051836492572e+00
3.010000000000000000e+02 1.457562229368470685e+00
3.020000000000000000e+02 1.457585403997307516e+00
3.030000000000000000e+02 1.457608575723003508e+00
3.040000000000000000e+02 1.457631744545558439e+00
3.050000000000000000e+02 1.457654910464972531e+00
3.060000000000000000e+02 1.457678073481245562e+00
3.070000000000000000e+02 1.457701233594377532e+00
3.080000000000000000e+02 1.457724390804368442e+00
3.090000000000000000e+02 1.457747545111218290e+00
3.100000000000000000e+02 1.457770696514927300e+00
3.110000000000000000e+02 1.457793845015495471e+00
3.120000000000000000e+02 1.457816990612922359e+00
3.130000000000000000e+02 1.457840133307208408e+00
3.140000000000000000e+02 1.457863273098353396e+00
3.150000000000000000e+02 1.457886409986357323e+00
3.160000000000000000e+02 1.457909543971220412e+00
3.170000000000000000e+02 1.457932675052942439e+00
3.180000000000000000e+02 1.457955803231523406e+00
3.190000000000000000e+02 1.457978928506963312e+00
3.200000000000000000e+02 1.458002050879262379e+00
3.210000000000000000e+02 1.458025170348420385e+00
3.220000000000000000e+02 1.458048286914437552e+00
3.230000000000000000e+02 1.458071400577313437e+00
3.240000000000000000e+02 1.458094511337048482e+00
3.250000000000000000e+02 1.458117619193642467e+00
3.260000000000000000e+02 1.458140724147095613e+00
3.270000000000000000e+02 1.458163826197407698e+00
3.280000000000000000e+02 1.458186925344578722e+00
3.290000000000000000e+02 1.458210021588608685e+00
3.300000000000000000e+02 1.458233114929497809e+00
3.310000000000000000e+02 1.458256205367245872e+00
3.320000000000000000e+02 1.458279292901852875e+00
3.330000000000000000e+02 1.458302377533318817e+00
3.340000000000000000e+02 1.458325459261643919e+00
3.350000000000000000e+02 1.458348538086827961e+00
3.360000000000000000e+02 1.458371614008871164e+00
3.370000000000000000e+02 1.458394687027773085e+00
3.380000000000000000e+02 1.458417757143534166e+00
3.390000000000000000e+02 1.458440824356154408e+00
3.400000000000000000e+02 1.458463888665633368e+00
3.410000000000000000e+02 1.458486950071971489e+00
3.420000000000000000e+02 1.458510008575168548e+00
3.430000000000000000e+02 1.458533064175224547e+00
3.440000000000000000e+02 1.458556116872139707e+00
3.450000000000000000e+02 1.458579166665913807e+00
3.460000000000000000e+02 1.458602213556546845e+00
3.470000000000000000e+02 1.458625257544039044e+00
3.480000000000000000e+02 1.458648298628390183e+00
3.490000000000000000e+02 1.458671336809600261e+00
3.500000000000000000e+02 1.458694372087669278e+00
3.510000000000000000e+02 1.458717404462597456e+00
3.520000000000000000e+02 1.458740433934384573e+00
3.530000000000000000e+02 1.458763460503030629e+00
3.540000000000000000e+02 1.458786484168535846e+00
3.550000000000000000e+02 1.458809504930900003e+00
3.560000000000000000e+02 1.458832522790123098e+00
3.570000000000000000e+02 1.458855537746205133e+00
3.580000000000000000e+02 1.458878549799146329e+00
3.590000000000000000e+02 1.458901558948946464e+00
3.600000000000000000e+02 1.458924565195605538e+00
3.610000000000000000e+02 1.458947568539123774e+00
3.620000000000000000e+02 1.458970568979500948e+00
3.630000000000000000e+02 1.458993566516737062e+00
3.640000000000000000e+02 1.459016561150832114e+00
3.650000000000000000e+02 1.459039552881786328e+00
3.660000000000000000e+02 1.459062541709599481e+00
3.670000000000000000e+02 1.459085527634271573e+00
3.680000000000000000e+02 1.459108510655802826e+00
3.690000000000000000e+02 1.459131490774193018e+00
3.700000000000000000e+02 1.459154467989442150e+00
3.710000000000000000e+02 1.459177442301550220e+00
3.720000000000000000e+02 1.459200413710517452e+00
3.730000000000000000e+02 1.459223382216343623e+00
3.740000000000000000e+02 1.459246347819028733e+00
3.750000000000000000e+02 1.459269310518573004e+00
3.760000000000000000e+02 1.459292270314976214e+00
3.770000000000000000e+02 1.459315227208238364e+00
3.780000000000000000e+02 1.459338181198359674e+00
3.790000000000000000e+02 1.459361132285339702e+00
3.800000000000000000e+02 1.459384080469178890e+00
3.810000000000000000e+02 1.459407025749877240e+00
3.820000000000000000e+02 1.459429968127434307e+00
3.830000000000000000e+02 1.459452907601850535e+00
3.840000000000000000e+02 1.459475844173125703e+00
3.850000000000000000e+02 1.459498777841260031e+00
3.860000000000000000e+02 1.459521708606253299e+00
3.870000000000000000e+02 1.459544636468105505e+00
3.880000000000000000e+02 1.459567561426816651e+00
3.890000000000000000e+02 1.459590483482386958e+00
3.900000000000000000e+02 1.459613402634816204e+00
3.910000000000000000e+02 1.459636318884104389e+00
3.920000000000000000e+02 1.459659232230251513e+00
3.930000000000000000e+02 1.459682142673257799e+00
3.940000000000000000e+02 1.459705050213123023e+00
3.950000000000000000e+02 1.459727954849847409e+00
3.960000000000000000e+02 1.459750856583430512e+00
3.970000000000000000e+02 1.459773755413872776e+00
3.980000000000000000e+02 1.459796651341173979e+00
3.990000000000000000e+02 1.459819544365334343e+00
4.000000000000000000e+02 1.459842434486353646e+00
4.010000000000000000e+02 1.459865321704231889e+00
4.020000000000000000e+02 1.459888206018969070e+00
4.030000000000000000e+02 1.459911087430565413e+00
4.040000000000000000e+02 1.459933965939020695e+00
4.050000000000000000e+02 1.459956841544334916e+00
4.060000000000000000e+02 1.459979714246508298e+00
4.070000000000000000e+02 1.460002584045540397e+00
4.080000000000000000e+02 1.460025450941431657e+00
4.090000000000000000e+02 1.460048314934182079e+00
4.100000000000000000e+02 1.460071176023791439e+00
4.110000000000000000e+02 1.460094034210259739e+00
4.120000000000000000e+02 1.460116889493586978e+00
4.130000000000000000e+02 1.460139741873773156e+00
4.140000000000000000e+02 1.460162591350818495e+00
4.150000000000000000e+02 1.460185437924722773e+00
4.160000000000000000e+02 1.460208281595486213e+00
4.170000000000000000e+02 1.460231122363108369e+00
4.180000000000000000e+02 1.460253960227589687e+00
4.190000000000000000e+02 1.460276795188930166e+00
4.200000000000000000e+02 1.460299627247129362e+00
4.210000000000000000e+02 1.460322456402187719e+00
4.220000000000000000e+02 1.460345282654105015e+00
4.230000000000000000e+02 1.460368106002881472e+00
4.240000000000000000e+02 1.460390926448516646e+00
4.250000000000000000e+02 1.460413743991010982e+00
4.260000000000000000e+02 1.460436558630364479e+00
4.270000000000000000e+02 1.460459370366576692e+00
4.280000000000000000e+02 1.460482179199648067e+00
4.290000000000000000e+02 1.460504985129578381e+00
4.300000000000000000e+02 1.460527788156367857e+00
4.310000000000000000e+02 1.460550588280016049e+00
4.320000000000000000e+02 1.460573385500523402e+00
4.330000000000000000e+02 1.460596179817889917e+00
4.340000000000000000e+02 1.460618971232115149e+00
4.350000000000000000e+02 1.460641759743199541e+00
4.360000000000000000e+02 1.460664545351142873e+00
4.370000000000000000e+02 1.460687328055945367e+00
4.380000000000000000e+02 1.460710107857606577e+00
4.390000000000000000e+02 1.460732884756126948e+00
4.400000000000000000e+02 1.460755658751506481e+00
4.410000000000000000e+02 1.460778429843744730e+00
4.420000000000000000e+02 1.460801198032842141e+00
4.430000000000000000e+02 1.460823963318798491e+00
4.440000000000000000e+02 1.460846725701614002e+00
4.450000000000000000e+02 1.460869485181288452e+00
4.460000000000000000e+02 1.460892241757821841e+00
4.470000000000000000e+02 1.460914995431214169e+00
4.480000000000000000e+02 1.460937746201465659e+00
4.490000000000000000e+02 1.460960494068576088e+00
4.500000000000000000e+02 1.460983239032545455e+00
4.510000000000000000e+02 1.461005981093373762e+00
4.520000000000000000e+02 1.461028720251061230e+00
4.530000000000000000e+02 1.461051456505607637e+00
4.540000000000000000e+02 1.461074189857012984e+00
4.550000000000000000e+02 1.461096920305277491e+00
4.560000000000000000e+02 1.461119647850400938e+00
4.570000000000000000e+02 1.461142372492383323e+00
4.580000000000000000e+02 1.461165094231224870e+00
4.590000000000000000e+02 1.461187813066925134e+00
4.600000000000000000e+02 1.461210528999484559e+00
4.610000000000000000e+02 1.461233242028903145e+00
4.620000000000000000e+02 1.461255952155180449e+00
4.630000000000000000e+02 1.461278659378316913e+00
4.640000000000000000e+02 1.461301363698312539e+00
4.650000000000000000e+02 1.461324065115166881e+00
4.660000000000000000e+02 1.461346763628880385e+00
4.670000000000000000e+02 1.461369459239452828e+00
4.680000000000000000e+02 1.461392151946884210e+00
4.690000000000000000e+02 1.461414841751174754e+00
4.700000000000000000e+02 1.461437528652324236e+00
4.710000000000000000e+02 1.461460212650332657e+00
4.720000000000000000e+02 1.461482893745200240e+00
4.730000000000000000e+02 1.461505571936926762e+00
4.740000000000000000e+02 1.461528247225512223e+00
4.750000000000000000e+02 1.461550919610956623e+00
4.760000000000000000e+02 1.461573589093260184e+00
4.770000000000000000e+02 1.461596255672422684e+00
4.780000000000000000e+02 1.461618919348444123e+00
4.790000000000000000e+02 1.461641580121324724e+00
4.800000000000000000e+02 1.461664237991064041e+00
4.810000000000000000e+02 1.461686892957662520e+00
4.820000000000000000e+02 1.461709545021120160e+00
4.830000000000000000e+02 1.461732194181436739e+00
4.840000000000000000e+02 1.461754840438612257e+00
4.850000000000000000e+02 1.461777483792646715e+00
4.860000000000000000e+02 1.461800124243540111e+00
4.870000000000000000e+02 1.461822761791292669e+00
4.880000000000000000e+02 1.461845396435904165e+00
4.890000000000000000e+02 1.461868028177374823e+00
4.900000000000000000e+02 1.461890657015704198e+00
4.910000000000000000e+02 1.461913282950892734e+00
4.920000000000000000e+02 1.461935905982940431e+00
4.930000000000000000e+02 1.461958526111846846e+00
4.940000000000000000e+02 1.461981143337612421e+00
4.950000000000000000e+02 1.462003757660236936e+00
4.960000000000000000e+02 1.462026369079720611e+00
4.970000000000000000e+02 1.462048977596063004e+00
4.980000000000000000e+02 1.462071583209264558e+00
4.990000000000000000e+02 1.462094185919325273e+00
5.000000000000000000e+02 1.462116785726244705e+00
5.010000000000000000e+02 1.462139382630023299e+00
5.020000000000000000e+02 1.462161976630660831e+00
5.030000000000000000e+02 1.462184567728157525e+00
5.040000000000000000e+02 1.462207155922513158e+00
5.050000000000000000e+02 1.462229741213727729e+00
5.060000000000000000e+02 1.462252323601801240e+00
5.070000000000000000e+02 1.462274903086733691e+00
5.080000000000000000e+02 1.462297479668525302e+00
5.090000000000000000e+02 1.462320053347176074e+00
5.100000000000000000e+02 1.462342624122685564e+00
5.110000000000000000e+02 1.462365191995054214e+00
5.120000000000000000e+02 1.462387756964281804e+00
5.130000000000000000e+02 1.462410319030368333e+00
5.140000000000000000e+02 1.462432878193314023e+00
5.150000000000000000e+02 1.462455434453118652e+00
5.160000000000000000e+02 1.462477987809782221e+00
5.170000000000000000e+02 1.462500538263304728e+00
5.180000000000000000e+02 1.462523085813686397e+00
5.190000000000000000e+02 1.462545630460927004e+00
5.200000000000000000e+02 1.462568172205026551e+00
5.210000000000000000e+02 1.462590711045985259e+00
5.220000000000000000e+02 1.462613246983802906e+00
5.230000000000000000e+02 1.462635780018479492e+00
5.240000000000000000e+02 1.462658310150015240e+00
5.250000000000000000e+02 1.462680837378409704e+00
5.260000000000000000e+02 1.462703361703663552e+00
5.270000000000000000e+02 1.462725883125776116e+00
5.280000000000000000e+02 1.462748401644747842e+00
5.290000000000000000e+02 1.462770917260578285e+00
5.300000000000000000e+02 1.462793429973268111e+00
5.310000000000000000e+02 1.462815939782816654e+00
5.320000000000000000e+02 1.462838446689224359e+00
5.330000000000000000e+02 1.462860950692491002e+00
5.340000000000000000e+02 1.462883451792616585e+00
5.350000000000000000e+02 1.462905949989601329e+00
5.360000000000000000e+02 1.462928445283445011e+00
5.370000000000000000e+02 1.462950937674147633e+00
5.380000000000000000e+02 1.462973427161709417e+00
5.390000000000000000e+02 1.462995913746130139e+00
5.400000000000000000e+02 1.463018397427409800e+00
5.410000000000000000e+02 1.463040878205548401e+00
5.420000000000000000e+02 1.463063356080546162e+00
5.430000000000000000e+02 1.463085831052402863e+00
5.440000000000000000e+02 1.463108303121118503e+00
5.450000000000000000e+02 1.463130772286693082e+00
5.460000000000000000e+02 1.463153238549126822e+00
5.470000000000000000e+02 1.463175701908419502e+00
5.480000000000000000e+02 1.463198162364571342e+00
5.490000000000000000e+02 1.463220619917581899e+00
5.500000000000000000e+02 1.463243074567451618e+00
5.510000000000000000e+02 1.463265526314180498e+00
5.520000000000000000e+02 1.463287975157768095e+00
5.530000000000000000e+02 1.463310421098214853e+00
5.540000000000000000e+02 1.463332864135520550e+00
5.550000000000000000e+02 1.463355304269685409e+00
5.560000000000000000e+02 1.463377741500708984e+00
5.570000000000000000e+02 1.463400175828591721e+00
5.580000000000000000e+02 1.463422607253333618e+00
5.590000000000000000e+02 1.463445035774934233e+00
5.600000000000000000e+02 1.463467461393394009e+00
5.610000000000000000e+02 1.463489884108712724e+00
5.620000000000000000e+02 1.463512303920890600e+00
5.630000000000000000e+02 1.463534720829927194e+00
5.640000000000000000e+02 1.463557134835822948e+00
5.650000000000000000e+02 1.463579545938577864e+00
5.660000000000000000e+02 1.463601954138191497e+00
5.670000000000000000e+02 1.463624359434664290e+00
5.680000000000000000e+02 1.463646761827996023e+00
5.690000000000000000e+02 1.463669161318186918e+00
5.700000000000000000e+02 1.463691557905236529e+00
5.710000000000000000e+02 1.463713951589145301e+00
5.720000000000000000e+02 1.463736342369913235e+00
5.730000000000000000e+02 1.463758730247539885e+00
5.740000000000000000e+02 1.463781115222025697e+00
5.750000000000000000e+02 1.463803497293370448e+00
5.760000000000000000e+02 1.463825876461574360e+00
5.770000000000000000e+02 1.463848252726637211e+00
5.780000000000000000e+02 1.463870626088559002e+00
5.790000000000000000e+02 1.463892996547339731e+00
5.800000000000000000e+02 1.463915364102979622e+00
5.810000000000000000e+02 1.463937728755478229e+00
5.820000000000000000e+02 1.463960090504836220e+00
5.830000000000000000e+02 1.463982449351052928e+00
5.840000000000000000e+02 1.464004805294128797e+00
5.850000000000000000e+02 1.464027158334063605e+00
5.860000000000000000e+02 1.464049508470857353e+00
5.870000000000000000e+02 1.464071855704510261e+00
5.880000000000000000e+02 1.464094200035022109e+00
5.890000000000000000e+02 1.464116541462392895e+00
5.900000000000000000e+02 1.464138879986622621e+00
5.910000000000000000e+02 1.464161215607711508e+00
5.920000000000000000e+02 1.464183548325659334e+00
5.930000000000000000e+02 1.464205878140466321e+00
5.940000000000000000e+02 1.464228205052132026e+00
5.950000000000000000e+02 1.464250529060656891e+00
5.960000000000000000e+02 1.464272850166040696e+00
5.970000000000000000e+02 1.464295168368283662e+00
5.980000000000000000e+02 1.464317483667385567e+00
5.990000000000000000e+02 1.464339796063346411e+00
6.000000000000000000e+02 1.464362105556166194e+00
6.010000000000000000e+02 1.464384412145845138e+00
6.020000000000000000e+02 1.464406715832383021e+00
6.030000000000000000e+02 1.464429016615779844e+00
6.040000000000000000e+02 1.464451314496035828e+00
6.050000000000000000e+02 1.464473609473150528e+00
6.060000000000000000e+02 1.464495901547124390e+00
6.070000000000000000e+02 1.464518190717957413e+00
6.080000000000000000e+02 1.464540476985649153e+00
6.090000000000000000e+02 1.464562760350200055e+00
6.100000000000000000e+02 1.464585040811610117e+00
6.110000000000000000e+02 1.464607318369878897e+00
6.120000000000000000e+02 1.464629593025006837e+00
6.130000000000000000e+02 1.464651864776993717e+00
6.140000000000000000e+02 1.464674133625839758e+00
6.150000000000000000e+02 1.464696399571544516e+00
6.160000000000000000e+02 1.464718662614108435e+00
6.170000000000000000e+02 1.464740922753531294e+00
6.180000000000000000e+02 1.464763179989813313e+00
6.190000000000000000e+02 1.464785434322954272e+00
6.200000000000000000e+02 1.464807685752954169e+00
6.210000000000000000e+02 1.464829934279813006e+00
6.220000000000000000e+02 1.464852179903531004e+00
6.230000000000000000e+02 1.464874422624107941e+00
6.240000000000000000e+02 1.464896662441543818e+00
6.250000000000000000e+02 1.464918899355838855e+00
6.260000000000000000e+02 1.464941133366992831e+00
6.270000000000000000e+02 1.464963364475005747e+00
6.280000000000000000e+02 1.464985592679877602e+00
6.290000000000000000e+02 1.465007817981608618e+00
6.300000000000000000e+02 1.465030040380198573e+00
6.310000000000000000e+02 1.465052259875647467e+00
6.320000000000000000e+02 1.465074476467955522e+00
6.330000000000000000e+02 1.465096690157122516e+00
6.340000000000000000e+02 1.465118900943148450e+00
6.350000000000000000e+02 1.465141108826033323e+00
6.360000000000000000e+02 1.465163313805777356e+00
6.370000000000000000e+02 1.465185515882380329e+00
6.380000000000000000e+02 1.465207715055842241e+00
6.390000000000000000e+02 1.465229911326163315e+00
6.400000000000000000e+02 1.465252104693343327e+00
6.410000000000000000e+02 1.465274295157382278e+00
6.420000000000000000e+02 1.465296482718280391e+00
6.430000000000000000e+02 1.465318667376037221e+00
6.440000000000000000e+02 1.465340849130653211e+00
6.450000000000000000e+02 1.465363027982128363e+00
6.460000000000000000e+02 1.465385203930462232e+00
6.470000000000000000e+02 1.465407376975655263e+00
6.480000000000000000e+02 1.465429547117707232e+00
6.490000000000000000e+02 1.465451714356618362e+00
6.500000000000000000e+02 1.465473878692388432e+00
6.510000000000000000e+02 1.465496040125017441e+00
6.520000000000000000e+02 1.465518198654505388e+00
6.530000000000000000e+02 1.465540354280852497e+00
6.540000000000000000e+02 1.465562507004058324e+00
6.550000000000000000e+02 1.465584656824123533e+00
6.560000000000000000e+02 1.465606803741047459e+00
6.570000000000000000e+02 1.465628947754830547e+00
6.580000000000000000e+02 1.465651088865472573e+00
6.590000000000000000e+02 1.465673227072973539e+00
6.600000000000000000e+02 1.465695362377333666e+00
6.610000000000000000e+02 1.465717494778552732e+00
6.620000000000000000e+02 1.465739624276630737e+00
6.630000000000000000e+02 1.465761750871567903e+00
6.640000000000000000e+02 1.465783874563363787e+00
6.650000000000000000e+02 1.465805995352018831e+00
6.660000000000000000e+02 1.465828113237533037e+00
6.670000000000000000e+02 1.465850228219905960e+00
6.680000000000000000e+02 1.465872340299138044e+00
6.690000000000000000e+02 1.465894449475229289e+00
6.700000000000000000e+02 1.465916555748179251e+00
6.710000000000000000e+02 1.465938659117988374e+00
6.720000000000000000e+02 1.465960759584656437e+00
6.730000000000000000e+02 1.465982857148183438e+00
6.740000000000000000e+02 1.466004951808569601e+00
6.750000000000000000e+02 1.466027043565814703e+00
6.760000000000000000e+02 1.466049132419918744e+00
6.770000000000000000e+02 1.466071218370881946e+00
6.780000000000000000e+02 1.466093301418704087e+00
6.790000000000000000e+02 1.466115381563385167e+00
6.800000000000000000e+02 1.466137458804925187e+00
6.810000000000000000e+02 1.466159533143324367e+00
6.820000000000000000e+02 1.466181604578582487e+00
6.830000000000000000e+02 1.466203673110699546e+00
6.840000000000000000e+02 1.466225738739675766e+00
6.850000000000000000e+02 1.466247801465510703e+00
6.860000000000000000e+02 1.466269861288204801e+00
6.870000000000000000e+02 1.466291918207758060e+00
6.880000000000000000e+02 1.466313972224170259e+00
6.890000000000000000e+02 1.466336023337441397e+00
6.900000000000000000e+02 1.466358071547571473e+00
6.910000000000000000e+02 1.466380116854560489e+00
6.920000000000000000e+02 1.466402159258408666e+00
6.930000000000000000e+02 1.466424198759115782e+00
6.940000000000000000e+02 1.466446235356682060e+00
6.950000000000000000e+02 1.466468269051107276e+00
6.960000000000000000e+02 1.466490299842391432e+00
6.970000000000000000e+02 1.466512327730534526e+00
6.980000000000000000e+02 1.466534352715536560e+00
6.990000000000000000e+02 1.466556374797397755e+00
7.000000000000000000e+02 1.466578393976117889e+00
7.010000000000000000e+02 1.466600410251697184e+00
7.020000000000000000e+02 1.466622423624135418e+00
7.030000000000000000e+02 1.466644434093432592e+00
7.040000000000000000e+02 1.466666441659588704e+00
7.050000000000000000e+02 1.466688446322603756e+00
7.060000000000000000e+02 1.466710448082477969e+00
7.070000000000000000e+02 1.466732446939211121e+00
7.080000000000000000e+02 1.466754442892803434e+00
7.090000000000000000e+02 1.466776435943254686e+00
7.100000000000000000e+02 1.466798426090564877e+00
7.110000000000000000e+02 1.466820413334734008e+00
7.120000000000000000e+02 1.466842397675762300e+00
7.130000000000000000e+02 1.466864379113649530e+00
7.140000000000000000e+02 1.466886357648395700e+00
7.150000000000000000e+02 1.466908333280000809e+00
7.160000000000000000e+02 1.466930306008465079e+00
7.170000000000000000e+02 1.466952275833788288e+00
7.180000000000000000e+02 1.466974242755970437e+00
7.190000000000000000e+02 1.466996206775011746e+00
7.200000000000000000e+02 1.467018167890911995e+00
7.210000000000000000e+02 1.467040126103671183e+00
7.220000000000000000e+02 1.467062081413289309e+00
7.230000000000000000e+02 1.467084033819766598e+00
7.240000000000000000e+02 1.467105983323102825e+00
7.250000000000000000e+02 1.467127929923298213e+00
7.260000000000000000e+02 1.467149873620352318e+00
7.270000000000000000e+02 1.467171814414265585e+00
7.280000000000000000e+02 1.467193752305037791e+00
7.290000000000000000e+02 1.467215687292669157e+00
7.300000000000000000e+02 1.467237619377159463e+00
7.310000000000000000e+02 1.467259548558508708e+00
7.320000000000000000e+02 1.467281474836716892e+00
7.330000000000000000e+02 1.467303398211784238e+00
7.340000000000000000e+02 1.467325318683710522e+00
7.350000000000000000e+02 1.467347236252495746e+00
7.360000000000000000e+02 1.467369150918139908e+00
7.370000000000000000e+02 1.467391062680643232e+00
7.380000000000000000e+02 1.467412971540005495e+00
7.390000000000000000e+02 1.467434877496226919e+00
7.400000000000000000e+02 1.467456780549307060e+00
7.410000000000000000e+02 1.467478680699246363e+00
7.420000000000000000e+02 1.467500577946044826e+00
7.430000000000000000e+02 1.467522472289702007e+00
7.440000000000000000e+02 1.467544363730218349e+00
7.450000000000000000e+02 1.467566252267593629e+00
7.460000000000000000e+02 1.467588137901827849e+00
7.470000000000000000e+02 1.467610020632921231e+00
7.480000000000000000e+02 1.467631900460873551e+00
7.490000000000000000e+02 1.467653777385684810e+00
7.500000000000000000e+02 1.467675651407355231e+00
7.510000000000000000e+02 1.467697522525884590e+00
7.520000000000000000e+02 1.467719390741272889e+00
7.530000000000000000e+02 1.467741256053520127e+00
7.540000000000000000e+02 1.467763118462626526e+00
7.550000000000000000e+02 1.467784977968591864e+00
7.560000000000000000e+02 1.467806834571416141e+00
7.570000000000000000e+02 1.467828688271099580e+00
7.580000000000000000e+02 1.467850539067641957e+00
7.590000000000000000e+02 1.467872386961043274e+00
7.600000000000000000e+02 1.467894231951303530e+00
7.610000000000000000e+02 1.467916074038422947e+00
7.620000000000000000e+02 1.467937913222401303e+00
7.630000000000000000e+02 1.467959749503238598e+00
7.640000000000000000e+02 1.467981582880935054e+00
7.650000000000000000e+02 1.468003413355490228e+00
7.660000000000000000e+02 1.468025240926904784e+00
7.670000000000000000e+02 1.468047065595178058e+00
7.680000000000000000e+02 1.468068887360310493e+00
7.690000000000000000e+02 1.468090706222301867e+00
7.700000000000000000e+02 1.468112522181152180e+00
7.710000000000000000e+02 1.468134335236861654e+00
7.720000000000000000e+02 1.468156145389430067e+00
7.730000000000000000e+02 1.468177952638857420e+00
7.740000000000000000e+02 1.468199756985143711e+00
7.750000000000000000e+02 1.468221558428289164e+00
7.760000000000000000e+02 1.468243356968293556e+00
7.770000000000000000e+02 1.468265152605156887e+00
7.780000000000000000e+02 1.468286945338879379e+00
7.790000000000000000e+02 1.468308735169460810e+00
7.800000000000000000e+02 1.468330522096901181e+00
7.810000000000000000e+02 1.468352306121200490e+00
7.820000000000000000e+02 1.468374087242358961e+00
7.830000000000000000e+02 1.468395865460376370e+00
7.840000000000000000e+02 1.468417640775252719e+00
7.850000000000000000e+02 1.468439413186988229e+00
7.860000000000000000e+02 1.468461182695582679e+00
7.870000000000000000e+02 1.468482949301036067e+00
7.880000000000000000e+02 1.468504713003348616e+00
7.890000000000000000e+02 1.468526473802519883e+00
7.900000000000000000e+02 1.468548231698550310e+00
7.910000000000000000e+02 1.468569986691439899e+00
7.920000000000000000e+02 1.468591738781188205e+00
7.930000000000000000e+02 1.468613487967795672e+00
7.940000000000000000e+02 1.468635234251262300e+00
7.950000000000000000e+02 1.468656977631587646e+00
7.960000000000000000e+02 1.468678718108772152e+00
7.970000000000000000e+02 1.468700455682815598e+00
7.980000000000000000e+02 1.468722190353717982e+00
7.990000000000000000e+02 1.468743922121479528e+00
8.000000000000000000e+02 1.468765650986100013e+00
8.010000000000000000e+02 1.468787376947579437e+00
8.020000000000000000e+02 1.468809100005918022e+00
8.030000000000000000e+02 1.468830820161115325e+00
8.040000000000000000e+02 1.468852537413171788e+00
8.050000000000000000e+02 1.468874251762087413e+00
8.060000000000000000e+02 1.468895963207861755e+00
8.070000000000000000e+02 1.468917671750495257e+00
8.080000000000000000e+02 1.468939377389987921e+00
8.090000000000000000e+02 1.468961080126339303e+00
8.100000000000000000e+02 1.468982779959549845e+00
8.110000000000000000e+02 1.469004476889619326e+00
8.120000000000000000e+02 1.469026170916547747e+00
8.130000000000000000e+02 1.469047862040335328e+00
8.140000000000000000e+02 1.469069550260981849e+00
8.150000000000000000e+02 1.469091235578487309e+00
8.160000000000000000e+02 1.469112917992851930e+00
8.170000000000000000e+02 1.469134597504075490e+00
8.180000000000000000e+02 1.469156274112157989e+00
8.190000000000000000e+02 1.469177947817099428e+00
8.200000000000000000e+02 1.469199618618900027e+00
8.210000000000000000e+02 1.469221286517559566e+00
8.220000000000000000e+02 1.469242951513078044e+00
8.230000000000000000e+02 1.469264613605455683e+00
8.240000000000000000e+02 1.469286272794692261e+00
8.250000000000000000e+02 1.469307929080787778e+00
8.260000000000000000e+02 1.469329582463742234e+00
8.270000000000000000e+02 1.469351232943555852e+00
8.280000000000000000e+02 1.469372880520228408e+00
8.290000000000000000e+02 1.469394525193759904e+00
8.300000000000000000e+02 1.469416166964150561e+00
8.310000000000000000e+02 1.469437805831399935e+00
8.320000000000000000e+02 1.469459441795508692e+00
8.330000000000000000e+02 1.469481074856476166e+00
8.340000000000000000e+02 1.469502705014302801e+00
8.350000000000000000e+02 1.469524332268988376e+00
8.360000000000000000e+02 1.469545956620532889e+00
8.370000000000000000e+02 1.469567578068936564e+00
8.380000000000000000e+02 1.469589196614199178e+00
8.390000000000000000e+02 1.469610812256320731e+00
8.400000000000000000e+02 1.469632424995301223e+00
8.410000000000000000e+02 1.469654034831140876e+00
8.420000000000000000e+02 1.469675641763839469e+00
8.430000000000000000e+02 1.469697245793397000e+00
8.440000000000000000e+02 1.469718846919813693e+00
8.450000000000000000e+02 1.469740445143089325e+00
8.460000000000000000e+02 1.469762040463223896e+00
8.470000000000000000e+02 1.469783632880217406e+00
8.480000000000000000e+02 1.469805222394070077e+00
8.490000000000000000e+02 1.469826809004781687e+00
8.500000000000000000e+02 1.469848392712352236e+00
8.510000000000000000e+02 1.469869973516781947e+00
8.520000000000000000e+02 1.469891551418070597e+00
8.530000000000000000e+02 1.469913126416218185e+00
8.540000000000000000e+02 1.469934698511224935e+00
8.550000000000000000e+02 1.469956267703090402e+00
8.560000000000000000e+02 1.469977833991815031e+00
8.570000000000000000e+02 1.469999397377398820e+00
8.580000000000000000e+02 1.470020957859841326e+00
8.590000000000000000e+02 1.470042515439142994e+00
8.600000000000000000e+02 1.470064070115303601e+00
8.610000000000000000e+02 1.470085621888323368e+00
8.620000000000000000e+02 1.470107170758202075e+00
8.630000000000000000e+02 1.470128716724939721e+00
8.640000000000000000e+02 1.470150259788536307e+00
8.650000000000000000e+02 1.470171799948992053e+00
8.660000000000000000e+02 1.470193337206306738e+00
8.670000000000000000e+02 1.470214871560480363e+00
8.680000000000000000e+02 1.470236403011512927e+00
8.690000000000000000e+02 1.470257931559404652e+00
8.700000000000000000e+02 1.470279457204155316e+00
8.710000000000000000e+02 1.470300979945765141e+00
8.720000000000000000e+02 1.470322499784233683e+00
8.730000000000000000e+02 1.470344016719561386e+00
8.740000000000000000e+02 1.470365530751748251e+00
8.750000000000000000e+02 1.470387041880793833e+00
8.760000000000000000e+02 1.470408550106698575e+00
8.770000000000000000e+02 1.470430055429462257e+00
8.780000000000000000e+02 1.470451557849084878e+00
8.790000000000000000e+02 1.470473057365566660e+00
8.800000000000000000e+02 1.470494553978907382e+00
8.810000000000000000e+02 1.470516047689107042e+00
8.820000000000000000e+02 1.470537538496165864e+00
8.830000000000000000e+02 1.470559026400083624e+00
8.840000000000000000e+02 1.470580511400860324e+00
8.850000000000000000e+02 1.470601993498495963e+00
8.860000000000000000e+02 1.470623472692990763e+00
8.870000000000000000e+02 1.470644948984344502e+00
8.880000000000000000e+02 1.470666422372557181e+00
8.890000000000000000e+02 1.470687892857629020e+00
8.900000000000000000e+02 1.470709360439559577e+00
8.910000000000000000e+02 1.470730825118349294e+00
8.920000000000000000e+02 1.470752286893998173e+00
8.930000000000000000e+02 1.470773745766505991e+00
8.940000000000000000e+02 1.470795201735872748e+00
8.950000000000000000e+02 1.470816654802098444e+00
8.960000000000000000e+02 1.470838104965183080e+00
8.970000000000000000e+02 1.470859552225126876e+00
8.980000000000000000e+02 1.470880996581929612e+00
8.990000000000000000e+02 1.470902438035591508e+00
9.000000000000000000e+02 1.470923876586112344e+00
9.010000000000000000e+02 1.470945312233492119e+00
9.020000000000000000e+02 1.470966744977730833e+00
9.030000000000000000e+02 1.470988174818828487e+00
9.040000000000000000e+02 1.471009601756785301e+00
9.050000000000000000e+02 1.471031025791601055e+00
9.060000000000000000e+02 1.471052446923275969e+00
9.070000000000000000e+02 1.471073865151809823e+00
9.080000000000000000e+02 1.471095280477202616e+00
9.090000000000000000e+02 1.471116692899454348e+00
9.100000000000000000e+02 1.471138102418565241e+00
9.110000000000000000e+02 1.471159509034534851e+00
9.120000000000000000e+02 1.471180912747363845e+00
9.130000000000000000e+02 1.471202313557051555e+00
9.140000000000000000e+02 1.471223711463598427e+00
9.150000000000000000e+02 1.471245106467004238e+00
9.160000000000000000e+02 1.471266498567268988e+00
9.170000000000000000e+02 1.471287887764392899e+00
9.180000000000000000e+02 1.471309274058375749e+00
9.190000000000000000e+02 1.471330657449217538e+00
9.200000000000000000e+02 1.471352037936918267e+00
9.210000000000000000e+02 1.471373415521478156e+00
9.220000000000000000e+02 1.471394790202896985e+00
9.230000000000000000e+02 1.471416161981174753e+00
9.240000000000000000e+02 1.471437530856311682e+00
9.250000000000000000e+02 1.471458896828307550e+00
9.260000000000000000e+02 1.471480259897162357e+00
9.270000000000000000e+02 1.471501620062876325e+00
9.280000000000000000e+02 1.471522977325449011e+00
9.290000000000000000e+02 1.471544331684880857e+00
9.300000000000000000e+02 1.471565683141171865e+00
9.310000000000000000e+02 1.471587031694321590e+00
9.320000000000000000e+02 1.471608377344330476e+00
9.330000000000000000e+02 1.471629720091198523e+00
9.340000000000000000e+02 1.471651059934925287e+00
9.350000000000000000e+02 1.471672396875511213e+00
9.360000000000000000e+02 1.471693730912956077e+00
9.370000000000000000e+02 1.471715062047259881e+00
9.380000000000000000e+02 1.471736390278422846e+00
9.390000000000000000e+02 1.471757715606444750e+00
9.400000000000000000e+02 1.471779038031325593e+00
9.410000000000000000e+02 1.471800357553065597e+00
9.420000000000000000e+02 1.471821674171664540e+00
9.430000000000000000e+02 1.471842987887122423e+00
9.440000000000000000e+02 1.471864298699439244e+00
9.450000000000000000e+02 1.471885606608615227e+00
9.460000000000000000e+02 1.471906911614650149e+00
9.470000000000000000e+02 1.471928213717544009e+00
9.480000000000000000e+02 1.471949512917296810e+00
9.490000000000000000e+02 1.471970809213908771e+00
9.500000000000000000e+02 1.471992102607379671e+00
9.510000000000000000e+02 1.472013393097709733e+00
9.520000000000000000e+02 1.472034680684898511e+00
9.530000000000000000e+02 1.472055965368946451e+00
9.540000000000000000e+02 1.472077247149853552e+00
9.550000000000000000e+02 1.472098526027619370e+00
9.560000000000000000e+02 1.472119802002244349e+00
9.570000000000000000e+02 1.472141075073728267e+00
9.580000000000000000e+02 1.472162345242071124e+00
9.590000000000000000e+02 1.472183612507273143e+00
9.600000000000000000e+02 1.472204876869334100e+00
9.610000000000000000e+02 1.472226138328253997e+00
9.620000000000000000e+02 1.472247396884033055e+00
9.630000000000000000e+02 1.472268652536671052e+00
9.640000000000000000e+02 1.472289905286167988e+00
9.650000000000000000e+02 1.472311155132523863e+00
9.660000000000000000e+02 1.472332402075738900e+00
9.670000000000000000e+02 1.472353646115812875e+00
9.680000000000000000e+02 1.472374887252745790e+00
9.690000000000000000e+02 1.472396125486537866e+00
9.700000000000000000e+02 1.472417360817188881e+00
9.710000000000000000e+02 1.472438593244698835e+00
9.720000000000000000e+02 1.472459822769067728e+00
9.730000000000000000e+02 1.472481049390295782e+00
9.740000000000000000e+02 1.472502273108382775e+00
9.750000000000000000e+02 1.472523493923328708e+00
9.760000000000000000e+02 1.472544711835133802e+00
9.770000000000000000e+02 1.472565926843797834e+00
9.780000000000000000e+02 1.472587138949320806e+00
9.790000000000000000e+02 1.472608348151702939e+00
9.800000000000000000e+02 1.472629554450943790e+00
9.810000000000000000e+02 1.472650757847043801e+00
9.820000000000000000e+02 1.472671958340002973e+00
9.830000000000000000e+02 1.472693155929820863e+00
9.840000000000000000e+02 1.472714350616497914e+00
9.850000000000000000e+02 1.472735542400033903e+00
9.860000000000000000e+02 1.472756731280429054e+00
9.870000000000000000e+02 1.472777917257683145e+00
9.880000000000000000e+02 1.472799100331796174e+00
9.890000000000000000e+02 1.472820280502768142e+00
9.900000000000000000e+02 1.472841457770599272e+00
9.910000000000000000e+02 1.472862632135289118e+00
9.920000000000000000e+02 1.472883803596838348e+00
9.930000000000000000e+02 1.472904972155246295e+00
9.940000000000000000e+02 1.472926137810513403e+00
9.950000000000000000e+02 1.472947300562639450e+00
9.960000000000000000e+02 1.472968460411624436e+00
9.970000000000000000e+02 1.472989617357468584e+00
9.980000000000000000e+02 1.473010771400171670e+00
9.990000000000000000e+02 1.473031922539733696e+00
1.000000000000000000e+03 1.473053070776154883e+00
1.001000000000000000e+03 1.473074216109434786e+00
1.002000000000000000e+03 1.473095358539573851e+00
1.003000000000000000e+03 1.473116498066572078e+00
1.004000000000000000e+03 1.473137634690429021e+00
1.005000000000000000e+03 1.473158768411145125e+00
1.006000000000000000e+03 1.473179899228720391e+00
1.007000000000000000e+03 1.473201027143154374e+00
1.008000000000000000e+03 1.473222152154447517e+00
1.009000000000000000e+03 1.473243274262599600e+00
1.010000000000000000e+03 1.473264393467610622e+00
1.011000000000000000e+03 1.473285509769480806e+00
1.012000000000000000e+03 1.473306623168209928e+00
1.013000000000000000e+03 1.473327733663797989e+00
1.014000000000000000e+03 1.473348841256245212e+00
1.015000000000000000e+03 1.473369945945551374e+00
1.016000000000000000e+03 1.473391047731716474e+00
1.017000000000000000e+03 1.473412146614740514e+00
1.018000000000000000e+03 1.473433242594623716e+00
1.019000000000000000e+03 1.473454335671365856e+00
1.020000000000000000e+03 1.473475425844966935e+00
1.021000000000000000e+03 1.473496513115426954e+00
