# order=8: data_wav [pixel], data_wavsolution [micron]
3.000000000000000000e+00 1.571733634618490694e+00
4.000000000000000000e+00 1.571759671927926760e+00
5.000000000000000000e+00 1.571785704477026258e+00
6.000000000000000000e+00 1.571811732265788519e+00
7.000000000000000000e+00 1.571837755294213990e+00
8.000000000000000000e+00 1.571863773562302669e+00
9.000000000000000000e+00 1.571889787070054334e+00
1.000000000000000000e+01 1.571915795817469208e+00
1.100000000000000000e+01 1.571941799804547069e+00
1.200000000000000000e+01 1.571967799031287916e+00
1.300000000000000000e+01 1.571993793497692193e+00
1.400000000000000000e+01 1.572019783203759236e+00
1.500000000000000000e+01 1.572045768149489486e+00
1.600000000000000000e+01 1.572071748334882946e+00
1.700000000000000000e+01 1.572097723759939392e+00
1.800000000000000000e+01 1.572123694424659046e+00
1.900000000000000000e+01 1.572149660329041687e+00
2.000000000000000000e+01 1.572175621473087315e+00
2.100000000000000000e+01 1.572201577856796151e+00
2.200000000000000000e+01 1.572227529480168196e+00
2.300000000000000000e+01 1.572253476343203227e+00
2.400000000000000000e+01 1.572279418445901467e+00
2.500000000000000000e+01 1.572305355788262693e+00
2.600000000000000000e+01 1.572331288370286906e+00
2.700000000000000000e+01 1.572357216191974549e+00
2.800000000000000000e+01 1.572383139253324957e+00
2.900000000000000000e+01 1.572409057554338574e+00
3.000000000000000000e+01 1.572434971095015399e+00
3.100000000000000000e+01 1.572460879875355211e+00
3.200000000000000000e+01 1.572486783895358231e+00
3.300000000000000000e+01 1.572512683155024238e+00
3.400000000000000000e+01 1.572538577654353231e+00
3.500000000000000000e+01 1.572564467393345433e+00
3.600000000000000000e+01 1.572590352372000844e+00
3.700000000000000000e+01 1.572616232590319241e+00
3.800000000000000000e+01 1.572642108048300846e+00
3.900000000000000000e+01 1.572667978745945438e+00
4.000000000000000000e+01 1.572693844683253017e+00
4.100000000000000000e+01 1.572719705860224026e+00
4.200000000000000000e+01 1.572745562276857800e+00
4.300000000000000000e+01 1.572771413933154783e+00
4.400000000000000000e+01 1.572797260829114974e+00
4.500000000000000000e+01 1.572823102964738151e+00
4.600000000000000000e+01 1.572848940340024537e+00
4.700000000000000000e+01 1.572874772954973910e+00
4.800000000000000000e+01 1.572900600809586269e+00
4.900000000000000000e+01 1.572926423903861837e+00
5.000000000000000000e+01 1.572952242237800613e+00
5.100000000000000000e+01 1.572978055811402376e+00
5.200000000000000000e+01 1.573003864624667347e+00
5.300000000000000000e+01 1.573029668677595305e+00
5.400000000000000000e+01 1.573055467970186250e+00
5.500000000000000000e+01 1.573081262502440403e+00
5.600000000000000000e+01 1.573107052274357764e+00
5.700000000000000000e+01 1.573132837285938113e+00
5.800000000000000000e+01 1.573158617537181669e+00
5.900000000000000000e+01 1.573184393028088213e+00
6.000000000000000000e+01 1.573210163758657743e+00
6.100000000000000000e+01 1.573235929728890481e+00
6.200000000000000000e+01 1.573261690938786428e+00
6.300000000000000000e+01 1.573287447388345361e+00
6.400000000000000000e+01 1.573313199077567504e+00
6.500000000000000000e+01 1.573338946006452632e+00
6.600000000000000000e+01 1.573364688175000747e+00
6.700000000000000000e+01 1.573390425583212293e+00
6.800000000000000000e+01 1.573416158231086603e+00
6.900000000000000000e+01 1.573441886118624122e+00
7.000000000000000000e+01 1.573467609245824850e+00
7.100000000000000000e+01 1.573493327612688564e+00
7.200000000000000000e+01 1.573519041219215264e+00
7.300000000000000000e+01 1.573544750065405395e+00
7.400000000000000000e+01 1.573570454151258291e+00
7.500000000000000000e+01 1.573596153476774395e+00
7.600000000000000000e+01 1.573621848041953708e+00
7.700000000000000000e+01 1.573647537846796007e+00
7.800000000000000000e+01 1.573673222891301293e+00
7.900000000000000000e+01 1.573698903175470010e+00
8.000000000000000000e+01 1.573724578699301491e+00
8.100000000000000000e+01 1.573750249462796180e+00
8.200000000000000000e+01 1.573775915465954078e+00
8.300000000000000000e+01 1.573801576708774963e+00
8.400000000000000000e+01 1.573827233191258834e+00
8.500000000000000000e+01 1.573852884913406136e+00
8.600000000000000000e+01 1.573878531875216202e+00
8.700000000000000000e+01 1.573904174076689477e+00
8.800000000000000000e+01 1.573929811517825961e+00
8.900000000000000000e+01 1.573955444198625431e+00
9.000000000000000000e+01 1.573981072119087887e+00
9.100000000000000000e+01 1.574006695279213774e+00
9.200000000000000000e+01 1.574032313679002426e+00
9.300000000000000000e+01 1.574057927318454286e+00
9.400000000000000000e+01 1.574083536197569355e+00
9.500000000000000000e+01 1.574109140316347411e+00
9.600000000000000000e+01 1.574134739674788452e+00
9.700000000000000000e+01 1.574160334272892925e+00
9.800000000000000000e+01 1.574185924110660162e+00
9.900000000000000000e+01 1.574211509188090607e+00
1.000000000000000000e+02 1.574237089505184262e+00
1.010000000000000000e+02 1.574262665061940902e+00
1.020000000000000000e+02 1.574288235858360530e+00
1.030000000000000000e+02 1.574313801894443365e+00
1.040000000000000000e+02 1.574339363170189410e+00
1.050000000000000000e+02 1.574364919685598441e+00
1.060000000000000000e+02 1.574390471440670680e+00
1.070000000000000000e+02 1.574416018435405906e+00
1.080000000000000000e+02 1.574441560669804119e+00
1.090000000000000000e+02 1.574467098143865540e+00
1.100000000000000000e+02 1.574492630857590170e+00
1.110000000000000000e+02 1.574518158810977786e+00
1.120000000000000000e+02 1.574543682004028611e+00
1.130000000000000000e+02 1.574569200436742422e+00
1.140000000000000000e+02 1.574594714109119220e+00
1.150000000000000000e+02 1.574620223021159227e+00
1.160000000000000000e+02 1.574645727172862442e+00
1.170000000000000000e+02 1.574671226564228643e+00
1.180000000000000000e+02 1.574696721195258053e+00
1.190000000000000000e+02 1.574722211065950450e+00
1.200000000000000000e+02 1.574747696176305833e+00
1.210000000000000000e+02 1.574773176526324425e+00
1.220000000000000000e+02 1.574798652116006226e+00
1.230000000000000000e+02 1.574824122945351013e+00
1.240000000000000000e+02 1.574849589014358786e+00
1.250000000000000000e+02 1.574875050323029990e+00
1.260000000000000000e+02 1.574900506871363959e+00
1.270000000000000000e+02 1.574925958659361136e+00
1.280000000000000000e+02 1.574951405687021522e+00
1.290000000000000000e+02 1.574976847954344894e+00
1.300000000000000000e+02 1.575002285461331253e+00
1.310000000000000000e+02 1.575027718207980820e+00
1.320000000000000000e+02 1.575053146194293596e+00
1.330000000000000000e+02 1.575078569420269359e+00
1.340000000000000000e+02 1.575103987885908330e+00
1.350000000000000000e+02 1.575129401591210287e+00
1.360000000000000000e+02 1.575154810536175232e+00
1.370000000000000000e+02 1.575180214720803384e+00
1.380000000000000000e+02 1.575205614145094746e+00
1.390000000000000000e+02 1.575231008809049094e+00
1.400000000000000000e+02 1.575256398712666428e+00
1.410000000000000000e+02 1.575281783855947193e+00
1.420000000000000000e+02 1.575307164238890723e+00
1.430000000000000000e+02 1.575332539861497461e+00
1.440000000000000000e+02 1.575357910723767407e+00
1.450000000000000000e+02 1.575383276825700340e+00
1.460000000000000000e+02 1.575408638167296260e+00
1.470000000000000000e+02 1.575433994748555389e+00
1.480000000000000000e+02 1.575459346569477725e+00
1.490000000000000000e+02 1.575484693630063049e+00
1.500000000000000000e+02 1.575510035930311581e+00
1.510000000000000000e+02 1.575535373470223099e+00
1.520000000000000000e+02 1.575560706249797605e+00
1.530000000000000000e+02 1.575586034269035318e+00
1.540000000000000000e+02 1.575611357527936240e+00
1.550000000000000000e+02 1.575636676026500149e+00
1.560000000000000000e+02 1.575661989764727045e+00
1.570000000000000000e+02 1.575687298742617148e+00
1.580000000000000000e+02 1.575712602960170461e+00
1.590000000000000000e+02 1.575737902417386760e+00
1.600000000000000000e+02 1.575763197114266267e+00
1.610000000000000000e+02 1.575788487050808762e+00
1.620000000000000000e+02 1.575813772227014242e+00
1.630000000000000000e+02 1.575839052642882931e+00
1.640000000000000000e+02 1.575864328298414829e+00
1.650000000000000000e+02 1.575889599193609714e+00
1.660000000000000000e+02 1.575914865328467585e+00
1.670000000000000000e+02 1.575940126702988664e+00
1.680000000000000000e+02 1.575965383317172952e+00
1.690000000000000000e+02 1.575990635171020227e+00
1.700000000000000000e+02 1.576015882264530710e+00
1.710000000000000000e+02 1.576041124597704179e+00
1.720000000000000000e+02 1.576066362170540636e+00
1.730000000000000000e+02 1.576091594983040300e+00
1.740000000000000000e+02 1.576116823035203174e+00
1.750000000000000000e+02 1.576142046327029034e+00
1.760000000000000000e+02 1.576167264858517880e+00
1.770000000000000000e+02 1.576192478629669935e+00
1.780000000000000000e+02 1.576217687640485199e+00
1.790000000000000000e+02 1.576242891890963449e+00
1.800000000000000000e+02 1.576268091381104686e+00
1.810000000000000000e+02 1.576293286110909353e+00
1.820000000000000000e+02 1.576318476080376785e+00
1.830000000000000000e+02 1.576343661289507425e+00
1.840000000000000000e+02 1.576368841738301274e+00
1.850000000000000000e+02 1.576394017426758110e+00
1.860000000000000000e+02 1.576419188354877932e+00
1.870000000000000000e+02 1.576444354522660962e+00
1.880000000000000000e+02 1.576469515930107201e+00
1.890000000000000000e+02 1.576494672577216427e+00
1.900000000000000000e+02 1.576519824463988639e+00
1.910000000000000000e+02 1.576544971590424060e+00
1.920000000000000000e+02 1.576570113956522690e+00
1.930000000000000000e+02 1.576595251562284306e+00
1.940000000000000000e+02 1.576620384407709130e+00
1.950000000000000000e+02 1.576645512492796941e+00
1.960000000000000000e+02 1.576670635817547739e+00
1.970000000000000000e+02 1.576695754381961745e+00
1.980000000000000000e+02 1.576720868186038960e+00
1.990000000000000000e+02 1.576745977229779161e+00
2.000000000000000000e+02 1.576771081513182349e+00
2.010000000000000000e+02 1.576796181036248745e+00
2.020000000000000000e+02 1.576821275798978350e+00
2.030000000000000000e+02 1.576846365801370942e+00
2.040000000000000000e+02 1.576871451043426520e+00
2.050000000000000000e+02 1.576896531525145306e+00
2.060000000000000000e+02 1.576921607246527302e+00
2.070000000000000000e+02 1.576946678207572283e+00
2.080000000000000000e+02 1.576971744408280474e+00
2.090000000000000000e+02 1.576996805848651650e+00
2.100000000000000000e+02 1.577021862528685814e+00
2.110000000000000000e+02 1.577046914448383186e+00
2.120000000000000000e+02 1.577071961607743766e+00
2.130000000000000000e+02 1.577097004006767333e+00
2.140000000000000000e+02 1.577122041645453887e+00
2.150000000000000000e+02 1.577147074523803649e+00
2.160000000000000000e+02 1.577172102641816620e+00
2.170000000000000000e+02 1.577197125999492577e+00
2.180000000000000000e+02 1.577222144596831521e+00
2.190000000000000000e+02 1.577247158433833674e+00
2.200000000000000000e+02 1.577272167510499035e+00
2.210000000000000000e+02 1.577297171826827382e+00
2.220000000000000000e+02 1.577322171382818716e+00
2.230000000000000000e+02 1.577347166178473259e+00
2.240000000000000000e+02 1.577372156213791010e+00
2.250000000000000000e+02 1.577397141488771748e+00
2.260000000000000000e+02 1.577422122003415472e+00
2.270000000000000000e+02 1.577447097757722627e+00
2.280000000000000000e+02 1.577472068751692547e+00
2.290000000000000000e+02 1.577497034985325675e+00
2.300000000000000000e+02 1.577521996458622011e+00
2.310000000000000000e+02 1.577546953171581334e+00
2.320000000000000000e+02 1.577571905124203644e+00
2.330000000000000000e+02 1.577596852316489162e+00
2.340000000000000000e+02 1.577621794748437889e+00
2.350000000000000000e+02 1.577646732420049602e+00
2.360000000000000000e+02 1.577671665331324302e+00
2.370000000000000000e+02 1.577696593482262211e+00
2.380000000000000000e+02 1.577721516872863328e+00
2.390000000000000000e+02 1.577746435503127431e+00
2.400000000000000000e+02 1.577771349373054521e+00
2.410000000000000000e+02 1.577796258482644820e+00
2.420000000000000000e+02 1.577821162831898327e+00
2.430000000000000000e+02 1.577846062420814821e+00
2.440000000000000000e+02 1.577870957249394301e+00
2.450000000000000000e+02 1.577895847317636990e+00
2.460000000000000000e+02 1.577920732625542888e+00
2.470000000000000000e+02 1.577945613173111772e+00
2.480000000000000000e+02 1.577970488960343642e+00
2.490000000000000000e+02 1.577995359987238722e+00
2.500000000000000000e+02 1.578020226253797009e+00
2.510000000000000000e+02 1.578045087760018284e+00
2.520000000000000000e+02 1.578069944505902544e+00
2.530000000000000000e+02 1.578094796491450014e+00
2.540000000000000000e+02 1.578119643716660692e+00
2.550000000000000000e+02 1.578144486181534356e+00
2.560000000000000000e+02 1.578169323886071007e+00
2.570000000000000000e+02 1.578194156830270867e+00
2.580000000000000000e+02 1.578218985014133935e+00
2.590000000000000000e+02 1.578243808437659990e+00
2.600000000000000000e+02 1.578268627100849253e+00
2.610000000000000000e+02 1.578293441003701503e+00
2.620000000000000000e+02 1.578318250146216739e+00
2.630000000000000000e+02 1.578343054528395184e+00
2.640000000000000000e+02 1.578367854150236838e+00
2.650000000000000000e+02 1.578392649011741478e+00
2.660000000000000000e+02 1.578417439112909104e+00
2.670000000000000000e+02 1.578442224453739939e+00
2.680000000000000000e+02 1.578467005034233983e+00
2.690000000000000000e+02 1.578491780854391013e+00
2.700000000000000000e+02 1.578516551914211030e+00
2.710000000000000000e+02 1.578541318213694256e+00
2.720000000000000000e+02 1.578566079752840690e+00
2.730000000000000000e+02 1.578590836531650110e+00
2.740000000000000000e+02 1.578615588550122517e+00
2.750000000000000000e+02 1.578640335808258133e+00
2.760000000000000000e+02 1.578665078306056957e+00
2.770000000000000000e+02 1.578689816043518768e+00
2.780000000000000000e+02 1.578714549020643565e+00
2.790000000000000000e+02 1.578739277237431571e+00
2.800000000000000000e+02 1.578764000693882785e+00
2.810000000000000000e+02 1.578788719389996986e+00
2.820000000000000000e+02 1.578813433325774174e+00
2.830000000000000000e+02 1.578838142501214570e+00
2.840000000000000000e+02 1.578862846916318174e+00
2.850000000000000000e+02 1.578887546571084766e+00
2.860000000000000000e+02 1.578912241465514343e+00
2.870000000000000000e+02 1.578936931599607130e+00
2.880000000000000000e+02 1.578961616973363125e+00
2.890000000000000000e+02 1.578986297586782106e+00
2.900000000000000000e+02 1.579010973439864074e+00
2.910000000000000000e+02 1.579035644532609250e+00
2.920000000000000000e+02 1.579060310865017636e+00
2.930000000000000000e+02 1.579084972437089007e+00
2.940000000000000000e+02 1.579109629248823365e+00
2.950000000000000000e+02 1.579134281300220932e+00
2.960000000000000000e+02 1.579158928591281708e+00
2.970000000000000000e+02 1.579183571122005469e+00
2.980000000000000000e+02 1.579208208892392218e+00
2.990000000000000000e+02 1.579232841902442175e+00
3.000000000000000000e+02 1.579257470152155118e+00
3.010000000000000000e+02 1.579282093641531270e+00
3.020000000000000000e+02 1.579306712370570631e+00
3.030000000000000000e+02 1.579331326339272978e+00
3.040000000000000000e+02 1.579355935547638312e+00
3.050000000000000000e+02 1.579380539995666854e+00
3.060000000000000000e+02 1.579405139683358605e+00
3.070000000000000000e+02 1.579429734610713343e+00
3.080000000000000000e+02 1.579454324777731067e+00
3.090000000000000000e+02 1.579478910184411999e+00
3.100000000000000000e+02 1.579503490830756141e+00
3.110000000000000000e+02 1.579528066716763268e+00
3.120000000000000000e+02 1.579552637842433382e+00
3.130000000000000000e+02 1.579577204207766705e+00
3.140000000000000000e+02 1.579601765812763237e+00
3.150000000000000000e+02 1.579626322657422755e+00
3.160000000000000000e+02 1.579650874741745259e+00
3.170000000000000000e+02 1.579675422065730972e+00
3.180000000000000000e+02 1.579699964629379894e+00
3.190000000000000000e+02 1.579724502432691802e+00
3.200000000000000000e+02 1.579749035475666696e+00
3.210000000000000000e+02 1.579773563758304800e+00
3.220000000000000000e+02 1.579798087280606111e+00
3.230000000000000000e+02 1.579822606042570410e+00
3.240000000000000000e+02 1.579847120044197695e+00
3.250000000000000000e+02 1.579871629285488188e+00
3.260000000000000000e+02 1.579896133766441890e+00
3.270000000000000000e+02 1.579920633487058579e+00
3.280000000000000000e+02 1.579945128447338254e+00
3.290000000000000000e+02 1.579969618647281138e+00
3.300000000000000000e+02 1.579994104086887230e+00
3.310000000000000000e+02 1.580018584766156087e+00
3.320000000000000000e+02 1.580043060685088374e+00
3.330000000000000000e+02 1.580067531843683648e+00
3.340000000000000000e+02 1.580091998241941909e+00
3.350000000000000000e+02 1.580116459879863378e+00
3.360000000000000000e+02 1.580140916757448055e+00
3.370000000000000000e+02 1.580165368874695719e+00
3.380000000000000000e+02 1.580189816231606370e+00
3.390000000000000000e+02 1.580214258828180229e+00
3.400000000000000000e+02 1.580238696664417297e+00
3.410000000000000000e+02 1.580263129740317352e+00
3.420000000000000000e+02 1.580287558055880393e+00
3.430000000000000000e+02 1.580311981611106642e+00
3.440000000000000000e+02 1.580336400405996100e+00
3.450000000000000000e+02 1.580360814440548545e+00
3.460000000000000000e+02 1.580385223714763976e+00
3.470000000000000000e+02 1.580409628228642616e+00
3.480000000000000000e+02 1.580434027982184464e+00
3.490000000000000000e+02 1.580458422975389299e+00
3.500000000000000000e+02 1.580482813208257120e+00
3.510000000000000000e+02 1.580507198680788150e+00
3.520000000000000000e+02 1.580531579392982167e+00
3.530000000000000000e+02 1.580555955344839392e+00
3.540000000000000000e+02 1.580580326536359825e+00
3.550000000000000000e+02 1.580604692967543246e+00
3.560000000000000000e+02 1.580629054638389652e+00
3.570000000000000000e+02 1.580653411548899268e+00
3.580000000000000000e+02 1.580677763699072091e+00
3.590000000000000000e+02 1.580702111088907902e+00
3.600000000000000000e+02 1.580726453718406699e+00
3.610000000000000000e+02 1.580750791587568704e+00
3.620000000000000000e+02 1.580775124696393918e+00
3.630000000000000000e+02 1.580799453044882119e+00
3.640000000000000000e+02 1.580823776633033306e+00
3.650000000000000000e+02 1.580848095460847702e+00
3.660000000000000000e+02 1.580872409528325084e+00
3.670000000000000000e+02 1.580896718835465675e+00
3.680000000000000000e+02 1.580921023382269475e+00
3.690000000000000000e+02 1.580945323168736261e+00
3.700000000000000000e+02 1.580969618194866033e+00
3.710000000000000000e+02 1.580993908460659014e+00
3.720000000000000000e+02 1.581018193966115204e+00
3.730000000000000000e+02 1.581042474711234380e+00
3.740000000000000000e+02 1.581066750696016543e+00
3.750000000000000000e+02 1.581091021920461914e+00
3.760000000000000000e+02 1.581115288384570494e+00
3.770000000000000000e+02 1.581139550088342061e+00
3.780000000000000000e+02 1.581163807031776614e+00
3.790000000000000000e+02 1.581188059214874375e+00
3.800000000000000000e+02 1.581212306637635123e+00
3.810000000000000000e+02 1.581236549300059080e+00
3.820000000000000000e+02 1.581260787202146245e+00
3.830000000000000000e+02 1.581285020343896397e+00
3.840000000000000000e+02 1.581309248725309535e+00
3.850000000000000000e+02 1.581333472346385882e+00
3.860000000000000000e+02 1.581357691207125438e+00
3.870000000000000000e+02 1.581381905307527980e+00
3.880000000000000000e+02 1.581406114647593508e+00
3.890000000000000000e+02 1.581430319227322245e+00
3.900000000000000000e+02 1.581454519046713969e+00
3.910000000000000000e+02 1.581478714105768901e+00
3.920000000000000000e+02 1.581502904404487042e+00
3.930000000000000000e+02 1.581527089942868169e+00
3.940000000000000000e+02 1.581551270720912283e+00
3.950000000000000000e+02 1.581575446738619606e+00
3.960000000000000000e+02 1.581599617995990137e+00
3.970000000000000000e+02 1.581623784493023654e+00
3.980000000000000000e+02 1.581647946229720159e+00
3.990000000000000000e+02 1.581672103206079871e+00
4.000000000000000000e+02 1.581696255422102571e+00
4.010000000000000000e+02 1.581720402877788478e+00
4.020000000000000000e+02 1.581744545573137595e+00
4.030000000000000000e+02 1.581768683508149698e+00
4.040000000000000000e+02 1.581792816682824787e+00
4.050000000000000000e+02 1.581816945097163085e+00
4.060000000000000000e+02 1.581841068751164592e+00
4.070000000000000000e+02 1.581865187644829085e+00
4.080000000000000000e+02 1.581889301778156565e+00
4.090000000000000000e+02 1.581913411151147253e+00
4.100000000000000000e+02 1.581937515763800928e+00
4.110000000000000000e+02 1.581961615616117811e+00
4.120000000000000000e+02 1.581985710708097903e+00
4.130000000000000000e+02 1.582009801039740982e+00
4.140000000000000000e+02 1.582033886611047047e+00
4.150000000000000000e+02 1.582057967422016320e+00
4.160000000000000000e+02 1.582082043472648802e+00
4.170000000000000000e+02 1.582106114762944049e+00
4.180000000000000000e+02 1.582130181292902726e+00
4.190000000000000000e+02 1.582154243062524390e+00
4.200000000000000000e+02 1.582178300071809041e+00
4.210000000000000000e+02 1.582202352320756900e+00
4.220000000000000000e+02 1.582226399809367967e+00
4.230000000000000000e+02 1.582250442537642021e+00
4.240000000000000000e+02 1.582274480505579062e+00
4.250000000000000000e+02 1.582298513713179311e+00
4.260000000000000000e+02 1.582322542160442547e+00
4.270000000000000000e+02 1.582346565847368991e+00
4.280000000000000000e+02 1.582370584773958644e+00
4.290000000000000000e+02 1.582394598940211283e+00
4.300000000000000000e+02 1.582418608346126909e+00
4.310000000000000000e+02 1.582442612991705744e+00
4.320000000000000000e+02 1.582466612876947787e+00
4.330000000000000000e+02 1.582490608001852816e+00
4.340000000000000000e+02 1.582514598366420833e+00
4.350000000000000000e+02 1.582538583970652057e+00
4.360000000000000000e+02 1.582562564814546269e+00
4.370000000000000000e+02 1.582586540898103689e+00
4.380000000000000000e+02 1.582610512221324317e+00
4.390000000000000000e+02 1.582634478784207932e+00
4.400000000000000000e+02 1.582658440586754534e+00
4.410000000000000000e+02 1.582682397628964344e+00
4.420000000000000000e+02 1.582706349910837140e+00
4.430000000000000000e+02 1.582730297432373145e+00
4.440000000000000000e+02 1.582754240193572359e+00
4.450000000000000000e+02 1.582778178194434560e+00
4.460000000000000000e+02 1.582802111434959746e+00
4.470000000000000000e+02 1.582826039915148142e+00
4.480000000000000000e+02 1.582849963634999524e+00
4.490000000000000000e+02 1.582873882594514114e+00
4.500000000000000000e+02 1.582897796793691914e+00
4.510000000000000000e+02 1.582921706232532699e+00
4.520000000000000000e+02 1.582945610911036471e+00
4.530000000000000000e+02 1.582969510829203452e+00
4.540000000000000000e+02 1.582993405987033642e+00
4.550000000000000000e+02 1.583017296384526595e+00
4.560000000000000000e+02 1.583041182021682980e+00
4.570000000000000000e+02 1.583065062898502351e+00
4.580000000000000000e+02 1.583088939014984708e+00
4.590000000000000000e+02 1.583112810371130275e+00
4.600000000000000000e+02 1.583136676966939049e+00
4.610000000000000000e+02 1.583160538802410588e+00
4.620000000000000000e+02 1.583184395877545558e+00
4.630000000000000000e+02 1.583208248192343515e+00
4.640000000000000000e+02 1.583232095746804458e+00
4.650000000000000000e+02 1.583255938540928609e+00
4.660000000000000000e+02 1.583279776574715969e+00
4.670000000000000000e+02 1.583303609848166316e+00
4.680000000000000000e+02 1.583327438361279649e+00
4.690000000000000000e+02 1.583351262114056190e+00
4.700000000000000000e+02 1.583375081106495719e+00
4.710000000000000000e+02 1.583398895338598455e+00
4.720000000000000000e+02 1.583422704810364401e+00
4.730000000000000000e+02 1.583446509521793333e+00
4.740000000000000000e+02 1.583470309472885251e+00
4.750000000000000000e+02 1.583494104663640378e+00
4.760000000000000000e+02 1.583517895094058492e+00
4.770000000000000000e+02 1.583541680764139814e+00
4.780000000000000000e+02 1.583565461673884345e+00
4.790000000000000000e+02 1.583589237823291862e+00
4.800000000000000000e+02 1.583613009212362366e+00
4.810000000000000000e+02 1.583636775841096078e+00
4.820000000000000000e+02 1.583660537709492777e+00
4.830000000000000000e+02 1.583684294817552685e+00
4.840000000000000000e+02 1.583708047165275801e+00
4.850000000000000000e+02 1.583731794752661903e+00
4.860000000000000000e+02 1.583755537579710992e+00
4.870000000000000000e+02 1.583779275646423290e+00
4.880000000000000000e+02 1.583803008952798574e+00
4.890000000000000000e+02 1.583826737498837067e+00
4.900000000000000000e+02 1.583850461284538769e+00
4.910000000000000000e+02 1.583874180309903235e+00
4.920000000000000000e+02 1.583897894574931131e+00
4.930000000000000000e+02 1.583921604079622014e+00
4.940000000000000000e+02 1.583945308823975884e+00
4.950000000000000000e+02 1.583969008807992962e+00
4.960000000000000000e+02 1.583992704031673249e+00
4.970000000000000000e+02 1.584016394495016300e+00
4.980000000000000000e+02 1.584040080198022782e+00
4.990000000000000000e+02 1.584063761140692250e+00
5.000000000000000000e+02 1.584087437323024705e+00
5.010000000000000000e+02 1.584111108745020369e+00
5.020000000000000000e+02 1.584134775406679019e+00
5.030000000000000000e+02 1.584158437308000877e+00
5.040000000000000000e+02 1.584182094448985945e+00
5.050000000000000000e+02 1.584205746829633998e+00
5.060000000000000000e+02 1.584229394449945039e+00
5.070000000000000000e+02 1.584253037309919288e+00
5.080000000000000000e+02 1.584276675409556523e+00
5.090000000000000000e+02 1.584300308748856967e+00
5.100000000000000000e+02 1.584323937327820619e+00
5.110000000000000000e+02 1.584347561146447259e+00
5.120000000000000000e+02 1.584371180204736884e+00
5.130000000000000000e+02 1.584394794502689718e+00
5.140000000000000000e+02 1.584418404040305539e+00
5.150000000000000000e+02 1.584442008817584568e+00
5.160000000000000000e+02 1.584465608834526806e+00
5.170000000000000000e+02 1.584489204091131809e+00
5.180000000000000000e+02 1.584512794587400242e+00
5.190000000000000000e+02 1.584536380323331661e+00
5.200000000000000000e+02 1.584559961298926067e+00
5.210000000000000000e+02 1.584583537514183682e+00
5.220000000000000000e+02 1.584607108969104283e+00
5.230000000000000000e+02 1.584630675663688093e+00
5.240000000000000000e+02 1.584654237597935111e+00
5.250000000000000000e+02 1.584677794771845116e+00
5.260000000000000000e+02 1.584701347185418108e+00
5.270000000000000000e+02 1.584724894838654308e+00
5.280000000000000000e+02 1.584748437731553494e+00
5.290000000000000000e+02 1.584771975864115889e+00
5.300000000000000000e+02 1.584795509236341493e+00
5.310000000000000000e+02 1.584819037848230083e+00
5.320000000000000000e+02 1.584842561699781660e+00
5.330000000000000000e+02 1.584866080790996445e+00
5.340000000000000000e+02 1.584889595121874217e+00
5.350000000000000000e+02 1.584913104692415198e+00
5.360000000000000000e+02 1.584936609502619165e+00
5.370000000000000000e+02 1.584960109552486340e+00
5.380000000000000000e+02 1.584983604842016724e+00
5.390000000000000000e+02 1.585007095371210095e+00
5.400000000000000000e+02 1.585030581140066452e+00
5.410000000000000000e+02 1.585054062148586018e+00
5.420000000000000000e+02 1.585077538396768571e+00
5.430000000000000000e+02 1.585101009884614331e+00
5.440000000000000000e+02 1.585124476612123301e+00
5.450000000000000000e+02 1.585147938579295035e+00
5.460000000000000000e+02 1.585171395786130200e+00
5.470000000000000000e+02 1.585194848232628351e+00
5.480000000000000000e+02 1.585218295918789488e+00
5.490000000000000000e+02 1.585241738844613835e+00
5.500000000000000000e+02 1.585265177010101167e+00
5.510000000000000000e+02 1.585288610415251709e+00
5.520000000000000000e+02 1.585312039060065459e+00
5.530000000000000000e+02 1.585335462944542195e+00
5.540000000000000000e+02 1.585358882068681918e+00
5.550000000000000000e+02 1.585382296432484850e+00
5.560000000000000000e+02 1.585405706035950768e+00
5.570000000000000000e+02 1.585429110879079895e+00
5.580000000000000000e+02 1.585452510961872008e+00
5.590000000000000000e+02 1.585475906284327330e+00
5.600000000000000000e+02 1.585499296846445860e+00
5.610000000000000000e+02 1.585522682648227377e+00
5.620000000000000000e+02 1.585546063689671881e+00
5.630000000000000000e+02 1.585569439970779593e+00
5.640000000000000000e+02 1.585592811491550291e+00
5.650000000000000000e+02 1.585616178251984199e+00
5.660000000000000000e+02 1.585639540252081092e+00
5.670000000000000000e+02 1.585662897491841195e+00
5.680000000000000000e+02 1.585686249971264505e+00
5.690000000000000000e+02 1.585709597690350803e+00
5.700000000000000000e+02 1.585732940649100087e+00
5.710000000000000000e+02 1.585756278847512579e+00
5.720000000000000000e+02 1.585779612285588058e+00
5.730000000000000000e+02 1.585802940963326746e+00
5.740000000000000000e+02 1.585826264880728420e+00
5.750000000000000000e+02 1.585849584037793303e+00
5.760000000000000000e+02 1.585872898434521394e+00
5.770000000000000000e+02 1.585896208070912472e+00
5.780000000000000000e+02 1.585919512946966536e+00
5.790000000000000000e+02 1.585942813062683809e+00
5.800000000000000000e+02 1.585966108418064069e+00
5.810000000000000000e+02 1.585989399013107537e+00
5.820000000000000000e+02 1.586012684847813992e+00
5.830000000000000000e+02 1.586035965922183655e+00
5.840000000000000000e+02 1.586059242236216527e+00
5.850000000000000000e+02 1.586082513789912385e+00
5.860000000000000000e+02 1.586105780583271230e+00
5.870000000000000000e+02 1.586129042616293283e+00
5.880000000000000000e+02 1.586152299888978323e+00
5.890000000000000000e+02 1.586175552401326572e+00
5.900000000000000000e+02 1.586198800153337807e+00
5.910000000000000000e+02 1.586222043145012250e+00
5.920000000000000000e+02 1.586245281376349903e+00
5.930000000000000000e+02 1.586268514847350541e+00
5.940000000000000000e+02 1.586291743558014167e+00
5.950000000000000000e+02 1.586314967508341001e+00
5.960000000000000000e+02 1.586338186698330821e+00
5.970000000000000000e+02 1.586361401127983850e+00
5.980000000000000000e+02 1.586384610797299866e+00
5.990000000000000000e+02 1.586407815706279090e+00
6.000000000000000000e+02 1.586431015854921522e+00
6.010000000000000000e+02 1.586454211243226720e+00
6.020000000000000000e+02 1.586477401871195347e+00
6.030000000000000000e+02 1.586500587738826962e+00
6.040000000000000000e+02 1.586523768846121563e+00
6.050000000000000000e+02 1.586546945193079372e+00
6.060000000000000000e+02 1.586570116779700168e+00
6.070000000000000000e+02 1.586593283605984173e+00
6.080000000000000000e+02 1.586616445671931164e+00
6.090000000000000000e+02 1.586639602977541363e+00
6.100000000000000000e+02 1.586662755522814772e+00
6.110000000000000000e+02 1.586685903307751166e+00
6.120000000000000000e+02 1.586709046332350548e+00
6.130000000000000000e+02 1.586732184596613138e+00
6.140000000000000000e+02 1.586755318100538714e+00
6.150000000000000000e+02 1.586778446844127499e+00
6.160000000000000000e+02 1.586801570827379271e+00
6.170000000000000000e+02 1.586824690050294251e+00
6.180000000000000000e+02 1.586847804512872440e+00
6.190000000000000000e+02 1.586870914215113393e+00
6.200000000000000000e+02 1.586894019157017777e+00
6.210000000000000000e+02 1.586917119338585147e+00
6.220000000000000000e+02 1.586940214759815504e+00
6.230000000000000000e+02 1.586963305420709069e+00
6.240000000000000000e+02 1.586986391321265621e+00
6.250000000000000000e+02 1.587009472461485382e+00
6.260000000000000000e+02 1.587032548841368129e+00
6.270000000000000000e+02 1.587055620460914085e+00
6.280000000000000000e+02 1.587078687320123249e+00
6.290000000000000000e+02 1.587101749418995178e+00
6.300000000000000000e+02 1.587124806757530537e+00
6.310000000000000000e+02 1.587147859335728883e+00
6.320000000000000000e+02 1.587170907153590216e+00
6.330000000000000000e+02 1.587193950211114757e+00
6.340000000000000000e+02 1.587216988508302284e+00
6.350000000000000000e+02 1.587240022045153021e+00
6.360000000000000000e+02 1.587263050821666743e+00
6.370000000000000000e+02 1.587286074837843675e+00
6.380000000000000000e+02 1.587309094093683814e+00
6.390000000000000000e+02 1.587332108589186719e+00
6.400000000000000000e+02 1.587355118324353054e+00
6.410000000000000000e+02 1.587378123299182375e+00
6.420000000000000000e+02 1.587401123513674683e+00
6.430000000000000000e+02 1.587424118967830200e+00
6.440000000000000000e+02 1.587447109661648703e+00
6.450000000000000000e+02 1.587470095595130415e+00
6.460000000000000000e+02 1.587493076768275113e+00
6.470000000000000000e+02 1.587516053181083020e+00
6.480000000000000000e+02 1.587539024833553913e+00
6.490000000000000000e+02 1.587561991725688015e+00
6.500000000000000000e+02 1.587584953857485326e+00
6.510000000000000000e+02 1.587607911228945623e+00
6.520000000000000000e+02 1.587630863840068907e+00
6.530000000000000000e+02 1.587653811690855399e+00
6.540000000000000000e+02 1.587676754781304878e+00
6.550000000000000000e+02 1.587699693111417565e+00
6.560000000000000000e+02 1.587722626681193239e+00
6.570000000000000000e+02 1.587745555490632121e+00
6.580000000000000000e+02 1.587768479539733990e+00
6.590000000000000000e+02 1.587791398828499068e+00
6.600000000000000000e+02 1.587814313356927354e+00
6.610000000000000000e+02 1.587837223125018404e+00
6.620000000000000000e+02 1.587860128132772886e+00
6.630000000000000000e+02 1.587883028380190353e+00
6.640000000000000000e+02 1.587905923867270808e+00
6.650000000000000000e+02 1.587928814594014471e+00
6.660000000000000000e+02 1.587951700560421120e+00
6.670000000000000000e+02 1.587974581766490978e+00
6.680000000000000000e+02 1.587997458212223822e+00
6.690000000000000000e+02 1.588020329897619876e+00
6.700000000000000000e+02 1.588043196822678915e+00
6.710000000000000000e+02 1.588066058987401163e+00
6.720000000000000000e+02 1.588088916391786620e+00
6.730000000000000000e+02 1.588111769035834842e+00
6.740000000000000000e+02 1.588134616919546493e+00
6.750000000000000000e+02 1.588157460042921132e+00
6.760000000000000000e+02 1.588180298405958757e+00
6.770000000000000000e+02 1.588203132008659590e+00
6.780000000000000000e+02 1.588225960851023411e+00
6.790000000000000000e+02 1.588248784933050439e+00
6.800000000000000000e+02 1.588271604254740454e+00
6.810000000000000000e+02 1.588294418816093678e+00
6.820000000000000000e+02 1.588317228617109889e+00
6.830000000000000000e+02 1.588340033657789307e+00
6.840000000000000000e+02 1.588362833938131935e+00
6.850000000000000000e+02 1.588385629458137327e+00
6.860000000000000000e+02 1.588408420217806150e+00
6.870000000000000000e+02 1.588431206217137959e+00
6.880000000000000000e+02 1.588453987456132754e+00
6.890000000000000000e+02 1.588476763934790759e+00
6.900000000000000000e+02 1.588499535653111749e+00
6.910000000000000000e+02 1.588522302611095949e+00
6.920000000000000000e+02 1.588545064808743135e+00
6.930000000000000000e+02 1.588567822246053529e+00
6.940000000000000000e+02 1.588590574923026910e+00
6.950000000000000000e+02 1.588613322839663500e+00
6.960000000000000000e+02 1.588636065995963076e+00
6.970000000000000000e+02 1.588658804391925861e+00
6.980000000000000000e+02 1.588681538027551854e+00
6.990000000000000000e+02 1.588704266902840612e+00
7.000000000000000000e+02 1.588726991017792800e+00
7.010000000000000000e+02 1.588749710372407975e+00
7.020000000000000000e+02 1.588772424966686136e+00
7.030000000000000000e+02 1.588795134800627507e+00
7.040000000000000000e+02 1.588817839874231863e+00
7.050000000000000000e+02 1.588840540187499428e+00
7.060000000000000000e+02 1.588863235740429980e+00
7.070000000000000000e+02 1.588885926533023740e+00
7.080000000000000000e+02 1.588908612565280487e+00
7.090000000000000000e+02 1.588931293837200442e+00
7.100000000000000000e+02 1.588953970348783384e+00
7.110000000000000000e+02 1.588976642100029535e+00
7.120000000000000000e+02 1.588999309090938894e+00
7.130000000000000000e+02 1.589021971321511018e+00
7.140000000000000000e+02 1.589044628791746572e+00
7.150000000000000000e+02 1.589067281501644890e+00
7.160000000000000000e+02 1.589089929451206640e+00
7.170000000000000000e+02 1.589112572640431376e+00
7.180000000000000000e+02 1.589135211069319098e+00
7.190000000000000000e+02 1.589157844737870029e+00
7.200000000000000000e+02 1.589180473646083946e+00
7.210000000000000000e+02 1.589203097793961073e+00
7.220000000000000000e+02 1.589225717181501185e+00
7.230000000000000000e+02 1.589248331808704506e+00
7.240000000000000000e+02 1.589270941675570814e+00
7.250000000000000000e+02 1.589293546782100330e+00
7.260000000000000000e+02 1.589316147128292833e+00
7.270000000000000000e+02 1.589338742714148545e+00
7.280000000000000000e+02 1.589361333539667465e+00
7.290000000000000000e+02 1.589383919604849149e+00
7.300000000000000000e+02 1.589406500909694264e+00
7.310000000000000000e+02 1.589429077454202144e+00
7.320000000000000000e+02 1.589451649238373454e+00
7.330000000000000000e+02 1.589474216262207751e+00
7.340000000000000000e+02 1.589496778525705034e+00
7.350000000000000000e+02 1.589519336028865526e+00
7.360000000000000000e+02 1.589541888771689004e+00
7.370000000000000000e+02 1.589564436754175691e+00
7.380000000000000000e+02 1.589586979976325365e+00
7.390000000000000000e+02 1.589609518438138247e+00
7.400000000000000000e+02 1.589632052139614116e+00
7.410000000000000000e+02 1.589654581080753193e+00
7.420000000000000000e+02 1.589677105261555257e+00
7.430000000000000000e+02 1.589699624682020529e+00
7.440000000000000000e+02 1.589722139342148788e+00
7.450000000000000000e+02 1.589744649241940255e+00
7.460000000000000000e+02 1.589767154381394931e+00
7.470000000000000000e+02 1.589789654760512372e+00
7.480000000000000000e+02 1.589812150379293243e+00
7.490000000000000000e+02 1.589834641237736879e+00
7.500000000000000000e+02 1.589857127335843945e+00
7.510000000000000000e+02 1.589879608673613998e+00
7.520000000000000000e+02 1.589902085251047037e+00
7.530000000000000000e+02 1.589924557068143285e+00
7.540000000000000000e+02 1.589947024124902519e+00
7.550000000000000000e+02 1.589969486421324962e+00
7.560000000000000000e+02 1.589991943957410392e+00
7.570000000000000000e+02 1.590014396733159030e+00
7.580000000000000000e+02 1.590036844748570655e+00
7.590000000000000000e+02 1.590059288003645488e+00
7.600000000000000000e+02 1.590081726498383308e+00
7.610000000000000000e+02 1.590104160232784336e+00
7.620000000000000000e+02 1.590126589206848351e+00
7.630000000000000000e+02 1.590149013420575574e+00
7.640000000000000000e+02 1.590171432873965784e+00
7.650000000000000000e+02 1.590193847567019203e+00
7.660000000000000000e+02 1.590216257499735608e+00
7.670000000000000000e+02 1.590238662672115222e+00
7.680000000000000000e+02 1.590261063084158044e+00
7.690000000000000000e+02 1.590283458735863631e+00
7.700000000000000000e+02 1.590305849627232648e+00
7.710000000000000000e+02 1.590328235758264430e+00
7.720000000000000000e+02 1.590350617128959643e+00
7.730000000000000000e+02 1.590372993739317620e+00
7.740000000000000000e+02 1.590395365589339027e+00
7.750000000000000000e+02 1.590417732679023421e+00
7.760000000000000000e+02 1.590440095008370802e+00
7.770000000000000000e+02 1.590462452577381391e+00
7.780000000000000000e+02 1.590484805386054967e+00
7.790000000000000000e+02 1.590507153434391752e+00
7.800000000000000000e+02 1.590529496722391523e+00
7.810000000000000000e+02 1.590551835250054502e+00
7.820000000000000000e+02 1.590574169017380468e+00
7.830000000000000000e+02 1.590596498024369643e+00
7.840000000000000000e+02 1.590618822271021804e+00
7.850000000000000000e+02 1.590641141757337174e+00
7.860000000000000000e+02 1.590663456483315530e+00
7.870000000000000000e+02 1.590685766448957095e+00
7.880000000000000000e+02 1.590708071654261646e+00
7.890000000000000000e+02 1.590730372099229406e+00
7.900000000000000000e+02 1.590752667783860153e+00
7.910000000000000000e+02 1.590774958708154108e+00
7.920000000000000000e+02 1.590797244872111049e+00
7.930000000000000000e+02 1.590819526275731199e+00
7.940000000000000000e+02 1.590841802919014336e+00
7.950000000000000000e+02 1.590864074801960681e+00
7.960000000000000000e+02 1.590886341924570235e+00
7.970000000000000000e+02 1.590908604286842554e+00
7.980000000000000000e+02 1.590930861888778303e+00
7.990000000000000000e+02 1.590953114730376816e+00
8.000000000000000000e+02 1.590975362811638760e+00
8.010000000000000000e+02 1.590997606132563469e+00
8.020000000000000000e+02 1.591019844693151608e+00
8.030000000000000000e+02 1.591042078493402512e+00
8.040000000000000000e+02 1.591064307533316846e+00
8.050000000000000000e+02 1.591086531812894167e+00
8.060000000000000000e+02 1.591108751332134474e+00
8.070000000000000000e+02 1.591130966091037990e+00
8.080000000000000000e+02 1.591153176089604493e+00
8.090000000000000000e+02 1.591175381327834204e+00
8.100000000000000000e+02 1.591197581805726902e+00
8.110000000000000000e+02 1.591219777523282808e+00
8.120000000000000000e+02 1.591241968480501701e+00
8.130000000000000000e+02 1.591264154677383802e+00
8.140000000000000000e+02 1.591286336113928890e+00
8.150000000000000000e+02 1.591308512790137186e+00
8.160000000000000000e+02 1.591330684706008469e+00
8.170000000000000000e+02 1.591352851861542961e+00
8.180000000000000000e+02 1.591375014256740439e+00
8.190000000000000000e+02 1.591397171891601126e+00
8.200000000000000000e+02 1.591419324766124799e+00
8.210000000000000000e+02 1.591441472880311681e+00
8.220000000000000000e+02 1.591463616234161549e+00
8.230000000000000000e+02 1.591485754827674626e+00
8.240000000000000000e+02 1.591507888660850689e+00
8.250000000000000000e+02 1.591530017733689961e+00
8.260000000000000000e+02 1.591552142046192220e+00
8.270000000000000000e+02 1.591574261598357687e+00
8.280000000000000000e+02 1.591596376390186141e+00
8.290000000000000000e+02 1.591618486421677803e+00
8.300000000000000000e+02 1.591640591692832452e+00
8.310000000000000000e+02 1.591662692203650309e+00
8.320000000000000000e+02 1.591684787954131153e+00
8.330000000000000000e+02 1.591706878944275205e+00
8.340000000000000000e+02 1.591728965174082244e+00
8.350000000000000000e+02 1.591751046643552492e+00
8.360000000000000000e+02 1.591773123352685726e+00
8.370000000000000000e+02 1.591795195301482169e+00
8.380000000000000000e+02 1.591817262489941598e+00
8.390000000000000000e+02 1.591839324918064236e+00
8.400000000000000000e+02 1.591861382585849860e+00
8.410000000000000000e+02 1.591883435493298693e+00
8.420000000000000000e+02 1.591905483640410512e+00
8.430000000000000000e+02 1.591927527027185540e+00
8.440000000000000000e+02 1.591949565653623555e+00
8.450000000000000000e+02 1.591971599519724778e+00
8.460000000000000000e+02 1.591993628625488988e+00
8.470000000000000000e+02 1.592015652970916406e+00
8.480000000000000000e+02 1.592037672556006811e+00
8.490000000000000000e+02 1.592059687380760424e+00
8.500000000000000000e+02 1.592081697445177024e+00
8.510000000000000000e+02 1.592103702749256833e+00
8.520000000000000000e+02 1.592125703292999628e+00
8.530000000000000000e+02 1.592147699076405631e+00
8.540000000000000000e+02 1.592169690099474622e+00
8.550000000000000000e+02 1.592191676362206820e+00
8.560000000000000000e+02 1.592213657864602006e+00
8.570000000000000000e+02 1.592235634606660399e+00
8.580000000000000000e+02 1.592257606588382002e+00
8.590000000000000000e+02 1.592279573809766369e+00
8.600000000000000000e+02 1.592301536270814166e+00
8.610000000000000000e+02 1.592323493971524728e+00
8.620000000000000000e+02 1.592345446911898721e+00
8.630000000000000000e+02 1.592367395091935478e+00
8.640000000000000000e+02 1.592389338511635666e+00
8.650000000000000000e+02 1.592411277170998618e+00
8.660000000000000000e+02 1.592433211070025001e+00
8.670000000000000000e+02 1.592455140208714148e+00
8.680000000000000000e+02 1.592477064587066726e+00
8.690000000000000000e+02 1.592498984205082069e+00
8.700000000000000000e+02 1.592520899062760842e+00
8.710000000000000000e+02 1.592542809160102379e+00
8.720000000000000000e+02 1.592564714497107348e+00
8.730000000000000000e+02 1.592586615073775080e+00
8.740000000000000000e+02 1.592608510890106022e+00
8.750000000000000000e+02 1.592630401946100172e+00
8.760000000000000000e+02 1.592652288241757308e+00
8.770000000000000000e+02 1.592674169777077653e+00
8.780000000000000000e+02 1.592696046552060984e+00
8.790000000000000000e+02 1.592717918566707525e+00
8.800000000000000000e+02 1.592739785821017051e+00
8.810000000000000000e+02 1.592761648314989786e+00
8.820000000000000000e+02 1.592783506048625508e+00
8.830000000000000000e+02 1.592805359021924438e+00
8.840000000000000000e+02 1.592827207234886355e+00
8.850000000000000000e+02 1.592849050687511481e+00
8.860000000000000000e+02 1.592870889379799593e+00
8.870000000000000000e+02 1.592892723311750913e+00
8.880000000000000000e+02 1.592914552483365220e+00
8.890000000000000000e+02 1.592936376894642736e+00
8.900000000000000000e+02 1.592958196545583238e+00
8.910000000000000000e+02 1.592980011436186949e+00
8.920000000000000000e+02 1.593001821566453646e+00
8.930000000000000000e+02 1.593023626936383552e+00
8.940000000000000000e+02 1.593045427545976445e+00
8.950000000000000000e+02 1.593067223395232546e+00
8.960000000000000000e+02 1.593089014484151633e+00
8.970000000000000000e+02 1.593110800812733929e+00
8.980000000000000000e+02 1.593132582380979212e+00
8.990000000000000000e+02 1.593154359188887703e+00
9.000000000000000000e+02 1.593176131236459181e+00
9.010000000000000000e+02 1.593197898523693867e+00
9.020000000000000000e+02 1.593219661050591540e+00
9.030000000000000000e+02 1.593241418817152422e+00
9.040000000000000000e+02 1.593263171823376290e+00
9.050000000000000000e+02 1.593284920069263366e+00
9.060000000000000000e+02 1.593306663554813429e+00
9.070000000000000000e+02 1.593328402280026701e+00
9.080000000000000000e+02 1.593350136244902959e+00
9.090000000000000000e+02 1.593371865449442426e+00
9.100000000000000000e+02 1.593393589893644879e+00
9.110000000000000000e+02 1.593415309577510541e+00
9.120000000000000000e+02 1.593437024501039190e+00
9.130000000000000000e+02 1.593458734664231047e+00
9.140000000000000000e+02 1.593480440067085890e+00
9.150000000000000000e+02 1.593502140709603943e+00
9.160000000000000000e+02 1.593523836591784981e+00
9.170000000000000000e+02 1.593545527713629228e+00
9.180000000000000000e+02 1.593567214075136462e+00
9.190000000000000000e+02 1.593588895676306905e+00
9.200000000000000000e+02 1.593610572517140334e+00
9.210000000000000000e+02 1.593632244597636971e+00
9.220000000000000000e+02 1.593653911917796595e+00
9.230000000000000000e+02 1.593675574477619428e+00
9.240000000000000000e+02 1.593697232277105247e+00
9.250000000000000000e+02 1.593718885316254052e+00
9.260000000000000000e+02 1.593740533595066289e+00
9.270000000000000000e+02 1.593762177113541290e+00
9.280000000000000000e+02 1.593783815871679721e+00
9.290000000000000000e+02 1.593805449869480917e+00
9.300000000000000000e+02 1.593827079106945543e+00
9.310000000000000000e+02 1.593848703584072934e+00
9.320000000000000000e+02 1.593870323300863756e+00
9.330000000000000000e+02 1.593891938257317342e+00
9.340000000000000000e+02 1.593913548453434359e+00
9.350000000000000000e+02 1.593935153889214140e+00
9.360000000000000000e+02 1.593956754564657130e+00
9.370000000000000000e+02 1.593978350479763328e+00
9.380000000000000000e+02 1.593999941634532513e+00
9.390000000000000000e+02 1.594021528028964907e+00
9.400000000000000000e+02 1.594043109663060287e+00
9.410000000000000000e+02 1.594064686536818876e+00
9.420000000000000000e+02 1.594086258650240451e+00
9.430000000000000000e+02 1.594107826003325235e+00
9.440000000000000000e+02 1.594129388596073005e+00
9.450000000000000000e+02 1.594150946428483984e+00
9.460000000000000000e+02 1.594172499500557949e+00
9.470000000000000000e+02 1.594194047812295123e+00
9.480000000000000000e+02 1.594215591363695284e+00
9.490000000000000000e+02 1.594237130154758653e+00
9.500000000000000000e+02 1.594258664185485008e+00
9.510000000000000000e+02 1.594280193455874572e+00
9.520000000000000000e+02 1.594301717965927123e+00
9.530000000000000000e+02 1.594323237715642883e+00
9.540000000000000000e+02 1.594344752705021628e+00
9.550000000000000000e+02 1.594366262934063583e+00
9.560000000000000000e+02 1.594387768402768524e+00
9.570000000000000000e+02 1.594409269111136451e+00
9.580000000000000000e+02 1.594430765059167809e+00
9.590000000000000000e+02 1.594452256246861932e+00
9.600000000000000000e+02 1.594473742674219485e+00
9.610000000000000000e+02 1.594495224341239803e+00
9.620000000000000000e+02 1.594516701247923329e+00
9.630000000000000000e+02 1.594538173394270064e+00
9.640000000000000000e+02 1.594559640780279786e+00
9.650000000000000000e+02 1.594581103405952716e+00
9.660000000000000000e+02 1.594602561271288632e+00
9.670000000000000000e+02 1.594624014376287757e+00
9.680000000000000000e+02 1.594645462720949869e+00
9.690000000000000000e+02 1.594666906305275189e+00
9.700000000000000000e+02 1.594688345129263496e+00
9.710000000000000000e+02 1.594709779192915011e+00
9.720000000000000000e+02 1.594731208496229513e+00
9.730000000000000000e+02 1.594752633039207224e+00
9.740000000000000000e+02 1.594774052821847921e+00
9.750000000000000000e+02 1.594795467844151826e+00
9.760000000000000000e+02 1.594816878106118718e+00
9.770000000000000000e+02 1.594838283607748819e+00
9.780000000000000000e+02 1.594859684349041906e+00
9.790000000000000000e+02 1.594881080329997980e+00
9.800000000000000000e+02 1.594902471550617484e+00
9.810000000000000000e+02 1.594923858010899753e+00
9.820000000000000000e+02 1.594945239710845453e+00
9.830000000000000000e+02 1.594966616650453917e+00
9.840000000000000000e+02 1.594987988829725589e+00
9.850000000000000000e+02 1.595009356248660470e+00
9.860000000000000000e+02 1.595030718907258338e+00
9.870000000000000000e+02 1.595052076805519414e+00
9.880000000000000000e+02 1.595073429943443477e+00
9.890000000000000000e+02 1.595094778321030748e+00
9.900000000000000000e+02 1.595116121938281006e+00
9.910000000000000000e+02 1.595137460795194473e+00
9.920000000000000000e+02 1.595158794891770926e+00
9.930000000000000000e+02 1.595180124228010587e+00
9.940000000000000000e+02 1.595201448803913236e+00
9.950000000000000000e+02 1.595222768619479092e+00
9.960000000000000000e+02 1.595244083674707936e+00
9.970000000000000000e+02 1.595265393969599987e+00
9.980000000000000000e+02 1.595286699504155026e+00
9.990000000000000000e+02 1.595308000278373051e+00
1.000000000000000000e+03 1.595329296292254506e+00
1.001000000000000000e+03 1.595350587545798726e+00
1.002000000000000000e+03 1.595371874039006155e+00
1.003000000000000000e+03 1.595393155771876792e+00
1.004000000000000000e+03 1.595414432744410416e+00
1.005000000000000000e+03 1.595435704956607248e+00
1.006000000000000000e+03 1.595456972408467067e+00
1.007000000000000000e+03 1.595478235099990094e+00
1.008000000000000000e+03 1.595499493031176108e+00
1.009000000000000000e+03 1.595520746202025331e+00
1.010000000000000000e+03 1.595541994612537540e+00
1.011000000000000000e+03 1.595563238262712957e+00
1.012000000000000000e+03 1.595584477152551361e+00
1.013000000000000000e+03 1.595605711282052974e+00
1.014000000000000000e+03 1.595626940651217573e+00
1.015000000000000000e+03 1.595648165260045159e+00
1.016000000000000000e+03 1.595669385108536176e+00
1.017000000000000000e+03 1.595690600196689957e+00
1.018000000000000000e+03 1.595711810524507168e+00
1.019000000000000000e+03 1.595733016091987144e+00
1.020000000000000000e+03 1.595754216899130329e+00
1.021000000000000000e+03 1.595775412945936722e+00
