# order=19: data_wav [pixel], data_wavsolution [micron]
1.200000000000000000e+01 2.040032666960881702e+00
1.300000000000000000e+01 2.040066161262784838e+00
1.400000000000000000e+01 2.040099652017053788e+00
1.500000000000000000e+01 2.040133139222033876e+00
1.600000000000000000e+01 2.040166622876068647e+00
1.700000000000000000e+01 2.040200102977502983e+00
1.800000000000000000e+01 2.040233579524681318e+00
1.900000000000000000e+01 2.040267052515947199e+00
2.000000000000000000e+01 2.040300521949645951e+00
2.100000000000000000e+01 2.040333987824121564e+00
2.200000000000000000e+01 2.040367450137718031e+00
2.300000000000000000e+01 2.040400908888780229e+00
2.400000000000000000e+01 2.040434364075652152e+00
2.500000000000000000e+01 2.040467815696678677e+00
2.600000000000000000e+01 2.040501263750203353e+00
2.700000000000000000e+01 2.040534708234571060e+00
2.800000000000000000e+01 2.040568149148126231e+00
2.900000000000000000e+01 2.040601586489212860e+00
3.000000000000000000e+01 2.040635020256175380e+00
3.100000000000000000e+01 2.040668450447358229e+00
3.200000000000000000e+01 2.040701877061105840e+00
3.300000000000000000e+01 2.040735300095762650e+00
3.400000000000000000e+01 2.040768719549672650e+00
3.500000000000000000e+01 2.040802135421180274e+00
3.600000000000000000e+01 2.040835547708629960e+00
3.700000000000000000e+01 2.040868956410366586e+00
3.800000000000000000e+01 2.040902361524733255e+00
3.900000000000000000e+01 2.040935763050075735e+00
4.000000000000000000e+01 2.040969160984737130e+00
4.100000000000000000e+01 2.041002555327062762e+00
4.200000000000000000e+01 2.041035946075396623e+00
4.300000000000000000e+01 2.041069333228082705e+00
4.400000000000000000e+01 2.041102716783465887e+00
4.500000000000000000e+01 2.041136096739890160e+00
4.600000000000000000e+01 2.041169473095700404e+00
4.700000000000000000e+01 2.041202845849240166e+00
4.800000000000000000e+01 2.041236214998854326e+00
4.900000000000000000e+01 2.041269580542887319e+00
5.000000000000000000e+01 2.041302942479683136e+00
5.100000000000000000e+01 2.041336300807586657e+00
5.200000000000000000e+01 2.041369655524941429e+00
5.300000000000000000e+01 2.041403006630092332e+00
5.400000000000000000e+01 2.041436354121383800e+00
5.500000000000000000e+01 2.041469697997159827e+00
5.600000000000000000e+01 2.041503038255765290e+00
5.700000000000000000e+01 2.041536374895544181e+00
5.800000000000000000e+01 2.041569707914840492e+00
5.900000000000000000e+01 2.041603037311999103e+00
6.000000000000000000e+01 2.041636363085364447e+00
6.100000000000000000e+01 2.041669685233280518e+00
6.200000000000000000e+01 2.041703003754091750e+00
6.300000000000000000e+01 2.041736318646142578e+00
6.400000000000000000e+01 2.041769629907777439e+00
6.500000000000000000e+01 2.041802937537340767e+00
6.600000000000000000e+01 2.041836241533176111e+00
6.700000000000000000e+01 2.041869541893628792e+00
6.800000000000000000e+01 2.041902838617042804e+00
6.900000000000000000e+01 2.041936131701762580e+00
7.000000000000000000e+01 2.041969421146132113e+00
7.100000000000000000e+01 2.042002706948496282e+00
7.200000000000000000e+01 2.042035989107199079e+00
7.300000000000000000e+01 2.042069267620584938e+00
7.400000000000000000e+01 2.042102542486998296e+00
7.500000000000000000e+01 2.042135813704783587e+00
7.600000000000000000e+01 2.042169081272284803e+00
7.700000000000000000e+01 2.042202345187846380e+00
7.800000000000000000e+01 2.042235605449812752e+00
7.900000000000000000e+01 2.042268862056528800e+00
8.000000000000000000e+01 2.042302115006338070e+00
8.100000000000000000e+01 2.042335364297584999e+00
8.200000000000000000e+01 2.042368609928614465e+00
8.300000000000000000e+01 2.042401851897770459e+00
8.400000000000000000e+01 2.042435090203397419e+00
8.500000000000000000e+01 2.042468324843839778e+00
8.600000000000000000e+01 2.042501555817441528e+00
8.700000000000000000e+01 2.042534783122547548e+00
8.800000000000000000e+01 2.042568006757501831e+00
8.900000000000000000e+01 2.042601226720648810e+00
9.000000000000000000e+01 2.042634443010332923e+00
9.100000000000000000e+01 2.042667655624898160e+00
9.200000000000000000e+01 2.042700864562689400e+00
9.300000000000000000e+01 2.042734069822050635e+00
9.400000000000000000e+01 2.042767271401326301e+00
9.500000000000000000e+01 2.042800469298860833e+00
9.600000000000000000e+01 2.042833663512998665e+00
9.700000000000000000e+01 2.042866854042083791e+00
9.800000000000000000e+01 2.042900040884461088e+00
9.900000000000000000e+01 2.042933224038474549e+00
1.000000000000000000e+02 2.042966403502468165e+00
1.010000000000000000e+02 2.042999579274787258e+00
1.020000000000000000e+02 2.043032751353774934e+00
1.030000000000000000e+02 2.043065919737776959e+00
1.040000000000000000e+02 2.043099084425136436e+00
1.050000000000000000e+02 2.043132245414198245e+00
1.060000000000000000e+02 2.043165402703307265e+00
1.070000000000000000e+02 2.043198556290806600e+00
1.080000000000000000e+02 2.043231706175042017e+00
1.090000000000000000e+02 2.043264852354356620e+00
1.100000000000000000e+02 2.043297994827095287e+00
1.110000000000000000e+02 2.043331133591602899e+00
1.120000000000000000e+02 2.043364268646223003e+00
1.130000000000000000e+02 2.043397399989300034e+00
1.140000000000000000e+02 2.043430527619178871e+00
1.150000000000000000e+02 2.043463651534203507e+00
1.160000000000000000e+02 2.043496771732717932e+00
1.170000000000000000e+02 2.043529888213067469e+00
1.180000000000000000e+02 2.043563000973595667e+00
1.190000000000000000e+02 2.043596110012646960e+00
1.200000000000000000e+02 2.043629215328565785e+00
1.210000000000000000e+02 2.043662316919697020e+00
1.220000000000000000e+02 2.043695414784384212e+00
1.230000000000000000e+02 2.043728508920971798e+00
1.240000000000000000e+02 2.043761599327804657e+00
1.250000000000000000e+02 2.043794686003227223e+00
1.260000000000000000e+02 2.043827768945583045e+00
1.270000000000000000e+02 2.043860848153217002e+00
1.280000000000000000e+02 2.043893923624473530e+00
1.290000000000000000e+02 2.043926995357696619e+00
1.300000000000000000e+02 2.043960063351230705e+00
1.310000000000000000e+02 2.043993127603420668e+00
1.320000000000000000e+02 2.044026188112610054e+00
1.330000000000000000e+02 2.044059244877143744e+00
1.340000000000000000e+02 2.044092297895365729e+00
1.350000000000000000e+02 2.044125347165620887e+00
1.360000000000000000e+02 2.044158392686253212e+00
1.370000000000000000e+02 2.044191434455607137e+00
1.380000000000000000e+02 2.044224472472026655e+00
1.390000000000000000e+02 2.044257506733856644e+00
1.400000000000000000e+02 2.044290537239441541e+00
1.410000000000000000e+02 2.044323563987124892e+00
1.420000000000000000e+02 2.044356586975252021e+00
1.430000000000000000e+02 2.044389606202166476e+00
1.440000000000000000e+02 2.044422621666213136e+00
1.450000000000000000e+02 2.044455633365735991e+00
1.460000000000000000e+02 2.044488641299079923e+00
1.470000000000000000e+02 2.044521645464588921e+00
1.480000000000000000e+02 2.044554645860606978e+00
1.490000000000000000e+02 2.044587642485478973e+00
1.500000000000000000e+02 2.044620635337549341e+00
1.510000000000000000e+02 2.044653624415161630e+00
1.520000000000000000e+02 2.044686609716661163e+00
1.530000000000000000e+02 2.044719591240391932e+00
1.540000000000000000e+02 2.044752568984697927e+00
1.550000000000000000e+02 2.044785542947924029e+00
1.560000000000000000e+02 2.044818513128414672e+00
1.570000000000000000e+02 2.044851479524513405e+00
1.580000000000000000e+02 2.044884442134565550e+00
1.590000000000000000e+02 2.044917400956914655e+00
1.600000000000000000e+02 2.044950355989905155e+00
1.610000000000000000e+02 2.044983307231881930e+00
1.620000000000000000e+02 2.045016254681189416e+00
1.630000000000000000e+02 2.045049198336171159e+00
1.640000000000000000e+02 2.045082138195172039e+00
1.650000000000000000e+02 2.045115074256536492e+00
1.660000000000000000e+02 2.045148006518608508e+00
1.670000000000000000e+02 2.045180934979732523e+00
1.680000000000000000e+02 2.045213859638253417e+00
1.690000000000000000e+02 2.045246780492514738e+00
1.700000000000000000e+02 2.045279697540861363e+00
1.710000000000000000e+02 2.045312610781637286e+00
1.720000000000000000e+02 2.045345520213187385e+00
1.730000000000000000e+02 2.045378425833855651e+00
1.740000000000000000e+02 2.045411327641986077e+00
1.750000000000000000e+02 2.045444225635923985e+00
1.760000000000000000e+02 2.045477119814012923e+00
1.770000000000000000e+02 2.045510010174597326e+00
1.780000000000000000e+02 2.045542896716021630e+00
1.790000000000000000e+02 2.045575779436630715e+00
1.800000000000000000e+02 2.045608658334768126e+00
1.810000000000000000e+02 2.045641533408778745e+00
1.820000000000000000e+02 2.045674404657006562e+00
1.830000000000000000e+02 2.045707272077796457e+00
1.840000000000000000e+02 2.045740135669491977e+00
1.850000000000000000e+02 2.045772995430438002e+00
1.860000000000000000e+02 2.045805851358978966e+00
1.870000000000000000e+02 2.045838703453458862e+00
1.880000000000000000e+02 2.045871551712222569e+00
1.890000000000000000e+02 2.045904396133614078e+00
1.900000000000000000e+02 2.045937236715977381e+00
1.910000000000000000e+02 2.045970073457657357e+00
1.920000000000000000e+02 2.046002906356998441e+00
1.930000000000000000e+02 2.046035735412344625e+00
1.940000000000000000e+02 2.046068560622040788e+00
1.950000000000000000e+02 2.046101381984430478e+00
1.960000000000000000e+02 2.046134199497858575e+00
1.970000000000000000e+02 2.046167013160669068e+00
1.980000000000000000e+02 2.046199822971206839e+00
1.990000000000000000e+02 2.046232628927815878e+00
2.000000000000000000e+02 2.046265431028840620e+00
2.010000000000000000e+02 2.046298229272625058e+00
2.020000000000000000e+02 2.046331023657514514e+00
2.030000000000000000e+02 2.046363814181852536e+00
2.040000000000000000e+02 2.046396600843983560e+00
2.050000000000000000e+02 2.046429383642252020e+00
2.060000000000000000e+02 2.046462162575002353e+00
2.070000000000000000e+02 2.046494937640578549e+00
2.080000000000000000e+02 2.046527708837325488e+00
2.090000000000000000e+02 2.046560476163587605e+00
2.100000000000000000e+02 2.046593239617708448e+00
2.110000000000000000e+02 2.046625999198032897e+00
2.120000000000000000e+02 2.046658754902905386e+00
2.130000000000000000e+02 2.046691506730670351e+00
2.140000000000000000e+02 2.046724254679671784e+00
2.150000000000000000e+02 2.046756998748254119e+00
2.160000000000000000e+02 2.046789738934761793e+00
2.170000000000000000e+02 2.046822475237539241e+00
2.180000000000000000e+02 2.046855207654930453e+00
2.190000000000000000e+02 2.046887936185280310e+00
2.200000000000000000e+02 2.046920660826932803e+00
2.210000000000000000e+02 2.046953381578232367e+00
2.220000000000000000e+02 2.046986098437523438e+00
2.230000000000000000e+02 2.047018811403150007e+00
2.240000000000000000e+02 2.047051520473456954e+00
2.250000000000000000e+02 2.047084225646788269e+00
2.260000000000000000e+02 2.047116926921488389e+00
2.270000000000000000e+02 2.047149624295901749e+00
2.280000000000000000e+02 2.047182317768372783e+00
2.290000000000000000e+02 2.047215007337245485e+00
2.300000000000000000e+02 2.047247693000864732e+00
2.310000000000000000e+02 2.047280374757574517e+00
2.320000000000000000e+02 2.047313052605718831e+00
2.330000000000000000e+02 2.047345726543642552e+00
2.340000000000000000e+02 2.047378396569690118e+00
2.350000000000000000e+02 2.047411062682205962e+00
2.360000000000000000e+02 2.047443724879533633e+00
2.370000000000000000e+02 2.047476383160018010e+00
2.380000000000000000e+02 2.047509037522003972e+00
2.390000000000000000e+02 2.047541687963834622e+00
2.400000000000000000e+02 2.047574334483855729e+00
2.410000000000000000e+02 2.047606977080410395e+00
2.420000000000000000e+02 2.047639615751843500e+00
2.430000000000000000e+02 2.047672250496499924e+00
2.440000000000000000e+02 2.047704881312723213e+00
2.450000000000000000e+02 2.047737508198857803e+00
2.460000000000000000e+02 2.047770131153248574e+00
2.470000000000000000e+02 2.047802750174239517e+00
2.480000000000000000e+02 2.047835365260174623e+00
2.490000000000000000e+02 2.047867976409399215e+00
2.500000000000000000e+02 2.047900583620256842e+00
2.510000000000000000e+02 2.047933186891091939e+00
2.520000000000000000e+02 2.047965786220248940e+00
2.530000000000000000e+02 2.047998381606072726e+00
2.540000000000000000e+02 2.048030973046906844e+00
2.550000000000000000e+02 2.048063560541095729e+00
2.560000000000000000e+02 2.048096144086984260e+00
2.570000000000000000e+02 2.048128723682916874e+00
2.580000000000000000e+02 2.048161299327237117e+00
2.590000000000000000e+02 2.048193871018289869e+00
2.600000000000000000e+02 2.048226438754419565e+00
2.610000000000000000e+02 2.048259002533970197e+00
2.620000000000000000e+02 2.048291562355286199e+00
2.630000000000000000e+02 2.048324118216712009e+00
2.640000000000000000e+02 2.048356670116592504e+00
2.650000000000000000e+02 2.048389218053271232e+00
2.660000000000000000e+02 2.048421762025092630e+00
2.670000000000000000e+02 2.048454302030401575e+00
2.680000000000000000e+02 2.048486838067542060e+00
2.690000000000000000e+02 2.048519370134858075e+00
2.700000000000000000e+02 2.048551898230694945e+00
2.710000000000000000e+02 2.048584422353396217e+00
2.720000000000000000e+02 2.048616942501306326e+00
2.730000000000000000e+02 2.048649458672770152e+00
2.740000000000000000e+02 2.048681970866131685e+00
2.750000000000000000e+02 2.048714479079734918e+00
2.760000000000000000e+02 2.048746983311924730e+00
2.770000000000000000e+02 2.048779483561045112e+00
2.780000000000000000e+02 2.048811979825440943e+00
2.790000000000000000e+02 2.048844472103455772e+00
2.800000000000000000e+02 2.048876960393434921e+00
2.810000000000000000e+02 2.048909444693721937e+00
2.820000000000000000e+02 2.048941925002661257e+00
2.830000000000000000e+02 2.048974401318597760e+00
2.840000000000000000e+02 2.049006873639875437e+00
2.850000000000000000e+02 2.049039341964838279e+00
2.860000000000000000e+02 2.049071806291831610e+00
2.870000000000000000e+02 2.049104266619198977e+00
2.880000000000000000e+02 2.049136722945284816e+00
2.890000000000000000e+02 2.049169175268434007e+00
2.900000000000000000e+02 2.049201623586990095e+00
2.910000000000000000e+02 2.049234067899297962e+00
2.920000000000000000e+02 2.049266508203702042e+00
2.930000000000000000e+02 2.049298944498546327e+00
2.940000000000000000e+02 2.049331376782175251e+00
2.950000000000000000e+02 2.049363805052933252e+00
2.960000000000000000e+02 2.049396229309164763e+00
2.970000000000000000e+02 2.049428649549214221e+00
2.980000000000000000e+02 2.049461065771425616e+00
2.990000000000000000e+02 2.049493477974143385e+00
3.000000000000000000e+02 2.049525886155711962e+00
3.010000000000000000e+02 2.049558290314476228e+00
3.020000000000000000e+02 2.049590690448779728e+00
3.030000000000000000e+02 2.049623086556966900e+00
3.040000000000000000e+02 2.049655478637382622e+00
3.050000000000000000e+02 2.049687866688370441e+00
3.060000000000000000e+02 2.049720250708275682e+00
3.070000000000000000e+02 2.049752630695441891e+00
3.080000000000000000e+02 2.049785006648213947e+00
3.090000000000000000e+02 2.049817378564936288e+00
3.100000000000000000e+02 2.049849746443952458e+00
3.110000000000000000e+02 2.049882110283607339e+00
3.120000000000000000e+02 2.049914470082245810e+00
3.130000000000000000e+02 2.049946825838210973e+00
3.140000000000000000e+02 2.049979177549848153e+00
3.150000000000000000e+02 2.050011525215501784e+00
3.160000000000000000e+02 2.050043868833515415e+00
3.170000000000000000e+02 2.050076208402233924e+00
3.180000000000000000e+02 2.050108543920001747e+00
3.190000000000000000e+02 2.050140875385163319e+00
3.200000000000000000e+02 2.050173202796062188e+00
3.210000000000000000e+02 2.050205526151043678e+00
3.220000000000000000e+02 2.050237845448451335e+00
3.230000000000000000e+02 2.050270160686630039e+00
3.240000000000000000e+02 2.050302471863924225e+00
3.250000000000000000e+02 2.050334778978677885e+00
3.260000000000000000e+02 2.050367082029235455e+00
3.270000000000000000e+02 2.050399381013941369e+00
3.280000000000000000e+02 2.050431675931140063e+00
3.290000000000000000e+02 2.050463966779175973e+00
3.300000000000000000e+02 2.050496253556392645e+00
3.310000000000000000e+02 2.050528536261135404e+00
3.320000000000000000e+02 2.050560814891748240e+00
3.330000000000000000e+02 2.050593089446575590e+00
3.340000000000000000e+02 2.050625359923961444e+00
3.350000000000000000e+02 2.050657626322250682e+00
3.360000000000000000e+02 2.050689888639787295e+00
3.370000000000000000e+02 2.050722146874915719e+00
3.380000000000000000e+02 2.050754401025980389e+00
3.390000000000000000e+02 2.050786651091325297e+00
3.400000000000000000e+02 2.050818897069295321e+00
3.410000000000000000e+02 2.050851138958234454e+00
3.420000000000000000e+02 2.050883376756487575e+00
3.430000000000000000e+02 2.050915610462398231e+00
3.440000000000000000e+02 2.050947840074311301e+00
3.450000000000000000e+02 2.050980065590571222e+00
3.460000000000000000e+02 2.051012287009521540e+00
3.470000000000000000e+02 2.051044504329507578e+00
3.480000000000000000e+02 2.051076717548873329e+00
3.490000000000000000e+02 2.051108926665963228e+00
3.500000000000000000e+02 2.051141131679121266e+00
3.510000000000000000e+02 2.051173332586692322e+00
3.520000000000000000e+02 2.051205529387020388e+00
3.530000000000000000e+02 2.051237722078449899e+00
3.540000000000000000e+02 2.051269910659325291e+00
3.550000000000000000e+02 2.051302095127990555e+00
3.560000000000000000e+02 2.051334275482790570e+00
3.570000000000000000e+02 2.051366451722069328e+00
3.580000000000000000e+02 2.051398623844171265e+00
3.590000000000000000e+02 2.051430791847440815e+00
3.600000000000000000e+02 2.051462955730222415e+00
3.610000000000000000e+02 2.051495115490860055e+00
3.620000000000000000e+02 2.051527271127698171e+00
3.630000000000000000e+02 2.051559422639081642e+00
3.640000000000000000e+02 2.051591570023354016e+00
3.650000000000000000e+02 2.051623713278860617e+00
3.660000000000000000e+02 2.051655852403944547e+00
3.670000000000000000e+02 2.051687987396951574e+00
3.680000000000000000e+02 2.051720118256224801e+00
3.690000000000000000e+02 2.051752244980109108e+00
3.700000000000000000e+02 2.051784367566948930e+00
3.710000000000000000e+02 2.051816486015088703e+00
3.720000000000000000e+02 2.051848600322872418e+00
3.730000000000000000e+02 2.051880710488644510e+00
3.740000000000000000e+02 2.051912816510749860e+00
3.750000000000000000e+02 2.051944918387532013e+00
3.760000000000000000e+02 2.051977016117335850e+00
3.770000000000000000e+02 2.052009109698505362e+00
3.780000000000000000e+02 2.052041199129385429e+00
3.790000000000000000e+02 2.052073284408320042e+00
3.800000000000000000e+02 2.052105365533653192e+00
3.810000000000000000e+02 2.052137442503729758e+00
3.820000000000000000e+02 2.052169515316894177e+00
3.830000000000000000e+02 2.052201583971490439e+00
3.840000000000000000e+02 2.052233648465863425e+00
3.850000000000000000e+02 2.052265708798356680e+00
3.860000000000000000e+02 2.052297764967315086e+00
3.870000000000000000e+02 2.052329816971082632e+00
3.880000000000000000e+02 2.052361864808004199e+00
3.890000000000000000e+02 2.052393908476424222e+00
3.900000000000000000e+02 2.052425947974686249e+00
3.910000000000000000e+02 2.052457983301135158e+00
3.920000000000000000e+02 2.052490014454114942e+00
3.930000000000000000e+02 2.052522041431970479e+00
3.940000000000000000e+02 2.052554064233045761e+00
3.950000000000000000e+02 2.052586082855685667e+00
3.960000000000000000e+02 2.052618097298233746e+00
3.970000000000000000e+02 2.052650107559034875e+00
3.980000000000000000e+02 2.052682113636433048e+00
3.990000000000000000e+02 2.052714115528773142e+00
4.000000000000000000e+02 2.052746113234399150e+00
4.010000000000000000e+02 2.052778106751655063e+00
4.020000000000000000e+02 2.052810096078886204e+00
4.030000000000000000e+02 2.052842081214436121e+00
4.040000000000000000e+02 2.052874062156649249e+00
4.050000000000000000e+02 2.052906038903870023e+00
4.060000000000000000e+02 2.052938011454443323e+00
4.070000000000000000e+02 2.052969979806712697e+00
4.080000000000000000e+02 2.053001943959023023e+00
4.090000000000000000e+02 2.053033903909718294e+00
4.100000000000000000e+02 2.053065859657142944e+00
4.110000000000000000e+02 2.053097811199641853e+00
4.120000000000000000e+02 2.053129758535558569e+00
4.130000000000000000e+02 2.053161701663237970e+00
4.140000000000000000e+02 2.053193640581024049e+00
4.150000000000000000e+02 2.053225575287261684e+00
4.160000000000000000e+02 2.053257505780294867e+00
4.170000000000000000e+02 2.053289432058467590e+00
4.180000000000000000e+02 2.053321354120125175e+00
4.190000000000000000e+02 2.053353271963611171e+00
4.200000000000000000e+02 2.053385185587270012e+00
4.210000000000000000e+02 2.053417094989446134e+00
4.220000000000000000e+02 2.053449000168483973e+00
4.230000000000000000e+02 2.053480901122727964e+00
4.240000000000000000e+02 2.053512797850522542e+00
4.250000000000000000e+02 2.053544690350211699e+00
4.260000000000000000e+02 2.053576578620139870e+00
4.270000000000000000e+02 2.053608462658651490e+00
4.280000000000000000e+02 2.053640342464090995e+00
4.290000000000000000e+02 2.053672218034802377e+00
4.300000000000000000e+02 2.053704089369130514e+00
4.310000000000000000e+02 2.053735956465419399e+00
4.320000000000000000e+02 2.053767819322013910e+00
4.330000000000000000e+02 2.053799677937257595e+00
4.340000000000000000e+02 2.053831532309494889e+00
4.350000000000000000e+02 2.053863382437071117e+00
4.360000000000000000e+02 2.053895228318329380e+00
4.370000000000000000e+02 2.053927069951615003e+00
4.380000000000000000e+02 2.053958907335271533e+00
4.390000000000000000e+02 2.053990740467644294e+00
4.400000000000000000e+02 2.054022569347076388e+00
4.410000000000000000e+02 2.054054393971913584e+00
4.420000000000000000e+02 2.054086214340498984e+00
4.430000000000000000e+02 2.054118030451177468e+00
4.440000000000000000e+02 2.054149842302293472e+00
4.450000000000000000e+02 2.054181649892191430e+00
4.460000000000000000e+02 2.054213453219215335e+00
4.470000000000000000e+02 2.054245252281709622e+00
4.480000000000000000e+02 2.054277047078018725e+00
4.490000000000000000e+02 2.054308837606487081e+00
4.500000000000000000e+02 2.054340623865459126e+00
4.510000000000000000e+02 2.054372405853278849e+00
4.520000000000000000e+02 2.054404183568291131e+00
4.530000000000000000e+02 2.054435957008839519e+00
4.540000000000000000e+02 2.054467726173268893e+00
4.550000000000000000e+02 2.054499491059923688e+00
4.560000000000000000e+02 2.054531251667148339e+00
4.570000000000000000e+02 2.054563007993286838e+00
4.580000000000000000e+02 2.054594760036683621e+00
4.590000000000000000e+02 2.054626507795683121e+00
4.600000000000000000e+02 2.054658251268629332e+00
4.610000000000000000e+02 2.054689990453867576e+00
4.620000000000000000e+02 2.054721725349740957e+00
4.630000000000000000e+02 2.054753455954594799e+00
4.640000000000000000e+02 2.054785182266773091e+00
4.650000000000000000e+02 2.054816904284619827e+00
4.660000000000000000e+02 2.054848622006480330e+00
4.670000000000000000e+02 2.054880335430697702e+00
4.680000000000000000e+02 2.054912044555617268e+00
4.690000000000000000e+02 2.054943749379583018e+00
4.700000000000000000e+02 2.054975449900939388e+00
4.710000000000000000e+02 2.055007146118030370e+00
4.720000000000000000e+02 2.055038838029200843e+00
4.730000000000000000e+02 2.055070525632794798e+00
4.740000000000000000e+02 2.055102208927156671e+00
4.750000000000000000e+02 2.055133887910630897e+00
4.760000000000000000e+02 2.055165562581561911e+00
4.770000000000000000e+02 2.055197232938293705e+00
4.780000000000000000e+02 2.055228898979171159e+00
4.790000000000000000e+02 2.055260560702538264e+00
4.800000000000000000e+02 2.055292218106739455e+00
4.810000000000000000e+02 2.055323871190118723e+00
4.820000000000000000e+02 2.055355519951020948e+00
4.830000000000000000e+02 2.055387164387790566e+00
4.840000000000000000e+02 2.055418804498771568e+00
4.850000000000000000e+02 2.055450440282307945e+00
4.860000000000000000e+02 2.055482071736745020e+00
4.870000000000000000e+02 2.055513698860426341e+00
4.880000000000000000e+02 2.055545321651696788e+00
4.890000000000000000e+02 2.055576940108900352e+00
4.900000000000000000e+02 2.055608554230381468e+00
4.910000000000000000e+02 2.055640164014484128e+00
4.920000000000000000e+02 2.055671769459553655e+00
4.930000000000000000e+02 2.055703370563933596e+00
4.940000000000000000e+02 2.055734967325968388e+00
4.950000000000000000e+02 2.055766559744002908e+00
4.960000000000000000e+02 2.055798147816380705e+00
4.970000000000000000e+02 2.055829731541446659e+00
4.980000000000000000e+02 2.055861310917545204e+00
4.990000000000000000e+02 2.055892885943020332e+00
5.000000000000000000e+02 2.055924456616216478e+00
5.010000000000000000e+02 2.055956022935478078e+00
5.020000000000000000e+02 2.055987584899149567e+00
5.030000000000000000e+02 2.056019142505574937e+00
5.040000000000000000e+02 2.056050695753099067e+00
5.050000000000000000e+02 2.056082244640066392e+00
5.060000000000000000e+02 2.056113789164820460e+00
5.070000000000000000e+02 2.056145329325706150e+00
5.080000000000000000e+02 2.056176865121067454e+00
5.090000000000000000e+02 2.056208396549249695e+00
5.100000000000000000e+02 2.056239923608595976e+00
5.110000000000000000e+02 2.056271446297451622e+00
5.120000000000000000e+02 2.056302964614160178e+00
5.130000000000000000e+02 2.056334478557066525e+00
5.140000000000000000e+02 2.056365988124515098e+00
5.150000000000000000e+02 2.056397493314849889e+00
5.160000000000000000e+02 2.056428994126415333e+00
5.170000000000000000e+02 2.056460490557555865e+00
5.180000000000000000e+02 2.056491982606615920e+00
5.190000000000000000e+02 2.056523470271939491e+00
5.200000000000000000e+02 2.056554953551871456e+00
5.210000000000000000e+02 2.056586432444755808e+00
5.220000000000000000e+02 2.056617906948936980e+00
5.230000000000000000e+02 2.056649377062758965e+00
5.240000000000000000e+02 2.056680842784567087e+00
5.250000000000000000e+02 2.056712304112704892e+00
5.260000000000000000e+02 2.056743761045516816e+00
5.270000000000000000e+02 2.056775213581347295e+00
5.280000000000000000e+02 2.056806661718540763e+00
5.290000000000000000e+02 2.056838105455441656e+00
5.300000000000000000e+02 2.056869544790393967e+00
5.310000000000000000e+02 2.056900979721742129e+00
5.320000000000000000e+02 2.056932410247831022e+00
5.330000000000000000e+02 2.056963836367004195e+00
5.340000000000000000e+02 2.056995258077606525e+00
5.350000000000000000e+02 2.057026675377982450e+00
5.360000000000000000e+02 2.057058088266475959e+00
5.370000000000000000e+02 2.057089496741431489e+00
5.380000000000000000e+02 2.057120900801193919e+00
5.390000000000000000e+02 2.057152300444106796e+00
5.400000000000000000e+02 2.057183695668514556e+00
5.410000000000000000e+02 2.057215086472762078e+00
5.420000000000000000e+02 2.057246472855193797e+00
5.430000000000000000e+02 2.057277854814153262e+00
5.440000000000000000e+02 2.057309232347985350e+00
5.450000000000000000e+02 2.057340605455034499e+00
5.460000000000000000e+02 2.057371974133644699e+00
5.470000000000000000e+02 2.057403338382160385e+00
5.480000000000000000e+02 2.057434698198926437e+00
5.490000000000000000e+02 2.057466053582286403e+00
5.500000000000000000e+02 2.057497404530585161e+00
5.510000000000000000e+02 2.057528751042167148e+00
5.520000000000000000e+02 2.057560093115376354e+00
5.530000000000000000e+02 2.057591430748557215e+00
5.540000000000000000e+02 2.057622763940054167e+00
5.550000000000000000e+02 2.057654092688211644e+00
5.560000000000000000e+02 2.057685416991373639e+00
5.570000000000000000e+02 2.057716736847885031e+00
5.580000000000000000e+02 2.057748052256089810e+00
5.590000000000000000e+02 2.057779363214332413e+00
5.600000000000000000e+02 2.057810669720956831e+00
5.610000000000000000e+02 2.057841971774308387e+00
5.620000000000000000e+02 2.057873269372730185e+00
5.630000000000000000e+02 2.057904562514567548e+00
5.640000000000000000e+02 2.057935851198164467e+00
5.650000000000000000e+02 2.057967135421865379e+00
5.660000000000000000e+02 2.057998415184014718e+00
5.670000000000000000e+02 2.058029690482956475e+00
5.680000000000000000e+02 2.058060961317035087e+00
5.690000000000000000e+02 2.058092227684594988e+00
5.700000000000000000e+02 2.058123489583981058e+00
5.710000000000000000e+02 2.058154747013536845e+00
5.720000000000000000e+02 2.058185999971606783e+00
5.730000000000000000e+02 2.058217248456535753e+00
5.740000000000000000e+02 2.058248492466667745e+00
5.750000000000000000e+02 2.058279732000347195e+00
5.760000000000000000e+02 2.058310967055918539e+00
5.770000000000000000e+02 2.058342197631726211e+00
5.780000000000000000e+02 2.058373423726113760e+00
5.790000000000000000e+02 2.058404645337426508e+00
5.800000000000000000e+02 2.058435862464008448e+00
5.810000000000000000e+02 2.058467075104204014e+00
5.820000000000000000e+02 2.058498283256357642e+00
5.830000000000000000e+02 2.058529486918813323e+00
5.840000000000000000e+02 2.058560686089915492e+00
5.850000000000000000e+02 2.058591880768008586e+00
5.860000000000000000e+02 2.058623070951437040e+00
5.870000000000000000e+02 2.058654256638545288e+00
5.880000000000000000e+02 2.058685437827677323e+00
5.890000000000000000e+02 2.058716614517178023e+00
5.900000000000000000e+02 2.058747786705391380e+00
5.910000000000000000e+02 2.058778954390661386e+00
5.920000000000000000e+02 2.058810117571333365e+00
5.930000000000000000e+02 2.058841276245750862e+00
5.940000000000000000e+02 2.058872430412258314e+00
5.950000000000000000e+02 2.058903580069200601e+00
5.960000000000000000e+02 2.058934725214921269e+00
5.970000000000000000e+02 2.058965865847765642e+00
5.980000000000000000e+02 2.058997001966076823e+00
5.990000000000000000e+02 2.059028133568200580e+00
6.000000000000000000e+02 2.059059260652480017e+00
6.010000000000000000e+02 2.059090383217260456e+00
6.020000000000000000e+02 2.059121501260885445e+00
6.030000000000000000e+02 2.059152614781700308e+00
6.040000000000000000e+02 2.059183723778048147e+00
6.050000000000000000e+02 2.059214828248274287e+00
6.060000000000000000e+02 2.059245928190722719e+00
6.070000000000000000e+02 2.059277023603737877e+00
6.080000000000000000e+02 2.059308114485664198e+00
6.090000000000000000e+02 2.059339200834845673e+00
6.100000000000000000e+02 2.059370282649626738e+00
6.110000000000000000e+02 2.059401359928352271e+00
6.120000000000000000e+02 2.059432432669365820e+00
6.130000000000000000e+02 2.059463500871012709e+00
6.140000000000000000e+02 2.059494564531636041e+00
6.150000000000000000e+02 2.059525623649581583e+00
6.160000000000000000e+02 2.059556678223192439e+00
6.170000000000000000e+02 2.059587728250813932e+00
6.180000000000000000e+02 2.059618773730789609e+00
6.190000000000000000e+02 2.059649814661464351e+00
6.200000000000000000e+02 2.059680851041182148e+00
6.210000000000000000e+02 2.059711882868287880e+00
6.220000000000000000e+02 2.059742910141125538e+00
6.230000000000000000e+02 2.059773932858039114e+00
6.240000000000000000e+02 2.059804951017373487e+00
6.250000000000000000e+02 2.059835964617473092e+00
6.260000000000000000e+02 2.059866973656681921e+00
6.270000000000000000e+02 2.059897978133344409e+00
6.280000000000000000e+02 2.059928978045804993e+00
6.290000000000000000e+02 2.059959973392408106e+00
6.300000000000000000e+02 2.059990964171498184e+00
6.310000000000000000e+02 2.060021950381418776e+00
6.320000000000000000e+02 2.060052932020515204e+00
6.330000000000000000e+02 2.060083909087131460e+00
6.340000000000000000e+02 2.060114881579611978e+00
6.350000000000000000e+02 2.060145849496300752e+00
6.360000000000000000e+02 2.060176812835542659e+00
6.370000000000000000e+02 2.060207771595681692e+00
6.380000000000000000e+02 2.060238725775062285e+00
6.390000000000000000e+02 2.060269675372028431e+00
6.400000000000000000e+02 2.060300620384925452e+00
6.410000000000000000e+02 2.060331560812096896e+00
6.420000000000000000e+02 2.060362496651887199e+00
6.430000000000000000e+02 2.060393427902640795e+00
6.440000000000000000e+02 2.060424354562702121e+00
6.450000000000000000e+02 2.060455276630415611e+00
6.460000000000000000e+02 2.060486194104125257e+00
6.470000000000000000e+02 2.060517106982175939e+00
6.480000000000000000e+02 2.060548015262911647e+00
6.490000000000000000e+02 2.060578918944676818e+00
6.500000000000000000e+02 2.060609818025815443e+00
6.510000000000000000e+02 2.060640712504672400e+00
6.520000000000000000e+02 2.060671602379592127e+00
6.530000000000000000e+02 2.060702487648918613e+00
6.540000000000000000e+02 2.060733368310995850e+00
6.550000000000000000e+02 2.060764244364169162e+00
6.560000000000000000e+02 2.060795115806782096e+00
6.570000000000000000e+02 2.060825982637179088e+00
6.580000000000000000e+02 2.060856844853705017e+00
6.590000000000000000e+02 2.060887702454703874e+00
6.600000000000000000e+02 2.060918555438520094e+00
6.610000000000000000e+02 2.060949403803497670e+00
6.620000000000000000e+02 2.060980247547981481e+00
6.630000000000000000e+02 2.061011086670315517e+00
6.640000000000000000e+02 2.061041921168844215e+00
6.650000000000000000e+02 2.061072751041912454e+00
6.660000000000000000e+02 2.061103576287863781e+00
6.670000000000000000e+02 2.061134396905042632e+00
6.680000000000000000e+02 2.061165212891793885e+00
6.690000000000000000e+02 2.061196024246461533e+00
6.700000000000000000e+02 2.061226830967390011e+00
6.710000000000000000e+02 2.061257633052923310e+00
6.720000000000000000e+02 2.061288430501406754e+00
6.730000000000000000e+02 2.061319223311183890e+00
6.740000000000000000e+02 2.061350011480598710e+00
6.750000000000000000e+02 2.061380795007996536e+00
6.760000000000000000e+02 2.061411573891721360e+00
6.770000000000000000e+02 2.061442348130117619e+00
6.780000000000000000e+02 2.061473117721529302e+00
6.790000000000000000e+02 2.061503882664300846e+00
6.800000000000000000e+02 2.061534642956776686e+00
6.810000000000000000e+02 2.061565398597301257e+00
6.820000000000000000e+02 2.061596149584218995e+00
6.830000000000000000e+02 2.061626895915873892e+00
6.840000000000000000e+02 2.061657637590610825e+00
6.850000000000000000e+02 2.061688374606773788e+00
6.860000000000000000e+02 2.061719106962706771e+00
6.870000000000000000e+02 2.061749834656755098e+00
6.880000000000000000e+02 2.061780557687262316e+00
6.890000000000000000e+02 2.061811276052572861e+00
6.900000000000000000e+02 2.061841989751031612e+00
6.910000000000000000e+02 2.061872698780982116e+00
6.920000000000000000e+02 2.061903403140769697e+00
6.930000000000000000e+02 2.061934102828737903e+00
6.940000000000000000e+02 2.061964797843231167e+00
6.950000000000000000e+02 2.061995488182594372e+00
6.960000000000000000e+02 2.062026173845171506e+00
6.970000000000000000e+02 2.062056854829306562e+00
6.980000000000000000e+02 2.062087531133344420e+00
6.990000000000000000e+02 2.062118202755629515e+00
7.000000000000000000e+02 2.062148869694505837e+00
7.010000000000000000e+02 2.062179531948317823e+00
7.020000000000000000e+02 2.062210189515409908e+00
7.030000000000000000e+02 2.062240842394126528e+00
7.040000000000000000e+02 2.062271490582811673e+00
7.050000000000000000e+02 2.062302134079810223e+00
7.060000000000000000e+02 2.062332772883466170e+00
7.070000000000000000e+02 2.062363406992123505e+00
7.080000000000000000e+02 2.062394036404127551e+00
7.090000000000000000e+02 2.062424661117821856e+00
7.100000000000000000e+02 2.062455281131550855e+00
7.110000000000000000e+02 2.062485896443659428e+00
7.120000000000000000e+02 2.062516507052491566e+00
7.130000000000000000e+02 2.062547112956391260e+00
7.140000000000000000e+02 2.062577714153703390e+00
7.150000000000000000e+02 2.062608310642772391e+00
7.160000000000000000e+02 2.062638902421942255e+00
7.170000000000000000e+02 2.062669489489557417e+00
7.180000000000000000e+02 2.062700071843962313e+00
7.190000000000000000e+02 2.062730649483500933e+00
7.200000000000000000e+02 2.062761222406518158e+00
7.210000000000000000e+02 2.062791790611358422e+00
7.220000000000000000e+02 2.062822354096365274e+00
7.230000000000000000e+02 2.062852912859883592e+00
7.240000000000000000e+02 2.062883466900257812e+00
7.250000000000000000e+02 2.062914016215832369e+00
7.260000000000000000e+02 2.062944560804951255e+00
7.270000000000000000e+02 2.062975100665958905e+00
7.280000000000000000e+02 2.063005635797200199e+00
7.290000000000000000e+02 2.063036166197018684e+00
7.300000000000000000e+02 2.063066691863758795e+00
7.310000000000000000e+02 2.063097212795765412e+00
7.320000000000000000e+02 2.063127728991382526e+00
7.330000000000000000e+02 2.063158240448955016e+00
7.340000000000000000e+02 2.063188747166826431e+00
7.350000000000000000e+02 2.063219249143341649e+00
7.360000000000000000e+02 2.063249746376844662e+00
7.370000000000000000e+02 2.063280238865679905e+00
7.380000000000000000e+02 2.063310726608192258e+00
7.390000000000000000e+02 2.063341209602725712e+00
7.400000000000000000e+02 2.063371687847624258e+00
7.410000000000000000e+02 2.063402161341232777e+00
7.420000000000000000e+02 2.063432630081895258e+00
7.430000000000000000e+02 2.063463094067956138e+00
7.440000000000000000e+02 2.063493553297759853e+00
7.450000000000000000e+02 2.063524007769650837e+00
7.460000000000000000e+02 2.063554457481973525e+00
7.470000000000000000e+02 2.063584902433071910e+00
7.480000000000000000e+02 2.063615342621290427e+00
7.490000000000000000e+02 2.063645778044973511e+00
7.500000000000000000e+02 2.063676208702465598e+00
7.510000000000000000e+02 2.063706634592111122e+00
7.520000000000000000e+02 2.063737055712254076e+00
7.530000000000000000e+02 2.063767472061238895e+00
7.540000000000000000e+02 2.063797883637410013e+00
7.550000000000000000e+02 2.063828290439111868e+00
7.560000000000000000e+02 2.063858692464688893e+00
7.570000000000000000e+02 2.063889089712485525e+00
7.580000000000000000e+02 2.063919482180845311e+00
7.590000000000000000e+02 2.063949869868113574e+00
7.600000000000000000e+02 2.063980252772634305e+00
7.610000000000000000e+02 2.064010630892751941e+00
7.620000000000000000e+02 2.064041004226810472e+00
7.630000000000000000e+02 2.064071372773154334e+00
7.640000000000000000e+02 2.064101736530128406e+00
7.650000000000000000e+02 2.064132095496076236e+00
7.660000000000000000e+02 2.064162449669342703e+00
7.670000000000000000e+02 2.064192799048272242e+00
7.680000000000000000e+02 2.064223143631209290e+00
7.690000000000000000e+02 2.064253483416497392e+00
7.700000000000000000e+02 2.064283818402481874e+00
7.710000000000000000e+02 2.064314148587506281e+00
7.720000000000000000e+02 2.064344473969915494e+00
7.730000000000000000e+02 2.064374794548053949e+00
7.740000000000000000e+02 2.064405110320265635e+00
7.750000000000000000e+02 2.064435421284894545e+00
7.760000000000000000e+02 2.064465727440286003e+00
7.770000000000000000e+02 2.064496028784783999e+00
7.780000000000000000e+02 2.064526325316732525e+00
7.790000000000000000e+02 2.064556617034476016e+00
7.800000000000000000e+02 2.064586903936358908e+00
7.810000000000000000e+02 2.064617186020726081e+00
7.820000000000000000e+02 2.064647463285921081e+00
7.830000000000000000e+02 2.064677735730288788e+00
7.840000000000000000e+02 2.064708003352173193e+00
7.850000000000000000e+02 2.064738266149918733e+00
7.860000000000000000e+02 2.064768524121870286e+00
7.870000000000000000e+02 2.064798777266371399e+00
7.880000000000000000e+02 2.064829025581766508e+00
7.890000000000000000e+02 2.064859269066400937e+00
7.900000000000000000e+02 2.064889507718617789e+00
7.910000000000000000e+02 2.064919741536762388e+00
7.920000000000000000e+02 2.064949970519178279e+00
7.930000000000000000e+02 2.064980194664210345e+00
7.940000000000000000e+02 2.065010413970202574e+00
7.950000000000000000e+02 2.065040628435499848e+00
7.960000000000000000e+02 2.065070838058446157e+00
7.970000000000000000e+02 2.065101042837385936e+00
7.980000000000000000e+02 2.065131242770663178e+00
7.990000000000000000e+02 2.065161437856623206e+00
8.000000000000000000e+02 2.065191628093609122e+00
8.010000000000000000e+02 2.065221813479966251e+00
8.020000000000000000e+02 2.065251994014038139e+00
8.030000000000000000e+02 2.065282169694170111e+00
8.040000000000000000e+02 2.065312340518705270e+00
8.050000000000000000e+02 2.065342506485989382e+00
8.060000000000000000e+02 2.065372667594365552e+00
8.070000000000000000e+02 2.065402823842179103e+00
8.080000000000000000e+02 2.065432975227773582e+00
8.090000000000000000e+02 2.065463121749493869e+00
8.100000000000000000e+02 2.065493263405684399e+00
8.110000000000000000e+02 2.065523400194689163e+00
8.120000000000000000e+02 2.065553532114852597e+00
8.130000000000000000e+02 2.065583659164518693e+00
8.140000000000000000e+02 2.065613781342032773e+00
8.150000000000000000e+02 2.065643898645738386e+00
8.160000000000000000e+02 2.065674011073979965e+00
8.170000000000000000e+02 2.065704118625101948e+00
8.180000000000000000e+02 2.065734221297449213e+00
8.190000000000000000e+02 2.065764319089365308e+00
8.200000000000000000e+02 2.065794411999194669e+00
8.210000000000000000e+02 2.065824500025282173e+00
8.220000000000000000e+02 2.065854583165972258e+00
8.230000000000000000e+02 2.065884661419608470e+00
8.240000000000000000e+02 2.065914734784535689e+00
8.250000000000000000e+02 2.065944803259097906e+00
8.260000000000000000e+02 2.065974866841640001e+00
8.270000000000000000e+02 2.066004925530506409e+00
8.280000000000000000e+02 2.066034979324040677e+00
8.290000000000000000e+02 2.066065028220587685e+00
8.300000000000000000e+02 2.066095072218491868e+00
8.310000000000000000e+02 2.066125111316097218e+00
8.320000000000000000e+02 2.066155145511748614e+00
8.330000000000000000e+02 2.066185174803790048e+00
8.340000000000000000e+02 2.066215199190565510e+00
8.350000000000000000e+02 2.066245218670420325e+00
8.360000000000000000e+02 2.066275233241698039e+00
8.370000000000000000e+02 2.066305242902743089e+00
8.380000000000000000e+02 2.066335247651899909e+00
8.390000000000000000e+02 2.066365247487512935e+00
8.400000000000000000e+02 2.066395242407927046e+00
8.410000000000000000e+02 2.066425232411485347e+00
8.420000000000000000e+02 2.066455217496533159e+00
8.430000000000000000e+02 2.066485197661414919e+00
8.440000000000000000e+02 2.066515172904474174e+00
8.450000000000000000e+02 2.066545143224055803e+00
8.460000000000000000e+02 2.066575108618504242e+00
8.470000000000000000e+02 2.066605069086163482e+00
8.480000000000000000e+02 2.066635024625377959e+00
8.490000000000000000e+02 2.066664975234492552e+00
8.500000000000000000e+02 2.066694920911850808e+00
8.510000000000000000e+02 2.066724861655797607e+00
8.520000000000000000e+02 2.066754797464677385e+00
8.530000000000000000e+02 2.066784728336834132e+00
8.540000000000000000e+02 2.066814654270612284e+00
8.550000000000000000e+02 2.066844575264356276e+00
8.560000000000000000e+02 2.066874491316410545e+00
8.570000000000000000e+02 2.066904402425119081e+00
8.580000000000000000e+02 2.066934308588826763e+00
8.590000000000000000e+02 2.066964209805877140e+00
8.600000000000000000e+02 2.066994106074615534e+00
8.610000000000000000e+02 2.067023997393385937e+00
8.620000000000000000e+02 2.067053883760532340e+00
8.630000000000000000e+02 2.067083765174399179e+00
8.640000000000000000e+02 2.067113641633331333e+00
8.650000000000000000e+02 2.067143513135672794e+00
8.660000000000000000e+02 2.067173379679767997e+00
8.670000000000000000e+02 2.067203241263960933e+00
8.680000000000000000e+02 2.067233097886596482e+00
8.690000000000000000e+02 2.067262949546018636e+00
8.700000000000000000e+02 2.067292796240571828e+00
8.710000000000000000e+02 2.067322637968600940e+00
8.720000000000000000e+02 2.067352474728449074e+00
8.730000000000000000e+02 2.067382306518461998e+00
8.740000000000000000e+02 2.067412133336982816e+00
8.750000000000000000e+02 2.067441955182356850e+00
8.760000000000000000e+02 2.067471772052928092e+00
8.770000000000000000e+02 2.067501583947040977e+00
8.780000000000000000e+02 2.067531390863039498e+00
8.790000000000000000e+02 2.067561192799268088e+00
8.800000000000000000e+02 2.067590989754071629e+00
8.810000000000000000e+02 2.067620781725794110e+00
8.820000000000000000e+02 2.067650568712779524e+00
8.830000000000000000e+02 2.067680350713372750e+00
8.840000000000000000e+02 2.067710127725918223e+00
8.850000000000000000e+02 2.067739899748759935e+00
8.860000000000000000e+02 2.067769666780242321e+00
8.870000000000000000e+02 2.067799428818709817e+00
8.880000000000000000e+02 2.067829185862506414e+00
8.890000000000000000e+02 2.067858937909976991e+00
8.900000000000000000e+02 2.067888684959465539e+00
8.910000000000000000e+02 2.067918427009316940e+00
8.920000000000000000e+02 2.067948164057874738e+00
8.930000000000000000e+02 2.067977896103483815e+00
8.940000000000000000e+02 2.068007623144488605e+00
8.950000000000000000e+02 2.068037345179233100e+00
8.960000000000000000e+02 2.068067062206061735e+00
8.970000000000000000e+02 2.068096774223318945e+00
8.980000000000000000e+02 2.068126481229349167e+00
8.990000000000000000e+02 2.068156183222496391e+00
9.000000000000000000e+02 2.068185880201105498e+00
9.010000000000000000e+02 2.068215572163520477e+00
9.020000000000000000e+02 2.068245259108085765e+00
9.030000000000000000e+02 2.068274941033145797e+00
9.040000000000000000e+02 2.068304617937045009e+00
9.050000000000000000e+02 2.068334289818127392e+00
9.060000000000000000e+02 2.068363956674737381e+00
9.070000000000000000e+02 2.068393618505219855e+00
9.080000000000000000e+02 2.068423275307918363e+00
9.090000000000000000e+02 2.068452927081177783e+00
9.100000000000000000e+02 2.068482573823342552e+00
9.110000000000000000e+02 2.068512215532756660e+00
9.120000000000000000e+02 2.068541852207764542e+00
9.130000000000000000e+02 2.068571483846710635e+00
9.140000000000000000e+02 2.068601110447938929e+00
9.150000000000000000e+02 2.068630732009794748e+00
9.160000000000000000e+02 2.068660348530621196e+00
9.170000000000000000e+02 2.068689960008763595e+00
9.180000000000000000e+02 2.068719566442565938e+00
9.190000000000000000e+02 2.068749167830372659e+00
9.200000000000000000e+02 2.068778764170527751e+00
9.210000000000000000e+02 2.068808355461376092e+00
9.220000000000000000e+02 2.068837941701261673e+00
9.230000000000000000e+02 2.068867522888528931e+00
9.240000000000000000e+02 2.068897099021522301e+00
9.250000000000000000e+02 2.068926670098585774e+00
9.260000000000000000e+02 2.068956236118064229e+00
9.270000000000000000e+02 2.068985797078302102e+00
9.280000000000000000e+02 2.069015352977642941e+00
9.290000000000000000e+02 2.069044903814431624e+00
9.300000000000000000e+02 2.069074449587012587e+00
9.310000000000000000e+02 2.069103990293730266e+00
9.320000000000000000e+02 2.069133525932928652e+00
9.330000000000000000e+02 2.069163056502952180e+00
9.340000000000000000e+02 2.069192582002145286e+00
9.350000000000000000e+02 2.069222102428852406e+00
9.360000000000000000e+02 2.069251617781417973e+00
9.370000000000000000e+02 2.069281128058185981e+00
9.380000000000000000e+02 2.069310633257500864e+00
9.390000000000000000e+02 2.069340133377707058e+00
9.400000000000000000e+02 2.069369628417148999e+00
9.410000000000000000e+02 2.069399118374170676e+00
9.420000000000000000e+02 2.069428603247116971e+00
9.430000000000000000e+02 2.069458083034332319e+00
9.440000000000000000e+02 2.069487557734160266e+00
9.450000000000000000e+02 2.069517027344945692e+00
9.460000000000000000e+02 2.069546491865033033e+00
9.470000000000000000e+02 2.069575951292766725e+00
9.480000000000000000e+02 2.069605405626490757e+00
9.490000000000000000e+02 2.069634854864549123e+00
9.500000000000000000e+02 2.069664299005287145e+00
9.510000000000000000e+02 2.069693738047048814e+00
9.520000000000000000e+02 2.069723171988178123e+00
9.530000000000000000e+02 2.069752600827019950e+00
9.540000000000000000e+02 2.069782024561917844e+00
9.550000000000000000e+02 2.069811443191217126e+00
9.560000000000000000e+02 2.069840856713261790e+00
9.570000000000000000e+02 2.069870265126395825e+00
9.580000000000000000e+02 2.069899668428963668e+00
9.590000000000000000e+02 2.069929066619310198e+00
9.600000000000000000e+02 2.069958459695779407e+00
9.610000000000000000e+02 2.069987847656715729e+00
9.620000000000000000e+02 2.070017230500463157e+00
9.630000000000000000e+02 2.070046608225366569e+00
9.640000000000000000e+02 2.070075980829769957e+00
9.650000000000000000e+02 2.070105348312017757e+00
9.660000000000000000e+02 2.070134710670454403e+00
9.670000000000000000e+02 2.070164067903424332e+00
9.680000000000000000e+02 2.070193420009271534e+00
9.690000000000000000e+02 2.070222766986340890e+00
9.700000000000000000e+02 2.070252108832976390e+00
9.710000000000000000e+02 2.070281445547522470e+00
9.720000000000000000e+02 2.070310777128323565e+00
9.730000000000000000e+02 2.070340103573723667e+00
9.740000000000000000e+02 2.070369424882067211e+00
9.750000000000000000e+02 2.070398741051699076e+00
9.760000000000000000e+02 2.070428052080963255e+00
9.770000000000000000e+02 2.070457357968204182e+00
9.780000000000000000e+02 2.070486658711765848e+00
9.790000000000000000e+02 2.070515954309993134e+00
9.800000000000000000e+02 2.070545244761229586e+00
9.810000000000000000e+02 2.070574530063820973e+00
9.820000000000000000e+02 2.070603810216109952e+00
9.830000000000000000e+02 2.070633085216442293e+00
9.840000000000000000e+02 2.070662355063161542e+00
9.850000000000000000e+02 2.070691619754612578e+00
9.860000000000000000e+02 2.070720879289138949e+00
9.870000000000000000e+02 2.070750133665085979e+00
9.880000000000000000e+02 2.070779382880797215e+00
9.890000000000000000e+02 2.070808626934617536e+00
9.900000000000000000e+02 2.070837865824890933e+00
9.910000000000000000e+02 2.070867099549961843e+00
9.920000000000000000e+02 2.070896328108174700e+00
9.930000000000000000e+02 2.070925551497873940e+00
9.940000000000000000e+02 2.070954769717403998e+00
9.950000000000000000e+02 2.070983982765108866e+00
9.960000000000000000e+02 2.071013190639332979e+00
9.970000000000000000e+02 2.071042393338421217e+00
9.980000000000000000e+02 2.071071590860717127e+00
9.990000000000000000e+02 2.071100783204565587e+00
1.000000000000000000e+03 2.071129970368310591e+00
1.001000000000000000e+03 2.071159152350297017e+00
1.002000000000000000e+03 2.071188329148868856e+00
1.003000000000000000e+03 2.071217500762370101e+00
1.004000000000000000e+03 2.071246667189145629e+00
1.005000000000000000e+03 2.071275828427539878e+00
1.006000000000000000e+03 2.071304984475896838e+00
1.007000000000000000e+03 2.071334135332561388e+00
1.008000000000000000e+03 2.071363280995877076e+00
1.009000000000000000e+03 2.071392421464188782e+00
1.010000000000000000e+03 2.071421556735840941e+00
1.011000000000000000e+03 2.071450686809177544e+00
