# order=25: data_wav [pixel], data_wavsolution [micron]
3.000000000000000000e+00 2.434683222656029322e+00
4.000000000000000000e+00 2.434722609326317677e+00
5.000000000000000000e+00 2.434761992048929624e+00
6.000000000000000000e+00 2.434801370821754851e+00
7.000000000000000000e+00 2.434840745642683046e+00
8.000000000000000000e+00 2.434880116509603898e+00
9.000000000000000000e+00 2.434919483420407094e+00
1.000000000000000000e+01 2.434958846372982766e+00
1.100000000000000000e+01 2.434998205365220159e+00
1.200000000000000000e+01 2.435037560395008960e+00
1.300000000000000000e+01 2.435076911460238858e+00
1.400000000000000000e+01 2.435116258558799540e+00
1.500000000000000000e+01 2.435155601688581140e+00
1.600000000000000000e+01 2.435194940847473344e+00
1.700000000000000000e+01 2.435234276033365397e+00
1.800000000000000000e+01 2.435273607244146987e+00
1.900000000000000000e+01 2.435312934477708247e+00
2.000000000000000000e+01 2.435352257731938419e+00
2.100000000000000000e+01 2.435391577004727637e+00
2.200000000000000000e+01 2.435430892293965144e+00
2.300000000000000000e+01 2.435470203597541072e+00
2.400000000000000000e+01 2.435509510913345110e+00
2.500000000000000000e+01 2.435548814239266502e+00
2.600000000000000000e+01 2.435588113573195379e+00
2.700000000000000000e+01 2.435627408913021430e+00
2.800000000000000000e+01 2.435666700256634343e+00
2.900000000000000000e+01 2.435705987601923361e+00
3.000000000000000000e+01 2.435745270946779062e+00
3.100000000000000000e+01 2.435784550289090244e+00
3.200000000000000000e+01 2.435823825626747041e+00
3.300000000000000000e+01 2.435863096957639140e+00
3.400000000000000000e+01 2.435902364279656229e+00
3.500000000000000000e+01 2.435941627590687997e+00
3.600000000000000000e+01 2.435980886888624131e+00
3.700000000000000000e+01 2.436020142171354319e+00
3.800000000000000000e+01 2.436059393436768694e+00
3.900000000000000000e+01 2.436098640682756056e+00
4.000000000000000000e+01 2.436137883907206980e+00
4.100000000000000000e+01 2.436177123108010711e+00
4.200000000000000000e+01 2.436216358283056937e+00
4.300000000000000000e+01 2.436255589430235347e+00
4.400000000000000000e+01 2.436294816547435627e+00
4.500000000000000000e+01 2.436334039632547910e+00
4.600000000000000000e+01 2.436373258683461884e+00
4.700000000000000000e+01 2.436412473698066350e+00
4.800000000000000000e+01 2.436451684674252327e+00
4.900000000000000000e+01 2.436490891609908171e+00
5.000000000000000000e+01 2.436530094502924459e+00
5.100000000000000000e+01 2.436569293351190879e+00
5.200000000000000000e+01 2.436608488152596674e+00
5.300000000000000000e+01 2.436647678905031977e+00
5.400000000000000000e+01 2.436686865606386032e+00
5.500000000000000000e+01 2.436726048254548971e+00
5.600000000000000000e+01 2.436765226847410482e+00
5.700000000000000000e+01 2.436804401382860252e+00
5.800000000000000000e+01 2.436843571858787527e+00
5.900000000000000000e+01 2.436882738273082438e+00
6.000000000000000000e+01 2.436921900623634674e+00
6.100000000000000000e+01 2.436961058908333921e+00
6.200000000000000000e+01 2.437000213125069426e+00
6.300000000000000000e+01 2.437039363271731762e+00
6.400000000000000000e+01 2.437078509346209731e+00
6.500000000000000000e+01 2.437117651346393910e+00
6.600000000000000000e+01 2.437156789270173096e+00
6.700000000000000000e+01 2.437195923115437868e+00
6.800000000000000000e+01 2.437235052880077024e+00
6.900000000000000000e+01 2.437274178561981142e+00
7.000000000000000000e+01 2.437313300159039464e+00
7.100000000000000000e+01 2.437352417669141680e+00
7.200000000000000000e+01 2.437391531090177477e+00
7.300000000000000000e+01 2.437430640420036987e+00
7.400000000000000000e+01 2.437469745656609010e+00
7.500000000000000000e+01 2.437508846797784567e+00
7.600000000000000000e+01 2.437547943841452014e+00
7.700000000000000000e+01 2.437587036785501926e+00
7.800000000000000000e+01 2.437626125627823548e+00
7.900000000000000000e+01 2.437665210366307011e+00
8.000000000000000000e+01 2.437704290998841561e+00
8.100000000000000000e+01 2.437743367523316884e+00
8.200000000000000000e+01 2.437782439937623558e+00
8.300000000000000000e+01 2.437821508239649937e+00
8.400000000000000000e+01 2.437860572427287043e+00
8.500000000000000000e+01 2.437899632498423674e+00
8.600000000000000000e+01 2.437938688450949520e+00
8.700000000000000000e+01 2.437977740282755157e+00
8.800000000000000000e+01 2.438016787991729384e+00
8.900000000000000000e+01 2.438055831575761889e+00
9.000000000000000000e+01 2.438094871032743249e+00
9.100000000000000000e+01 2.438133906360562708e+00
9.200000000000000000e+01 2.438172937557109510e+00
9.300000000000000000e+01 2.438211964620273786e+00
9.400000000000000000e+01 2.438250987547945225e+00
9.500000000000000000e+01 2.438290006338013516e+00
9.600000000000000000e+01 2.438329020988368345e+00
9.700000000000000000e+01 2.438368031496899402e+00
9.800000000000000000e+01 2.438407037861496818e+00
9.900000000000000000e+01 2.438446040080049393e+00
1.000000000000000000e+02 2.438485038150447259e+00
1.010000000000000000e+02 2.438524032070580549e+00
1.020000000000000000e+02 2.438563021838338063e+00
1.030000000000000000e+02 2.438602007451610376e+00
1.040000000000000000e+02 2.438640988908286733e+00
1.050000000000000000e+02 2.438679966206257266e+00
1.060000000000000000e+02 2.438718939343411218e+00
1.070000000000000000e+02 2.438757908317638279e+00
1.080000000000000000e+02 2.438796873126828135e+00
1.090000000000000000e+02 2.438835833768870920e+00
1.100000000000000000e+02 2.438874790241655877e+00
1.110000000000000000e+02 2.438913742543073138e+00
1.120000000000000000e+02 2.438952690671011947e+00
1.130000000000000000e+02 2.438991634623362437e+00
1.140000000000000000e+02 2.439030574398014295e+00
1.150000000000000000e+02 2.439069509992856766e+00
1.160000000000000000e+02 2.439108441405779537e+00
1.170000000000000000e+02 2.439147368634673185e+00
1.180000000000000000e+02 2.439186291677426510e+00
1.190000000000000000e+02 2.439225210531929644e+00
1.200000000000000000e+02 2.439264125196071831e+00
1.210000000000000000e+02 2.439303035667743647e+00
1.220000000000000000e+02 2.439341941944833891e+00
1.230000000000000000e+02 2.439380844025232697e+00
1.240000000000000000e+02 2.439419741906829753e+00
1.250000000000000000e+02 2.439458635587514745e+00
1.260000000000000000e+02 2.439497525065177364e+00
1.270000000000000000e+02 2.439536410337706851e+00
1.280000000000000000e+02 2.439575291402993784e+00
1.290000000000000000e+02 2.439614168258927407e+00
1.300000000000000000e+02 2.439653040903397407e+00
1.310000000000000000e+02 2.439691909334293474e+00
1.320000000000000000e+02 2.439730773549505738e+00
1.330000000000000000e+02 2.439769633546923000e+00
1.340000000000000000e+02 2.439808489324435836e+00
1.350000000000000000e+02 2.439847340879933490e+00
1.360000000000000000e+02 2.439886188211305651e+00
1.370000000000000000e+02 2.439925031316442450e+00
1.380000000000000000e+02 2.439963870193233131e+00
1.390000000000000000e+02 2.440002704839567382e+00
1.400000000000000000e+02 2.440041535253335336e+00
1.410000000000000000e+02 2.440080361432426237e+00
1.420000000000000000e+02 2.440119183374730216e+00
1.430000000000000000e+02 2.440158001078136518e+00
1.440000000000000000e+02 2.440196814540534831e+00
1.450000000000000000e+02 2.440235623759815731e+00
1.460000000000000000e+02 2.440274428733868017e+00
1.470000000000000000e+02 2.440313229460581379e+00
1.480000000000000000e+02 2.440352025937845948e+00
1.490000000000000000e+02 2.440390818163551412e+00
1.500000000000000000e+02 2.440429606135587459e+00
1.510000000000000000e+02 2.440468389851843778e+00
1.520000000000000000e+02 2.440507169310209612e+00
1.530000000000000000e+02 2.440545944508575094e+00
1.540000000000000000e+02 2.440584715444829911e+00
1.550000000000000000e+02 2.440623482116863752e+00
1.560000000000000000e+02 2.440662244522566304e+00
1.570000000000000000e+02 2.440701002659826813e+00
1.580000000000000000e+02 2.440739756526535853e+00
1.590000000000000000e+02 2.440778506120582669e+00
1.600000000000000000e+02 2.440817251439856950e+00
1.610000000000000000e+02 2.440855992482248382e+00
1.620000000000000000e+02 2.440894729245646655e+00
1.630000000000000000e+02 2.440933461727941456e+00
1.640000000000000000e+02 2.440972189927022917e+00
1.650000000000000000e+02 2.441010913840780283e+00
1.660000000000000000e+02 2.441049633467102797e+00
1.670000000000000000e+02 2.441088348803881480e+00
1.680000000000000000e+02 2.441127059849004688e+00
1.690000000000000000e+02 2.441165766600362996e+00
1.700000000000000000e+02 2.441204469055846094e+00
1.710000000000000000e+02 2.441243167213342780e+00
1.720000000000000000e+02 2.441281861070744075e+00
1.730000000000000000e+02 2.441320550625938335e+00
1.740000000000000000e+02 2.441359235876816136e+00
1.750000000000000000e+02 2.441397916821267167e+00
1.760000000000000000e+02 2.441436593457181115e+00
1.770000000000000000e+02 2.441475265782447224e+00
1.780000000000000000e+02 2.441513933794955182e+00
1.790000000000000000e+02 2.441552597492595122e+00
1.800000000000000000e+02 2.441591256873256732e+00
1.810000000000000000e+02 2.441629911934829700e+00
1.820000000000000000e+02 2.441668562675203713e+00
1.830000000000000000e+02 2.441707209092268016e+00
1.840000000000000000e+02 2.441745851183912741e+00
1.850000000000000000e+02 2.441784488948027576e+00
1.860000000000000000e+02 2.441823122382502209e+00
1.870000000000000000e+02 2.441861751485226328e+00
1.880000000000000000e+02 2.441900376254089622e+00
1.890000000000000000e+02 2.441938996686981778e+00
1.900000000000000000e+02 2.441977612781792484e+00
1.910000000000000000e+02 2.442016224536411428e+00
1.920000000000000000e+02 2.442054831948728300e+00
1.930000000000000000e+02 2.442093435016633229e+00
1.940000000000000000e+02 2.442132033738015018e+00
1.950000000000000000e+02 2.442170628110764241e+00
1.960000000000000000e+02 2.442209218132769699e+00
1.970000000000000000e+02 2.442247803801922412e+00
1.980000000000000000e+02 2.442286385116110736e+00
1.990000000000000000e+02 2.442324962073225247e+00
2.000000000000000000e+02 2.442363534671155190e+00
2.010000000000000000e+02 2.442402102907790251e+00
2.020000000000000000e+02 2.442440666781020564e+00
2.030000000000000000e+02 2.442479226288735816e+00
2.040000000000000000e+02 2.442517781428825252e+00
2.050000000000000000e+02 2.442556332199178559e+00
2.060000000000000000e+02 2.442594878597685870e+00
2.070000000000000000e+02 2.442633420622236873e+00
2.080000000000000000e+02 2.442671958270720811e+00
2.090000000000000000e+02 2.442710491541027817e+00
2.100000000000000000e+02 2.442749020431047136e+00
2.110000000000000000e+02 2.442787544938668898e+00
2.120000000000000000e+02 2.442826065061782792e+00
2.130000000000000000e+02 2.442864580798278507e+00
2.140000000000000000e+02 2.442903092146045729e+00
2.150000000000000000e+02 2.442941599102973704e+00
2.160000000000000000e+02 2.442980101666953008e+00
2.170000000000000000e+02 2.443018599835872440e+00
2.180000000000000000e+02 2.443057093607622132e+00
2.190000000000000000e+02 2.443095582980091773e+00
2.200000000000000000e+02 2.443134067951171495e+00
2.210000000000000000e+02 2.443172548518750098e+00
2.220000000000000000e+02 2.443211024680717713e+00
2.230000000000000000e+02 2.443249496434964030e+00
2.240000000000000000e+02 2.443287963779379179e+00
2.250000000000000000e+02 2.443326426711852406e+00
2.260000000000000000e+02 2.443364885230273398e+00
2.270000000000000000e+02 2.443403339332531843e+00
2.280000000000000000e+02 2.443441789016517429e+00
2.290000000000000000e+02 2.443480234280120289e+00
2.300000000000000000e+02 2.443518675121229666e+00
2.310000000000000000e+02 2.443557111537735693e+00
2.320000000000000000e+02 2.443595543527527614e+00
2.330000000000000000e+02 2.443633971088495116e+00
2.340000000000000000e+02 2.443672394218528332e+00
2.350000000000000000e+02 2.443710812915516506e+00
2.360000000000000000e+02 2.443749227177349770e+00
2.370000000000000000e+02 2.443787637001917368e+00
2.380000000000000000e+02 2.443826042387109432e+00
2.390000000000000000e+02 2.443864443330815650e+00
2.400000000000000000e+02 2.443902839830925267e+00
2.410000000000000000e+02 2.443941231885328413e+00
2.420000000000000000e+02 2.443979619491914779e+00
2.430000000000000000e+02 2.444018002648573606e+00
2.440000000000000000e+02 2.444056381353195029e+00
2.450000000000000000e+02 2.444094755603668734e+00
2.460000000000000000e+02 2.444133125397884410e+00
2.470000000000000000e+02 2.444171490733731744e+00
2.480000000000000000e+02 2.444209851609100426e+00
2.490000000000000000e+02 2.444248208021879698e+00
2.500000000000000000e+02 2.444286559969960138e+00
2.510000000000000000e+02 2.444324907451230988e+00
2.520000000000000000e+02 2.444363250463581494e+00
2.530000000000000000e+02 2.444401589004902231e+00
2.540000000000000000e+02 2.444439923073082443e+00
2.550000000000000000e+02 2.444478252666011819e+00
2.560000000000000000e+02 2.444516577781580047e+00
2.570000000000000000e+02 2.444554898417677258e+00
2.580000000000000000e+02 2.444593214572192252e+00
2.590000000000000000e+02 2.444631526243015607e+00
2.600000000000000000e+02 2.444669833428037009e+00
2.610000000000000000e+02 2.444708136125145259e+00
2.620000000000000000e+02 2.444746434332230933e+00
2.630000000000000000e+02 2.444784728047183719e+00
2.640000000000000000e+02 2.444823017267892418e+00
2.650000000000000000e+02 2.444861301992248048e+00
2.660000000000000000e+02 2.444899582218139411e+00
2.670000000000000000e+02 2.444937857943456194e+00
2.680000000000000000e+02 2.444976129166088530e+00
2.690000000000000000e+02 2.445014395883925662e+00
2.700000000000000000e+02 2.445052658094858167e+00
2.710000000000000000e+02 2.445090915796774400e+00
2.720000000000000000e+02 2.445129168987565382e+00
2.730000000000000000e+02 2.445167417665119913e+00
2.740000000000000000e+02 2.445205661827328125e+00
2.750000000000000000e+02 2.445243901472079706e+00
2.760000000000000000e+02 2.445282136597264344e+00
2.770000000000000000e+02 2.445320367200771283e+00
2.780000000000000000e+02 2.445358593280491100e+00
2.790000000000000000e+02 2.445396814834312593e+00
2.800000000000000000e+02 2.445435031860125896e+00
2.810000000000000000e+02 2.445473244355820697e+00
2.820000000000000000e+02 2.445511452319287127e+00
2.830000000000000000e+02 2.445549655748413986e+00
2.840000000000000000e+02 2.445587854641091408e+00
2.850000000000000000e+02 2.445626048995209523e+00
2.860000000000000000e+02 2.445664238808657576e+00
2.870000000000000000e+02 2.445702424079325255e+00
2.880000000000000000e+02 2.445740604805102247e+00
2.890000000000000000e+02 2.445778780983878242e+00
2.900000000000000000e+02 2.445816952613543371e+00
2.910000000000000000e+02 2.445855119691986879e+00
2.920000000000000000e+02 2.445893282217098452e+00
2.930000000000000000e+02 2.445931440186768224e+00
2.940000000000000000e+02 2.445969593598885439e+00
2.950000000000000000e+02 2.446007742451339784e+00
2.960000000000000000e+02 2.446045886742021391e+00
2.970000000000000000e+02 2.446084026468819950e+00
2.980000000000000000e+02 2.446122161629624703e+00
2.990000000000000000e+02 2.446160292222325783e+00
3.000000000000000000e+02 2.446198418244812434e+00
3.010000000000000000e+02 2.446236539694974788e+00
3.020000000000000000e+02 2.446274656570702088e+00
3.030000000000000000e+02 2.446312768869884913e+00
3.040000000000000000e+02 2.446350876590412060e+00
3.050000000000000000e+02 2.446388979730173219e+00
3.060000000000000000e+02 2.446427078287058965e+00
3.070000000000000000e+02 2.446465172258958098e+00
3.080000000000000000e+02 2.446503261643761196e+00
3.090000000000000000e+02 2.446541346439357056e+00
3.100000000000000000e+02 2.446579426643635813e+00
3.110000000000000000e+02 2.446617502254487153e+00
3.120000000000000000e+02 2.446655573269800765e+00
3.130000000000000000e+02 2.446693639687466337e+00
3.140000000000000000e+02 2.446731701505373557e+00
3.150000000000000000e+02 2.446769758721412558e+00
3.160000000000000000e+02 2.446807811333472138e+00
3.170000000000000000e+02 2.446845859339442431e+00
3.180000000000000000e+02 2.446883902737213567e+00
3.190000000000000000e+02 2.446921941524674793e+00
3.200000000000000000e+02 2.446959975699715795e+00
3.210000000000000000e+02 2.446998005260226705e+00
3.220000000000000000e+02 2.447036030204096768e+00
3.230000000000000000e+02 2.447074050529215672e+00
3.240000000000000000e+02 2.447112066233473104e+00
3.250000000000000000e+02 2.447150077314759198e+00
3.260000000000000000e+02 2.447188083770963640e+00
3.270000000000000000e+02 2.447226085599975676e+00
3.280000000000000000e+02 2.447264082799684992e+00
3.290000000000000000e+02 2.447302075367981722e+00
3.300000000000000000e+02 2.447340063302755553e+00
3.310000000000000000e+02 2.447378046601895729e+00
3.320000000000000000e+02 2.447416025263292383e+00
3.330000000000000000e+02 2.447453999284834758e+00
3.340000000000000000e+02 2.447491968664412987e+00
3.350000000000000000e+02 2.447529933399916757e+00
3.360000000000000000e+02 2.447567893489235757e+00
3.370000000000000000e+02 2.447605848930259231e+00
3.380000000000000000e+02 2.447643799720877755e+00
3.390000000000000000e+02 2.447681745858980129e+00
3.400000000000000000e+02 2.447719687342456485e+00
3.410000000000000000e+02 2.447757624169196511e+00
3.420000000000000000e+02 2.447795556337089895e+00
3.430000000000000000e+02 2.447833483844026325e+00
3.440000000000000000e+02 2.447871406687895490e+00
3.450000000000000000e+02 2.447909324866587077e+00
3.460000000000000000e+02 2.447947238377991219e+00
3.470000000000000000e+02 2.447985147219996716e+00
3.480000000000000000e+02 2.448023051390494143e+00
3.490000000000000000e+02 2.448060950887372300e+00
3.500000000000000000e+02 2.448098845708521765e+00
3.510000000000000000e+02 2.448136735851831780e+00
3.520000000000000000e+02 2.448174621315192478e+00
3.530000000000000000e+02 2.448212502096493104e+00
3.540000000000000000e+02 2.448250378193623344e+00
3.550000000000000000e+02 2.448288249604473332e+00
3.560000000000000000e+02 2.448326116326932311e+00
3.570000000000000000e+02 2.448363978358889970e+00
3.580000000000000000e+02 2.448401835698236439e+00
3.590000000000000000e+02 2.448439688342861409e+00
3.600000000000000000e+02 2.448477536290654122e+00
3.610000000000000000e+02 2.448515379539504266e+00
3.620000000000000000e+02 2.448553218087301975e+00
3.630000000000000000e+02 2.448591051931936935e+00
3.640000000000000000e+02 2.448628881071298835e+00
3.650000000000000000e+02 2.448666705503276919e+00
3.660000000000000000e+02 2.448704525225761319e+00
3.670000000000000000e+02 2.448742340236641724e+00
3.680000000000000000e+02 2.448780150533807820e+00
3.690000000000000000e+02 2.448817956115148853e+00
3.700000000000000000e+02 2.448855756978554954e+00
3.710000000000000000e+02 2.448893553121916256e+00
3.720000000000000000e+02 2.448931344543121558e+00
3.730000000000000000e+02 2.448969131240060992e+00
3.740000000000000000e+02 2.449006913210624248e+00
3.750000000000000000e+02 2.449044690452701012e+00
3.760000000000000000e+02 2.449082462964181417e+00
3.770000000000000000e+02 2.449120230742954263e+00
3.780000000000000000e+02 2.449157993786910126e+00
3.790000000000000000e+02 2.449195752093937806e+00
3.800000000000000000e+02 2.449233505661927879e+00
3.810000000000000000e+02 2.449271254488769589e+00
3.820000000000000000e+02 2.449308998572353069e+00
3.830000000000000000e+02 2.449346737910567562e+00
3.840000000000000000e+02 2.449384472501302756e+00
3.850000000000000000e+02 2.449422202342448340e+00
3.860000000000000000e+02 2.449459927431894446e+00
3.870000000000000000e+02 2.449497647767530317e+00
3.880000000000000000e+02 2.449535363347246086e+00
3.890000000000000000e+02 2.449573074168930997e+00
3.900000000000000000e+02 2.449610780230475182e+00
3.910000000000000000e+02 2.449648481529767885e+00
3.920000000000000000e+02 2.449686178064699238e+00
3.930000000000000000e+02 2.449723869833158485e+00
3.940000000000000000e+02 2.449761556833035758e+00
3.950000000000000000e+02 2.449799239062220746e+00
3.960000000000000000e+02 2.449836916518603136e+00
3.970000000000000000e+02 2.449874589200072172e+00
3.980000000000000000e+02 2.449912257104517987e+00
3.990000000000000000e+02 2.449949920229830269e+00
4.000000000000000000e+02 2.449987578573898706e+00
4.010000000000000000e+02 2.450025232134612541e+00
4.020000000000000000e+02 2.450062880909862351e+00
4.030000000000000000e+02 2.450100524897536935e+00
4.040000000000000000e+02 2.450138164095526871e+00
4.050000000000000000e+02 2.450175798501720958e+00
4.060000000000000000e+02 2.450213428114009773e+00
4.070000000000000000e+02 2.450251052930282558e+00
4.080000000000000000e+02 2.450288672948428559e+00
4.090000000000000000e+02 2.450326288166338351e+00
4.100000000000000000e+02 2.450363898581901179e+00
4.110000000000000000e+02 2.450401504193006730e+00
4.120000000000000000e+02 2.450439104997545137e+00
4.130000000000000000e+02 2.450476700993405643e+00
4.140000000000000000e+02 2.450514292178477938e+00
4.150000000000000000e+02 2.450551878550651708e+00
4.160000000000000000e+02 2.450589460107817086e+00
4.170000000000000000e+02 2.450627036847863316e+00
4.180000000000000000e+02 2.450664608768680530e+00
4.190000000000000000e+02 2.450702175868157973e+00
4.200000000000000000e+02 2.450739738144185331e+00
4.210000000000000000e+02 2.450777295594652738e+00
4.220000000000000000e+02 2.450814848217449882e+00
4.230000000000000000e+02 2.450852396010466006e+00
4.240000000000000000e+02 2.450889938971591242e+00
4.250000000000000000e+02 2.450927477098715279e+00
4.260000000000000000e+02 2.450965010389727361e+00
4.270000000000000000e+02 2.451002538842517620e+00
4.280000000000000000e+02 2.451040062454975743e+00
4.290000000000000000e+02 2.451077581224990976e+00
4.300000000000000000e+02 2.451115095150453893e+00
4.310000000000000000e+02 2.451152604229253296e+00
4.320000000000000000e+02 2.451190108459279315e+00
4.330000000000000000e+02 2.451227607838421640e+00
4.340000000000000000e+02 2.451265102364569959e+00
4.350000000000000000e+02 2.451302592035613959e+00
4.360000000000000000e+02 2.451340076849443328e+00
4.370000000000000000e+02 2.451377556803947755e+00
4.380000000000000000e+02 2.451415031897016927e+00
4.390000000000000000e+02 2.451452502126540534e+00
4.400000000000000000e+02 2.451489967490408706e+00
4.410000000000000000e+02 2.451527427986510244e+00
4.420000000000000000e+02 2.451564883612735724e+00
4.430000000000000000e+02 2.451602334366974389e+00
4.440000000000000000e+02 2.451639780247115930e+00
4.450000000000000000e+02 2.451677221251050476e+00
4.460000000000000000e+02 2.451714657376667272e+00
4.470000000000000000e+02 2.451752088621856007e+00
4.480000000000000000e+02 2.451789514984506813e+00
4.490000000000000000e+02 2.451826936462508932e+00
4.500000000000000000e+02 2.451864353053752499e+00
4.510000000000000000e+02 2.451901764756126756e+00
4.520000000000000000e+02 2.451939171567521836e+00
4.530000000000000000e+02 2.451976573485826982e+00
4.540000000000000000e+02 2.452013970508932328e+00
4.550000000000000000e+02 2.452051362634727116e+00
4.560000000000000000e+02 2.452088749861101480e+00
4.570000000000000000e+02 2.452126132185945107e+00
4.580000000000000000e+02 2.452163509607147684e+00
4.590000000000000000e+02 2.452200882122598458e+00
4.600000000000000000e+02 2.452238249730187558e+00
4.610000000000000000e+02 2.452275612427804674e+00
4.620000000000000000e+02 2.452312970213339494e+00
4.630000000000000000e+02 2.452350323084681705e+00
4.640000000000000000e+02 2.452387671039720995e+00
4.650000000000000000e+02 2.452425014076346610e+00
4.660000000000000000e+02 2.452462352192449124e+00
4.670000000000000000e+02 2.452499685385917338e+00
4.680000000000000000e+02 2.452537013654641829e+00
4.690000000000000000e+02 2.452574336996511839e+00
4.700000000000000000e+02 2.452611655409417057e+00
4.710000000000000000e+02 2.452648968891247172e+00
4.720000000000000000e+02 2.452686277439891871e+00
4.730000000000000000e+02 2.452723581053240842e+00
4.740000000000000000e+02 2.452760879729184218e+00
4.750000000000000000e+02 2.452798173465611242e+00
4.760000000000000000e+02 2.452835462260412047e+00
4.770000000000000000e+02 2.452872746111475433e+00
4.780000000000000000e+02 2.452910025016691975e+00
4.790000000000000000e+02 2.452947298973951362e+00
4.800000000000000000e+02 2.452984567981142838e+00
4.810000000000000000e+02 2.453021832036156091e+00
4.820000000000000000e+02 2.453059091136881253e+00
4.830000000000000000e+02 2.453096345281207569e+00
4.840000000000000000e+02 2.453133594467025169e+00
4.850000000000000000e+02 2.453170838692223743e+00
4.860000000000000000e+02 2.453208077954692534e+00
4.870000000000000000e+02 2.453245312252321675e+00
4.880000000000000000e+02 2.453282541583000853e+00
4.890000000000000000e+02 2.453319765944619313e+00
4.900000000000000000e+02 2.453356985335067186e+00
4.910000000000000000e+02 2.453394199752234162e+00
4.920000000000000000e+02 2.453431409194009927e+00
4.930000000000000000e+02 2.453468613658284170e+00
4.940000000000000000e+02 2.453505813142946135e+00
4.950000000000000000e+02 2.453543007645886398e+00
4.960000000000000000e+02 2.453580197164993759e+00
4.970000000000000000e+02 2.453617381698158351e+00
4.980000000000000000e+02 2.453654561243270305e+00
4.990000000000000000e+02 2.453691735798218421e+00
5.000000000000000000e+02 2.453728905360893275e+00
5.010000000000000000e+02 2.453766069929184113e+00
5.020000000000000000e+02 2.453803229500980621e+00
5.030000000000000000e+02 2.453840384074172487e+00
5.040000000000000000e+02 2.453877533646649400e+00
5.050000000000000000e+02 2.453914678216301493e+00
5.060000000000000000e+02 2.453951817781018008e+00
5.070000000000000000e+02 2.453988952338688634e+00
5.080000000000000000e+02 2.454026081887203059e+00
5.090000000000000000e+02 2.454063206424451415e+00
5.100000000000000000e+02 2.454100325948323391e+00
5.110000000000000000e+02 2.454137440456707786e+00
5.120000000000000000e+02 2.454174549947495620e+00
5.130000000000000000e+02 2.454211654418575250e+00
5.140000000000000000e+02 2.454248753867837696e+00
5.150000000000000000e+02 2.454285848293171757e+00
5.160000000000000000e+02 2.454322937692467121e+00
5.170000000000000000e+02 2.454360022063613922e+00
5.180000000000000000e+02 2.454397101404501846e+00
5.190000000000000000e+02 2.454434175713020583e+00
5.200000000000000000e+02 2.454471244987059375e+00
5.210000000000000000e+02 2.454508309224508356e+00
5.220000000000000000e+02 2.454545368423257212e+00
5.230000000000000000e+02 2.454582422581195633e+00
5.240000000000000000e+02 2.454619471696213306e+00
5.250000000000000000e+02 2.454656515766199476e+00
5.260000000000000000e+02 2.454693554789044718e+00
5.270000000000000000e+02 2.454730588762637833e+00
5.280000000000000000e+02 2.454767617684868952e+00
5.290000000000000000e+02 2.454804641553628208e+00
5.300000000000000000e+02 2.454841660366804401e+00
5.310000000000000000e+02 2.454878674122288107e+00
5.320000000000000000e+02 2.454915682817968570e+00
5.330000000000000000e+02 2.454952686451735477e+00
5.340000000000000000e+02 2.454989685021478518e+00
5.350000000000000000e+02 2.455026678525087380e+00
5.360000000000000000e+02 2.455063666960452196e+00
5.370000000000000000e+02 2.455100650325462208e+00
5.380000000000000000e+02 2.455137628618007106e+00
5.390000000000000000e+02 2.455174601835977022e+00
5.400000000000000000e+02 2.455211569977261199e+00
5.410000000000000000e+02 2.455248533039749326e+00
5.420000000000000000e+02 2.455285491021331534e+00
5.430000000000000000e+02 2.455322443919897069e+00
5.440000000000000000e+02 2.455359391733336061e+00
5.450000000000000000e+02 2.455396334459537755e+00
5.460000000000000000e+02 2.455433272096392283e+00
5.470000000000000000e+02 2.455470204641789334e+00
5.480000000000000000e+02 2.455507132093618150e+00
5.490000000000000000e+02 2.455544054449768865e+00
5.500000000000000000e+02 2.455580971708131166e+00
5.510000000000000000e+02 2.455617883866594742e+00
5.520000000000000000e+02 2.455654790923048836e+00
5.530000000000000000e+02 2.455691692875383580e+00
5.540000000000000000e+02 2.455728589721488664e+00
5.550000000000000000e+02 2.455765481459253330e+00
5.560000000000000000e+02 2.455802368086568155e+00
5.570000000000000000e+02 2.455839249601322383e+00
5.580000000000000000e+02 2.455876126001405257e+00
5.590000000000000000e+02 2.455912997284707355e+00
5.600000000000000000e+02 2.455949863449117920e+00
5.610000000000000000e+02 2.455986724492526196e+00
5.620000000000000000e+02 2.456023580412822760e+00
5.630000000000000000e+02 2.456060431207896855e+00
5.640000000000000000e+02 2.456097276875638169e+00
5.650000000000000000e+02 2.456134117413936391e+00
5.660000000000000000e+02 2.456170952820681652e+00
5.670000000000000000e+02 2.456207783093763197e+00
5.680000000000000000e+02 2.456244608231070714e+00
5.690000000000000000e+02 2.456281428230493891e+00
5.700000000000000000e+02 2.456318243089922859e+00
5.710000000000000000e+02 2.456355052807246864e+00
5.720000000000000000e+02 2.456391857380356036e+00
5.730000000000000000e+02 2.456428656807139621e+00
5.740000000000000000e+02 2.456465451085487750e+00
5.750000000000000000e+02 2.456502240213289667e+00
5.760000000000000000e+02 2.456539024188435505e+00
5.770000000000000000e+02 2.456575803008814507e+00
5.780000000000000000e+02 2.456612576672316806e+00
5.790000000000000000e+02 2.456649345176831645e+00
5.800000000000000000e+02 2.456686108520249601e+00
5.810000000000000000e+02 2.456722866700459473e+00
5.820000000000000000e+02 2.456759619715350951e+00
5.830000000000000000e+02 2.456796367562814609e+00
5.840000000000000000e+02 2.456833110240739249e+00
5.850000000000000000e+02 2.456869847747015001e+00
5.860000000000000000e+02 2.456906580079531999e+00
5.870000000000000000e+02 2.456943307236178597e+00
5.880000000000000000e+02 2.456980029214845818e+00
5.890000000000000000e+02 2.457016746013422903e+00
5.900000000000000000e+02 2.457053457629799542e+00
5.910000000000000000e+02 2.457090164061865423e+00
5.920000000000000000e+02 2.457126865307510233e+00
5.930000000000000000e+02 2.457163561364623661e+00
5.940000000000000000e+02 2.457200252231095838e+00
5.950000000000000000e+02 2.457236937904815566e+00
5.960000000000000000e+02 2.457273618383673419e+00
5.970000000000000000e+02 2.457310293665558643e+00
5.980000000000000000e+02 2.457346963748360924e+00
5.990000000000000000e+02 2.457383628629970396e+00
6.000000000000000000e+02 2.457420288308275858e+00
6.010000000000000000e+02 2.457456942781168330e+00
6.020000000000000000e+02 2.457493592046536168e+00
6.030000000000000000e+02 2.457530236102269949e+00
6.040000000000000000e+02 2.457566874946259361e+00
6.050000000000000000e+02 2.457603508576393647e+00
6.060000000000000000e+02 2.457640136990562940e+00
6.070000000000000000e+02 2.457676760186656484e+00
6.080000000000000000e+02 2.457713378162563966e+00
6.090000000000000000e+02 2.457749990916175964e+00
6.100000000000000000e+02 2.457786598445381276e+00
6.110000000000000000e+02 2.457823200748069592e+00
6.120000000000000000e+02 2.457859797822131487e+00
6.130000000000000000e+02 2.457896389665455761e+00
6.140000000000000000e+02 2.457932976275932546e+00
6.150000000000000000e+02 2.457969557651451531e+00
6.160000000000000000e+02 2.458006133789902403e+00
6.170000000000000000e+02 2.458042704689174407e+00
6.180000000000000000e+02 2.458079270347158118e+00
6.190000000000000000e+02 2.458115830761742338e+00
6.200000000000000000e+02 2.458152385930817196e+00
6.210000000000000000e+02 2.458188935852272827e+00
6.220000000000000000e+02 2.458225480523998030e+00
6.230000000000000000e+02 2.458262019943883381e+00
6.240000000000000000e+02 2.458298554109818124e+00
6.250000000000000000e+02 2.458335083019691503e+00
6.260000000000000000e+02 2.458371606671394538e+00
6.270000000000000000e+02 2.458408125062815586e+00
6.280000000000000000e+02 2.458444638191844778e+00
6.290000000000000000e+02 2.458481146056372246e+00
6.300000000000000000e+02 2.458517648654287235e+00
6.310000000000000000e+02 2.458554145983479877e+00
6.320000000000000000e+02 2.458590638041838972e+00
6.330000000000000000e+02 2.458627124827255095e+00
6.340000000000000000e+02 2.458663606337617935e+00
6.350000000000000000e+02 2.458700082570816736e+00
6.360000000000000000e+02 2.458736553524741630e+00
6.370000000000000000e+02 2.458773019197281862e+00
6.380000000000000000e+02 2.458809479586327562e+00
6.390000000000000000e+02 2.458845934689767976e+00
6.400000000000000000e+02 2.458882384505493235e+00
6.410000000000000000e+02 2.458918829031393027e+00
6.420000000000000000e+02 2.458955268265356597e+00
6.430000000000000000e+02 2.458991702205274077e+00
6.440000000000000000e+02 2.459028130849035154e+00
6.450000000000000000e+02 2.459064554194529517e+00
6.460000000000000000e+02 2.459100972239646410e+00
6.470000000000000000e+02 2.459137384982275965e+00
6.480000000000000000e+02 2.459173792420308313e+00
6.490000000000000000e+02 2.459210194551632256e+00
6.500000000000000000e+02 2.459246591374137925e+00
6.510000000000000000e+02 2.459282982885715008e+00
6.520000000000000000e+02 2.459319369084253193e+00
6.530000000000000000e+02 2.459355749967642168e+00
6.540000000000000000e+02 2.459392125533771623e+00
6.550000000000000000e+02 2.459428495780531687e+00
6.560000000000000000e+02 2.459464860705811162e+00
6.570000000000000000e+02 2.459501220307500624e+00
6.580000000000000000e+02 2.459537574583489317e+00
6.590000000000000000e+02 2.459573923531666928e+00
6.600000000000000000e+02 2.459610267149923590e+00
6.610000000000000000e+02 2.459646605436148548e+00
6.620000000000000000e+02 2.459682938388231488e+00
6.630000000000000000e+02 2.459719266004062099e+00
6.640000000000000000e+02 2.459755588281530514e+00
6.650000000000000000e+02 2.459791905218526420e+00
6.660000000000000000e+02 2.459828216812939061e+00
6.670000000000000000e+02 2.459864523062658126e+00
6.680000000000000000e+02 2.459900823965573746e+00
6.690000000000000000e+02 2.459937119519575166e+00
6.700000000000000000e+02 2.459973409722552518e+00
6.710000000000000000e+02 2.460009694572395489e+00
6.720000000000000000e+02 2.460045974066993768e+00
6.730000000000000000e+02 2.460082248204236599e+00
6.740000000000000000e+02 2.460118516982014114e+00
6.750000000000000000e+02 2.460154780398215557e+00
6.760000000000000000e+02 2.460191038450731504e+00
6.770000000000000000e+02 2.460227291137450756e+00
6.780000000000000000e+02 2.460263538456263444e+00
6.790000000000000000e+02 2.460299780405059256e+00
6.800000000000000000e+02 2.460336016981727880e+00
6.810000000000000000e+02 2.460372248184159005e+00
6.820000000000000000e+02 2.460408474010242319e+00
6.830000000000000000e+02 2.460444694457867509e+00
6.840000000000000000e+02 2.460480909524924265e+00
6.850000000000000000e+02 2.460517119209302273e+00
6.860000000000000000e+02 2.460553323508891221e+00
6.870000000000000000e+02 2.460589522421581243e+00
6.880000000000000000e+02 2.460625715945261582e+00
6.890000000000000000e+02 2.460661904077821482e+00
6.900000000000000000e+02 2.460698086817151520e+00
6.910000000000000000e+02 2.460734264161141382e+00
6.920000000000000000e+02 2.460770436107680315e+00
6.930000000000000000e+02 2.460806602654658004e+00
6.940000000000000000e+02 2.460842763799964139e+00
6.950000000000000000e+02 2.460878919541488852e+00
6.960000000000000000e+02 2.460915069877121386e+00
6.970000000000000000e+02 2.460951214804751874e+00
6.980000000000000000e+02 2.460987354322269560e+00
6.990000000000000000e+02 2.461023488427564576e+00
7.000000000000000000e+02 2.461059617118526610e+00
7.010000000000000000e+02 2.461095740393044906e+00
7.020000000000000000e+02 2.461131858249009152e+00
7.030000000000000000e+02 2.461167970684309925e+00
7.040000000000000000e+02 2.461204077696836023e+00
7.050000000000000000e+02 2.461240179284477581e+00
7.060000000000000000e+02 2.461276275445123840e+00
7.070000000000000000e+02 2.461312366176665378e+00
7.080000000000000000e+02 2.461348451476990995e+00
7.090000000000000000e+02 2.461384531343990822e+00
7.100000000000000000e+02 2.461420605775554549e+00
7.110000000000000000e+02 2.461456674769571862e+00
7.120000000000000000e+02 2.461492738323932450e+00
7.130000000000000000e+02 2.461528796436526001e+00
7.140000000000000000e+02 2.461564849105242203e+00
7.150000000000000000e+02 2.461600896327970744e+00
7.160000000000000000e+02 2.461636938102601313e+00
7.170000000000000000e+02 2.461672974427024041e+00
7.180000000000000000e+02 2.461709005299127728e+00
7.190000000000000000e+02 2.461745030716802951e+00
7.200000000000000000e+02 2.461781050677938953e+00
7.210000000000000000e+02 2.461817065180425423e+00
7.220000000000000000e+02 2.461853074222152049e+00
7.230000000000000000e+02 2.461889077801008963e+00
7.240000000000000000e+02 2.461925075914885408e+00
7.250000000000000000e+02 2.461961068561671517e+00
7.260000000000000000e+02 2.461997055739256535e+00
7.270000000000000000e+02 2.462033037445530148e+00
7.280000000000000000e+02 2.462069013678382490e+00
7.290000000000000000e+02 2.462104984435703248e+00
7.300000000000000000e+02 2.462140949715381666e+00
7.310000000000000000e+02 2.462176909515307432e+00
7.320000000000000000e+02 2.462212863833370680e+00
7.330000000000000000e+02 2.462248812667461095e+00
7.340000000000000000e+02 2.462284756015468368e+00
7.350000000000000000e+02 2.462320693875281741e+00
7.360000000000000000e+02 2.462356626244791347e+00
7.370000000000000000e+02 2.462392553121886873e+00
7.380000000000000000e+02 2.462428474504457565e+00
7.390000000000000000e+02 2.462464390390393998e+00
7.400000000000000000e+02 2.462500300777584972e+00
7.410000000000000000e+02 2.462536205663920619e+00
7.420000000000000000e+02 2.462572105047290627e+00
7.430000000000000000e+02 2.462607998925585129e+00
7.440000000000000000e+02 2.462643887296692924e+00
7.450000000000000000e+02 2.462679770158504144e+00
7.460000000000000000e+02 2.462715647508908479e+00
7.470000000000000000e+02 2.462751519345796059e+00
7.480000000000000000e+02 2.462787385667055684e+00
7.490000000000000000e+02 2.462823246470577931e+00
7.500000000000000000e+02 2.462859101754252045e+00
7.510000000000000000e+02 2.462894951515967712e+00
7.520000000000000000e+02 2.462930795753614621e+00
7.530000000000000000e+02 2.462966634465082905e+00
7.540000000000000000e+02 2.463002467648261806e+00
7.550000000000000000e+02 2.463038295301041014e+00
7.560000000000000000e+02 2.463074117421310660e+00
7.570000000000000000e+02 2.463109934006959989e+00
7.580000000000000000e+02 2.463145745055879132e+00
7.590000000000000000e+02 2.463181550565957334e+00
7.600000000000000000e+02 2.463217350535084726e+00
7.610000000000000000e+02 2.463253144961150554e+00
7.620000000000000000e+02 2.463288933842044948e+00
7.630000000000000000e+02 2.463324717175657153e+00
7.640000000000000000e+02 2.463360494959877744e+00
7.650000000000000000e+02 2.463396267192595079e+00
7.660000000000000000e+02 2.463432033871700177e+00
7.670000000000000000e+02 2.463467794995081839e+00
7.680000000000000000e+02 2.463503550560630195e+00
7.690000000000000000e+02 2.463539300566234935e+00
7.700000000000000000e+02 2.463575045009785747e+00
7.710000000000000000e+02 2.463610783889172318e+00
7.720000000000000000e+02 2.463646517202283892e+00
7.730000000000000000e+02 2.463682244947011046e+00
7.740000000000000000e+02 2.463717967121242580e+00
7.750000000000000000e+02 2.463753683722869070e+00
7.760000000000000000e+02 2.463789394749779316e+00
7.770000000000000000e+02 2.463825100199863893e+00
7.780000000000000000e+02 2.463860800071012047e+00
7.790000000000000000e+02 2.463896494361113465e+00
7.800000000000000000e+02 2.463932183068057835e+00
7.810000000000000000e+02 2.463967866189734846e+00
7.820000000000000000e+02 2.464003543724034628e+00
7.830000000000000000e+02 2.464039215668845983e+00
7.840000000000000000e+02 2.464074882022059487e+00
7.850000000000000000e+02 2.464110542781564828e+00
7.860000000000000000e+02 2.464146197945251249e+00
7.870000000000000000e+02 2.464181847511008439e+00
7.880000000000000000e+02 2.464217491476726529e+00
7.890000000000000000e+02 2.464253129840294765e+00
7.900000000000000000e+02 2.464288762599602833e+00
7.910000000000000000e+02 2.464324389752540867e+00
7.920000000000000000e+02 2.464360011296998554e+00
7.930000000000000000e+02 2.464395627230865138e+00
7.940000000000000000e+02 2.464431237552030751e+00
7.950000000000000000e+02 2.464466842258385082e+00
7.960000000000000000e+02 2.464502441347817374e+00
7.970000000000000000e+02 2.464538034818217760e+00
7.980000000000000000e+02 2.464573622667475927e+00
7.990000000000000000e+02 2.464609204893481564e+00
8.000000000000000000e+02 2.464644781494123915e+00
8.010000000000000000e+02 2.464680352467293112e+00
8.020000000000000000e+02 2.464715917810879287e+00
8.030000000000000000e+02 2.464751477522771239e+00
8.040000000000000000e+02 2.464787031600859102e+00
8.050000000000000000e+02 2.464822580043032563e+00
8.060000000000000000e+02 2.464858122847181310e+00
8.070000000000000000e+02 2.464893660011195031e+00
8.080000000000000000e+02 2.464929191532963415e+00
8.090000000000000000e+02 2.464964717410376149e+00
8.100000000000000000e+02 2.465000237641323366e+00
8.110000000000000000e+02 2.465035752223694310e+00
8.120000000000000000e+02 2.465071261155378224e+00
8.130000000000000000e+02 2.465106764434265685e+00
8.140000000000000000e+02 2.465142262058246381e+00
8.150000000000000000e+02 2.465177754025209556e+00
8.160000000000000000e+02 2.465213240333044897e+00
8.170000000000000000e+02 2.465248720979642094e+00
8.180000000000000000e+02 2.465284195962891278e+00
8.190000000000000000e+02 2.465319665280681694e+00
8.200000000000000000e+02 2.465355128930903472e+00
8.210000000000000000e+02 2.465390586911445858e+00
8.220000000000000000e+02 2.465426039220198984e+00
8.230000000000000000e+02 2.465461485855052093e+00
8.240000000000000000e+02 2.465496926813895318e+00
8.250000000000000000e+02 2.465532362094618346e+00
8.260000000000000000e+02 2.465567791695110422e+00
8.270000000000000000e+02 2.465603215613261678e+00
8.280000000000000000e+02 2.465638633846961802e+00
8.290000000000000000e+02 2.465674046394100039e+00
8.300000000000000000e+02 2.465709453252566519e+00
8.310000000000000000e+02 2.465744854420250931e+00
8.320000000000000000e+02 2.465780249895042964e+00
8.330000000000000000e+02 2.465815639674832305e+00
8.340000000000000000e+02 2.465851023757508642e+00
8.350000000000000000e+02 2.465886402140961664e+00
8.360000000000000000e+02 2.465921774823080614e+00
8.370000000000000000e+02 2.465957141801756070e+00
8.380000000000000000e+02 2.465992503074877273e+00
8.390000000000000000e+02 2.466027858640333914e+00
8.400000000000000000e+02 2.466063208496015680e+00
8.410000000000000000e+02 2.466098552639812258e+00
8.420000000000000000e+02 2.466133891069613338e+00
8.430000000000000000e+02 2.466169223783309050e+00
8.440000000000000000e+02 2.466204550778788640e+00
8.450000000000000000e+02 2.466239872053941795e+00
8.460000000000000000e+02 2.466275187606658204e+00
8.470000000000000000e+02 2.466310497434827997e+00
8.480000000000000000e+02 2.466345801536340421e+00
8.490000000000000000e+02 2.466381099909085606e+00
8.500000000000000000e+02 2.466416392550952796e+00
8.510000000000000000e+02 2.466451679459832125e+00
8.520000000000000000e+02 2.466486960633612835e+00
8.530000000000000000e+02 2.466522236070184615e+00
8.540000000000000000e+02 2.466557505767437597e+00
8.550000000000000000e+02 2.466592769723261469e+00
8.560000000000000000e+02 2.466628027935545475e+00
8.570000000000000000e+02 2.466663280402180192e+00
8.580000000000000000e+02 2.466698527121053974e+00
8.590000000000000000e+02 2.466733768090057843e+00
8.600000000000000000e+02 2.466769003307080599e+00
8.610000000000000000e+02 2.466804232770012373e+00
8.620000000000000000e+02 2.466839456476742853e+00
8.630000000000000000e+02 2.466874674425161729e+00
8.640000000000000000e+02 2.466909886613158687e+00
8.650000000000000000e+02 2.466945093038622971e+00
8.660000000000000000e+02 2.466980293699445159e+00
8.670000000000000000e+02 2.467015488593514050e+00
8.680000000000000000e+02 2.467050677718720220e+00
8.690000000000000000e+02 2.467085861072952913e+00
8.700000000000000000e+02 2.467121038654101817e+00
8.710000000000000000e+02 2.467156210460056620e+00
8.720000000000000000e+02 2.467191376488707011e+00
8.730000000000000000e+02 2.467226536737942677e+00
8.740000000000000000e+02 2.467261691205653307e+00
8.750000000000000000e+02 2.467296839889729032e+00
8.760000000000000000e+02 2.467331982788059097e+00
8.770000000000000000e+02 2.467367119898533634e+00
8.780000000000000000e+02 2.467402251219041442e+00
8.790000000000000000e+02 2.467437376747473099e+00
8.800000000000000000e+02 2.467472496481718292e+00
8.810000000000000000e+02 2.467507610419666264e+00
8.820000000000000000e+02 2.467542718559206705e+00
8.830000000000000000e+02 2.467577820898229746e+00
8.840000000000000000e+02 2.467612917434625075e+00
8.850000000000000000e+02 2.467648008166281937e+00
8.860000000000000000e+02 2.467683093091090463e+00
8.870000000000000000e+02 2.467718172206939897e+00
8.880000000000000000e+02 2.467753245511720372e+00
8.890000000000000000e+02 2.467788313003321576e+00
8.900000000000000000e+02 2.467823374679632753e+00
8.910000000000000000e+02 2.467858430538544479e+00
8.920000000000000000e+02 2.467893480577945553e+00
8.930000000000000000e+02 2.467928524795726108e+00
8.940000000000000000e+02 2.467963563189775833e+00
8.950000000000000000e+02 2.467998595757983971e+00
8.960000000000000000e+02 2.468033622498241098e+00
8.970000000000000000e+02 2.468068643408436458e+00
8.980000000000000000e+02 2.468103658486459295e+00
8.990000000000000000e+02 2.468138667730200186e+00
9.000000000000000000e+02 2.468173671137548375e+00
9.010000000000000000e+02 2.468208668706393549e+00
9.020000000000000000e+02 2.468243660434625397e+00
9.030000000000000000e+02 2.468278646320133607e+00
9.040000000000000000e+02 2.468313626360807866e+00
9.050000000000000000e+02 2.468348600554538308e+00
9.060000000000000000e+02 2.468383568899213731e+00
9.070000000000000000e+02 2.468418531392725157e+00
9.080000000000000000e+02 2.468453488032960941e+00
9.090000000000000000e+02 2.468488438817811659e+00
9.100000000000000000e+02 2.468523383745166555e+00
9.110000000000000000e+02 2.468558322812915762e+00
9.120000000000000000e+02 2.468593256018948523e+00
9.130000000000000000e+02 2.468628183361154527e+00
9.140000000000000000e+02 2.468663104837424349e+00
9.150000000000000000e+02 2.468698020445646346e+00
9.160000000000000000e+02 2.468732930183711538e+00
9.170000000000000000e+02 2.468767834049508281e+00
9.180000000000000000e+02 2.468802732040927594e+00
9.190000000000000000e+02 2.468837624155858279e+00
9.200000000000000000e+02 2.468872510392190467e+00
9.210000000000000000e+02 2.468907390747813846e+00
9.220000000000000000e+02 2.468942265220617660e+00
9.230000000000000000e+02 2.468977133808492486e+00
9.240000000000000000e+02 2.469011996509327123e+00
9.250000000000000000e+02 2.469046853321011703e+00
9.260000000000000000e+02 2.469081704241435915e+00
9.270000000000000000e+02 2.469116549268489003e+00
9.280000000000000000e+02 2.469151388400061542e+00
9.290000000000000000e+02 2.469186221634042777e+00
9.300000000000000000e+02 2.469221048968322396e+00
9.310000000000000000e+02 2.469255870400790087e+00
9.320000000000000000e+02 2.469290685929335538e+00
9.330000000000000000e+02 2.469325495551848437e+00
9.340000000000000000e+02 2.469360299266218917e+00
9.350000000000000000e+02 2.469395097070335776e+00
9.360000000000000000e+02 2.469429888962089592e+00
9.370000000000000000e+02 2.469464674939369608e+00
9.380000000000000000e+02 2.469499455000065957e+00
9.390000000000000000e+02 2.469534229142067439e+00
9.400000000000000000e+02 2.469568997363264629e+00
9.410000000000000000e+02 2.469603759661547215e+00
9.420000000000000000e+02 2.469638516034804443e+00
9.430000000000000000e+02 2.469673266480925999e+00
9.440000000000000000e+02 2.469708010997802017e+00
9.450000000000000000e+02 2.469742749583322183e+00
9.460000000000000000e+02 2.469777482235375743e+00
9.470000000000000000e+02 2.469812208951852384e+00
9.480000000000000000e+02 2.469846929730642238e+00
9.490000000000000000e+02 2.469881644569634993e+00
9.500000000000000000e+02 2.469916353466720338e+00
9.510000000000000000e+02 2.469951056419787516e+00
9.520000000000000000e+02 2.469985753426726660e+00
9.530000000000000000e+02 2.470020444485427458e+00
9.540000000000000000e+02 2.470055129593779597e+00
9.550000000000000000e+02 2.470089808749672322e+00
9.560000000000000000e+02 2.470124481950995765e+00
9.570000000000000000e+02 2.470159149195640058e+00
9.580000000000000000e+02 2.470193810481494001e+00
9.590000000000000000e+02 2.470228465806447726e+00
9.600000000000000000e+02 2.470263115168390922e+00
9.610000000000000000e+02 2.470297758565213719e+00
9.620000000000000000e+02 2.470332395994804919e+00
9.630000000000000000e+02 2.470367027455055098e+00
9.640000000000000000e+02 2.470401652943853055e+00
9.650000000000000000e+02 2.470436272459089366e+00
9.660000000000000000e+02 2.470470885998653277e+00
9.670000000000000000e+02 2.470505493560434473e+00
9.680000000000000000e+02 2.470540095142323089e+00
9.690000000000000000e+02 2.470574690742208368e+00
9.700000000000000000e+02 2.470609280357979998e+00
9.710000000000000000e+02 2.470643863987527666e+00
9.720000000000000000e+02 2.470678441628741506e+00
9.730000000000000000e+02 2.470713013279511205e+00
9.740000000000000000e+02 2.470747578937726008e+00
9.750000000000000000e+02 2.470782138601275602e+00
9.760000000000000000e+02 2.470816692268050119e+00
9.770000000000000000e+02 2.470851239935938803e+00
9.780000000000000000e+02 2.470885781602831788e+00
9.790000000000000000e+02 2.470920317266618760e+00
9.800000000000000000e+02 2.470954846925188964e+00
9.810000000000000000e+02 2.470989370576432531e+00
9.820000000000000000e+02 2.471023888218239151e+00
9.830000000000000000e+02 2.471058399848498510e+00
9.840000000000000000e+02 2.471092905465099854e+00
9.850000000000000000e+02 2.471127405065933313e+00
9.860000000000000000e+02 2.471161898648888577e+00
9.870000000000000000e+02 2.471196386211855334e+00
9.880000000000000000e+02 2.471230867752723270e+00
9.890000000000000000e+02 2.471265343269382075e+00
9.900000000000000000e+02 2.471299812759721437e+00
9.910000000000000000e+02 2.471334276221630599e+00
9.920000000000000000e+02 2.471368733653000138e+00
9.930000000000000000e+02 2.471403185051719298e+00
9.940000000000000000e+02 2.471437630415677766e+00
9.950000000000000000e+02 2.471472069742765232e+00
9.960000000000000000e+02 2.471506503030871826e+00
9.970000000000000000e+02 2.471540930277886350e+00
9.980000000000000000e+02 2.471575351481699379e+00
9.990000000000000000e+02 2.471609766640200156e+00
1.000000000000000000e+03 2.471644175751278816e+00
1.001000000000000000e+03 2.471678578812824600e+00
1.002000000000000000e+03 2.471712975822727199e+00
1.003000000000000000e+03 2.471747366778876298e+00
1.004000000000000000e+03 2.471781751679162031e+00
1.005000000000000000e+03 2.471816130521474086e+00
1.006000000000000000e+03 2.471850503303701707e+00
1.007000000000000000e+03 2.471884870023734582e+00
1.008000000000000000e+03 2.471919230679463286e+00
1.009000000000000000e+03 2.471953585268776177e+00
1.010000000000000000e+03 2.471987933789564273e+00
1.011000000000000000e+03 2.472022276239716376e+00
1.012000000000000000e+03 2.472056612617122173e+00
1.013000000000000000e+03 2.472090942919672241e+00
1.014000000000000000e+03 2.472125267145255378e+00
1.015000000000000000e+03 2.472159585291761719e+00
1.016000000000000000e+03 2.472193897357080949e+00
1.017000000000000000e+03 2.472228203339102759e+00
1.018000000000000000e+03 2.472262503235716391e+00
1.019000000000000000e+03 2.472296797044812422e+00
1.020000000000000000e+03 2.472331084764279652e+00
1.021000000000000000e+03 2.472365366392008657e+00
