# order=15: data_wav [pixel], data_wavsolution [micron]
6.000000000000000000e+00 1.840614953129244169e+00
7.000000000000000000e+00 1.840645128878179992e+00
8.000000000000000000e+00 1.840675300875773024e+00
9.000000000000000000e+00 1.840705469122023263e+00
1.000000000000000000e+01 1.840735633616930711e+00
1.100000000000000000e+01 1.840765794360495144e+00
1.200000000000000000e+01 1.840795951352716786e+00
1.300000000000000000e+01 1.840826104593595414e+00
1.400000000000000000e+01 1.840856254083131249e+00
1.500000000000000000e+01 1.840886399821324293e+00
1.600000000000000000e+01 1.840916541808174323e+00
1.700000000000000000e+01 1.840946680043681782e+00
1.800000000000000000e+01 1.840976814527846006e+00
1.900000000000000000e+01 1.841006945260667660e+00
2.000000000000000000e+01 1.841037072242146300e+00
2.100000000000000000e+01 1.841067195472282148e+00
2.200000000000000000e+01 1.841097314951074981e+00
2.300000000000000000e+01 1.841127430678525023e+00
2.400000000000000000e+01 1.841157542654632273e+00
2.500000000000000000e+01 1.841187650879396509e+00
2.600000000000000000e+01 1.841217755352817953e+00
2.700000000000000000e+01 1.841247856074896605e+00
2.800000000000000000e+01 1.841277953045632465e+00
2.900000000000000000e+01 1.841308046265025311e+00
3.000000000000000000e+01 1.841338135733075365e+00
3.100000000000000000e+01 1.841368221449782405e+00
3.200000000000000000e+01 1.841398303415146653e+00
3.300000000000000000e+01 1.841428381629168110e+00
3.400000000000000000e+01 1.841458456091846552e+00
3.500000000000000000e+01 1.841488526803182202e+00
3.600000000000000000e+01 1.841518593763175060e+00
3.700000000000000000e+01 1.841548656971824904e+00
3.800000000000000000e+01 1.841578716429132179e+00
3.900000000000000000e+01 1.841608772135096217e+00
4.000000000000000000e+01 1.841638824089717685e+00
4.100000000000000000e+01 1.841668872292996140e+00
4.200000000000000000e+01 1.841698916744931802e+00
4.300000000000000000e+01 1.841728957445524451e+00
4.400000000000000000e+01 1.841758994394774307e+00
4.500000000000000000e+01 1.841789027592681371e+00
4.600000000000000000e+01 1.841819057039245422e+00
4.700000000000000000e+01 1.841849082734466680e+00
4.800000000000000000e+01 1.841879104678345147e+00
4.900000000000000000e+01 1.841909122870880600e+00
5.000000000000000000e+01 1.841939137312073260e+00
5.100000000000000000e+01 1.841969148001923129e+00
5.200000000000000000e+01 1.841999154940429984e+00
5.300000000000000000e+01 1.842029158127594268e+00
5.400000000000000000e+01 1.842059157563415317e+00
5.500000000000000000e+01 1.842089153247893796e+00
5.600000000000000000e+01 1.842119145181029261e+00
5.700000000000000000e+01 1.842149133362821711e+00
5.800000000000000000e+01 1.842179117793271592e+00
5.900000000000000000e+01 1.842209098472378459e+00
6.000000000000000000e+01 1.842239075400142534e+00
6.100000000000000000e+01 1.842269048576563595e+00
6.200000000000000000e+01 1.842299018001641864e+00
6.300000000000000000e+01 1.842328983675377341e+00
6.400000000000000000e+01 1.842358945597769804e+00
6.500000000000000000e+01 1.842388903768819475e+00
6.600000000000000000e+01 1.842418858188526354e+00
6.700000000000000000e+01 1.842448808856890219e+00
6.800000000000000000e+01 1.842478755773911292e+00
6.900000000000000000e+01 1.842508698939589573e+00
7.000000000000000000e+01 1.842538638353924840e+00
7.100000000000000000e+01 1.842568574016917315e+00
7.200000000000000000e+01 1.842598505928566999e+00
7.300000000000000000e+01 1.842628434088873668e+00
7.400000000000000000e+01 1.842658358497837545e+00
7.500000000000000000e+01 1.842688279155458630e+00
7.600000000000000000e+01 1.842718196061736702e+00
7.700000000000000000e+01 1.842748109216671981e+00
7.800000000000000000e+01 1.842778018620264469e+00
7.900000000000000000e+01 1.842807924272513942e+00
8.000000000000000000e+01 1.842837826173420623e+00
8.100000000000000000e+01 1.842867724322984513e+00
8.200000000000000000e+01 1.842897618721205388e+00
8.300000000000000000e+01 1.842927509368083472e+00
8.400000000000000000e+01 1.842957396263618763e+00
8.500000000000000000e+01 1.842987279407811041e+00
8.600000000000000000e+01 1.843017158800660527e+00
8.700000000000000000e+01 1.843047034442167220e+00
8.800000000000000000e+01 1.843076906332330900e+00
8.900000000000000000e+01 1.843106774471151788e+00
9.000000000000000000e+01 1.843136638858629883e+00
9.100000000000000000e+01 1.843166499494764965e+00
9.200000000000000000e+01 1.843196356379557255e+00
9.300000000000000000e+01 1.843226209513006753e+00
9.400000000000000000e+01 1.843256058895113236e+00
9.500000000000000000e+01 1.843285904525876928e+00
9.600000000000000000e+01 1.843315746405297828e+00
9.700000000000000000e+01 1.843345584533375714e+00
9.800000000000000000e+01 1.843375418910110808e+00
9.900000000000000000e+01 1.843405249535503110e+00
1.000000000000000000e+02 1.843435076409552398e+00
1.010000000000000000e+02 1.843464899532258894e+00
1.020000000000000000e+02 1.843494718903622598e+00
1.030000000000000000e+02 1.843524534523643288e+00
1.040000000000000000e+02 1.843554346392321186e+00
1.050000000000000000e+02 1.843584154509656292e+00
1.060000000000000000e+02 1.843613958875648384e+00
1.070000000000000000e+02 1.843643759490297684e+00
1.080000000000000000e+02 1.843673556353604193e+00
1.090000000000000000e+02 1.843703349465567687e+00
1.100000000000000000e+02 1.843733138826188389e+00
1.110000000000000000e+02 1.843762924435466299e+00
1.120000000000000000e+02 1.843792706293401196e+00
1.130000000000000000e+02 1.843822484399993300e+00
1.140000000000000000e+02 1.843852258755242390e+00
1.150000000000000000e+02 1.843882029359148911e+00
1.160000000000000000e+02 1.843911796211712417e+00
1.170000000000000000e+02 1.843941559312932910e+00
1.180000000000000000e+02 1.843971318662810832e+00
1.190000000000000000e+02 1.844001074261345519e+00
1.200000000000000000e+02 1.844030826108537635e+00
1.210000000000000000e+02 1.844060574204386738e+00
1.220000000000000000e+02 1.844090318548893048e+00
1.230000000000000000e+02 1.844120059142056567e+00
1.240000000000000000e+02 1.844149795983877071e+00
1.250000000000000000e+02 1.844179529074354784e+00
1.260000000000000000e+02 1.844209258413489705e+00
1.270000000000000000e+02 1.844238984001281612e+00
1.280000000000000000e+02 1.844268705837730726e+00
1.290000000000000000e+02 1.844298423922836827e+00
1.300000000000000000e+02 1.844328138256600358e+00
1.310000000000000000e+02 1.844357848839020875e+00
1.320000000000000000e+02 1.844387555670098378e+00
1.330000000000000000e+02 1.844417258749833088e+00
1.340000000000000000e+02 1.844446958078225007e+00
1.350000000000000000e+02 1.844476653655274134e+00
1.360000000000000000e+02 1.844506345480980247e+00
1.370000000000000000e+02 1.844536033555343568e+00
1.380000000000000000e+02 1.844565717878364097e+00
1.390000000000000000e+02 1.844595398450041612e+00
1.400000000000000000e+02 1.844625075270376335e+00
1.410000000000000000e+02 1.844654748339368044e+00
1.420000000000000000e+02 1.844684417657017184e+00
1.430000000000000000e+02 1.844714083223323309e+00
1.440000000000000000e+02 1.844743745038286420e+00
1.450000000000000000e+02 1.844773403101906739e+00
1.460000000000000000e+02 1.844803057414184266e+00
1.470000000000000000e+02 1.844832707975119002e+00
1.480000000000000000e+02 1.844862354784710723e+00
1.490000000000000000e+02 1.844891997842959652e+00
1.500000000000000000e+02 1.844921637149865790e+00
1.510000000000000000e+02 1.844951272705428913e+00
1.520000000000000000e+02 1.844980904509649244e+00
1.530000000000000000e+02 1.845010532562526562e+00
1.540000000000000000e+02 1.845040156864061087e+00
1.550000000000000000e+02 1.845069777414252821e+00
1.560000000000000000e+02 1.845099394213101762e+00
1.570000000000000000e+02 1.845129007260607690e+00
1.580000000000000000e+02 1.845158616556770825e+00
1.590000000000000000e+02 1.845188222101590947e+00
1.600000000000000000e+02 1.845217823895068499e+00
1.610000000000000000e+02 1.845247421937203036e+00
1.620000000000000000e+02 1.845277016227994560e+00
1.630000000000000000e+02 1.845306606767443292e+00
1.640000000000000000e+02 1.845336193555549231e+00
1.650000000000000000e+02 1.845365776592312379e+00
1.660000000000000000e+02 1.845395355877732513e+00
1.670000000000000000e+02 1.845424931411809855e+00
1.680000000000000000e+02 1.845454503194544182e+00
1.690000000000000000e+02 1.845484071225935718e+00
1.700000000000000000e+02 1.845513635505984462e+00
1.710000000000000000e+02 1.845543196034690414e+00
1.720000000000000000e+02 1.845572752812053352e+00
1.730000000000000000e+02 1.845602305838073498e+00
1.740000000000000000e+02 1.845631855112750630e+00
1.750000000000000000e+02 1.845661400636085192e+00
1.760000000000000000e+02 1.845690942408076518e+00
1.770000000000000000e+02 1.845720480428725274e+00
1.780000000000000000e+02 1.845750014698031016e+00
1.790000000000000000e+02 1.845779545215993966e+00
1.800000000000000000e+02 1.845809071982614125e+00
1.810000000000000000e+02 1.845838594997891269e+00
1.820000000000000000e+02 1.845868114261825621e+00
1.830000000000000000e+02 1.845897629774416959e+00
1.840000000000000000e+02 1.845927141535665506e+00
1.850000000000000000e+02 1.845956649545571260e+00
1.860000000000000000e+02 1.845986153804134222e+00
1.870000000000000000e+02 1.846015654311354171e+00
1.880000000000000000e+02 1.846045151067231327e+00
1.890000000000000000e+02 1.846074644071765469e+00
1.900000000000000000e+02 1.846104133324956820e+00
1.910000000000000000e+02 1.846133618826805378e+00
1.920000000000000000e+02 1.846163100577310923e+00
1.930000000000000000e+02 1.846192578576473897e+00
1.940000000000000000e+02 1.846222052824293636e+00
1.950000000000000000e+02 1.846251523320770804e+00
1.960000000000000000e+02 1.846280990065904959e+00
1.970000000000000000e+02 1.846310453059696322e+00
1.980000000000000000e+02 1.846339912302144670e+00
1.990000000000000000e+02 1.846369367793250449e+00
2.000000000000000000e+02 1.846398819533012992e+00
2.010000000000000000e+02 1.846428267521432964e+00
2.020000000000000000e+02 1.846457711758509923e+00
2.030000000000000000e+02 1.846487152244244090e+00
2.040000000000000000e+02 1.846516588978635243e+00
2.050000000000000000e+02 1.846546021961683604e+00
2.060000000000000000e+02 1.846575451193389172e+00
2.070000000000000000e+02 1.846604876673751949e+00
2.080000000000000000e+02 1.846634298402771712e+00
2.090000000000000000e+02 1.846663716380448683e+00
2.100000000000000000e+02 1.846693130606782640e+00
2.110000000000000000e+02 1.846722541081773805e+00
2.120000000000000000e+02 1.846751947805422178e+00
2.130000000000000000e+02 1.846781350777727537e+00
2.140000000000000000e+02 1.846810749998690104e+00
2.150000000000000000e+02 1.846840145468309879e+00
2.160000000000000000e+02 1.846869537186586863e+00
2.170000000000000000e+02 1.846898925153520832e+00
2.180000000000000000e+02 1.846928309369112009e+00
2.190000000000000000e+02 1.846957689833360172e+00
2.200000000000000000e+02 1.846987066546265543e+00
2.210000000000000000e+02 1.847016439507828123e+00
2.220000000000000000e+02 1.847045808718047688e+00
2.230000000000000000e+02 1.847075174176924461e+00
2.240000000000000000e+02 1.847104535884458443e+00
2.250000000000000000e+02 1.847133893840649632e+00
2.260000000000000000e+02 1.847163248045497808e+00
2.270000000000000000e+02 1.847192598499002969e+00
2.280000000000000000e+02 1.847221945201165560e+00
2.290000000000000000e+02 1.847251288151985138e+00
2.300000000000000000e+02 1.847280627351461924e+00
2.310000000000000000e+02 1.847309962799595695e+00
2.320000000000000000e+02 1.847339294496386675e+00
2.330000000000000000e+02 1.847368622441834862e+00
2.340000000000000000e+02 1.847397946635940036e+00
2.350000000000000000e+02 1.847427267078702640e+00
2.360000000000000000e+02 1.847456583770122007e+00
2.370000000000000000e+02 1.847485896710198805e+00
2.380000000000000000e+02 1.847515205898932589e+00
2.390000000000000000e+02 1.847544511336323581e+00
2.400000000000000000e+02 1.847573813022371558e+00
2.410000000000000000e+02 1.847603110957076744e+00
2.420000000000000000e+02 1.847632405140439138e+00
2.430000000000000000e+02 1.847661695572458518e+00
2.440000000000000000e+02 1.847690982253135106e+00
2.450000000000000000e+02 1.847720265182468902e+00
2.460000000000000000e+02 1.847749544360459684e+00
2.470000000000000000e+02 1.847778819787107674e+00
2.480000000000000000e+02 1.847808091462412872e+00
2.490000000000000000e+02 1.847837359386375056e+00
2.500000000000000000e+02 1.847866623558994670e+00
2.510000000000000000e+02 1.847895883980271048e+00
2.520000000000000000e+02 1.847925140650204856e+00
2.530000000000000000e+02 1.847954393568795650e+00
2.540000000000000000e+02 1.847983642736043430e+00
2.550000000000000000e+02 1.848012888151948641e+00
2.560000000000000000e+02 1.848042129816510837e+00
2.570000000000000000e+02 1.848071367729730241e+00
2.580000000000000000e+02 1.848100601891606631e+00
2.590000000000000000e+02 1.848129832302140230e+00
2.600000000000000000e+02 1.848159058961331036e+00
2.610000000000000000e+02 1.848188281869178828e+00
2.620000000000000000e+02 1.848217501025683829e+00
2.630000000000000000e+02 1.848246716430846037e+00
2.640000000000000000e+02 1.848275928084665232e+00
2.650000000000000000e+02 1.848305135987141634e+00
2.660000000000000000e+02 1.848334340138275245e+00
2.670000000000000000e+02 1.848363540538065841e+00
2.680000000000000000e+02 1.848392737186513646e+00
2.690000000000000000e+02 1.848421930083618658e+00
2.700000000000000000e+02 1.848451119229380657e+00
2.710000000000000000e+02 1.848480304623799864e+00
2.720000000000000000e+02 1.848509486266876278e+00
2.730000000000000000e+02 1.848538664158609679e+00
2.740000000000000000e+02 1.848567838299000288e+00
2.750000000000000000e+02 1.848597008688048104e+00
2.760000000000000000e+02 1.848626175325752907e+00
2.770000000000000000e+02 1.848655338212114918e+00
2.780000000000000000e+02 1.848684497347134137e+00
2.790000000000000000e+02 1.848713652730810342e+00
2.800000000000000000e+02 1.848742804363143755e+00
2.810000000000000000e+02 1.848771952244134376e+00
2.820000000000000000e+02 1.848801096373781983e+00
2.830000000000000000e+02 1.848830236752086797e+00
2.840000000000000000e+02 1.848859373379048820e+00
2.850000000000000000e+02 1.848888506254667830e+00
2.860000000000000000e+02 1.848917635378944047e+00
2.870000000000000000e+02 1.848946760751877472e+00
2.880000000000000000e+02 1.848975882373467883e+00
2.890000000000000000e+02 1.849005000243715502e+00
2.900000000000000000e+02 1.849034114362620329e+00
2.910000000000000000e+02 1.849063224730182142e+00
2.920000000000000000e+02 1.849092331346401163e+00
2.930000000000000000e+02 1.849121434211277393e+00
2.940000000000000000e+02 1.849150533324810608e+00
2.950000000000000000e+02 1.849179628687001031e+00
2.960000000000000000e+02 1.849208720297848663e+00
2.970000000000000000e+02 1.849237808157353280e+00
2.980000000000000000e+02 1.849266892265515105e+00
2.990000000000000000e+02 1.849295972622334139e+00
3.000000000000000000e+02 1.849325049227810158e+00
3.010000000000000000e+02 1.849354122081943386e+00
3.020000000000000000e+02 1.849383191184733821e+00
3.030000000000000000e+02 1.849412256536181243e+00
3.040000000000000000e+02 1.849441318136285872e+00
3.050000000000000000e+02 1.849470375985047710e+00
3.060000000000000000e+02 1.849499430082466533e+00
3.070000000000000000e+02 1.849528480428542565e+00
3.080000000000000000e+02 1.849557527023275805e+00
3.090000000000000000e+02 1.849586569866666030e+00
3.100000000000000000e+02 1.849615608958713464e+00
3.110000000000000000e+02 1.849644644299417884e+00
3.120000000000000000e+02 1.849673675888779734e+00
3.130000000000000000e+02 1.849702703726798569e+00
3.140000000000000000e+02 1.849731727813474391e+00
3.150000000000000000e+02 1.849760748148807643e+00
3.160000000000000000e+02 1.849789764732797881e+00
3.170000000000000000e+02 1.849818777565445105e+00
3.180000000000000000e+02 1.849847786646749537e+00
3.190000000000000000e+02 1.849876791976711177e+00
3.200000000000000000e+02 1.849905793555330025e+00
3.210000000000000000e+02 1.849934791382605859e+00
3.220000000000000000e+02 1.849963785458538901e+00
3.230000000000000000e+02 1.849992775783129151e+00
3.240000000000000000e+02 1.850021762356376387e+00
3.250000000000000000e+02 1.850050745178280831e+00
3.260000000000000000e+02 1.850079724248842483e+00
3.270000000000000000e+02 1.850108699568061121e+00
3.280000000000000000e+02 1.850137671135936968e+00
3.290000000000000000e+02 1.850166638952469800e+00
3.300000000000000000e+02 1.850195603017660062e+00
3.310000000000000000e+02 1.850224563331507310e+00
3.320000000000000000e+02 1.850253519894011545e+00
3.330000000000000000e+02 1.850282472705172987e+00
3.340000000000000000e+02 1.850311421764991637e+00
3.350000000000000000e+02 1.850340367073467496e+00
3.360000000000000000e+02 1.850369308630600340e+00
3.370000000000000000e+02 1.850398246436390393e+00
3.380000000000000000e+02 1.850427180490837653e+00
3.390000000000000000e+02 1.850456110793941900e+00
3.400000000000000000e+02 1.850485037345703354e+00
3.410000000000000000e+02 1.850513960146121795e+00
3.420000000000000000e+02 1.850542879195197665e+00
3.430000000000000000e+02 1.850571794492930300e+00
3.440000000000000000e+02 1.850600706039320364e+00
3.450000000000000000e+02 1.850629613834367415e+00
3.460000000000000000e+02 1.850658517878071674e+00
3.470000000000000000e+02 1.850687418170433141e+00
3.480000000000000000e+02 1.850716314711451593e+00
3.490000000000000000e+02 1.850745207501127254e+00
3.500000000000000000e+02 1.850774096539459901e+00
3.510000000000000000e+02 1.850802981826449978e+00
3.520000000000000000e+02 1.850831863362097041e+00
3.530000000000000000e+02 1.850860741146401089e+00
3.540000000000000000e+02 1.850889615179362346e+00
3.550000000000000000e+02 1.850918485460980811e+00
3.560000000000000000e+02 1.850947351991256484e+00
3.570000000000000000e+02 1.850976214770189143e+00
3.580000000000000000e+02 1.851005073797779010e+00
3.590000000000000000e+02 1.851033929074025863e+00
3.600000000000000000e+02 1.851062780598930146e+00
3.610000000000000000e+02 1.851091628372491193e+00
3.620000000000000000e+02 1.851120472394709671e+00
3.630000000000000000e+02 1.851149312665585134e+00
3.640000000000000000e+02 1.851178149185117805e+00
3.650000000000000000e+02 1.851206981953307684e+00
3.660000000000000000e+02 1.851235810970154549e+00
3.670000000000000000e+02 1.851264636235658623e+00
3.680000000000000000e+02 1.851293457749819682e+00
3.690000000000000000e+02 1.851322275512637949e+00
3.700000000000000000e+02 1.851351089524113425e+00
3.710000000000000000e+02 1.851379899784246108e+00
3.720000000000000000e+02 1.851408706293035777e+00
3.730000000000000000e+02 1.851437509050482655e+00
3.740000000000000000e+02 1.851466308056586518e+00
3.750000000000000000e+02 1.851495103311347590e+00
3.760000000000000000e+02 1.851523894814765869e+00
3.770000000000000000e+02 1.851552682566841357e+00
3.780000000000000000e+02 1.851581466567573830e+00
3.790000000000000000e+02 1.851610246816963512e+00
3.800000000000000000e+02 1.851639023315010180e+00
3.810000000000000000e+02 1.851667796061714055e+00
3.820000000000000000e+02 1.851696565057075139e+00
3.830000000000000000e+02 1.851725330301093431e+00
3.840000000000000000e+02 1.851754091793768708e+00
3.850000000000000000e+02 1.851782849535101194e+00
3.860000000000000000e+02 1.851811603525090666e+00
3.870000000000000000e+02 1.851840353763737346e+00
3.880000000000000000e+02 1.851869100251041234e+00
3.890000000000000000e+02 1.851897842987002329e+00
3.900000000000000000e+02 1.851926581971620411e+00
3.910000000000000000e+02 1.851955317204895701e+00
3.920000000000000000e+02 1.851984048686827977e+00
3.930000000000000000e+02 1.852012776417417461e+00
3.940000000000000000e+02 1.852041500396664153e+00
3.950000000000000000e+02 1.852070220624568053e+00
3.960000000000000000e+02 1.852098937101128939e+00
3.970000000000000000e+02 1.852127649826347033e+00
3.980000000000000000e+02 1.852156358800222113e+00
3.990000000000000000e+02 1.852185064022754402e+00
4.000000000000000000e+02 1.852213765493943898e+00
4.010000000000000000e+02 1.852242463213790380e+00
4.020000000000000000e+02 1.852271157182294292e+00
4.030000000000000000e+02 1.852299847399454968e+00
4.040000000000000000e+02 1.852328533865273075e+00
4.050000000000000000e+02 1.852357216579748167e+00
4.060000000000000000e+02 1.852385895542880467e+00
4.070000000000000000e+02 1.852414570754669754e+00
4.080000000000000000e+02 1.852443242215116248e+00
4.090000000000000000e+02 1.852471909924219950e+00
4.100000000000000000e+02 1.852500573881980861e+00
4.110000000000000000e+02 1.852529234088398757e+00
4.120000000000000000e+02 1.852557890543473862e+00
4.130000000000000000e+02 1.852586543247205952e+00
4.140000000000000000e+02 1.852615192199595251e+00
4.150000000000000000e+02 1.852643837400641758e+00
4.160000000000000000e+02 1.852672478850345250e+00
4.170000000000000000e+02 1.852701116548705951e+00
4.180000000000000000e+02 1.852729750495723859e+00
4.190000000000000000e+02 1.852758380691398976e+00
4.200000000000000000e+02 1.852787007135731079e+00
4.210000000000000000e+02 1.852815629828720390e+00
4.220000000000000000e+02 1.852844248770366686e+00
4.230000000000000000e+02 1.852872863960670191e+00
4.240000000000000000e+02 1.852901475399630904e+00
4.250000000000000000e+02 1.852930083087248603e+00
4.260000000000000000e+02 1.852958687023523510e+00
4.270000000000000000e+02 1.852987287208455625e+00
4.280000000000000000e+02 1.853015883642044948e+00
4.290000000000000000e+02 1.853044476324291256e+00
4.300000000000000000e+02 1.853073065255194551e+00
4.310000000000000000e+02 1.853101650434755276e+00
4.320000000000000000e+02 1.853130231862972987e+00
4.330000000000000000e+02 1.853158809539847907e+00
4.340000000000000000e+02 1.853187383465379812e+00
4.350000000000000000e+02 1.853215953639568925e+00
4.360000000000000000e+02 1.853244520062415246e+00
4.370000000000000000e+02 1.853273082733918553e+00
4.380000000000000000e+02 1.853301641654079068e+00
4.390000000000000000e+02 1.853330196822896792e+00
4.400000000000000000e+02 1.853358748240371501e+00
4.410000000000000000e+02 1.853387295906503640e+00
4.420000000000000000e+02 1.853415839821292543e+00
4.430000000000000000e+02 1.853444379984738877e+00
4.440000000000000000e+02 1.853472916396842196e+00
4.450000000000000000e+02 1.853501449057602501e+00
4.460000000000000000e+02 1.853529977967020237e+00
4.470000000000000000e+02 1.853558503125094958e+00
4.480000000000000000e+02 1.853587024531826888e+00
4.490000000000000000e+02 1.853615542187215803e+00
4.500000000000000000e+02 1.853644056091261927e+00
4.510000000000000000e+02 1.853672566243965258e+00
4.520000000000000000e+02 1.853701072645325576e+00
4.530000000000000000e+02 1.853729575295343102e+00
4.540000000000000000e+02 1.853758074194017835e+00
4.550000000000000000e+02 1.853786569341349555e+00
4.560000000000000000e+02 1.853815060737338483e+00
4.570000000000000000e+02 1.853843548381984618e+00
4.580000000000000000e+02 1.853872032275287740e+00
4.590000000000000000e+02 1.853900512417248292e+00
4.600000000000000000e+02 1.853928988807865608e+00
4.610000000000000000e+02 1.853957461447140354e+00
4.620000000000000000e+02 1.853985930335072085e+00
4.630000000000000000e+02 1.854014395471660803e+00
4.640000000000000000e+02 1.854042856856906951e+00
4.650000000000000000e+02 1.854071314490810085e+00
4.660000000000000000e+02 1.854099768373370205e+00
4.670000000000000000e+02 1.854128218504587755e+00
4.680000000000000000e+02 1.854156664884462291e+00
4.690000000000000000e+02 1.854185107512993813e+00
4.700000000000000000e+02 1.854213546390182765e+00
4.710000000000000000e+02 1.854241981516028703e+00
4.720000000000000000e+02 1.854270412890531849e+00
4.730000000000000000e+02 1.854298840513691982e+00
4.740000000000000000e+02 1.854327264385509322e+00
4.750000000000000000e+02 1.854355684505983870e+00
4.760000000000000000e+02 1.854384100875115404e+00
4.770000000000000000e+02 1.854412513492904147e+00
4.780000000000000000e+02 1.854440922359350097e+00
4.790000000000000000e+02 1.854469327474453033e+00
4.800000000000000000e+02 1.854497728838213177e+00
4.810000000000000000e+02 1.854526126450630530e+00
4.820000000000000000e+02 1.854554520311704868e+00
4.830000000000000000e+02 1.854582910421436415e+00
4.840000000000000000e+02 1.854611296779825169e+00
4.850000000000000000e+02 1.854639679386870910e+00
4.860000000000000000e+02 1.854668058242573858e+00
4.870000000000000000e+02 1.854696433346934015e+00
4.880000000000000000e+02 1.854724804699951157e+00
4.890000000000000000e+02 1.854753172301625508e+00
4.900000000000000000e+02 1.854781536151957066e+00
4.910000000000000000e+02 1.854809896250945611e+00
4.920000000000000000e+02 1.854838252598591364e+00
4.930000000000000000e+02 1.854866605194894325e+00
4.940000000000000000e+02 1.854894954039854271e+00
4.950000000000000000e+02 1.854923299133471426e+00
4.960000000000000000e+02 1.854951640475745567e+00
4.970000000000000000e+02 1.854979978066677138e+00
4.980000000000000000e+02 1.855008311906265694e+00
4.990000000000000000e+02 1.855036641994511237e+00
5.000000000000000000e+02 1.855064968331414210e+00
5.010000000000000000e+02 1.855093290916974169e+00
5.020000000000000000e+02 1.855121609751191114e+00
5.030000000000000000e+02 1.855149924834065489e+00
5.040000000000000000e+02 1.855178236165596850e+00
5.050000000000000000e+02 1.855206543745785197e+00
5.060000000000000000e+02 1.855234847574630752e+00
5.070000000000000000e+02 1.855263147652133515e+00
5.080000000000000000e+02 1.855291443978293486e+00
5.090000000000000000e+02 1.855319736553110443e+00
5.100000000000000000e+02 1.855348025376584609e+00
5.110000000000000000e+02 1.855376310448715982e+00
5.120000000000000000e+02 1.855404591769504341e+00
5.130000000000000000e+02 1.855432869338949908e+00
5.140000000000000000e+02 1.855461143157052684e+00
5.150000000000000000e+02 1.855489413223812445e+00
5.160000000000000000e+02 1.855517679539229414e+00
5.170000000000000000e+02 1.855545942103303592e+00
5.180000000000000000e+02 1.855574200916034755e+00
5.190000000000000000e+02 1.855602455977423126e+00
5.200000000000000000e+02 1.855630707287468484e+00
5.210000000000000000e+02 1.855658954846171271e+00
5.220000000000000000e+02 1.855687198653531045e+00
5.230000000000000000e+02 1.855715438709547804e+00
5.240000000000000000e+02 1.855743675014221772e+00
5.250000000000000000e+02 1.855771907567552947e+00
5.260000000000000000e+02 1.855800136369541331e+00
5.270000000000000000e+02 1.855828361420186701e+00
5.280000000000000000e+02 1.855856582719489278e+00
5.290000000000000000e+02 1.855884800267449064e+00
5.300000000000000000e+02 1.855913014064065836e+00
5.310000000000000000e+02 1.855941224109339815e+00
5.320000000000000000e+02 1.855969430403270781e+00
5.330000000000000000e+02 1.855997632945859177e+00
5.340000000000000000e+02 1.856025831737104559e+00
5.350000000000000000e+02 1.856054026777006927e+00
5.360000000000000000e+02 1.856082218065566503e+00
5.370000000000000000e+02 1.856110405602783286e+00
5.380000000000000000e+02 1.856138589388657278e+00
5.390000000000000000e+02 1.856166769423188256e+00
5.400000000000000000e+02 1.856194945706376442e+00
5.410000000000000000e+02 1.856223118238221836e+00
5.420000000000000000e+02 1.856251287018724216e+00
5.430000000000000000e+02 1.856279452047883805e+00
5.440000000000000000e+02 1.856307613325700379e+00
5.450000000000000000e+02 1.856335770852174383e+00
5.460000000000000000e+02 1.856363924627305151e+00
5.470000000000000000e+02 1.856392074651093349e+00
5.480000000000000000e+02 1.856420220923538533e+00
5.490000000000000000e+02 1.856448363444640925e+00
5.500000000000000000e+02 1.856476502214400526e+00
5.510000000000000000e+02 1.856504637232817112e+00
5.520000000000000000e+02 1.856532768499890906e+00
5.530000000000000000e+02 1.856560896015621687e+00
5.540000000000000000e+02 1.856589019780009897e+00
5.550000000000000000e+02 1.856617139793054871e+00
5.560000000000000000e+02 1.856645256054757276e+00
5.570000000000000000e+02 1.856673368565116666e+00
5.580000000000000000e+02 1.856701477324133265e+00
5.590000000000000000e+02 1.856729582331807071e+00
5.600000000000000000e+02 1.856757683588137864e+00
5.610000000000000000e+02 1.856785781093125864e+00
5.620000000000000000e+02 1.856813874846770851e+00
5.630000000000000000e+02 1.856841964849073046e+00
5.640000000000000000e+02 1.856870051100032448e+00
5.650000000000000000e+02 1.856898133599649059e+00
5.660000000000000000e+02 1.856926212347922656e+00
5.670000000000000000e+02 1.856954287344853460e+00
5.680000000000000000e+02 1.856982358590441251e+00
5.690000000000000000e+02 1.857010426084686472e+00
5.700000000000000000e+02 1.857038489827588457e+00
5.710000000000000000e+02 1.857066549819147872e+00
5.720000000000000000e+02 1.857094606059364272e+00
5.730000000000000000e+02 1.857122658548237881e+00
5.740000000000000000e+02 1.857150707285768476e+00
5.750000000000000000e+02 1.857178752271956501e+00
5.760000000000000000e+02 1.857206793506801290e+00
5.770000000000000000e+02 1.857234830990303509e+00
5.780000000000000000e+02 1.857262864722462714e+00
5.790000000000000000e+02 1.857290894703279127e+00
5.800000000000000000e+02 1.857318920932752526e+00
5.810000000000000000e+02 1.857346943410883355e+00
5.820000000000000000e+02 1.857374962137670948e+00
5.830000000000000000e+02 1.857402977113115972e+00
5.840000000000000000e+02 1.857430988337217981e+00
5.850000000000000000e+02 1.857458995809977198e+00
5.860000000000000000e+02 1.857486999531393401e+00
5.870000000000000000e+02 1.857514999501467035e+00
5.880000000000000000e+02 1.857542995720197432e+00
5.890000000000000000e+02 1.857570988187585259e+00
5.900000000000000000e+02 1.857598976903630072e+00
5.910000000000000000e+02 1.857626961868332094e+00
5.920000000000000000e+02 1.857654943081691101e+00
5.930000000000000000e+02 1.857682920543707317e+00
5.940000000000000000e+02 1.857710894254380740e+00
5.950000000000000000e+02 1.857738864213711372e+00
5.960000000000000000e+02 1.857766830421698989e+00
5.970000000000000000e+02 1.857794792878343815e+00
5.980000000000000000e+02 1.857822751583645626e+00
5.990000000000000000e+02 1.857850706537604646e+00
6.000000000000000000e+02 1.857878657740220874e+00
6.010000000000000000e+02 1.857906605191494309e+00
6.020000000000000000e+02 1.857934548891424731e+00
6.030000000000000000e+02 1.857962488840012361e+00
6.040000000000000000e+02 1.857990425037256976e+00
6.050000000000000000e+02 1.858018357483158800e+00
6.060000000000000000e+02 1.858046286177717832e+00
6.070000000000000000e+02 1.858074211120933850e+00
6.080000000000000000e+02 1.858102132312807075e+00
6.090000000000000000e+02 1.858130049753337509e+00
6.100000000000000000e+02 1.858157963442525151e+00
6.110000000000000000e+02 1.858185873380369779e+00
6.120000000000000000e+02 1.858213779566871615e+00
6.130000000000000000e+02 1.858241682002030437e+00
6.140000000000000000e+02 1.858269580685846467e+00
6.150000000000000000e+02 1.858297475618319705e+00
6.160000000000000000e+02 1.858325366799449929e+00
6.170000000000000000e+02 1.858353254229237583e+00
6.180000000000000000e+02 1.858381137907682001e+00
6.190000000000000000e+02 1.858409017834783850e+00
6.200000000000000000e+02 1.858436894010542684e+00
6.210000000000000000e+02 1.858464766434958726e+00
6.220000000000000000e+02 1.858492635108031754e+00
6.230000000000000000e+02 1.858520500029761990e+00
6.240000000000000000e+02 1.858548361200149435e+00
6.250000000000000000e+02 1.858576218619193865e+00
6.260000000000000000e+02 1.858604072286895503e+00
6.270000000000000000e+02 1.858631922203254350e+00
6.280000000000000000e+02 1.858659768368270404e+00
6.290000000000000000e+02 1.858687610781943444e+00
6.300000000000000000e+02 1.858715449444273471e+00
6.310000000000000000e+02 1.858743284355260927e+00
6.320000000000000000e+02 1.858771115514905370e+00
6.330000000000000000e+02 1.858798942923207020e+00
6.340000000000000000e+02 1.858826766580165657e+00
6.350000000000000000e+02 1.858854586485781502e+00
6.360000000000000000e+02 1.858882402640054554e+00
6.370000000000000000e+02 1.858910215042984593e+00
6.380000000000000000e+02 1.858938023694571839e+00
6.390000000000000000e+02 1.858965828594816294e+00
6.400000000000000000e+02 1.858993629743717735e+00
6.410000000000000000e+02 1.859021427141276606e+00
6.420000000000000000e+02 1.859049220787492240e+00
6.430000000000000000e+02 1.859077010682365305e+00
6.440000000000000000e+02 1.859104796825895356e+00
6.450000000000000000e+02 1.859132579218082393e+00
6.460000000000000000e+02 1.859160357858926860e+00
6.470000000000000000e+02 1.859188132748428313e+00
6.480000000000000000e+02 1.859215903886586974e+00
6.490000000000000000e+02 1.859243671273402621e+00
6.500000000000000000e+02 1.859271434908875476e+00
6.510000000000000000e+02 1.859299194793005539e+00
6.520000000000000000e+02 1.859326950925792588e+00
6.530000000000000000e+02 1.859354703307236845e+00
6.540000000000000000e+02 1.859382451937338310e+00
6.550000000000000000e+02 1.859410196816096761e+00
6.560000000000000000e+02 1.859437937943512420e+00
6.570000000000000000e+02 1.859465675319585287e+00
6.580000000000000000e+02 1.859493408944315140e+00
6.590000000000000000e+02 1.859521138817702202e+00
6.600000000000000000e+02 1.859548864939746471e+00
6.610000000000000000e+02 1.859576587310447948e+00
6.620000000000000000e+02 1.859604305929806412e+00
6.630000000000000000e+02 1.859632020797821861e+00
6.640000000000000000e+02 1.859659731914494740e+00
6.650000000000000000e+02 1.859687439279824606e+00
6.660000000000000000e+02 1.859715142893811457e+00
6.670000000000000000e+02 1.859742842756455738e+00
6.680000000000000000e+02 1.859770538867757006e+00
6.690000000000000000e+02 1.859798231227715259e+00
6.700000000000000000e+02 1.859825919836330943e+00
6.710000000000000000e+02 1.859853604693603613e+00
6.720000000000000000e+02 1.859881285799533268e+00
6.730000000000000000e+02 1.859908963154120354e+00
6.740000000000000000e+02 1.859936636757364425e+00
6.750000000000000000e+02 1.859964306609265483e+00
6.760000000000000000e+02 1.859991972709823971e+00
6.770000000000000000e+02 1.860019635059039445e+00
6.780000000000000000e+02 1.860047293656911904e+00
6.790000000000000000e+02 1.860074948503441794e+00
6.800000000000000000e+02 1.860102599598628670e+00
6.810000000000000000e+02 1.860130246942472532e+00
6.820000000000000000e+02 1.860157890534973824e+00
6.830000000000000000e+02 1.860185530376132101e+00
6.840000000000000000e+02 1.860213166465947365e+00
6.850000000000000000e+02 1.860240798804420059e+00
6.860000000000000000e+02 1.860268427391549739e+00
6.870000000000000000e+02 1.860296052227336405e+00
6.880000000000000000e+02 1.860323673311780501e+00
6.890000000000000000e+02 1.860351290644881583e+00
6.900000000000000000e+02 1.860378904226639651e+00
6.910000000000000000e+02 1.860406514057055150e+00
6.920000000000000000e+02 1.860434120136127634e+00
6.930000000000000000e+02 1.860461722463857104e+00
6.940000000000000000e+02 1.860489321040244004e+00
6.950000000000000000e+02 1.860516915865287890e+00
6.960000000000000000e+02 1.860544506938988762e+00
6.970000000000000000e+02 1.860572094261347065e+00
6.980000000000000000e+02 1.860599677832362353e+00
6.990000000000000000e+02 1.860627257652034627e+00
7.000000000000000000e+02 1.860654833720364110e+00
7.010000000000000000e+02 1.860682406037350800e+00
7.020000000000000000e+02 1.860709974602994699e+00
7.030000000000000000e+02 1.860737539417295583e+00
7.040000000000000000e+02 1.860765100480253675e+00
7.050000000000000000e+02 1.860792657791868976e+00
7.060000000000000000e+02 1.860820211352141262e+00
7.070000000000000000e+02 1.860847761161070757e+00
7.080000000000000000e+02 1.860875307218657460e+00
7.090000000000000000e+02 1.860902849524901148e+00
7.100000000000000000e+02 1.860930388079802045e+00
7.110000000000000000e+02 1.860957922883360149e+00
7.120000000000000000e+02 1.860985453935575240e+00
7.130000000000000000e+02 1.861012981236447539e+00
7.140000000000000000e+02 1.861040504785977046e+00
7.150000000000000000e+02 1.861068024584163538e+00
7.160000000000000000e+02 1.861095540631007239e+00
7.170000000000000000e+02 1.861123052926507926e+00
7.180000000000000000e+02 1.861150561470666043e+00
7.190000000000000000e+02 1.861178066263481146e+00
7.200000000000000000e+02 1.861205567304953234e+00
7.210000000000000000e+02 1.861233064595082531e+00
7.220000000000000000e+02 1.861260558133869036e+00
7.230000000000000000e+02 1.861288047921312749e+00
7.240000000000000000e+02 1.861315533957413448e+00
7.250000000000000000e+02 1.861343016242171355e+00
7.260000000000000000e+02 1.861370494775586470e+00
7.270000000000000000e+02 1.861397969557658572e+00
7.280000000000000000e+02 1.861425440588387881e+00
7.290000000000000000e+02 1.861452907867774176e+00
7.300000000000000000e+02 1.861480371395817901e+00
7.310000000000000000e+02 1.861507831172518612e+00
7.320000000000000000e+02 1.861535287197876309e+00
7.330000000000000000e+02 1.861562739471891215e+00
7.340000000000000000e+02 1.861590187994563328e+00
7.350000000000000000e+02 1.861617632765892649e+00
7.360000000000000000e+02 1.861645073785878957e+00
7.370000000000000000e+02 1.861672511054522472e+00
7.380000000000000000e+02 1.861699944571823195e+00
7.390000000000000000e+02 1.861727374337780905e+00
7.400000000000000000e+02 1.861754800352395822e+00
7.410000000000000000e+02 1.861782222615667726e+00
7.420000000000000000e+02 1.861809641127597059e+00
7.430000000000000000e+02 1.861837055888183157e+00
7.440000000000000000e+02 1.861864466897426684e+00
7.450000000000000000e+02 1.861891874155327198e+00
7.460000000000000000e+02 1.861919277661884919e+00
7.470000000000000000e+02 1.861946677417099849e+00
7.480000000000000000e+02 1.861974073420971765e+00
7.490000000000000000e+02 1.862001465673500888e+00
7.500000000000000000e+02 1.862028854174686998e+00
7.510000000000000000e+02 1.862056238924530538e+00
7.520000000000000000e+02 1.862083619923030842e+00
7.530000000000000000e+02 1.862110997170188575e+00
7.540000000000000000e+02 1.862138370666003295e+00
7.550000000000000000e+02 1.862165740410475223e+00
7.560000000000000000e+02 1.862193106403604359e+00
7.570000000000000000e+02 1.862220468645390481e+00
7.580000000000000000e+02 1.862247827135833811e+00
7.590000000000000000e+02 1.862275181874934127e+00
7.600000000000000000e+02 1.862302532862691651e+00
7.610000000000000000e+02 1.862329880099106383e+00
7.620000000000000000e+02 1.862357223584178323e+00
7.630000000000000000e+02 1.862384563317907249e+00
7.640000000000000000e+02 1.862411899300293383e+00
7.650000000000000000e+02 1.862439231531336503e+00
7.660000000000000000e+02 1.862466560011037053e+00
7.670000000000000000e+02 1.862493884739394368e+00
7.680000000000000000e+02 1.862521205716409112e+00
7.690000000000000000e+02 1.862548522942080842e+00
7.700000000000000000e+02 1.862575836416409780e+00
7.710000000000000000e+02 1.862603146139395704e+00
7.720000000000000000e+02 1.862630452111039059e+00
7.730000000000000000e+02 1.862657754331339177e+00
7.740000000000000000e+02 1.862685052800296726e+00
7.750000000000000000e+02 1.862712347517911260e+00
7.760000000000000000e+02 1.862739638484183002e+00
7.770000000000000000e+02 1.862766925699111953e+00
7.780000000000000000e+02 1.862794209162697889e+00
7.790000000000000000e+02 1.862821488874941034e+00
7.800000000000000000e+02 1.862848764835841164e+00
7.810000000000000000e+02 1.862876037045398503e+00
7.820000000000000000e+02 1.862903305503613050e+00
7.830000000000000000e+02 1.862930570210484804e+00
7.840000000000000000e+02 1.862957831166013545e+00
7.850000000000000000e+02 1.862985088370199271e+00
7.860000000000000000e+02 1.863012341823042428e+00
7.870000000000000000e+02 1.863039591524542571e+00
7.880000000000000000e+02 1.863066837474699922e+00
7.890000000000000000e+02 1.863094079673514258e+00
7.900000000000000000e+02 1.863121318120986025e+00
7.910000000000000000e+02 1.863148552817114556e+00
7.920000000000000000e+02 1.863175783761900517e+00
7.930000000000000000e+02 1.863203010955343464e+00
7.940000000000000000e+02 1.863230234397443619e+00
7.950000000000000000e+02 1.863257454088200760e+00
7.960000000000000000e+02 1.863284670027615109e+00
7.970000000000000000e+02 1.863311882215686666e+00
7.980000000000000000e+02 1.863339090652415431e+00
7.990000000000000000e+02 1.863366295337801182e+00
8.000000000000000000e+02 1.863393496271844141e+00
8.010000000000000000e+02 1.863420693454544086e+00
8.020000000000000000e+02 1.863447886885901239e+00
8.030000000000000000e+02 1.863475076565915600e+00
8.040000000000000000e+02 1.863502262494586947e+00
8.050000000000000000e+02 1.863529444671915725e+00
8.060000000000000000e+02 1.863556623097901266e+00
8.070000000000000000e+02 1.863583797772544237e+00
8.080000000000000000e+02 1.863610968695844194e+00
8.090000000000000000e+02 1.863638135867801360e+00
8.100000000000000000e+02 1.863665299288415511e+00
8.110000000000000000e+02 1.863692458957686870e+00
8.120000000000000000e+02 1.863719614875615438e+00
8.130000000000000000e+02 1.863746767042201213e+00
8.140000000000000000e+02 1.863773915457443975e+00
8.150000000000000000e+02 1.863801060121343722e+00
8.160000000000000000e+02 1.863828201033900900e+00
8.170000000000000000e+02 1.863855338195115063e+00
8.180000000000000000e+02 1.863882471604986435e+00
8.190000000000000000e+02 1.863909601263514793e+00
8.200000000000000000e+02 1.863936727170700358e+00
8.210000000000000000e+02 1.863963849326543132e+00
8.220000000000000000e+02 1.863990967731042891e+00
8.230000000000000000e+02 1.864018082384200081e+00
8.240000000000000000e+02 1.864045193286014035e+00
8.250000000000000000e+02 1.864072300436485419e+00
8.260000000000000000e+02 1.864099403835613789e+00
8.270000000000000000e+02 1.864126503483399366e+00
8.280000000000000000e+02 1.864153599379841930e+00
8.290000000000000000e+02 1.864180691524941702e+00
8.300000000000000000e+02 1.864207779918698682e+00
8.310000000000000000e+02 1.864234864561112648e+00
8.320000000000000000e+02 1.864261945452183822e+00
8.330000000000000000e+02 1.864289022591912204e+00
8.340000000000000000e+02 1.864316095980297572e+00
8.350000000000000000e+02 1.864343165617340370e+00
8.360000000000000000e+02 1.864370231503039932e+00
8.370000000000000000e+02 1.864397293637396924e+00
8.380000000000000000e+02 1.864424352020410902e+00
8.390000000000000000e+02 1.864451406652081866e+00
8.400000000000000000e+02 1.864478457532410260e+00
8.410000000000000000e+02 1.864505504661395641e+00
8.420000000000000000e+02 1.864532548039038229e+00
8.430000000000000000e+02 1.864559587665337803e+00
8.440000000000000000e+02 1.864586623540294585e+00
8.450000000000000000e+02 1.864613655663908576e+00
8.460000000000000000e+02 1.864640684036179552e+00
8.470000000000000000e+02 1.864667708657107736e+00
8.480000000000000000e+02 1.864694729526693129e+00
8.490000000000000000e+02 1.864721746644935507e+00
8.500000000000000000e+02 1.864748760011835094e+00
8.510000000000000000e+02 1.864775769627391888e+00
8.520000000000000000e+02 1.864802775491605891e+00
8.530000000000000000e+02 1.864829777604476879e+00
8.540000000000000000e+02 1.864856775966004854e+00
8.550000000000000000e+02 1.864883770576190258e+00
8.560000000000000000e+02 1.864910761435032649e+00
8.570000000000000000e+02 1.864937748542532026e+00
8.580000000000000000e+02 1.864964731898688832e+00
8.590000000000000000e+02 1.864991711503502625e+00
8.600000000000000000e+02 1.865018687356973404e+00
8.610000000000000000e+02 1.865045659459101612e+00
8.620000000000000000e+02 1.865072627809886807e+00
8.630000000000000000e+02 1.865099592409329210e+00
8.640000000000000000e+02 1.865126553257428599e+00
8.650000000000000000e+02 1.865153510354185196e+00
8.660000000000000000e+02 1.865180463699599001e+00
8.670000000000000000e+02 1.865207413293669791e+00
8.680000000000000000e+02 1.865234359136397790e+00
8.690000000000000000e+02 1.865261301227782997e+00
8.700000000000000000e+02 1.865288239567825190e+00
8.710000000000000000e+02 1.865315174156524591e+00
8.720000000000000000e+02 1.865342104993881200e+00
8.730000000000000000e+02 1.865369032079894795e+00
8.740000000000000000e+02 1.865395955414565599e+00
8.750000000000000000e+02 1.865422874997893610e+00
8.760000000000000000e+02 1.865449790829878607e+00
8.770000000000000000e+02 1.865476702910520812e+00
8.780000000000000000e+02 1.865503611239820225e+00
8.790000000000000000e+02 1.865530515817776624e+00
8.800000000000000000e+02 1.865557416644390232e+00
8.810000000000000000e+02 1.865584313719661047e+00
8.820000000000000000e+02 1.865611207043588848e+00
8.830000000000000000e+02 1.865638096616173858e+00
8.840000000000000000e+02 1.865664982437416075e+00
8.850000000000000000e+02 1.865691864507315278e+00
8.860000000000000000e+02 1.865718742825871690e+00
8.870000000000000000e+02 1.865745617393085309e+00
8.880000000000000000e+02 1.865772488208955915e+00
8.890000000000000000e+02 1.865799355273483728e+00
8.900000000000000000e+02 1.865826218586668750e+00
8.910000000000000000e+02 1.865853078148510757e+00
8.920000000000000000e+02 1.865879933959009973e+00
8.930000000000000000e+02 1.865906786018166397e+00
8.940000000000000000e+02 1.865933634325979806e+00
8.950000000000000000e+02 1.865960478882450424e+00
8.960000000000000000e+02 1.865987319687578028e+00
8.970000000000000000e+02 1.866014156741363061e+00
8.980000000000000000e+02 1.866040990043805081e+00
8.990000000000000000e+02 1.866067819594904087e+00
9.000000000000000000e+02 1.866094645394660523e+00
9.010000000000000000e+02 1.866121467443073945e+00
9.020000000000000000e+02 1.866148285740144352e+00
9.030000000000000000e+02 1.866175100285872190e+00
9.040000000000000000e+02 1.866201911080257014e+00
9.050000000000000000e+02 1.866228718123298824e+00
9.060000000000000000e+02 1.866255521414997842e+00
9.070000000000000000e+02 1.866282320955354068e+00
9.080000000000000000e+02 1.866309116744367502e+00
9.090000000000000000e+02 1.866335908782037922e+00
9.100000000000000000e+02 1.866362697068365550e+00
9.110000000000000000e+02 1.866389481603350387e+00
9.120000000000000000e+02 1.866416262386992209e+00
9.130000000000000000e+02 1.866443039419291239e+00
9.140000000000000000e+02 1.866469812700247477e+00
9.150000000000000000e+02 1.866496582229860701e+00
9.160000000000000000e+02 1.866523348008131133e+00
9.170000000000000000e+02 1.866550110035058552e+00
9.180000000000000000e+02 1.866576868310643400e+00
9.190000000000000000e+02 1.866603622834885234e+00
9.200000000000000000e+02 1.866630373607784055e+00
9.210000000000000000e+02 1.866657120629340305e+00
9.220000000000000000e+02 1.866683863899553319e+00
9.230000000000000000e+02 1.866710603418423764e+00
9.240000000000000000e+02 1.866737339185951194e+00
9.250000000000000000e+02 1.866764071202135833e+00
9.260000000000000000e+02 1.866790799466977679e+00
9.270000000000000000e+02 1.866817523980476512e+00
9.280000000000000000e+02 1.866844244742632553e+00
9.290000000000000000e+02 1.866870961753445801e+00
9.300000000000000000e+02 1.866897675012916036e+00
9.310000000000000000e+02 1.866924384521043478e+00
9.320000000000000000e+02 1.866951090277827907e+00
9.330000000000000000e+02 1.866977792283269766e+00
9.340000000000000000e+02 1.867004490537368389e+00
9.350000000000000000e+02 1.867031185040124441e+00
9.360000000000000000e+02 1.867057875791537480e+00
9.370000000000000000e+02 1.867084562791607727e+00
9.380000000000000000e+02 1.867111246040335182e+00
9.390000000000000000e+02 1.867137925537719623e+00
9.400000000000000000e+02 1.867164601283761272e+00
9.410000000000000000e+02 1.867191273278459906e+00
9.420000000000000000e+02 1.867217941521815971e+00
9.430000000000000000e+02 1.867244606013829022e+00
9.440000000000000000e+02 1.867271266754499059e+00
9.450000000000000000e+02 1.867297923743826304e+00
9.460000000000000000e+02 1.867324576981810758e+00
9.470000000000000000e+02 1.867351226468452419e+00
9.480000000000000000e+02 1.867377872203751066e+00
9.490000000000000000e+02 1.867404514187706921e+00
9.500000000000000000e+02 1.867431152420319762e+00
9.510000000000000000e+02 1.867457786901590033e+00
9.520000000000000000e+02 1.867484417631517069e+00
9.530000000000000000e+02 1.867511044610101534e+00
9.540000000000000000e+02 1.867537667837342985e+00
9.550000000000000000e+02 1.867564287313241644e+00
9.560000000000000000e+02 1.867590903037797512e+00
9.570000000000000000e+02 1.867617515011010365e+00
9.580000000000000000e+02 1.867644123232880426e+00
9.590000000000000000e+02 1.867670727703407474e+00
9.600000000000000000e+02 1.867697328422591729e+00
9.610000000000000000e+02 1.867723925390433193e+00
9.620000000000000000e+02 1.867750518606931864e+00
9.630000000000000000e+02 1.867777108072087522e+00
9.640000000000000000e+02 1.867803693785900387e+00
9.650000000000000000e+02 1.867830275748370239e+00
9.660000000000000000e+02 1.867856853959497521e+00
9.670000000000000000e+02 1.867883428419281566e+00
9.680000000000000000e+02 1.867909999127723042e+00
9.690000000000000000e+02 1.867936566084821504e+00
9.700000000000000000e+02 1.867963129290577173e+00
9.710000000000000000e+02 1.867989688744989829e+00
9.720000000000000000e+02 1.868016244448059915e+00
9.730000000000000000e+02 1.868042796399786765e+00
9.740000000000000000e+02 1.868069344600171044e+00
9.750000000000000000e+02 1.868095889049212310e+00
9.760000000000000000e+02 1.868122429746910784e+00
9.770000000000000000e+02 1.868148966693266466e+00
9.780000000000000000e+02 1.868175499888279134e+00
9.790000000000000000e+02 1.868202029331949010e+00
9.800000000000000000e+02 1.868228555024275872e+00
9.810000000000000000e+02 1.868255076965259942e+00
9.820000000000000000e+02 1.868281595154901220e+00
9.830000000000000000e+02 1.868308109593199484e+00
9.840000000000000000e+02 1.868334620280155178e+00
9.850000000000000000e+02 1.868361127215767636e+00
9.860000000000000000e+02 1.868387630400037525e+00
9.870000000000000000e+02 1.868414129832964399e+00
9.880000000000000000e+02 1.868440625514548481e+00
9.890000000000000000e+02 1.868467117444789549e+00
9.900000000000000000e+02 1.868493605623688048e+00
9.910000000000000000e+02 1.868520090051243310e+00
9.920000000000000000e+02 1.868546570727456002e+00
9.930000000000000000e+02 1.868573047652325680e+00
9.940000000000000000e+02 1.868599520825852567e+00
9.950000000000000000e+02 1.868625990248036439e+00
9.960000000000000000e+02 1.868652455918877520e+00
9.970000000000000000e+02 1.868678917838375808e+00
9.980000000000000000e+02 1.868705376006531305e+00
9.990000000000000000e+02 1.868731830423343787e+00
1.000000000000000000e+03 1.868758281088813478e+00
1.001000000000000000e+03 1.868784728002940154e+00
1.002000000000000000e+03 1.868811171165724039e+00
1.003000000000000000e+03 1.868837610577165131e+00
1.004000000000000000e+03 1.868864046237263210e+00
1.005000000000000000e+03 1.868890478146018719e+00
1.006000000000000000e+03 1.868916906303430991e+00
1.007000000000000000e+03 1.868943330709500694e+00
1.008000000000000000e+03 1.868969751364227383e+00
1.009000000000000000e+03 1.868996168267611280e+00
1.010000000000000000e+03 1.869022581419652163e+00
1.011000000000000000e+03 1.869048990820350253e+00
1.012000000000000000e+03 1.869075396469705552e+00
1.013000000000000000e+03 1.869101798367717837e+00
1.014000000000000000e+03 1.869128196514387552e+00
1.015000000000000000e+03 1.869154590909714031e+00
1.016000000000000000e+03 1.869180981553697940e+00
1.017000000000000000e+03 1.869207368446338835e+00
1.018000000000000000e+03 1.869233751587636938e+00
1.019000000000000000e+03 1.869260130977592027e+00
