# order=3: data_wav [pixel], data_wavsolution [micron]
3.000000000000000000e+00 1.423051936141039420e+00
4.000000000000000000e+00 1.423075665179126759e+00
5.000000000000000000e+00 1.423099391068234354e+00
6.000000000000000000e+00 1.423123113808362428e+00
7.000000000000000000e+00 1.423146833399510536e+00
8.000000000000000000e+00 1.423170549841678900e+00
9.000000000000000000e+00 1.423194263134867743e+00
1.000000000000000000e+01 1.423217973279076620e+00
1.100000000000000000e+01 1.423241680274305976e+00
1.200000000000000000e+01 1.423265384120555588e+00
1.300000000000000000e+01 1.423289084817825456e+00
1.400000000000000000e+01 1.423312782366115581e+00
1.500000000000000000e+01 1.423336476765425962e+00
1.600000000000000000e+01 1.423360168015756599e+00
1.700000000000000000e+01 1.423383856117107493e+00
1.800000000000000000e+01 1.423407541069478643e+00
1.900000000000000000e+01 1.423431222872870272e+00
2.000000000000000000e+01 1.423454901527281935e+00
2.100000000000000000e+01 1.423478577032713854e+00
2.200000000000000000e+01 1.423502249389166252e+00
2.300000000000000000e+01 1.423525918596638906e+00
2.400000000000000000e+01 1.423549584655131595e+00
2.500000000000000000e+01 1.423573247564644761e+00
2.600000000000000000e+01 1.423596907325178185e+00
2.700000000000000000e+01 1.423620563936731864e+00
2.800000000000000000e+01 1.423644217399305800e+00
2.900000000000000000e+01 1.423667867712899993e+00
3.000000000000000000e+01 1.423691514877514441e+00
3.100000000000000000e+01 1.423715158893149368e+00
3.200000000000000000e+01 1.423738799759804330e+00
3.300000000000000000e+01 1.423762437477479770e+00
3.400000000000000000e+01 1.423786072046175244e+00
3.500000000000000000e+01 1.423809703465891197e+00
3.600000000000000000e+01 1.423833331736627184e+00
3.700000000000000000e+01 1.423856956858383649e+00
3.800000000000000000e+01 1.423880578831160371e+00
3.900000000000000000e+01 1.423904197654957349e+00
4.000000000000000000e+01 1.423927813329774583e+00
4.100000000000000000e+01 1.423951425855612074e+00
4.200000000000000000e+01 1.423975035232469821e+00
4.300000000000000000e+01 1.423998641460347825e+00
4.400000000000000000e+01 1.424022244539246307e+00
4.500000000000000000e+01 1.424045844469164823e+00
4.600000000000000000e+01 1.424069441250103818e+00
4.700000000000000000e+01 1.424093034882062847e+00
4.800000000000000000e+01 1.424116625365042355e+00
4.900000000000000000e+01 1.424140212699042118e+00
5.000000000000000000e+01 1.424163796884061917e+00
5.100000000000000000e+01 1.424187377920102193e+00
5.200000000000000000e+01 1.424210955807162726e+00
5.300000000000000000e+01 1.424234530545243516e+00
5.400000000000000000e+01 1.424258102134344561e+00
5.500000000000000000e+01 1.424281670574466085e+00
5.600000000000000000e+01 1.424305235865607644e+00
5.700000000000000000e+01 1.424328798007769459e+00
5.800000000000000000e+01 1.424352357000951752e+00
5.900000000000000000e+01 1.424375912845154080e+00
6.000000000000000000e+01 1.424399465540376886e+00
6.100000000000000000e+01 1.424423015086619726e+00
6.200000000000000000e+01 1.424446561483883045e+00
6.300000000000000000e+01 1.424470104732166620e+00
6.400000000000000000e+01 1.424493644831470451e+00
6.500000000000000000e+01 1.424517181781794539e+00
6.600000000000000000e+01 1.424540715583138883e+00
6.700000000000000000e+01 1.424564246235503484e+00
6.800000000000000000e+01 1.424587773738888341e+00
6.900000000000000000e+01 1.424611298093293676e+00
7.000000000000000000e+01 1.424634819298719046e+00
7.100000000000000000e+01 1.424658337355164894e+00
7.200000000000000000e+01 1.424681852262630777e+00
7.300000000000000000e+01 1.424705364021117138e+00
7.400000000000000000e+01 1.424728872630623533e+00
7.500000000000000000e+01 1.424752378091150407e+00
7.600000000000000000e+01 1.424775880402697537e+00
7.700000000000000000e+01 1.424799379565264923e+00
7.800000000000000000e+01 1.424822875578852566e+00
7.900000000000000000e+01 1.424846368443460465e+00
8.000000000000000000e+01 1.424869858159088620e+00
8.100000000000000000e+01 1.424893344725737254e+00
8.200000000000000000e+01 1.424916828143405922e+00
8.300000000000000000e+01 1.424940308412095069e+00
8.400000000000000000e+01 1.424963785531804250e+00
8.500000000000000000e+01 1.424987259502533909e+00
8.600000000000000000e+01 1.425010730324283603e+00
8.700000000000000000e+01 1.425034197997053775e+00
8.800000000000000000e+01 1.425057662520844204e+00
8.900000000000000000e+01 1.425081123895654889e+00
9.000000000000000000e+01 1.425104582121485830e+00
9.100000000000000000e+01 1.425128037198337028e+00
9.200000000000000000e+01 1.425151489126208482e+00
9.300000000000000000e+01 1.425174937905100192e+00
9.400000000000000000e+01 1.425198383535012381e+00
9.500000000000000000e+01 1.425221826015944604e+00
9.600000000000000000e+01 1.425245265347897083e+00
9.700000000000000000e+01 1.425268701530870041e+00
9.800000000000000000e+01 1.425292134564863256e+00
9.900000000000000000e+01 1.425315564449876504e+00
1.000000000000000000e+02 1.425338991185910231e+00
1.010000000000000000e+02 1.425362414772964215e+00
1.020000000000000000e+02 1.425385835211038454e+00
1.030000000000000000e+02 1.425409252500132951e+00
1.040000000000000000e+02 1.425432666640247703e+00
1.050000000000000000e+02 1.425456077631382712e+00
1.060000000000000000e+02 1.425479485473538199e+00
1.070000000000000000e+02 1.425502890166713721e+00
1.080000000000000000e+02 1.425526291710909499e+00
1.090000000000000000e+02 1.425549690106125755e+00
1.100000000000000000e+02 1.425573085352362046e+00
1.110000000000000000e+02 1.425596477449618815e+00
1.120000000000000000e+02 1.425619866397895841e+00
1.130000000000000000e+02 1.425643252197193123e+00
1.140000000000000000e+02 1.425666634847510661e+00
1.150000000000000000e+02 1.425690014348848456e+00
1.160000000000000000e+02 1.425713390701206507e+00
1.170000000000000000e+02 1.425736763904584814e+00
1.180000000000000000e+02 1.425760133958983378e+00
1.190000000000000000e+02 1.425783500864402198e+00
1.200000000000000000e+02 1.425806864620841496e+00
1.210000000000000000e+02 1.425830225228300829e+00
1.220000000000000000e+02 1.425853582686780641e+00
1.230000000000000000e+02 1.425876936996280486e+00
1.240000000000000000e+02 1.425900288156800810e+00
1.250000000000000000e+02 1.425923636168341391e+00
1.260000000000000000e+02 1.425946981030902228e+00
1.270000000000000000e+02 1.425970322744483321e+00
1.280000000000000000e+02 1.425993661309084670e+00
1.290000000000000000e+02 1.426016996724706276e+00
1.300000000000000000e+02 1.426040328991348138e+00
1.310000000000000000e+02 1.426063658109010257e+00
1.320000000000000000e+02 1.426086984077692854e+00
1.330000000000000000e+02 1.426110306897395485e+00
1.340000000000000000e+02 1.426133626568118595e+00
1.350000000000000000e+02 1.426156943089861739e+00
1.360000000000000000e+02 1.426180256462625362e+00
1.370000000000000000e+02 1.426203566686409241e+00
1.380000000000000000e+02 1.426226873761213154e+00
1.390000000000000000e+02 1.426250177687037546e+00
1.400000000000000000e+02 1.426273478463882194e+00
1.410000000000000000e+02 1.426296776091747098e+00
1.420000000000000000e+02 1.426320070570632481e+00
1.430000000000000000e+02 1.426343361900537898e+00
1.440000000000000000e+02 1.426366650081463572e+00
1.450000000000000000e+02 1.426389935113409502e+00
1.460000000000000000e+02 1.426413216996375910e+00
1.470000000000000000e+02 1.426436495730362353e+00
1.480000000000000000e+02 1.426459771315369274e+00
1.490000000000000000e+02 1.426483043751396451e+00
1.500000000000000000e+02 1.426506313038443885e+00
1.510000000000000000e+02 1.426529579176511353e+00
1.520000000000000000e+02 1.426552842165599300e+00
1.530000000000000000e+02 1.426576102005707503e+00
1.540000000000000000e+02 1.426599358696835962e+00
1.550000000000000000e+02 1.426622612238984900e+00
1.560000000000000000e+02 1.426645862632153872e+00
1.570000000000000000e+02 1.426669109876343100e+00
1.580000000000000000e+02 1.426692353971552807e+00
1.590000000000000000e+02 1.426715594917782548e+00
1.600000000000000000e+02 1.426738832715032768e+00
1.610000000000000000e+02 1.426762067363303021e+00
1.620000000000000000e+02 1.426785298862593754e+00
1.630000000000000000e+02 1.426808527212904742e+00
1.640000000000000000e+02 1.426831752414235988e+00
1.650000000000000000e+02 1.426854974466587489e+00
1.660000000000000000e+02 1.426878193369959247e+00
1.670000000000000000e+02 1.426901409124351261e+00
1.680000000000000000e+02 1.426924621729763532e+00
1.690000000000000000e+02 1.426947831186196280e+00
1.700000000000000000e+02 1.426971037493649064e+00
1.710000000000000000e+02 1.426994240652122103e+00
1.720000000000000000e+02 1.427017440661615622e+00
1.730000000000000000e+02 1.427040637522129396e+00
1.740000000000000000e+02 1.427063831233663205e+00
1.750000000000000000e+02 1.427087021796217492e+00
1.760000000000000000e+02 1.427110209209792036e+00
1.770000000000000000e+02 1.427133393474386835e+00
1.780000000000000000e+02 1.427156574590001892e+00
1.790000000000000000e+02 1.427179752556637204e+00
1.800000000000000000e+02 1.427202927374292774e+00
1.810000000000000000e+02 1.427226099042968599e+00
1.820000000000000000e+02 1.427249267562664903e+00
1.830000000000000000e+02 1.427272432933381241e+00
1.840000000000000000e+02 1.427295595155118058e+00
1.850000000000000000e+02 1.427318754227874908e+00
1.860000000000000000e+02 1.427341910151652238e+00
1.870000000000000000e+02 1.427365062926449824e+00
1.880000000000000000e+02 1.427388212552267444e+00
1.890000000000000000e+02 1.427411359029105542e+00
1.900000000000000000e+02 1.427434502356963897e+00
1.910000000000000000e+02 1.427457642535842508e+00
1.920000000000000000e+02 1.427480779565741598e+00
1.930000000000000000e+02 1.427503913446660722e+00
1.940000000000000000e+02 1.427527044178600102e+00
1.950000000000000000e+02 1.427550171761559739e+00
1.960000000000000000e+02 1.427573296195539854e+00
1.970000000000000000e+02 1.427596417480540003e+00
1.980000000000000000e+02 1.427619535616560631e+00
1.990000000000000000e+02 1.427642650603601515e+00
2.000000000000000000e+02 1.427665762441662434e+00
2.010000000000000000e+02 1.427688871130743831e+00
2.020000000000000000e+02 1.427711976670845484e+00
2.030000000000000000e+02 1.427735079061967394e+00
2.040000000000000000e+02 1.427758178304109560e+00
2.050000000000000000e+02 1.427781274397272204e+00
2.060000000000000000e+02 1.427804367341454883e+00
2.070000000000000000e+02 1.427827457136657818e+00
2.080000000000000000e+02 1.427850543782881232e+00
2.090000000000000000e+02 1.427873627280124680e+00
2.100000000000000000e+02 1.427896707628388606e+00
2.110000000000000000e+02 1.427919784827672567e+00
2.120000000000000000e+02 1.427942858877977006e+00
2.130000000000000000e+02 1.427965929779301701e+00
2.140000000000000000e+02 1.427988997531646653e+00
2.150000000000000000e+02 1.428012062135011861e+00
2.160000000000000000e+02 1.428035123589397326e+00
2.170000000000000000e+02 1.428058181894803047e+00
2.180000000000000000e+02 1.428081237051229024e+00
2.190000000000000000e+02 1.428104289058675258e+00
2.200000000000000000e+02 1.428127337917141970e+00
2.210000000000000000e+02 1.428150383626628717e+00
2.220000000000000000e+02 1.428173426187135941e+00
2.230000000000000000e+02 1.428196465598663201e+00
2.240000000000000000e+02 1.428219501861210938e+00
2.250000000000000000e+02 1.428242534974778932e+00
2.260000000000000000e+02 1.428265564939367183e+00
2.270000000000000000e+02 1.428288591754975689e+00
2.280000000000000000e+02 1.428311615421604452e+00
2.290000000000000000e+02 1.428334635939253472e+00
2.300000000000000000e+02 1.428357653307922748e+00
2.310000000000000000e+02 1.428380667527612280e+00
2.320000000000000000e+02 1.428403678598322069e+00
2.330000000000000000e+02 1.428426686520052336e+00
2.340000000000000000e+02 1.428449691292802637e+00
2.350000000000000000e+02 1.428472692916573417e+00
2.360000000000000000e+02 1.428495691391364453e+00
2.370000000000000000e+02 1.428518686717175523e+00
2.380000000000000000e+02 1.428541678894007072e+00
2.390000000000000000e+02 1.428564667921858877e+00
2.400000000000000000e+02 1.428587653800730939e+00
2.410000000000000000e+02 1.428610636530623257e+00
2.420000000000000000e+02 1.428633616111535831e+00
2.430000000000000000e+02 1.428656592543468662e+00
2.440000000000000000e+02 1.428679565826421971e+00
2.450000000000000000e+02 1.428702535960395315e+00
2.460000000000000000e+02 1.428725502945388914e+00
2.470000000000000000e+02 1.428748466781402993e+00
2.480000000000000000e+02 1.428771427468437327e+00
2.490000000000000000e+02 1.428794385006491696e+00
2.500000000000000000e+02 1.428817339395566544e+00
2.510000000000000000e+02 1.428840290635661647e+00
2.520000000000000000e+02 1.428863238726777007e+00
2.530000000000000000e+02 1.428886183668912624e+00
2.540000000000000000e+02 1.428909125462068497e+00
2.550000000000000000e+02 1.428932064106244626e+00
2.560000000000000000e+02 1.428954999601441012e+00
2.570000000000000000e+02 1.428977931947657876e+00
2.580000000000000000e+02 1.429000861144894774e+00
2.590000000000000000e+02 1.429023787193151929e+00
2.600000000000000000e+02 1.429046710092429562e+00
2.610000000000000000e+02 1.429069629842727451e+00
2.620000000000000000e+02 1.429092546444045375e+00
2.630000000000000000e+02 1.429115459896383777e+00
2.640000000000000000e+02 1.429138370199742436e+00
2.650000000000000000e+02 1.429161277354121351e+00
2.660000000000000000e+02 1.429184181359520522e+00
2.670000000000000000e+02 1.429207082215939950e+00
2.680000000000000000e+02 1.429229979923379634e+00
2.690000000000000000e+02 1.429252874481839797e+00
2.700000000000000000e+02 1.429275765891319994e+00
2.710000000000000000e+02 1.429298654151820447e+00
2.720000000000000000e+02 1.429321539263341379e+00
2.730000000000000000e+02 1.429344421225882567e+00
2.740000000000000000e+02 1.429367300039443789e+00
2.750000000000000000e+02 1.429390175704025490e+00
2.760000000000000000e+02 1.429413048219627447e+00
2.770000000000000000e+02 1.429435917586249660e+00
2.780000000000000000e+02 1.429458783803892130e+00
2.790000000000000000e+02 1.429481646872554856e+00
2.800000000000000000e+02 1.429504506792237839e+00
2.810000000000000000e+02 1.429527363562941078e+00
2.820000000000000000e+02 1.429550217184664795e+00
2.830000000000000000e+02 1.429573067657408547e+00
2.840000000000000000e+02 1.429595914981172555e+00
2.850000000000000000e+02 1.429618759155957042e+00
2.860000000000000000e+02 1.429641600181761785e+00
2.870000000000000000e+02 1.429664438058586562e+00
2.880000000000000000e+02 1.429687272786431818e+00
2.890000000000000000e+02 1.429710104365297330e+00
2.900000000000000000e+02 1.429732932795183098e+00
2.910000000000000000e+02 1.429755758076089123e+00
2.920000000000000000e+02 1.429778580208015404e+00
2.930000000000000000e+02 1.429801399190961941e+00
2.940000000000000000e+02 1.429824215024928957e+00
2.950000000000000000e+02 1.429847027709916008e+00
2.960000000000000000e+02 1.429869837245923314e+00
2.970000000000000000e+02 1.429892643632951099e+00
2.980000000000000000e+02 1.429915446870999141e+00
2.990000000000000000e+02 1.429938246960067216e+00
3.000000000000000000e+02 1.429961043900155770e+00
3.010000000000000000e+02 1.429983837691264581e+00
3.020000000000000000e+02 1.430006628333393648e+00
3.030000000000000000e+02 1.430029415826542971e+00
3.040000000000000000e+02 1.430052200170712551e+00
3.050000000000000000e+02 1.430074981365902387e+00
3.060000000000000000e+02 1.430097759412112479e+00
3.070000000000000000e+02 1.430120534309343050e+00
3.080000000000000000e+02 1.430143306057593655e+00
3.090000000000000000e+02 1.430166074656864517e+00
3.100000000000000000e+02 1.430188840107155857e+00
3.110000000000000000e+02 1.430211602408467453e+00
3.120000000000000000e+02 1.430234361560799083e+00
3.130000000000000000e+02 1.430257117564151192e+00
3.140000000000000000e+02 1.430279870418523558e+00
3.150000000000000000e+02 1.430302620123916180e+00
3.160000000000000000e+02 1.430325366680329058e+00
3.170000000000000000e+02 1.430348110087762192e+00
3.180000000000000000e+02 1.430370850346215583e+00
3.190000000000000000e+02 1.430393587455689453e+00
3.200000000000000000e+02 1.430416321416183356e+00
3.210000000000000000e+02 1.430439052227697516e+00
3.220000000000000000e+02 1.430461779890232155e+00
3.230000000000000000e+02 1.430484504403786827e+00
3.240000000000000000e+02 1.430507225768361979e+00
3.250000000000000000e+02 1.430529943983957386e+00
3.260000000000000000e+02 1.430552659050573050e+00
3.270000000000000000e+02 1.430575370968208970e+00
3.280000000000000000e+02 1.430598079736865147e+00
3.290000000000000000e+02 1.430620785356541580e+00
3.300000000000000000e+02 1.430643487827238269e+00
3.310000000000000000e+02 1.430666187148955215e+00
3.320000000000000000e+02 1.430688883321692417e+00
3.330000000000000000e+02 1.430711576345450098e+00
3.340000000000000000e+02 1.430734266220227813e+00
3.350000000000000000e+02 1.430756952946026006e+00
3.360000000000000000e+02 1.430779636522844234e+00
3.370000000000000000e+02 1.430802316950682940e+00
3.380000000000000000e+02 1.430824994229541902e+00
3.390000000000000000e+02 1.430847668359421121e+00
3.400000000000000000e+02 1.430870339340320596e+00
3.410000000000000000e+02 1.430893007172240328e+00
3.420000000000000000e+02 1.430915671855180316e+00
3.430000000000000000e+02 1.430938333389140560e+00
3.440000000000000000e+02 1.430960991774121061e+00
3.450000000000000000e+02 1.430983647010122040e+00
3.460000000000000000e+02 1.431006299097143053e+00
3.470000000000000000e+02 1.431028948035184545e+00
3.480000000000000000e+02 1.431051593824246071e+00
3.490000000000000000e+02 1.431074236464328076e+00
3.500000000000000000e+02 1.431096875955430336e+00
3.510000000000000000e+02 1.431119512297552632e+00
3.520000000000000000e+02 1.431142145490695405e+00
3.530000000000000000e+02 1.431164775534858435e+00
3.540000000000000000e+02 1.431187402430041722e+00
3.550000000000000000e+02 1.431210026176245265e+00
3.560000000000000000e+02 1.431232646773469286e+00
3.570000000000000000e+02 1.431255264221713341e+00
3.580000000000000000e+02 1.431277878520977653e+00
3.590000000000000000e+02 1.431300489671262444e+00
3.600000000000000000e+02 1.431323097672567268e+00
3.610000000000000000e+02 1.431345702524892571e+00
3.620000000000000000e+02 1.431368304228238131e+00
3.630000000000000000e+02 1.431390902782603947e+00
3.640000000000000000e+02 1.431413498187989797e+00
3.650000000000000000e+02 1.431436090444396125e+00
3.660000000000000000e+02 1.431458679551822710e+00
3.670000000000000000e+02 1.431481265510269552e+00
3.680000000000000000e+02 1.431503848319736871e+00
3.690000000000000000e+02 1.431526427980224225e+00
3.700000000000000000e+02 1.431549004491731836e+00
3.710000000000000000e+02 1.431571577854259925e+00
3.720000000000000000e+02 1.431594148067808048e+00
3.730000000000000000e+02 1.431616715132376649e+00
3.740000000000000000e+02 1.431639279047965285e+00
3.750000000000000000e+02 1.431661839814574400e+00
3.760000000000000000e+02 1.431684397432203770e+00
3.770000000000000000e+02 1.431706951900853397e+00
3.780000000000000000e+02 1.431729503220523281e+00
3.790000000000000000e+02 1.431752051391213421e+00
3.800000000000000000e+02 1.431774596412923817e+00
3.810000000000000000e+02 1.431797138285654469e+00
3.820000000000000000e+02 1.431819677009405600e+00
3.830000000000000000e+02 1.431842212584176766e+00
3.840000000000000000e+02 1.431864745009968187e+00
3.850000000000000000e+02 1.431887274286780087e+00
3.860000000000000000e+02 1.431909800414612244e+00
3.870000000000000000e+02 1.431932323393464435e+00
3.880000000000000000e+02 1.431954843223337104e+00
3.890000000000000000e+02 1.431977359904230029e+00
3.900000000000000000e+02 1.431999873436143211e+00
3.910000000000000000e+02 1.432022383819076650e+00
3.920000000000000000e+02 1.432044891053030344e+00
3.930000000000000000e+02 1.432067395138004295e+00
3.940000000000000000e+02 1.432089896073998503e+00
3.950000000000000000e+02 1.432112393861013189e+00
3.960000000000000000e+02 1.432134888499047909e+00
3.970000000000000000e+02 1.432157379988103107e+00
3.980000000000000000e+02 1.432179868328178340e+00
3.990000000000000000e+02 1.432202353519274052e+00
4.000000000000000000e+02 1.432224835561390019e+00
4.010000000000000000e+02 1.432247314454526022e+00
4.020000000000000000e+02 1.432269790198682502e+00
4.030000000000000000e+02 1.432292262793859239e+00
4.040000000000000000e+02 1.432314732240056232e+00
4.050000000000000000e+02 1.432337198537273704e+00
4.060000000000000000e+02 1.432359661685511210e+00
4.070000000000000000e+02 1.432382121684768972e+00
4.080000000000000000e+02 1.432404578535046991e+00
4.090000000000000000e+02 1.432427032236345488e+00
4.100000000000000000e+02 1.432449482788664019e+00
4.110000000000000000e+02 1.432471930192003029e+00
4.120000000000000000e+02 1.432494374446362295e+00
4.130000000000000000e+02 1.432516815551741818e+00
4.140000000000000000e+02 1.432539253508141375e+00
4.150000000000000000e+02 1.432561688315561410e+00
4.160000000000000000e+02 1.432584119974001702e+00
4.170000000000000000e+02 1.432606548483462250e+00
4.180000000000000000e+02 1.432628973843943276e+00
4.190000000000000000e+02 1.432651396055444337e+00
4.200000000000000000e+02 1.432673815117965654e+00
4.210000000000000000e+02 1.432696231031507450e+00
4.220000000000000000e+02 1.432718643796069280e+00
4.230000000000000000e+02 1.432741053411651588e+00
4.240000000000000000e+02 1.432763459878253931e+00
4.250000000000000000e+02 1.432785863195876752e+00
4.260000000000000000e+02 1.432808263364519830e+00
4.270000000000000000e+02 1.432830660384183163e+00
4.280000000000000000e+02 1.432853054254866754e+00
4.290000000000000000e+02 1.432875444976570600e+00
4.300000000000000000e+02 1.432897832549294703e+00
4.310000000000000000e+02 1.432920216973039063e+00
4.320000000000000000e+02 1.432942598247803678e+00
4.330000000000000000e+02 1.432964976373588772e+00
4.340000000000000000e+02 1.432987351350393901e+00
4.350000000000000000e+02 1.433009723178219508e+00
4.360000000000000000e+02 1.433032091857065149e+00
4.370000000000000000e+02 1.433054457386931269e+00
4.380000000000000000e+02 1.433076819767817645e+00
4.390000000000000000e+02 1.433099178999724277e+00
4.400000000000000000e+02 1.433121535082651166e+00
4.410000000000000000e+02 1.433143888016598311e+00
4.420000000000000000e+02 1.433166237801565712e+00
4.430000000000000000e+02 1.433188584437553370e+00
4.440000000000000000e+02 1.433210927924561284e+00
4.450000000000000000e+02 1.433233268262589455e+00
4.460000000000000000e+02 1.433255605451638104e+00
4.470000000000000000e+02 1.433277939491706787e+00
4.480000000000000000e+02 1.433300270382795949e+00
4.490000000000000000e+02 1.433322598124905367e+00
4.500000000000000000e+02 1.433344922718034820e+00
4.510000000000000000e+02 1.433367244162184750e+00
4.520000000000000000e+02 1.433389562457354938e+00
4.530000000000000000e+02 1.433411877603545381e+00
4.540000000000000000e+02 1.433434189600756081e+00
4.550000000000000000e+02 1.433456498448987038e+00
4.560000000000000000e+02 1.433478804148238250e+00
4.570000000000000000e+02 1.433501106698509941e+00
4.580000000000000000e+02 1.433523406099801667e+00
4.590000000000000000e+02 1.433545702352113649e+00
4.600000000000000000e+02 1.433567995455446109e+00
4.610000000000000000e+02 1.433590285409798826e+00
4.620000000000000000e+02 1.433612572215171577e+00
4.630000000000000000e+02 1.433634855871564806e+00
4.640000000000000000e+02 1.433657136378978292e+00
4.650000000000000000e+02 1.433679413737412034e+00
4.660000000000000000e+02 1.433701687946866032e+00
4.670000000000000000e+02 1.433723959007340287e+00
4.680000000000000000e+02 1.433746226918834799e+00
4.690000000000000000e+02 1.433768491681349566e+00
4.700000000000000000e+02 1.433790753294884812e+00
4.710000000000000000e+02 1.433813011759440093e+00
4.720000000000000000e+02 1.433835267075015851e+00
4.730000000000000000e+02 1.433857519241611644e+00
4.740000000000000000e+02 1.433879768259227916e+00
4.750000000000000000e+02 1.433902014127864222e+00
4.760000000000000000e+02 1.433924256847521006e+00
4.770000000000000000e+02 1.433946496418198047e+00
4.780000000000000000e+02 1.433968732839895344e+00
4.790000000000000000e+02 1.433990966112612897e+00
4.800000000000000000e+02 1.434013196236350707e+00
4.810000000000000000e+02 1.434035423211108773e+00
4.820000000000000000e+02 1.434057647036887317e+00
4.830000000000000000e+02 1.434079867713685896e+00
4.840000000000000000e+02 1.434102085241504954e+00
4.850000000000000000e+02 1.434124299620344045e+00
4.860000000000000000e+02 1.434146510850203615e+00
4.870000000000000000e+02 1.434168718931083220e+00
4.880000000000000000e+02 1.434190923862983302e+00
4.890000000000000000e+02 1.434213125645903641e+00
4.900000000000000000e+02 1.434235324279844237e+00
4.910000000000000000e+02 1.434257519764805089e+00
4.920000000000000000e+02 1.434279712100786197e+00
4.930000000000000000e+02 1.434301901287787562e+00
4.940000000000000000e+02 1.434324087325809183e+00
4.950000000000000000e+02 1.434346270214851282e+00
4.960000000000000000e+02 1.434368449954913416e+00
4.970000000000000000e+02 1.434390626545996028e+00
4.980000000000000000e+02 1.434412799988098675e+00
4.990000000000000000e+02 1.434434970281221799e+00
5.000000000000000000e+02 1.434457137425365181e+00
5.010000000000000000e+02 1.434479301420528596e+00
5.020000000000000000e+02 1.434501462266712490e+00
5.030000000000000000e+02 1.434523619963916641e+00
5.040000000000000000e+02 1.434545774512141048e+00
5.050000000000000000e+02 1.434567925911385711e+00
5.060000000000000000e+02 1.434590074161650852e+00
5.070000000000000000e+02 1.434612219262936028e+00
5.080000000000000000e+02 1.434634361215241460e+00
5.090000000000000000e+02 1.434656500018567371e+00
5.100000000000000000e+02 1.434678635672913316e+00
5.110000000000000000e+02 1.434700768178279739e+00
5.120000000000000000e+02 1.434722897534666197e+00
5.130000000000000000e+02 1.434745023742073133e+00
5.140000000000000000e+02 1.434767146800500326e+00
5.150000000000000000e+02 1.434789266709947775e+00
5.160000000000000000e+02 1.434811383470415480e+00
5.170000000000000000e+02 1.434833497081903442e+00
5.180000000000000000e+02 1.434855607544411660e+00
5.190000000000000000e+02 1.434877714857940134e+00
5.200000000000000000e+02 1.434899819022489087e+00
5.210000000000000000e+02 1.434921920038058074e+00
5.220000000000000000e+02 1.434944017904647540e+00
5.230000000000000000e+02 1.434966112622257040e+00
5.240000000000000000e+02 1.434988204190887018e+00
5.250000000000000000e+02 1.435010292610537030e+00
5.260000000000000000e+02 1.435032377881207521e+00
5.270000000000000000e+02 1.435054460002898269e+00
5.280000000000000000e+02 1.435076538975609273e+00
5.290000000000000000e+02 1.435098614799340533e+00
5.300000000000000000e+02 1.435120687474092049e+00
5.310000000000000000e+02 1.435142756999863822e+00
5.320000000000000000e+02 1.435164823376656074e+00
5.330000000000000000e+02 1.435186886604468359e+00
5.340000000000000000e+02 1.435208946683300901e+00
5.350000000000000000e+02 1.435231003613153922e+00
5.360000000000000000e+02 1.435253057394027199e+00
5.370000000000000000e+02 1.435275108025920510e+00
5.380000000000000000e+02 1.435297155508834299e+00
5.390000000000000000e+02 1.435319199842768345e+00
5.400000000000000000e+02 1.435341241027722647e+00
5.410000000000000000e+02 1.435363279063697206e+00
5.420000000000000000e+02 1.435385313950692021e+00
5.430000000000000000e+02 1.435407345688707093e+00
5.440000000000000000e+02 1.435429374277742420e+00
5.450000000000000000e+02 1.435451399717798004e+00
5.460000000000000000e+02 1.435473422008874067e+00
5.470000000000000000e+02 1.435495441150970164e+00
5.480000000000000000e+02 1.435517457144086739e+00
5.490000000000000000e+02 1.435539469988223571e+00
5.500000000000000000e+02 1.435561479683380437e+00
5.510000000000000000e+02 1.435583486229557781e+00
5.520000000000000000e+02 1.435605489626755382e+00
5.530000000000000000e+02 1.435627489874973239e+00
5.540000000000000000e+02 1.435649486974211353e+00
5.550000000000000000e+02 1.435671480924469723e+00
5.560000000000000000e+02 1.435693471725748349e+00
5.570000000000000000e+02 1.435715459378047232e+00
5.580000000000000000e+02 1.435737443881366593e+00
5.590000000000000000e+02 1.435759425235705988e+00
5.600000000000000000e+02 1.435781403441065862e+00
5.610000000000000000e+02 1.435803378497445770e+00
5.620000000000000000e+02 1.435825350404846157e+00
5.630000000000000000e+02 1.435847319163266800e+00
5.640000000000000000e+02 1.435869284772707699e+00
5.650000000000000000e+02 1.435891247233168633e+00
5.660000000000000000e+02 1.435913206544650045e+00
5.670000000000000000e+02 1.435935162707151935e+00
5.680000000000000000e+02 1.435957115720673860e+00
5.690000000000000000e+02 1.435979065585216041e+00
5.700000000000000000e+02 1.436001012300778479e+00
5.710000000000000000e+02 1.436022955867361395e+00
5.720000000000000000e+02 1.436044896284964345e+00
5.730000000000000000e+02 1.436066833553587774e+00
5.740000000000000000e+02 1.436088767673231237e+00
5.750000000000000000e+02 1.436110698643895178e+00
5.760000000000000000e+02 1.436132626465579376e+00
5.770000000000000000e+02 1.436154551138283830e+00
5.780000000000000000e+02 1.436176472662008541e+00
5.790000000000000000e+02 1.436198391036753508e+00
5.800000000000000000e+02 1.436220306262518731e+00
5.810000000000000000e+02 1.436242218339304211e+00
5.820000000000000000e+02 1.436264127267109947e+00
5.830000000000000000e+02 1.436286033045935939e+00
5.840000000000000000e+02 1.436307935675782410e+00
5.850000000000000000e+02 1.436329835156648915e+00
5.860000000000000000e+02 1.436351731488535899e+00
5.870000000000000000e+02 1.436373624671443139e+00
5.880000000000000000e+02 1.436395514705370413e+00
5.890000000000000000e+02 1.436417401590318166e+00
5.900000000000000000e+02 1.436439285326286175e+00
5.910000000000000000e+02 1.436461165913274440e+00
5.920000000000000000e+02 1.436483043351282962e+00
5.930000000000000000e+02 1.436504917640311740e+00
5.940000000000000000e+02 1.436526788780360997e+00
5.950000000000000000e+02 1.436548656771430288e+00
5.960000000000000000e+02 1.436570521613519835e+00
5.970000000000000000e+02 1.436592383306629861e+00
5.980000000000000000e+02 1.436614241850759921e+00
5.990000000000000000e+02 1.436636097245910459e+00
6.000000000000000000e+02 1.436657949492081254e+00
6.010000000000000000e+02 1.436679798589272083e+00
6.020000000000000000e+02 1.436701644537483391e+00
6.030000000000000000e+02 1.436723487336714955e+00
6.040000000000000000e+02 1.436745326986966775e+00
6.050000000000000000e+02 1.436767163488238852e+00
6.060000000000000000e+02 1.436788996840531185e+00
6.070000000000000000e+02 1.436810827043843997e+00
6.080000000000000000e+02 1.436832654098176842e+00
6.090000000000000000e+02 1.436854478003529945e+00
6.100000000000000000e+02 1.436876298759903525e+00
6.110000000000000000e+02 1.436898116367297362e+00
6.120000000000000000e+02 1.436919930825711234e+00
6.130000000000000000e+02 1.436941742135145583e+00
6.140000000000000000e+02 1.436963550295600189e+00
6.150000000000000000e+02 1.436985355307075052e+00
6.160000000000000000e+02 1.437007157169570171e+00
6.170000000000000000e+02 1.437028955883085546e+00
6.180000000000000000e+02 1.437050751447621177e+00
6.190000000000000000e+02 1.437072543863177065e+00
6.200000000000000000e+02 1.437094333129753210e+00
6.210000000000000000e+02 1.437116119247349832e+00
6.220000000000000000e+02 1.437137902215966490e+00
6.230000000000000000e+02 1.437159682035603625e+00
6.240000000000000000e+02 1.437181458706260795e+00
6.250000000000000000e+02 1.437203232227938443e+00
6.260000000000000000e+02 1.437225002600636348e+00
6.270000000000000000e+02 1.437246769824354509e+00
6.280000000000000000e+02 1.437268533899092926e+00
6.290000000000000000e+02 1.437290294824851600e+00
6.300000000000000000e+02 1.437312052601630530e+00
6.310000000000000000e+02 1.437333807229429716e+00
6.320000000000000000e+02 1.437355558708249159e+00
6.330000000000000000e+02 1.437377307038088858e+00
6.340000000000000000e+02 1.437399052218949036e+00
6.350000000000000000e+02 1.437420794250829248e+00
6.360000000000000000e+02 1.437442533133729938e+00
6.370000000000000000e+02 1.437464268867650885e+00
6.380000000000000000e+02 1.437486001452591866e+00
6.390000000000000000e+02 1.437507730888553326e+00
6.400000000000000000e+02 1.437529457175535041e+00
6.410000000000000000e+02 1.437551180313537014e+00
6.420000000000000000e+02 1.437572900302559242e+00
6.430000000000000000e+02 1.437594617142601727e+00
6.440000000000000000e+02 1.437616330833664469e+00
6.450000000000000000e+02 1.437638041375747688e+00
6.460000000000000000e+02 1.437659748768850942e+00
6.470000000000000000e+02 1.437681453012974675e+00
6.480000000000000000e+02 1.437703154108118442e+00
6.490000000000000000e+02 1.437724852054282687e+00
6.500000000000000000e+02 1.437746546851466967e+00
6.510000000000000000e+02 1.437768238499671725e+00
6.520000000000000000e+02 1.437789926998896739e+00
6.530000000000000000e+02 1.437811612349142010e+00
6.540000000000000000e+02 1.437833294550407537e+00
6.550000000000000000e+02 1.437854973602693320e+00
6.560000000000000000e+02 1.437876649505999360e+00
6.570000000000000000e+02 1.437898322260325656e+00
6.580000000000000000e+02 1.437919991865672431e+00
6.590000000000000000e+02 1.437941658322039240e+00
6.600000000000000000e+02 1.437963321629426527e+00
6.610000000000000000e+02 1.437984981787833849e+00
6.620000000000000000e+02 1.438006638797261649e+00
6.630000000000000000e+02 1.438028292657709706e+00
6.640000000000000000e+02 1.438049943369177797e+00
6.650000000000000000e+02 1.438071590931666366e+00
6.660000000000000000e+02 1.438093235345175191e+00
6.670000000000000000e+02 1.438114876609704273e+00
6.680000000000000000e+02 1.438136514725253612e+00
6.690000000000000000e+02 1.438158149691823429e+00
6.700000000000000000e+02 1.438179781509413280e+00
6.710000000000000000e+02 1.438201410178023387e+00
6.720000000000000000e+02 1.438223035697653973e+00
6.730000000000000000e+02 1.438244658068304593e+00
6.740000000000000000e+02 1.438266277289975692e+00
6.750000000000000000e+02 1.438287893362667047e+00
6.760000000000000000e+02 1.438309506286378436e+00
6.770000000000000000e+02 1.438331116061110304e+00
6.780000000000000000e+02 1.438352722686862428e+00
6.790000000000000000e+02 1.438374326163634809e+00
6.800000000000000000e+02 1.438395926491427446e+00
6.810000000000000000e+02 1.438417523670240339e+00
6.820000000000000000e+02 1.438439117700073711e+00
6.830000000000000000e+02 1.438460708580927117e+00
6.840000000000000000e+02 1.438482296312800779e+00
6.850000000000000000e+02 1.438503880895694920e+00
6.860000000000000000e+02 1.438525462329609095e+00
6.870000000000000000e+02 1.438547040614543748e+00
6.880000000000000000e+02 1.438568615750498658e+00
6.890000000000000000e+02 1.438590187737473824e+00
6.900000000000000000e+02 1.438611756575469025e+00
6.910000000000000000e+02 1.438633322264484704e+00
6.920000000000000000e+02 1.438654884804520639e+00
6.930000000000000000e+02 1.438676444195577053e+00
6.940000000000000000e+02 1.438698000437653501e+00
6.950000000000000000e+02 1.438719553530750206e+00
6.960000000000000000e+02 1.438741103474867167e+00
6.970000000000000000e+02 1.438762650270004606e+00
6.980000000000000000e+02 1.438784193916162080e+00
6.990000000000000000e+02 1.438805734413340032e+00
7.000000000000000000e+02 1.438827271761538240e+00
7.010000000000000000e+02 1.438848805960756483e+00
7.020000000000000000e+02 1.438870337010995204e+00
7.030000000000000000e+02 1.438891864912254182e+00
7.040000000000000000e+02 1.438913389664533415e+00
7.050000000000000000e+02 1.438934911267832906e+00
7.060000000000000000e+02 1.438956429722152652e+00
7.070000000000000000e+02 1.438977945027492877e+00
7.080000000000000000e+02 1.438999457183853137e+00
7.090000000000000000e+02 1.439020966191233653e+00
7.100000000000000000e+02 1.439042472049634647e+00
7.110000000000000000e+02 1.439063974759055675e+00
7.120000000000000000e+02 1.439085474319497182e+00
7.130000000000000000e+02 1.439106970730958945e+00
7.140000000000000000e+02 1.439128463993440965e+00
7.150000000000000000e+02 1.439149954106943241e+00
7.160000000000000000e+02 1.439171441071465551e+00
7.170000000000000000e+02 1.439192924887008562e+00
7.180000000000000000e+02 1.439214405553571607e+00
7.190000000000000000e+02 1.439235883071154909e+00
7.200000000000000000e+02 1.439257357439758467e+00
7.210000000000000000e+02 1.439278828659382281e+00
7.220000000000000000e+02 1.439300296730026574e+00
7.230000000000000000e+02 1.439321761651690901e+00
7.240000000000000000e+02 1.439343223424375706e+00
7.250000000000000000e+02 1.439364682048080768e+00
7.260000000000000000e+02 1.439386137522805864e+00
7.270000000000000000e+02 1.439407589848551439e+00
7.280000000000000000e+02 1.439429039025317270e+00
7.290000000000000000e+02 1.439450485053103357e+00
7.300000000000000000e+02 1.439471927931909701e+00
7.310000000000000000e+02 1.439493367661736301e+00
7.320000000000000000e+02 1.439514804242583379e+00
7.330000000000000000e+02 1.439536237674450492e+00
7.340000000000000000e+02 1.439557667957337861e+00
7.350000000000000000e+02 1.439579095091245708e+00
7.360000000000000000e+02 1.439600519076173590e+00
7.370000000000000000e+02 1.439621939912121951e+00
7.380000000000000000e+02 1.439643357599090567e+00
7.390000000000000000e+02 1.439664772137079440e+00
7.400000000000000000e+02 1.439686183526088348e+00
7.410000000000000000e+02 1.439707591766117734e+00
7.420000000000000000e+02 1.439728996857167376e+00
7.430000000000000000e+02 1.439750398799237496e+00
7.440000000000000000e+02 1.439771797592327651e+00
7.450000000000000000e+02 1.439793193236438062e+00
7.460000000000000000e+02 1.439814585731568730e+00
7.470000000000000000e+02 1.439835975077719876e+00
7.480000000000000000e+02 1.439857361274891057e+00
7.490000000000000000e+02 1.439878744323082715e+00
7.500000000000000000e+02 1.439900124222294631e+00
7.510000000000000000e+02 1.439921500972526580e+00
7.520000000000000000e+02 1.439942874573779008e+00
7.530000000000000000e+02 1.439964245026051692e+00
7.540000000000000000e+02 1.439985612329344633e+00
7.550000000000000000e+02 1.440006976483657830e+00
7.560000000000000000e+02 1.440028337488991284e+00
7.570000000000000000e+02 1.440049695345345215e+00
7.580000000000000000e+02 1.440071050052719182e+00
7.590000000000000000e+02 1.440092401611113404e+00
7.600000000000000000e+02 1.440113750020528105e+00
7.610000000000000000e+02 1.440135095280962840e+00
7.620000000000000000e+02 1.440156437392418054e+00
7.630000000000000000e+02 1.440177776354893524e+00
7.640000000000000000e+02 1.440199112168389028e+00
7.650000000000000000e+02 1.440220444832905011e+00
7.660000000000000000e+02 1.440241774348441250e+00
7.670000000000000000e+02 1.440263100714997746e+00
7.680000000000000000e+02 1.440284423932574498e+00
7.690000000000000000e+02 1.440305744001171728e+00
7.700000000000000000e+02 1.440327060920788993e+00
7.710000000000000000e+02 1.440348374691426514e+00
7.720000000000000000e+02 1.440369685313084513e+00
7.730000000000000000e+02 1.440390992785762547e+00
7.740000000000000000e+02 1.440412297109461059e+00
7.750000000000000000e+02 1.440433598284179606e+00
7.760000000000000000e+02 1.440454896309918631e+00
7.770000000000000000e+02 1.440476191186677912e+00
7.780000000000000000e+02 1.440497482914457450e+00
7.790000000000000000e+02 1.440518771493257244e+00
7.800000000000000000e+02 1.440540056923077294e+00
7.810000000000000000e+02 1.440561339203917601e+00
7.820000000000000000e+02 1.440582618335778164e+00
7.830000000000000000e+02 1.440603894318659206e+00
7.840000000000000000e+02 1.440625167152560282e+00
7.850000000000000000e+02 1.440646436837481614e+00
7.860000000000000000e+02 1.440667703373423425e+00
7.870000000000000000e+02 1.440688966760385492e+00
7.880000000000000000e+02 1.440710226998367594e+00
7.890000000000000000e+02 1.440731484087370173e+00
7.900000000000000000e+02 1.440752738027393010e+00
7.910000000000000000e+02 1.440773988818436102e+00
7.920000000000000000e+02 1.440795236460499451e+00
7.930000000000000000e+02 1.440816480953583056e+00
7.940000000000000000e+02 1.440837722297686918e+00
7.950000000000000000e+02 1.440858960492811258e+00
7.960000000000000000e+02 1.440880195538955633e+00
7.970000000000000000e+02 1.440901427436120263e+00
7.980000000000000000e+02 1.440922656184305373e+00
7.990000000000000000e+02 1.440943881783510516e+00
8.000000000000000000e+02 1.440965104233736138e+00
8.010000000000000000e+02 1.440986323534982017e+00
8.020000000000000000e+02 1.441007539687248151e+00
8.030000000000000000e+02 1.441028752690534542e+00
8.040000000000000000e+02 1.441049962544841190e+00
8.050000000000000000e+02 1.441071169250168094e+00
8.060000000000000000e+02 1.441092372806515254e+00
8.070000000000000000e+02 1.441113573213882670e+00
8.080000000000000000e+02 1.441134770472270343e+00
8.090000000000000000e+02 1.441155964581678495e+00
8.100000000000000000e+02 1.441177155542106680e+00
8.110000000000000000e+02 1.441198343353555344e+00
8.120000000000000000e+02 1.441219528016024043e+00
8.130000000000000000e+02 1.441240709529513220e+00
8.140000000000000000e+02 1.441261887894022653e+00
8.150000000000000000e+02 1.441283063109552343e+00
8.160000000000000000e+02 1.441304235176102289e+00
8.170000000000000000e+02 1.441325404093672491e+00
8.180000000000000000e+02 1.441346569862262950e+00
8.190000000000000000e+02 1.441367732481873665e+00
8.200000000000000000e+02 1.441388891952504636e+00
8.210000000000000000e+02 1.441410048274155864e+00
8.220000000000000000e+02 1.441431201446827570e+00
8.230000000000000000e+02 1.441452351470519311e+00
8.240000000000000000e+02 1.441473498345231530e+00
8.250000000000000000e+02 1.441494642070964005e+00
8.260000000000000000e+02 1.441515782647716515e+00
8.270000000000000000e+02 1.441536920075489503e+00
8.280000000000000000e+02 1.441558054354282747e+00
8.290000000000000000e+02 1.441579185484096248e+00
8.300000000000000000e+02 1.441600313464930005e+00
8.310000000000000000e+02 1.441621438296784019e+00
8.320000000000000000e+02 1.441642559979658289e+00
8.330000000000000000e+02 1.441663678513553037e+00
8.340000000000000000e+02 1.441684793898467820e+00
8.350000000000000000e+02 1.441705906134403081e+00
8.360000000000000000e+02 1.441727015221358377e+00
8.370000000000000000e+02 1.441748121159334151e+00
8.380000000000000000e+02 1.441769223948329959e+00
8.390000000000000000e+02 1.441790323588346245e+00
8.400000000000000000e+02 1.441811420079382788e+00
8.410000000000000000e+02 1.441832513421439588e+00
8.420000000000000000e+02 1.441853603614516643e+00
8.430000000000000000e+02 1.441874690658613956e+00
8.440000000000000000e+02 1.441895774553731524e+00
8.450000000000000000e+02 1.441916855299869571e+00
8.460000000000000000e+02 1.441937932897027652e+00
8.470000000000000000e+02 1.441959007345205990e+00
8.480000000000000000e+02 1.441980078644404806e+00
8.490000000000000000e+02 1.442001146794623656e+00
8.500000000000000000e+02 1.442022211795862985e+00
8.510000000000000000e+02 1.442043273648122570e+00
8.520000000000000000e+02 1.442064332351402411e+00
8.530000000000000000e+02 1.442085387905702287e+00
8.540000000000000000e+02 1.442106440311022642e+00
8.550000000000000000e+02 1.442127489567363474e+00
8.560000000000000000e+02 1.442148535674724341e+00
8.570000000000000000e+02 1.442169578633105465e+00
8.580000000000000000e+02 1.442190618442506844e+00
8.590000000000000000e+02 1.442211655102928702e+00
8.600000000000000000e+02 1.442232688614370595e+00
8.610000000000000000e+02 1.442253718976832966e+00
8.620000000000000000e+02 1.442274746190315371e+00
8.630000000000000000e+02 1.442295770254818255e+00
8.640000000000000000e+02 1.442316791170341395e+00
8.650000000000000000e+02 1.442337808936884569e+00
8.660000000000000000e+02 1.442358823554448222e+00
8.670000000000000000e+02 1.442379835023032131e+00
8.680000000000000000e+02 1.442400843342636296e+00
8.690000000000000000e+02 1.442421848513260940e+00
8.700000000000000000e+02 1.442442850534905618e+00
8.710000000000000000e+02 1.442463849407570553e+00
8.720000000000000000e+02 1.442484845131255966e+00
8.730000000000000000e+02 1.442505837705961413e+00
8.740000000000000000e+02 1.442526827131687339e+00
8.750000000000000000e+02 1.442547813408433299e+00
8.760000000000000000e+02 1.442568796536199738e+00
8.770000000000000000e+02 1.442589776514986433e+00
8.780000000000000000e+02 1.442610753344793384e+00
8.790000000000000000e+02 1.442631727025620592e+00
8.800000000000000000e+02 1.442652697557468056e+00
8.810000000000000000e+02 1.442673664940335776e+00
8.820000000000000000e+02 1.442694629174223753e+00
8.830000000000000000e+02 1.442715590259131986e+00
8.840000000000000000e+02 1.442736548195060697e+00
8.850000000000000000e+02 1.442757502982009443e+00
8.860000000000000000e+02 1.442778454619978667e+00
8.870000000000000000e+02 1.442799403108967926e+00
8.880000000000000000e+02 1.442820348448977663e+00
8.890000000000000000e+02 1.442841290640007657e+00
8.900000000000000000e+02 1.442862229682057906e+00
8.910000000000000000e+02 1.442883165575128412e+00
8.920000000000000000e+02 1.442904098319219175e+00
8.930000000000000000e+02 1.442925027914330194e+00
8.940000000000000000e+02 1.442945954360461469e+00
8.950000000000000000e+02 1.442966877657613001e+00
8.960000000000000000e+02 1.442987797805784789e+00
8.970000000000000000e+02 1.443008714804977055e+00
8.980000000000000000e+02 1.443029628655189356e+00
8.990000000000000000e+02 1.443050539356422135e+00
9.000000000000000000e+02 1.443071446908675171e+00
9.010000000000000000e+02 1.443092351311948240e+00
9.020000000000000000e+02 1.443113252566241789e+00
9.030000000000000000e+02 1.443134150671555593e+00
9.040000000000000000e+02 1.443155045627889654e+00
9.050000000000000000e+02 1.443175937435243972e+00
9.060000000000000000e+02 1.443196826093618546e+00
9.070000000000000000e+02 1.443217711603013376e+00
9.080000000000000000e+02 1.443238593963428684e+00
9.090000000000000000e+02 1.443259473174864027e+00
9.100000000000000000e+02 1.443280349237319626e+00
9.110000000000000000e+02 1.443301222150795704e+00
9.120000000000000000e+02 1.443322091915292038e+00
9.130000000000000000e+02 1.443342958530808406e+00
9.140000000000000000e+02 1.443363821997345253e+00
9.150000000000000000e+02 1.443384682314902356e+00
9.160000000000000000e+02 1.443405539483479716e+00
9.170000000000000000e+02 1.443426393503077332e+00
9.180000000000000000e+02 1.443447244373695204e+00
9.190000000000000000e+02 1.443468092095333333e+00
9.200000000000000000e+02 1.443488936667991718e+00
9.210000000000000000e+02 1.443509778091670581e+00
9.220000000000000000e+02 1.443530616366369479e+00
9.230000000000000000e+02 1.443551451492088633e+00
9.240000000000000000e+02 1.443572283468828266e+00
9.250000000000000000e+02 1.443593112296588155e+00
9.260000000000000000e+02 1.443613937975368078e+00
9.270000000000000000e+02 1.443634760505168479e+00
9.280000000000000000e+02 1.443655579885989138e+00
9.290000000000000000e+02 1.443676396117830052e+00
9.300000000000000000e+02 1.443697209200691223e+00
9.310000000000000000e+02 1.443718019134572650e+00
9.320000000000000000e+02 1.443738825919474333e+00
9.330000000000000000e+02 1.443759629555396495e+00
9.340000000000000000e+02 1.443780430042338692e+00
9.350000000000000000e+02 1.443801227380301144e+00
9.360000000000000000e+02 1.443822021569284075e+00
9.370000000000000000e+02 1.443842812609287263e+00
9.380000000000000000e+02 1.443863600500310485e+00
9.390000000000000000e+02 1.443884385242354185e+00
9.400000000000000000e+02 1.443905166835418141e+00
9.410000000000000000e+02 1.443925945279502354e+00
9.420000000000000000e+02 1.443946720574606823e+00
9.430000000000000000e+02 1.443967492720731549e+00
9.440000000000000000e+02 1.443988261717876531e+00
9.450000000000000000e+02 1.444009027566041770e+00
9.460000000000000000e+02 1.444029790265227486e+00
9.470000000000000000e+02 1.444050549815433238e+00
9.480000000000000000e+02 1.444071306216659245e+00
9.490000000000000000e+02 1.444092059468905731e+00
9.500000000000000000e+02 1.444112809572172473e+00
9.510000000000000000e+02 1.444133556526459250e+00
9.520000000000000000e+02 1.444154300331766505e+00
9.530000000000000000e+02 1.444175040988094016e+00
9.540000000000000000e+02 1.444195778495441784e+00
9.550000000000000000e+02 1.444216512853809808e+00
9.560000000000000000e+02 1.444237244063198089e+00
9.570000000000000000e+02 1.444257972123606626e+00
9.580000000000000000e+02 1.444278697035035641e+00
9.590000000000000000e+02 1.444299418797484691e+00
9.600000000000000000e+02 1.444320137410953997e+00
9.610000000000000000e+02 1.444340852875443781e+00
9.620000000000000000e+02 1.444361565190953822e+00
9.630000000000000000e+02 1.444382274357483897e+00
9.640000000000000000e+02 1.444402980375034451e+00
9.650000000000000000e+02 1.444423683243605261e+00
9.660000000000000000e+02 1.444444382963196327e+00
9.670000000000000000e+02 1.444465079533807650e+00
9.680000000000000000e+02 1.444485772955439229e+00
9.690000000000000000e+02 1.444506463228091064e+00
9.700000000000000000e+02 1.444527150351763156e+00
9.710000000000000000e+02 1.444547834326455504e+00
9.720000000000000000e+02 1.444568515152168331e+00
9.730000000000000000e+02 1.444589192828901192e+00
9.740000000000000000e+02 1.444609867356654531e+00
9.750000000000000000e+02 1.444630538735428127e+00
9.760000000000000000e+02 1.444651206965221757e+00
9.770000000000000000e+02 1.444671872046035865e+00
9.780000000000000000e+02 1.444692533977870230e+00
9.790000000000000000e+02 1.444713192760724851e+00
9.800000000000000000e+02 1.444733848394599729e+00
9.810000000000000000e+02 1.444754500879494863e+00
9.820000000000000000e+02 1.444775150215410253e+00
9.830000000000000000e+02 1.444795796402345900e+00
9.840000000000000000e+02 1.444816439440302025e+00
9.850000000000000000e+02 1.444837079329278184e+00
9.860000000000000000e+02 1.444857716069274822e+00
9.870000000000000000e+02 1.444878349660291494e+00
9.880000000000000000e+02 1.444898980102328645e+00
9.890000000000000000e+02 1.444919607395386052e+00
9.900000000000000000e+02 1.444940231539463715e+00
9.910000000000000000e+02 1.444960852534561413e+00
9.920000000000000000e+02 1.444981470380679589e+00
9.930000000000000000e+02 1.445002085077818244e+00
9.940000000000000000e+02 1.445022696625976932e+00
9.950000000000000000e+02 1.445043305025155878e+00
9.960000000000000000e+02 1.445063910275355079e+00
9.970000000000000000e+02 1.445084512376574759e+00
9.980000000000000000e+02 1.445105111328814473e+00
9.990000000000000000e+02 1.445125707132074666e+00
1.000000000000000000e+03 1.445146299786354893e+00
1.001000000000000000e+03 1.445166889291655599e+00
1.002000000000000000e+03 1.445187475647976560e+00
1.003000000000000000e+03 1.445208058855317779e+00
1.004000000000000000e+03 1.445228638913679253e+00
1.005000000000000000e+03 1.445249215823060984e+00
1.006000000000000000e+03 1.445269789583462972e+00
1.007000000000000000e+03 1.445290360194885215e+00
1.008000000000000000e+03 1.445310927657327715e+00
1.009000000000000000e+03 1.445331491970790694e+00
1.010000000000000000e+03 1.445352053135273707e+00
1.011000000000000000e+03 1.445372611150776976e+00
1.012000000000000000e+03 1.445393166017300723e+00
1.013000000000000000e+03 1.445413717734844727e+00
1.014000000000000000e+03 1.445434266303408766e+00
1.015000000000000000e+03 1.445454811722993282e+00
1.016000000000000000e+03 1.445475353993598056e+00
1.017000000000000000e+03 1.445495893115223085e+00
1.018000000000000000e+03 1.445516429087868371e+00
1.019000000000000000e+03 1.445536961911533913e+00
1.020000000000000000e+03 1.445557491586219934e+00
1.021000000000000000e+03 1.445578018111925989e+00
