# order=23: data_wav [pixel], data_wavsolution [micron]
3.000000000000000000e+00 2.287118034439854064e+00
4.000000000000000000e+00 2.287154847838325900e+00
5.000000000000000000e+00 2.287191658411398709e+00
6.000000000000000000e+00 2.287228466155405648e+00
7.000000000000000000e+00 2.287265271066680761e+00
8.000000000000000000e+00 2.287302073141556313e+00
9.000000000000000000e+00 2.287338872376366794e+00
1.000000000000000000e+01 2.287375668767444470e+00
1.100000000000000000e+01 2.287412462311123384e+00
1.200000000000000000e+01 2.287449253003736693e+00
1.300000000000000000e+01 2.287486040841617552e+00
1.400000000000000000e+01 2.287522825821099115e+00
1.500000000000000000e+01 2.287559607938514983e+00
1.600000000000000000e+01 2.287596387190198755e+00
1.700000000000000000e+01 2.287633163572483141e+00
1.800000000000000000e+01 2.287669937081701743e+00
1.900000000000000000e+01 2.287706707714187715e+00
2.000000000000000000e+01 2.287743475466274656e+00
2.100000000000000000e+01 2.287780240334295723e+00
2.200000000000000000e+01 2.287817002314584069e+00
2.300000000000000000e+01 2.287853761403473296e+00
2.400000000000000000e+01 2.287890517597297002e+00
2.500000000000000000e+01 2.287927270892387455e+00
2.600000000000000000e+01 2.287964021285079141e+00
2.700000000000000000e+01 2.288000768771704774e+00
2.800000000000000000e+01 2.288037513348597507e+00
2.900000000000000000e+01 2.288074255012090941e+00
3.000000000000000000e+01 2.288110993758518674e+00
3.100000000000000000e+01 2.288147729584213419e+00
3.200000000000000000e+01 2.288184462485508774e+00
3.300000000000000000e+01 2.288221192458738340e+00
3.400000000000000000e+01 2.288257919500234827e+00
3.500000000000000000e+01 2.288294643606331835e+00
3.600000000000000000e+01 2.288331364773362964e+00
3.700000000000000000e+01 2.288368082997661368e+00
3.800000000000000000e+01 2.288404798275560204e+00
3.900000000000000000e+01 2.288441510603392626e+00
4.000000000000000000e+01 2.288478219977492234e+00
4.100000000000000000e+01 2.288514926394192628e+00
4.200000000000000000e+01 2.288551629849826519e+00
4.300000000000000000e+01 2.288588330340727506e+00
4.400000000000000000e+01 2.288625027863229189e+00
4.500000000000000000e+01 2.288661722413664279e+00
4.600000000000000000e+01 2.288698413988366376e+00
4.700000000000000000e+01 2.288735102583669079e+00
4.800000000000000000e+01 2.288771788195905543e+00
4.900000000000000000e+01 2.288808470821408481e+00
5.000000000000000000e+01 2.288845150456512378e+00
5.100000000000000000e+01 2.288881827097549504e+00
5.200000000000000000e+01 2.288918500740853457e+00
5.300000000000000000e+01 2.288955171382757836e+00
5.400000000000000000e+01 2.288991839019595798e+00
5.500000000000000000e+01 2.289028503647700497e+00
5.600000000000000000e+01 2.289065165263405532e+00
5.700000000000000000e+01 2.289101823863044061e+00
5.800000000000000000e+01 2.289138479442949681e+00
5.900000000000000000e+01 2.289175131999455104e+00
6.000000000000000000e+01 2.289211781528893930e+00
6.100000000000000000e+01 2.289248428027599758e+00
6.200000000000000000e+01 2.289285071491905743e+00
6.300000000000000000e+01 2.289321711918145041e+00
6.400000000000000000e+01 2.289358349302650808e+00
6.500000000000000000e+01 2.289394983641756642e+00
6.600000000000000000e+01 2.289431614931796144e+00
6.700000000000000000e+01 2.289468243169102468e+00
6.800000000000000000e+01 2.289504868350008326e+00
6.900000000000000000e+01 2.289541490470847762e+00
7.000000000000000000e+01 2.289578109527953931e+00
7.100000000000000000e+01 2.289614725517659544e+00
7.200000000000000000e+01 2.289651338436299088e+00
7.300000000000000000e+01 2.289687948280204832e+00
7.400000000000000000e+01 2.289724555045710375e+00
7.500000000000000000e+01 2.289761158729149315e+00
7.600000000000000000e+01 2.289797759326854365e+00
7.700000000000000000e+01 2.289834356835159568e+00
7.800000000000000000e+01 2.289870951250398079e+00
7.900000000000000000e+01 2.289907542568903054e+00
8.000000000000000000e+01 2.289944130787007648e+00
8.100000000000000000e+01 2.289980715901045460e+00
8.200000000000000000e+01 2.290017297907349647e+00
8.300000000000000000e+01 2.290053876802253363e+00
8.400000000000000000e+01 2.290090452582090208e+00
8.500000000000000000e+01 2.290127025243193337e+00
8.600000000000000000e+01 2.290163594781896350e+00
8.700000000000000000e+01 2.290200161194532402e+00
8.800000000000000000e+01 2.290236724477434649e+00
8.900000000000000000e+01 2.290273284626936690e+00
9.000000000000000000e+01 2.290309841639371680e+00
9.100000000000000000e+01 2.290346395511072775e+00
9.200000000000000000e+01 2.290382946238373130e+00
9.300000000000000000e+01 2.290419493817606789e+00
9.400000000000000000e+01 2.290456038245106907e+00
9.500000000000000000e+01 2.290492579517206195e+00
9.600000000000000000e+01 2.290529117630238254e+00
9.700000000000000000e+01 2.290565652580536682e+00
9.800000000000000000e+01 2.290602184364434191e+00
9.900000000000000000e+01 2.290638712978264824e+00
1.000000000000000000e+02 2.290675238418361737e+00
1.010000000000000000e+02 2.290711760681057640e+00
1.020000000000000000e+02 2.290748279762686579e+00
1.030000000000000000e+02 2.290784795659581263e+00
1.040000000000000000e+02 2.290821308368075737e+00
1.050000000000000000e+02 2.290857817884502712e+00
1.060000000000000000e+02 2.290894324205195787e+00
1.070000000000000000e+02 2.290930827326488117e+00
1.080000000000000000e+02 2.290967327244712859e+00
1.090000000000000000e+02 2.291003823956203611e+00
1.100000000000000000e+02 2.291040317457293973e+00
1.110000000000000000e+02 2.291076807744316657e+00
1.120000000000000000e+02 2.291113294813605261e+00
1.130000000000000000e+02 2.291149778661492942e+00
1.140000000000000000e+02 2.291186259284313298e+00
1.150000000000000000e+02 2.291222736678399485e+00
1.160000000000000000e+02 2.291259210840085103e+00
1.170000000000000000e+02 2.291295681765702863e+00
1.180000000000000000e+02 2.291332149451586364e+00
1.190000000000000000e+02 2.291368613894069206e+00
1.200000000000000000e+02 2.291405075089484100e+00
1.210000000000000000e+02 2.291441533034165090e+00
1.220000000000000000e+02 2.291477987724445331e+00
1.230000000000000000e+02 2.291514439156657534e+00
1.240000000000000000e+02 2.291550887327135744e+00
1.250000000000000000e+02 2.291587332232212670e+00
1.260000000000000000e+02 2.291623773868221914e+00
1.270000000000000000e+02 2.291660212231497074e+00
1.280000000000000000e+02 2.291696647318370861e+00
1.290000000000000000e+02 2.291733079125177319e+00
1.300000000000000000e+02 2.291769507648249160e+00
1.310000000000000000e+02 2.291805932883919539e+00
1.320000000000000000e+02 2.291842354828522499e+00
1.330000000000000000e+02 2.291878773478391196e+00
1.340000000000000000e+02 2.291915188829858341e+00
1.350000000000000000e+02 2.291951600879257978e+00
1.360000000000000000e+02 2.291988009622922817e+00
1.370000000000000000e+02 2.292024415057186904e+00
1.380000000000000000e+02 2.292060817178382504e+00
1.390000000000000000e+02 2.292097215982844105e+00
1.400000000000000000e+02 2.292133611466903975e+00
1.410000000000000000e+02 2.292170003626896158e+00
1.420000000000000000e+02 2.292206392459153808e+00
1.430000000000000000e+02 2.292242777960009636e+00
1.440000000000000000e+02 2.292279160125798132e+00
1.450000000000000000e+02 2.292315538952851561e+00
1.460000000000000000e+02 2.292351914437503968e+00
1.470000000000000000e+02 2.292388286576088063e+00
1.480000000000000000e+02 2.292424655364937447e+00
1.490000000000000000e+02 2.292461020800385274e+00
1.500000000000000000e+02 2.292497382878765144e+00
1.510000000000000000e+02 2.292533741596410213e+00
1.520000000000000000e+02 2.292570096949654079e+00
1.530000000000000000e+02 2.292606448934829455e+00
1.540000000000000000e+02 2.292642797548270384e+00
1.550000000000000000e+02 2.292679142786309576e+00
1.560000000000000000e+02 2.292715484645280632e+00
1.570000000000000000e+02 2.292751823121516708e+00
1.580000000000000000e+02 2.292788158211351401e+00
1.590000000000000000e+02 2.292824489911117425e+00
1.600000000000000000e+02 2.292860818217148822e+00
1.610000000000000000e+02 2.292897143125778747e+00
1.620000000000000000e+02 2.292933464633339913e+00
1.630000000000000000e+02 2.292969782736166806e+00
1.640000000000000000e+02 2.293006097430591250e+00
1.650000000000000000e+02 2.293042408712947733e+00
1.660000000000000000e+02 2.293078716579569409e+00
1.670000000000000000e+02 2.293115021026788991e+00
1.680000000000000000e+02 2.293151322050940077e+00
1.690000000000000000e+02 2.293187619648356268e+00
1.700000000000000000e+02 2.293223913815370718e+00
1.710000000000000000e+02 2.293260204548317027e+00
1.720000000000000000e+02 2.293296491843527907e+00
1.730000000000000000e+02 2.293332775697336956e+00
1.740000000000000000e+02 2.293369056106077331e+00
1.750000000000000000e+02 2.293405333066082630e+00
1.760000000000000000e+02 2.293441606573686009e+00
1.770000000000000000e+02 2.293477876625221068e+00
1.780000000000000000e+02 2.293514143217020518e+00
1.790000000000000000e+02 2.293550406345418402e+00
1.800000000000000000e+02 2.293586666006747432e+00
1.810000000000000000e+02 2.293622922197341207e+00
1.820000000000000000e+02 2.293659174913532883e+00
1.830000000000000000e+02 2.293695424151656059e+00
1.840000000000000000e+02 2.293731669908043891e+00
1.850000000000000000e+02 2.293767912179029977e+00
1.860000000000000000e+02 2.293804150960947030e+00
1.870000000000000000e+02 2.293840386250128649e+00
1.880000000000000000e+02 2.293876618042907989e+00
1.890000000000000000e+02 2.293912846335619093e+00
1.900000000000000000e+02 2.293949071124594230e+00
1.910000000000000000e+02 2.293985292406167442e+00
1.920000000000000000e+02 2.294021510176671885e+00
1.930000000000000000e+02 2.294057724432440715e+00
1.940000000000000000e+02 2.294093935169807530e+00
1.950000000000000000e+02 2.294130142385105486e+00
1.960000000000000000e+02 2.294166346074667739e+00
1.970000000000000000e+02 2.294202546234827889e+00
1.980000000000000000e+02 2.294238742861919089e+00
1.990000000000000000e+02 2.294274935952274497e+00
2.000000000000000000e+02 2.294311125502227711e+00
2.010000000000000000e+02 2.294347311508111886e+00
2.020000000000000000e+02 2.294383493966260623e+00
2.030000000000000000e+02 2.294419672873007077e+00
2.040000000000000000e+02 2.294455848224683958e+00
2.050000000000000000e+02 2.294492020017625755e+00
2.060000000000000000e+02 2.294528188248164735e+00
2.070000000000000000e+02 2.294564352912634941e+00
2.080000000000000000e+02 2.294600514007369085e+00
2.090000000000000000e+02 2.294636671528700766e+00
2.100000000000000000e+02 2.294672825472963584e+00
2.110000000000000000e+02 2.294708975836490694e+00
2.120000000000000000e+02 2.294745122615614807e+00
2.130000000000000000e+02 2.294781265806670412e+00
2.140000000000000000e+02 2.294817405405989774e+00
2.150000000000000000e+02 2.294853541409906494e+00
2.160000000000000000e+02 2.294889673814753728e+00
2.170000000000000000e+02 2.294925802616865518e+00
2.180000000000000000e+02 2.294961927812574576e+00
2.190000000000000000e+02 2.294998049398214501e+00
2.200000000000000000e+02 2.295034167370118006e+00
2.210000000000000000e+02 2.295070281724619576e+00
2.220000000000000000e+02 2.295106392458051037e+00
2.230000000000000000e+02 2.295142499566746874e+00
2.240000000000000000e+02 2.295178603047040244e+00
2.250000000000000000e+02 2.295214702895263859e+00
2.260000000000000000e+02 2.295250799107751316e+00
2.270000000000000000e+02 2.295286891680836217e+00
2.280000000000000000e+02 2.295322980610851715e+00
2.290000000000000000e+02 2.295359065894130968e+00
2.300000000000000000e+02 2.295395147527007573e+00
2.310000000000000000e+02 2.295431225505814243e+00
2.320000000000000000e+02 2.295467299826885021e+00
2.330000000000000000e+02 2.295503370486553063e+00
2.340000000000000000e+02 2.295539437481151523e+00
2.350000000000000000e+02 2.295575500807013558e+00
2.360000000000000000e+02 2.295611560460472766e+00
2.370000000000000000e+02 2.295647616437862748e+00
2.380000000000000000e+02 2.295683668735515770e+00
2.390000000000000000e+02 2.295719717349766320e+00
2.400000000000000000e+02 2.295755762276947110e+00
2.410000000000000000e+02 2.295791803513391738e+00
2.420000000000000000e+02 2.295827841055432916e+00
2.430000000000000000e+02 2.295863874899404689e+00
2.440000000000000000e+02 2.295899905041640210e+00
2.450000000000000000e+02 2.295935931478472192e+00
2.460000000000000000e+02 2.295971954206234678e+00
2.470000000000000000e+02 2.296007973221260823e+00
2.480000000000000000e+02 2.296043988519883783e+00
2.490000000000000000e+02 2.296080000098437157e+00
2.500000000000000000e+02 2.296116007953253657e+00
2.510000000000000000e+02 2.296152012080667326e+00
2.520000000000000000e+02 2.296188012477010876e+00
2.530000000000000000e+02 2.296224009138617905e+00
2.540000000000000000e+02 2.296260002061821570e+00
2.550000000000000000e+02 2.296295991242955470e+00
2.560000000000000000e+02 2.296331976678353204e+00
2.570000000000000000e+02 2.296367958364347039e+00
2.580000000000000000e+02 2.296403936297271020e+00
2.590000000000000000e+02 2.296439910473458745e+00
2.600000000000000000e+02 2.296475880889242926e+00
2.610000000000000000e+02 2.296511847540957163e+00
2.620000000000000000e+02 2.296547810424934610e+00
2.630000000000000000e+02 2.296583769537508424e+00
2.640000000000000000e+02 2.296619724875012647e+00
2.650000000000000000e+02 2.296655676433779547e+00
2.660000000000000000e+02 2.296691624210143612e+00
2.670000000000000000e+02 2.296727568200437108e+00
2.680000000000000000e+02 2.296763508400994080e+00
2.690000000000000000e+02 2.296799444808147683e+00
2.700000000000000000e+02 2.296835377418230628e+00
2.710000000000000000e+02 2.296871306227577403e+00
2.720000000000000000e+02 2.296907231232520274e+00
2.730000000000000000e+02 2.296943152429392843e+00
2.740000000000000000e+02 2.296979069814528263e+00
2.750000000000000000e+02 2.297014983384260578e+00
2.760000000000000000e+02 2.297050893134922500e+00
2.770000000000000000e+02 2.297086799062847184e+00
2.780000000000000000e+02 2.297122701164368674e+00
2.790000000000000000e+02 2.297158599435819681e+00
2.800000000000000000e+02 2.297194493873533361e+00
2.810000000000000000e+02 2.297230384473843756e+00
2.820000000000000000e+02 2.297266271233083579e+00
2.830000000000000000e+02 2.297302154147586428e+00
2.840000000000000000e+02 2.297338033213685460e+00
2.850000000000000000e+02 2.297373908427714273e+00
2.860000000000000000e+02 2.297409779786005579e+00
2.870000000000000000e+02 2.297445647284893422e+00
2.880000000000000000e+02 2.297481510920710956e+00
2.890000000000000000e+02 2.297517370689790894e+00
2.900000000000000000e+02 2.297553226588467279e+00
2.910000000000000000e+02 2.297589078613072822e+00
2.920000000000000000e+02 2.297624926759941566e+00
2.930000000000000000e+02 2.297660771025405779e+00
2.940000000000000000e+02 2.297696611405799949e+00
2.950000000000000000e+02 2.297732447897456787e+00
2.960000000000000000e+02 2.297768280496709448e+00
2.970000000000000000e+02 2.297804109199891531e+00
2.980000000000000000e+02 2.297839934003336637e+00
2.990000000000000000e+02 2.297875754903377477e+00
3.000000000000000000e+02 2.297911571896347649e+00
3.010000000000000000e+02 2.297947384978580310e+00
3.020000000000000000e+02 2.297983194146409058e+00
3.030000000000000000e+02 2.298018999396167050e+00
3.040000000000000000e+02 2.298054800724187885e+00
3.050000000000000000e+02 2.298090598126804274e+00
3.060000000000000000e+02 2.298126391600349816e+00
3.070000000000000000e+02 2.298162181141158111e+00
3.080000000000000000e+02 2.298197966745561871e+00
3.090000000000000000e+02 2.298233748409895139e+00
3.100000000000000000e+02 2.298269526130491069e+00
3.110000000000000000e+02 2.298305299903682375e+00
3.120000000000000000e+02 2.298341069725803099e+00
3.130000000000000000e+02 2.298376835593185952e+00
3.140000000000000000e+02 2.298412597502164534e+00
3.150000000000000000e+02 2.298448355449072444e+00
3.160000000000000000e+02 2.298484109430242839e+00
3.170000000000000000e+02 2.298519859442008428e+00
3.180000000000000000e+02 2.298555605480703257e+00
3.190000000000000000e+02 2.298591347542660479e+00
3.200000000000000000e+02 2.298627085624213251e+00
3.210000000000000000e+02 2.298662819721695172e+00
3.220000000000000000e+02 2.298698549831438953e+00
3.230000000000000000e+02 2.298734275949778638e+00
3.240000000000000000e+02 2.298769998073046938e+00
3.250000000000000000e+02 2.298805716197577897e+00
3.260000000000000000e+02 2.298841430319704227e+00
3.270000000000000000e+02 2.298877140435759081e+00
3.280000000000000000e+02 2.298912846542076505e+00
3.290000000000000000e+02 2.298948548634989208e+00
3.300000000000000000e+02 2.298984246710830348e+00
3.310000000000000000e+02 2.299019940765933967e+00
3.320000000000000000e+02 2.299055630796633221e+00
3.330000000000000000e+02 2.299091316799260820e+00
3.340000000000000000e+02 2.299126998770150809e+00
3.350000000000000000e+02 2.299162676705635899e+00
3.360000000000000000e+02 2.299198350602050134e+00
3.370000000000000000e+02 2.299234020455725780e+00
3.380000000000000000e+02 2.299269686262997325e+00
3.390000000000000000e+02 2.299305348020197037e+00
3.400000000000000000e+02 2.299341005723658959e+00
3.410000000000000000e+02 2.299376659369715803e+00
3.420000000000000000e+02 2.299412308954701611e+00
3.430000000000000000e+02 2.299447954474949096e+00
3.440000000000000000e+02 2.299483595926791857e+00
3.450000000000000000e+02 2.299519233306563493e+00
3.460000000000000000e+02 2.299554866610596715e+00
3.470000000000000000e+02 2.299590495835225123e+00
3.480000000000000000e+02 2.299626120976781873e+00
3.490000000000000000e+02 2.299661742031600564e+00
3.500000000000000000e+02 2.299697358996014351e+00
3.510000000000000000e+02 2.299732971866356390e+00
3.520000000000000000e+02 2.299768580638960280e+00
3.530000000000000000e+02 2.299804185310159177e+00
3.540000000000000000e+02 2.299839785876286680e+00
3.550000000000000000e+02 2.299875382333675944e+00
3.560000000000000000e+02 2.299910974678659681e+00
3.570000000000000000e+02 2.299946562907572378e+00
3.580000000000000000e+02 2.299982147016746303e+00
3.590000000000000000e+02 2.300017727002515500e+00
3.600000000000000000e+02 2.300053302861212678e+00
3.610000000000000000e+02 2.300088874589171439e+00
3.620000000000000000e+02 2.300124442182725382e+00
3.630000000000000000e+02 2.300160005638207217e+00
3.640000000000000000e+02 2.300195564951950988e+00
3.650000000000000000e+02 2.300231120120289408e+00
3.660000000000000000e+02 2.300266671139556074e+00
3.670000000000000000e+02 2.300302218006084143e+00
3.680000000000000000e+02 2.300337760716206770e+00
3.690000000000000000e+02 2.300373299266257998e+00
3.700000000000000000e+02 2.300408833652570095e+00
3.710000000000000000e+02 2.300444363871477549e+00
3.720000000000000000e+02 2.300479889919312626e+00
3.730000000000000000e+02 2.300515411792409370e+00
3.740000000000000000e+02 2.300550929487100493e+00
3.750000000000000000e+02 2.300586442999720038e+00
3.760000000000000000e+02 2.300621952326600717e+00
3.770000000000000000e+02 2.300657457464076128e+00
3.780000000000000000e+02 2.300692958408479427e+00
3.790000000000000000e+02 2.300728455156143770e+00
3.800000000000000000e+02 2.300763947703403201e+00
3.810000000000000000e+02 2.300799436046589985e+00
3.820000000000000000e+02 2.300834920182038168e+00
3.830000000000000000e+02 2.300870400106081348e+00
3.840000000000000000e+02 2.300905875815051793e+00
3.850000000000000000e+02 2.300941347305283990e+00
3.860000000000000000e+02 2.300976814573110207e+00
3.870000000000000000e+02 2.301012277614864487e+00
3.880000000000000000e+02 2.301047736426879542e+00
3.890000000000000000e+02 2.301083191005489414e+00
3.900000000000000000e+02 2.301118641347026816e+00
3.910000000000000000e+02 2.301154087447825347e+00
3.920000000000000000e+02 2.301189529304218606e+00
3.930000000000000000e+02 2.301224966912539305e+00
3.940000000000000000e+02 2.301260400269121043e+00
3.950000000000000000e+02 2.301295829370296975e+00
3.960000000000000000e+02 2.301331254212400701e+00
3.970000000000000000e+02 2.301366674791765377e+00
3.980000000000000000e+02 2.301402091104724157e+00
3.990000000000000000e+02 2.301437503147610641e+00
4.000000000000000000e+02 2.301472910916757986e+00
4.010000000000000000e+02 2.301508314408499789e+00
4.020000000000000000e+02 2.301543713619169207e+00
4.030000000000000000e+02 2.301579108545098951e+00
4.040000000000000000e+02 2.301614499182623508e+00
4.050000000000000000e+02 2.301649885528075146e+00
4.060000000000000000e+02 2.301685267577787908e+00
4.070000000000000000e+02 2.301720645328094506e+00
4.080000000000000000e+02 2.301756018775328538e+00
4.090000000000000000e+02 2.301791387915823606e+00
4.100000000000000000e+02 2.301826752745912419e+00
4.110000000000000000e+02 2.301862113261929021e+00
4.120000000000000000e+02 2.301897469460206125e+00
4.130000000000000000e+02 2.301932821337077328e+00
4.140000000000000000e+02 2.301968168888875788e+00
4.150000000000000000e+02 2.302003512111934658e+00
4.160000000000000000e+02 2.302038851002587982e+00
4.170000000000000000e+02 2.302074185557168473e+00
4.180000000000000000e+02 2.302109515772009285e+00
4.190000000000000000e+02 2.302144841643444018e+00
4.200000000000000000e+02 2.302180163167806271e+00
4.210000000000000000e+02 2.302215480341429199e+00
4.220000000000000000e+02 2.302250793160645514e+00
4.230000000000000000e+02 2.302286101621789260e+00
4.240000000000000000e+02 2.302321405721193592e+00
4.250000000000000000e+02 2.302356705455191666e+00
4.260000000000000000e+02 2.302392000820117079e+00
4.270000000000000000e+02 2.302427291812302546e+00
4.280000000000000000e+02 2.302462578428082107e+00
4.290000000000000000e+02 2.302497860663788476e+00
4.300000000000000000e+02 2.302533138515755251e+00
4.310000000000000000e+02 2.302568411980316032e+00
4.320000000000000000e+02 2.302603681053803530e+00
4.330000000000000000e+02 2.302638945732551790e+00
4.340000000000000000e+02 2.302674206012893521e+00
4.350000000000000000e+02 2.302709461891161880e+00
4.360000000000000000e+02 2.302744713363690909e+00
4.370000000000000000e+02 2.302779960426813322e+00
4.380000000000000000e+02 2.302815203076863160e+00
4.390000000000000000e+02 2.302850441310172691e+00
4.400000000000000000e+02 2.302885675123075959e+00
4.410000000000000000e+02 2.302920904511906119e+00
4.420000000000000000e+02 2.302956129472996327e+00
4.430000000000000000e+02 2.302991350002680182e+00
4.440000000000000000e+02 2.303026566097290839e+00
4.450000000000000000e+02 2.303061777753161898e+00
4.460000000000000000e+02 2.303096984966626071e+00
4.470000000000000000e+02 2.303132187734016956e+00
4.480000000000000000e+02 2.303167386051668153e+00
4.490000000000000000e+02 2.303202579915912818e+00
4.500000000000000000e+02 2.303237769323083661e+00
4.510000000000000000e+02 2.303272954269515171e+00
4.520000000000000000e+02 2.303308134751539615e+00
4.530000000000000000e+02 2.303343310765491037e+00
4.540000000000000000e+02 2.303378482307702146e+00
4.550000000000000000e+02 2.303413649374506988e+00
4.560000000000000000e+02 2.303448811962237830e+00
4.570000000000000000e+02 2.303483970067229158e+00
4.580000000000000000e+02 2.303519123685813685e+00
4.590000000000000000e+02 2.303554272814324566e+00
4.600000000000000000e+02 2.303589417449095400e+00
4.610000000000000000e+02 2.303624557586459343e+00
4.620000000000000000e+02 2.303659693222749549e+00
4.630000000000000000e+02 2.303694824354300064e+00
4.640000000000000000e+02 2.303729950977443597e+00
4.650000000000000000e+02 2.303765073088513304e+00
4.660000000000000000e+02 2.303800190683843230e+00
4.670000000000000000e+02 2.303835303759766084e+00
4.680000000000000000e+02 2.303870412312615024e+00
4.690000000000000000e+02 2.303905516338724091e+00
4.700000000000000000e+02 2.303940615834425998e+00
4.710000000000000000e+02 2.303975710796054344e+00
4.720000000000000000e+02 2.304010801219942284e+00
4.730000000000000000e+02 2.304045887102423418e+00
4.740000000000000000e+02 2.304080968439830901e+00
4.750000000000000000e+02 2.304116045228497445e+00
4.760000000000000000e+02 2.304151117464757537e+00
4.770000000000000000e+02 2.304186185144943444e+00
4.780000000000000000e+02 2.304221248265389210e+00
4.790000000000000000e+02 2.304256306822427547e+00
4.800000000000000000e+02 2.304291360812392497e+00
4.810000000000000000e+02 2.304326410231616773e+00
4.820000000000000000e+02 2.304361455076433973e+00
4.830000000000000000e+02 2.304396495343177254e+00
4.840000000000000000e+02 2.304431531028179769e+00
4.850000000000000000e+02 2.304466562127775120e+00
4.860000000000000000e+02 2.304501588638296905e+00
4.870000000000000000e+02 2.304536610556077836e+00
4.880000000000000000e+02 2.304571627877451512e+00
4.890000000000000000e+02 2.304606640598751532e+00
4.900000000000000000e+02 2.304641648716310609e+00
4.910000000000000000e+02 2.304676652226462341e+00
4.920000000000000000e+02 2.304711651125539884e+00
4.930000000000000000e+02 2.304746645409877281e+00
4.940000000000000000e+02 2.304781635075806800e+00
4.950000000000000000e+02 2.304816620119662485e+00
4.960000000000000000e+02 2.304851600537777490e+00
4.970000000000000000e+02 2.304886576326484970e+00
4.980000000000000000e+02 2.304921547482118527e+00
4.990000000000000000e+02 2.304956514001010870e+00
5.000000000000000000e+02 2.304991475879496043e+00
5.010000000000000000e+02 2.305026433113907203e+00
5.020000000000000000e+02 2.305061385700577059e+00
5.030000000000000000e+02 2.305096333635839656e+00
5.040000000000000000e+02 2.305131276916028149e+00
5.050000000000000000e+02 2.305166215537475694e+00
5.060000000000000000e+02 2.305201149496515445e+00
5.070000000000000000e+02 2.305236078789481002e+00
5.080000000000000000e+02 2.305271003412705522e+00
5.090000000000000000e+02 2.305305923362522602e+00
5.100000000000000000e+02 2.305340838635265399e+00
5.110000000000000000e+02 2.305375749227267068e+00
5.120000000000000000e+02 2.305410655134861209e+00
5.130000000000000000e+02 2.305445556354380532e+00
5.140000000000000000e+02 2.305480452882159081e+00
5.150000000000000000e+02 2.305515344714530013e+00
5.160000000000000000e+02 2.305550231847826481e+00
5.170000000000000000e+02 2.305585114278381642e+00
5.180000000000000000e+02 2.305619992002529095e+00
5.190000000000000000e+02 2.305654865016602439e+00
5.200000000000000000e+02 2.305689733316934387e+00
5.210000000000000000e+02 2.305724596899858092e+00
5.220000000000000000e+02 2.305759455761707599e+00
5.230000000000000000e+02 2.305794309898816064e+00
5.240000000000000000e+02 2.305829159307516640e+00
5.250000000000000000e+02 2.305864003984142485e+00
5.260000000000000000e+02 2.305898843925026753e+00
5.270000000000000000e+02 2.305933679126503488e+00
5.280000000000000000e+02 2.305968509584905402e+00
5.290000000000000000e+02 2.306003335296566092e+00
5.300000000000000000e+02 2.306038156257818716e+00
5.310000000000000000e+02 2.306072972464996873e+00
5.320000000000000000e+02 2.306107783914433274e+00
5.330000000000000000e+02 2.306142590602461961e+00
5.340000000000000000e+02 2.306177392525416092e+00
5.350000000000000000e+02 2.306212189679628377e+00
5.360000000000000000e+02 2.306246982061432416e+00
5.370000000000000000e+02 2.306281769667162251e+00
5.380000000000000000e+02 2.306316552493150152e+00
5.390000000000000000e+02 2.306351330535730160e+00
5.400000000000000000e+02 2.306386103791235431e+00
5.410000000000000000e+02 2.306420872255998678e+00
5.420000000000000000e+02 2.306455635926353942e+00
5.430000000000000000e+02 2.306490394798634380e+00
5.440000000000000000e+02 2.306525148869173591e+00
5.450000000000000000e+02 2.306559898134304287e+00
5.460000000000000000e+02 2.306594642590359623e+00
5.470000000000000000e+02 2.306629382233673642e+00
5.480000000000000000e+02 2.306664117060579500e+00
5.490000000000000000e+02 2.306698847067410352e+00
5.500000000000000000e+02 2.306733572250499353e+00
5.510000000000000000e+02 2.306768292606180104e+00
5.520000000000000000e+02 2.306803008130785759e+00
5.530000000000000000e+02 2.306837718820649918e+00
5.540000000000000000e+02 2.306872424672105293e+00
5.550000000000000000e+02 2.306907125681485482e+00
5.560000000000000000e+02 2.306941821845124085e+00
5.570000000000000000e+02 2.306976513159354258e+00
5.580000000000000000e+02 2.307011199620509601e+00
5.590000000000000000e+02 2.307045881224922823e+00
5.600000000000000000e+02 2.307080557968927526e+00
5.610000000000000000e+02 2.307115229848856863e+00
5.620000000000000000e+02 2.307149896861044436e+00
5.630000000000000000e+02 2.307184559001823398e+00
5.640000000000000000e+02 2.307219216267527351e+00
5.650000000000000000e+02 2.307253868654489004e+00
5.660000000000000000e+02 2.307288516159042402e+00
5.670000000000000000e+02 2.307323158777520256e+00
5.680000000000000000e+02 2.307357796506256165e+00
5.690000000000000000e+02 2.307392429341583284e+00
5.700000000000000000e+02 2.307427057279835214e+00
5.710000000000000000e+02 2.307461680317345110e+00
5.720000000000000000e+02 2.307496298450446126e+00
5.730000000000000000e+02 2.307530911675471863e+00
5.740000000000000000e+02 2.307565519988755476e+00
5.750000000000000000e+02 2.307600123386630564e+00
5.760000000000000000e+02 2.307634721865429839e+00
5.770000000000000000e+02 2.307669315421486900e+00
5.780000000000000000e+02 2.307703904051135346e+00
5.790000000000000000e+02 2.307738487750708334e+00
5.800000000000000000e+02 2.307773066516539018e+00
5.810000000000000000e+02 2.307807640344960998e+00
5.820000000000000000e+02 2.307842209232306985e+00
5.830000000000000000e+02 2.307876773174911023e+00
5.840000000000000000e+02 2.307911332169106267e+00
5.850000000000000000e+02 2.307945886211225428e+00
5.860000000000000000e+02 2.307980435297602551e+00
5.870000000000000000e+02 2.308014979424570789e+00
5.880000000000000000e+02 2.308049518588463300e+00
5.890000000000000000e+02 2.308084052785613682e+00
5.900000000000000000e+02 2.308118582012354647e+00
5.910000000000000000e+02 2.308153106265020238e+00
5.920000000000000000e+02 2.308187625539943166e+00
5.930000000000000000e+02 2.308222139833457032e+00
5.940000000000000000e+02 2.308256649141894989e+00
5.950000000000000000e+02 2.308291153461590639e+00
5.960000000000000000e+02 2.308325652788877136e+00
5.970000000000000000e+02 2.308360147120088079e+00
5.980000000000000000e+02 2.308394636451556181e+00
5.990000000000000000e+02 2.308429120779615040e+00
6.000000000000000000e+02 2.308463600100598256e+00
6.010000000000000000e+02 2.308498074410838985e+00
6.020000000000000000e+02 2.308532543706670381e+00
6.030000000000000000e+02 2.308567007984425601e+00
6.040000000000000000e+02 2.308601467240438687e+00
6.050000000000000000e+02 2.308635921471041907e+00
6.060000000000000000e+02 2.308670370672569305e+00
6.070000000000000000e+02 2.308704814841354480e+00
6.080000000000000000e+02 2.308739253973729699e+00
6.090000000000000000e+02 2.308773688066029450e+00
6.100000000000000000e+02 2.308808117114586000e+00
6.110000000000000000e+02 2.308842541115733393e+00
6.120000000000000000e+02 2.308876960065804784e+00
6.130000000000000000e+02 2.308911373961133329e+00
6.140000000000000000e+02 2.308945782798052182e+00
6.150000000000000000e+02 2.308980186572895388e+00
6.160000000000000000e+02 2.309014585281995213e+00
6.170000000000000000e+02 2.309048978921685702e+00
6.180000000000000000e+02 2.309083367488300453e+00
6.190000000000000000e+02 2.309117750978171735e+00
6.200000000000000000e+02 2.309152129387633590e+00
6.210000000000000000e+02 2.309186502713019618e+00
6.220000000000000000e+02 2.309220870950662530e+00
6.230000000000000000e+02 2.309255234096895482e+00
6.240000000000000000e+02 2.309289592148052517e+00
6.250000000000000000e+02 2.309323945100466347e+00
6.260000000000000000e+02 2.309358292950470570e+00
6.270000000000000000e+02 2.309392635694398788e+00
6.280000000000000000e+02 2.309426973328583710e+00
6.290000000000000000e+02 2.309461305849358936e+00
6.300000000000000000e+02 2.309495633253057623e+00
6.310000000000000000e+02 2.309529955536013368e+00
6.320000000000000000e+02 2.309564272694559328e+00
6.330000000000000000e+02 2.309598584725028658e+00
6.340000000000000000e+02 2.309632891623755402e+00
6.350000000000000000e+02 2.309667193387071826e+00
6.360000000000000000e+02 2.309701490011311975e+00
6.370000000000000000e+02 2.309735781492809004e+00
6.380000000000000000e+02 2.309770067827895623e+00
6.390000000000000000e+02 2.309804349012906322e+00
6.400000000000000000e+02 2.309838625044173366e+00
6.410000000000000000e+02 2.309872895918030800e+00
6.420000000000000000e+02 2.309907161630811778e+00
6.430000000000000000e+02 2.309941422178849013e+00
6.440000000000000000e+02 2.309975677558476548e+00
6.450000000000000000e+02 2.310009927766027538e+00
6.460000000000000000e+02 2.310044172797834694e+00
6.470000000000000000e+02 2.310078412650232504e+00
6.480000000000000000e+02 2.310112647319553236e+00
6.490000000000000000e+02 2.310146876802130489e+00
6.500000000000000000e+02 2.310181101094297862e+00
6.510000000000000000e+02 2.310215320192388067e+00
6.520000000000000000e+02 2.310249534092735146e+00
6.530000000000000000e+02 2.310283742791672257e+00
6.540000000000000000e+02 2.310317946285532553e+00
6.550000000000000000e+02 2.310352144570649191e+00
6.560000000000000000e+02 2.310386337643355326e+00
6.570000000000000000e+02 2.310420525499985001e+00
6.580000000000000000e+02 2.310454708136871371e+00
6.590000000000000000e+02 2.310488885550347149e+00
6.600000000000000000e+02 2.310523057736745933e+00
6.610000000000000000e+02 2.310557224692401324e+00
6.620000000000000000e+02 2.310591386413646475e+00
6.630000000000000000e+02 2.310625542896814544e+00
6.640000000000000000e+02 2.310659694138238685e+00
6.650000000000000000e+02 2.310693840134252941e+00
6.660000000000000000e+02 2.310727980881190025e+00
6.670000000000000000e+02 2.310762116375383535e+00
6.680000000000000000e+02 2.310796246613166627e+00
6.690000000000000000e+02 2.310830371590872456e+00
6.700000000000000000e+02 2.310864491304834623e+00
6.710000000000000000e+02 2.310898605751386281e+00
6.720000000000000000e+02 2.310932714926861031e+00
6.730000000000000000e+02 2.310966818827591585e+00
6.740000000000000000e+02 2.311000917449911984e+00
6.750000000000000000e+02 2.311035010790154942e+00
6.760000000000000000e+02 2.311069098844654501e+00
6.770000000000000000e+02 2.311103181609743373e+00
6.780000000000000000e+02 2.311137259081754713e+00
6.790000000000000000e+02 2.311171331257022121e+00
6.800000000000000000e+02 2.311205398131879196e+00
6.810000000000000000e+02 2.311239459702659094e+00
6.820000000000000000e+02 2.311273515965694969e+00
6.830000000000000000e+02 2.311307566917319978e+00
6.840000000000000000e+02 2.311341612553867719e+00
6.850000000000000000e+02 2.311375652871671793e+00
6.860000000000000000e+02 2.311409687867064466e+00
6.870000000000000000e+02 2.311443717536380227e+00
6.880000000000000000e+02 2.311477741875952230e+00
6.890000000000000000e+02 2.311511760882112743e+00
6.900000000000000000e+02 2.311545774551196253e+00
6.910000000000000000e+02 2.311579782879535916e+00
6.920000000000000000e+02 2.311613785863464443e+00
6.930000000000000000e+02 2.311647783499315434e+00
6.940000000000000000e+02 2.311681775783422488e+00
6.950000000000000000e+02 2.311715762712118316e+00
6.960000000000000000e+02 2.311749744281736962e+00
6.970000000000000000e+02 2.311783720488611138e+00
6.980000000000000000e+02 2.311817691329074442e+00
6.990000000000000000e+02 2.311851656799460475e+00
7.000000000000000000e+02 2.311885616896101947e+00
7.010000000000000000e+02 2.311919571615332458e+00
7.020000000000000000e+02 2.311953520953485164e+00
7.030000000000000000e+02 2.311987464906894107e+00
7.040000000000000000e+02 2.312021403471891556e+00
7.050000000000000000e+02 2.312055336644811554e+00
7.060000000000000000e+02 2.312089264421986812e+00
7.070000000000000000e+02 2.312123186799751373e+00
7.080000000000000000e+02 2.312157103774438394e+00
7.090000000000000000e+02 2.312191015342380584e+00
7.100000000000000000e+02 2.312224921499911545e+00
7.110000000000000000e+02 2.312258822243365319e+00
7.120000000000000000e+02 2.312292717569074174e+00
7.130000000000000000e+02 2.312326607473371709e+00
7.140000000000000000e+02 2.312360491952591524e+00
7.150000000000000000e+02 2.312394371003067217e+00
7.160000000000000000e+02 2.312428244621131057e+00
7.170000000000000000e+02 2.312462112803117531e+00
7.180000000000000000e+02 2.312495975545358906e+00
7.190000000000000000e+02 2.312529832844189670e+00
7.200000000000000000e+02 2.312563684695942090e+00
7.210000000000000000e+02 2.312597531096949766e+00
7.220000000000000000e+02 2.312631372043546296e+00
7.230000000000000000e+02 2.312665207532064837e+00
7.240000000000000000e+02 2.312699037558838544e+00
7.250000000000000000e+02 2.312732862120201016e+00
7.260000000000000000e+02 2.312766681212485409e+00
7.270000000000000000e+02 2.312800494832024878e+00
7.280000000000000000e+02 2.312834302975153022e+00
7.290000000000000000e+02 2.312868105638203442e+00
7.300000000000000000e+02 2.312901902817508848e+00
7.310000000000000000e+02 2.312935694509402396e+00
7.320000000000000000e+02 2.312969480710218129e+00
7.330000000000000000e+02 2.313003261416289202e+00
7.340000000000000000e+02 2.313037036623948328e+00
7.350000000000000000e+02 2.313070806329529550e+00
7.360000000000000000e+02 2.313104570529365578e+00
7.370000000000000000e+02 2.313138329219790457e+00
7.380000000000000000e+02 2.313172082397136453e+00
7.390000000000000000e+02 2.313205830057738055e+00
7.400000000000000000e+02 2.313239572197927973e+00
7.410000000000000000e+02 2.313273308814039364e+00
7.420000000000000000e+02 2.313307039902405826e+00
7.430000000000000000e+02 2.313340765459360515e+00
7.440000000000000000e+02 2.313374485481237031e+00
7.450000000000000000e+02 2.313408199964368528e+00
7.460000000000000000e+02 2.313441908905088162e+00
7.470000000000000000e+02 2.313475612299729089e+00
7.480000000000000000e+02 2.313509310144625353e+00
7.490000000000000000e+02 2.313543002436109663e+00
7.500000000000000000e+02 2.313576689170515621e+00
7.510000000000000000e+02 2.313610370344176381e+00
7.520000000000000000e+02 2.313644045953425099e+00
7.530000000000000000e+02 2.313677715994595374e+00
7.540000000000000000e+02 2.313711380464020806e+00
7.550000000000000000e+02 2.313745039358034106e+00
7.560000000000000000e+02 2.313778692672968429e+00
7.570000000000000000e+02 2.313812340405157819e+00
7.580000000000000000e+02 2.313845982550935432e+00
7.590000000000000000e+02 2.313879619106634422e+00
7.600000000000000000e+02 2.313913250068587946e+00
7.610000000000000000e+02 2.313946875433129602e+00
7.620000000000000000e+02 2.313980495196592102e+00
7.630000000000000000e+02 2.314014109355309934e+00
7.640000000000000000e+02 2.314047717905615364e+00
7.650000000000000000e+02 2.314081320843841993e+00
7.660000000000000000e+02 2.314114918166323420e+00
7.670000000000000000e+02 2.314148509869392356e+00
7.680000000000000000e+02 2.314182095949382845e+00
7.690000000000000000e+02 2.314215676402628041e+00
7.700000000000000000e+02 2.314249251225460657e+00
7.710000000000000000e+02 2.314282820414214736e+00
7.720000000000000000e+02 2.314316383965223434e+00
7.730000000000000000e+02 2.314349941874819461e+00
7.740000000000000000e+02 2.314383494139336861e+00
7.750000000000000000e+02 2.314417040755108790e+00
7.760000000000000000e+02 2.314450581718468403e+00
7.770000000000000000e+02 2.314484117025748855e+00
7.780000000000000000e+02 2.314517646673283746e+00
7.790000000000000000e+02 2.314551170657406676e+00
7.800000000000000000e+02 2.314584688974450355e+00
7.810000000000000000e+02 2.314618201620748383e+00
7.820000000000000000e+02 2.314651708592633916e+00
7.830000000000000000e+02 2.314685209886440553e+00
7.840000000000000000e+02 2.314718705498501450e+00
7.850000000000000000e+02 2.314752195425150205e+00
7.860000000000000000e+02 2.314785679662719531e+00
7.870000000000000000e+02 2.314819158207543026e+00
7.880000000000000000e+02 2.314852631055954291e+00
7.890000000000000000e+02 2.314886098204286480e+00
7.900000000000000000e+02 2.314919559648872305e+00
7.910000000000000000e+02 2.314953015386046253e+00
7.920000000000000000e+02 2.314986465412140593e+00
7.930000000000000000e+02 2.315019909723489366e+00
7.940000000000000000e+02 2.315053348316425286e+00
7.950000000000000000e+02 2.315086781187281950e+00
7.960000000000000000e+02 2.315120208332392959e+00
7.970000000000000000e+02 2.315153629748091024e+00
7.980000000000000000e+02 2.315187045430710189e+00
7.990000000000000000e+02 2.315220455376583164e+00
8.000000000000000000e+02 2.315253859582043550e+00
8.010000000000000000e+02 2.315287258043424501e+00
8.020000000000000000e+02 2.315320650757059173e+00
8.030000000000000000e+02 2.315354037719281610e+00
8.040000000000000000e+02 2.315387418926424079e+00
8.050000000000000000e+02 2.315420794374821067e+00
8.060000000000000000e+02 2.315454164060804843e+00
8.070000000000000000e+02 2.315487527980709448e+00
8.080000000000000000e+02 2.315520886130867595e+00
8.090000000000000000e+02 2.315554238507613327e+00
8.100000000000000000e+02 2.315587585107278912e+00
8.110000000000000000e+02 2.315620925926198836e+00
8.120000000000000000e+02 2.315654260960705813e+00
8.130000000000000000e+02 2.315687590207132995e+00
8.140000000000000000e+02 2.315720913661814429e+00
8.150000000000000000e+02 2.315754231321082379e+00
8.160000000000000000e+02 2.315787543181270891e+00
8.170000000000000000e+02 2.315820849238713119e+00
8.180000000000000000e+02 2.315854149489742664e+00
8.190000000000000000e+02 2.315887443930692235e+00
8.200000000000000000e+02 2.315920732557895434e+00
8.210000000000000000e+02 2.315954015367685859e+00
8.220000000000000000e+02 2.315987292356396221e+00
8.230000000000000000e+02 2.316020563520360565e+00
8.240000000000000000e+02 2.316053828855911600e+00
8.250000000000000000e+02 2.316087088359382928e+00
8.260000000000000000e+02 2.316120342027107704e+00
8.270000000000000000e+02 2.316153589855419526e+00
8.280000000000000000e+02 2.316186831840651106e+00
8.290000000000000000e+02 2.316220067979136488e+00
8.300000000000000000e+02 2.316253298267208827e+00
8.310000000000000000e+02 2.316286522701201278e+00
8.320000000000000000e+02 2.316319741277446997e+00
8.330000000000000000e+02 2.316352953992279584e+00
8.340000000000000000e+02 2.316386160842032194e+00
8.350000000000000000e+02 2.316419361823037981e+00
8.360000000000000000e+02 2.316452556931630546e+00
8.370000000000000000e+02 2.316485746164143489e+00
8.380000000000000000e+02 2.316518929516909520e+00
8.390000000000000000e+02 2.316552106986262238e+00
8.400000000000000000e+02 2.316585278568534800e+00
8.410000000000000000e+02 2.316618444260060805e+00
8.420000000000000000e+02 2.316651604057173408e+00
8.430000000000000000e+02 2.316684757956206209e+00
8.440000000000000000e+02 2.316717905953491918e+00
8.450000000000000000e+02 2.316751048045364136e+00
8.460000000000000000e+02 2.316784184228156462e+00
8.470000000000000000e+02 2.316817314498201608e+00
8.480000000000000000e+02 2.316850438851833616e+00
8.490000000000000000e+02 2.316883557285385198e+00
8.500000000000000000e+02 2.316916669795189954e+00
8.510000000000000000e+02 2.316949776377581038e+00
8.520000000000000000e+02 2.316982877028892496e+00
8.530000000000000000e+02 2.317015971745456593e+00
8.540000000000000000e+02 2.317049060523606929e+00
8.550000000000000000e+02 2.317082143359677104e+00
8.560000000000000000e+02 2.317115220250000274e+00
8.570000000000000000e+02 2.317148291190910037e+00
8.580000000000000000e+02 2.317181356178739104e+00
8.590000000000000000e+02 2.317214415209821521e+00
8.600000000000000000e+02 2.317247468280489997e+00
8.610000000000000000e+02 2.317280515387078133e+00
8.620000000000000000e+02 2.317313556525919083e+00
8.630000000000000000e+02 2.317346591693346447e+00
8.640000000000000000e+02 2.317379620885693381e+00
8.650000000000000000e+02 2.317412644099293040e+00
8.660000000000000000e+02 2.317445661330479023e+00
8.670000000000000000e+02 2.317478672575584486e+00
8.680000000000000000e+02 2.317511677830942585e+00
8.690000000000000000e+02 2.317544677092886918e+00
8.700000000000000000e+02 2.317577670357751085e+00
8.710000000000000000e+02 2.317610657621867354e+00
8.720000000000000000e+02 2.317643638881570212e+00
8.730000000000000000e+02 2.317676614133192370e+00
8.740000000000000000e+02 2.317709583373066984e+00
8.750000000000000000e+02 2.317742546597528097e+00
8.760000000000000000e+02 2.317775503802907977e+00
8.770000000000000000e+02 2.317808454985541111e+00
8.780000000000000000e+02 2.317841400141759767e+00
8.790000000000000000e+02 2.317874339267897987e+00
8.800000000000000000e+02 2.317907272360288928e+00
8.810000000000000000e+02 2.317940199415265745e+00
8.820000000000000000e+02 2.317973120429161593e+00
8.830000000000000000e+02 2.318006035398310072e+00
8.840000000000000000e+02 2.318038944319044337e+00
8.850000000000000000e+02 2.318071847187697987e+00
8.860000000000000000e+02 2.318104744000604178e+00
8.870000000000000000e+02 2.318137634754096066e+00
8.880000000000000000e+02 2.318170519444506805e+00
8.890000000000000000e+02 2.318203398068170440e+00
8.900000000000000000e+02 2.318236270621419681e+00
8.910000000000000000e+02 2.318269137100588129e+00
8.920000000000000000e+02 2.318301997502008938e+00
8.930000000000000000e+02 2.318334851822015708e+00
8.940000000000000000e+02 2.318367700056941150e+00
8.950000000000000000e+02 2.318400542203118864e+00
8.960000000000000000e+02 2.318433378256882449e+00
8.970000000000000000e+02 2.318466208214565061e+00
8.980000000000000000e+02 2.318499032072499855e+00
8.990000000000000000e+02 2.318531849827020430e+00
9.000000000000000000e+02 2.318564661474459943e+00
9.010000000000000000e+02 2.318597467011151547e+00
9.020000000000000000e+02 2.318630266433428844e+00
9.030000000000000000e+02 2.318663059737624987e+00
9.040000000000000000e+02 2.318695846920073134e+00
9.050000000000000000e+02 2.318728627977106882e+00
9.060000000000000000e+02 2.318761402905059832e+00
9.070000000000000000e+02 2.318794171700264695e+00
9.080000000000000000e+02 2.318826934359054626e+00
9.090000000000000000e+02 2.318859690877764113e+00
9.100000000000000000e+02 2.318892441252724979e+00
9.110000000000000000e+02 2.318925185480271711e+00
9.120000000000000000e+02 2.318957923556737022e+00
9.130000000000000000e+02 2.318990655478454066e+00
9.140000000000000000e+02 2.319023381241756887e+00
9.150000000000000000e+02 2.319056100842978196e+00
9.160000000000000000e+02 2.319088814278451594e+00
9.170000000000000000e+02 2.319121521544510234e+00
9.180000000000000000e+02 2.319154222637487717e+00
9.190000000000000000e+02 2.319186917553716754e+00
9.200000000000000000e+02 2.319219606289531388e+00
9.210000000000000000e+02 2.319252288841264331e+00
9.220000000000000000e+02 2.319284965205249627e+00
9.230000000000000000e+02 2.319317635377819542e+00
9.240000000000000000e+02 2.319350299355308120e+00
9.250000000000000000e+02 2.319382957134048961e+00
9.260000000000000000e+02 2.319415608710374332e+00
9.270000000000000000e+02 2.319448254080618721e+00
9.280000000000000000e+02 2.319480893241114394e+00
9.290000000000000000e+02 2.319513526188195396e+00
9.300000000000000000e+02 2.319546152918194881e+00
9.310000000000000000e+02 2.319578773427446006e+00
9.320000000000000000e+02 2.319611387712282369e+00
9.330000000000000000e+02 2.319643995769036682e+00
9.340000000000000000e+02 2.319676597594042988e+00
9.350000000000000000e+02 2.319709193183634444e+00
9.360000000000000000e+02 2.319741782534143759e+00
9.370000000000000000e+02 2.319774365641904978e+00
9.380000000000000000e+02 2.319806942503251257e+00
9.390000000000000000e+02 2.319839513114515750e+00
9.400000000000000000e+02 2.319872077472031613e+00
9.410000000000000000e+02 2.319904635572132445e+00
9.420000000000000000e+02 2.319937187411151847e+00
9.430000000000000000e+02 2.319969732985422084e+00
9.440000000000000000e+02 2.320002272291277645e+00
9.450000000000000000e+02 2.320034805325051241e+00
9.460000000000000000e+02 2.320067332083076472e+00
9.470000000000000000e+02 2.320099852561686049e+00
9.480000000000000000e+02 2.320132366757214015e+00
9.490000000000000000e+02 2.320164874665993526e+00
9.500000000000000000e+02 2.320197376284357738e+00
9.510000000000000000e+02 2.320229871608639804e+00
9.520000000000000000e+02 2.320262360635173327e+00
9.530000000000000000e+02 2.320294843360291459e+00
9.540000000000000000e+02 2.320327319780327802e+00
9.550000000000000000e+02 2.320359789891615510e+00
9.560000000000000000e+02 2.320392253690487738e+00
9.570000000000000000e+02 2.320424711173277643e+00
9.580000000000000000e+02 2.320457162336319268e+00
9.590000000000000000e+02 2.320489607175945324e+00
9.600000000000000000e+02 2.320522045688488966e+00
9.610000000000000000e+02 2.320554477870284238e+00
9.620000000000000000e+02 2.320586903717663851e+00
9.630000000000000000e+02 2.320619323226961406e+00
9.640000000000000000e+02 2.320651736394510056e+00
9.650000000000000000e+02 2.320684143216642958e+00
9.660000000000000000e+02 2.320716543689693712e+00
9.670000000000000000e+02 2.320748937809995915e+00
9.680000000000000000e+02 2.320781325573882281e+00
9.690000000000000000e+02 2.320813706977686408e+00
9.700000000000000000e+02 2.320846082017741896e+00
9.710000000000000000e+02 2.320878450690381456e+00
9.720000000000000000e+02 2.320910812991938688e+00
9.730000000000000000e+02 2.320943168918746746e+00
9.740000000000000000e+02 2.320975518467139675e+00
9.750000000000000000e+02 2.321007861633449743e+00
9.760000000000000000e+02 2.321040198414010991e+00
9.770000000000000000e+02 2.321072528805156576e+00
9.780000000000000000e+02 2.321104852803219654e+00
9.790000000000000000e+02 2.321137170404533379e+00
9.800000000000000000e+02 2.321169481605431795e+00
9.810000000000000000e+02 2.321201786402247613e+00
9.820000000000000000e+02 2.321234084791313990e+00
9.830000000000000000e+02 2.321266376768964967e+00
9.840000000000000000e+02 2.321298662331532814e+00
9.850000000000000000e+02 2.321330941475352017e+00
9.860000000000000000e+02 2.321363214196755287e+00
9.870000000000000000e+02 2.321395480492075780e+00
9.880000000000000000e+02 2.321427740357647096e+00
9.890000000000000000e+02 2.321459993789802390e+00
9.900000000000000000e+02 2.321492240784875261e+00
9.910000000000000000e+02 2.321524481339198864e+00
9.920000000000000000e+02 2.321556715449105912e+00
9.930000000000000000e+02 2.321588943110930892e+00
9.940000000000000000e+02 2.321621164321006514e+00
9.950000000000000000e+02 2.321653379075665491e+00
9.960000000000000000e+02 2.321685587371242310e+00
9.970000000000000000e+02 2.321717789204069682e+00
9.980000000000000000e+02 2.321749984570480763e+00
9.990000000000000000e+02 2.321782173466809152e+00
1.000000000000000000e+03 2.321814355889388004e+00
1.001000000000000000e+03 2.321846531834550920e+00
1.002000000000000000e+03 2.321878701298630610e+00
1.003000000000000000e+03 2.321910864277961117e+00
1.004000000000000000e+03 2.321943020768875598e+00
1.005000000000000000e+03 2.321975170767706764e+00
1.006000000000000000e+03 2.322007314270788658e+00
1.007000000000000000e+03 2.322039451274453992e+00
1.008000000000000000e+03 2.322071581775036808e+00
1.009000000000000000e+03 2.322103705768869819e+00
1.010000000000000000e+03 2.322135823252286624e+00
1.011000000000000000e+03 2.322167934221620378e+00
1.012000000000000000e+03 2.322200038673204237e+00
1.013000000000000000e+03 2.322232136603371799e+00
1.014000000000000000e+03 2.322264228008456666e+00
1.015000000000000000e+03 2.322296312884791547e+00
1.016000000000000000e+03 2.322328391228710043e+00
1.017000000000000000e+03 2.322360463036545308e+00
1.018000000000000000e+03 2.322392528304630943e+00
1.019000000000000000e+03 2.322424587029300103e+00
1.020000000000000000e+03 2.322456639206886386e+00
1.021000000000000000e+03 2.322488684833722505e+00
