# order=20: data_wav [pixel], data_wavsolution [micron]
3.000000000000000000e+00 2.096406589384279151e+00
4.000000000000000000e+00 2.096440870798972345e+00
5.000000000000000000e+00 2.096475147922499449e+00
6.000000000000000000e+00 2.096509420753945196e+00
7.000000000000000000e+00 2.096543689292393875e+00
8.000000000000000000e+00 2.096577953536929773e+00
9.000000000000000000e+00 2.096612213486638066e+00
1.000000000000000000e+01 2.096646469140602154e+00
1.100000000000000000e+01 2.096680720497907657e+00
1.200000000000000000e+01 2.096714967557638865e+00
1.300000000000000000e+01 2.096749210318879619e+00
1.400000000000000000e+01 2.096783448780714654e+00
1.500000000000000000e+01 2.096817682942229144e+00
1.600000000000000000e+01 2.096851912802506490e+00
1.700000000000000000e+01 2.096886138360632312e+00
1.800000000000000000e+01 2.096920359615690010e+00
1.900000000000000000e+01 2.096954576566765205e+00
2.000000000000000000e+01 2.096988789212941295e+00
2.100000000000000000e+01 2.097022997553303458e+00
2.200000000000000000e+01 2.097057201586935982e+00
2.300000000000000000e+01 2.097091401312923598e+00
2.400000000000000000e+01 2.097125596730350150e+00
2.500000000000000000e+01 2.097159787838301259e+00
2.600000000000000000e+01 2.097193974635860325e+00
2.700000000000000000e+01 2.097228157122112080e+00
2.800000000000000000e+01 2.097262335296141256e+00
2.900000000000000000e+01 2.097296509157032585e+00
3.000000000000000000e+01 2.097330678703870355e+00
3.100000000000000000e+01 2.097364843935738410e+00
3.200000000000000000e+01 2.097399004851722371e+00
3.300000000000000000e+01 2.097433161450905637e+00
3.400000000000000000e+01 2.097467313732373828e+00
3.500000000000000000e+01 2.097501461695210345e+00
3.600000000000000000e+01 2.097535605338500364e+00
3.700000000000000000e+01 2.097569744661328173e+00
3.800000000000000000e+01 2.097603879662778503e+00
3.900000000000000000e+01 2.097638010341935644e+00
4.000000000000000000e+01 2.097672136697883882e+00
4.100000000000000000e+01 2.097706258729707951e+00
4.200000000000000000e+01 2.097740376436492138e+00
4.300000000000000000e+01 2.097774489817321175e+00
4.400000000000000000e+01 2.097808598871279795e+00
4.500000000000000000e+01 2.097842703597451841e+00
4.600000000000000000e+01 2.097876803994922490e+00
4.700000000000000000e+01 2.097910900062775585e+00
4.800000000000000000e+01 2.097944991800096304e+00
4.900000000000000000e+01 2.097979079205968489e+00
5.000000000000000000e+01 2.098013162279476873e+00
5.100000000000000000e+01 2.098047241019706188e+00
5.200000000000000000e+01 2.098081315425740723e+00
5.300000000000000000e+01 2.098115385496664764e+00
5.400000000000000000e+01 2.098149451231563489e+00
5.500000000000000000e+01 2.098183512629520742e+00
5.600000000000000000e+01 2.098217569689620809e+00
5.700000000000000000e+01 2.098251622410948869e+00
5.800000000000000000e+01 2.098285670792589208e+00
5.900000000000000000e+01 2.098319714833626559e+00
6.000000000000000000e+01 2.098353754533144766e+00
6.100000000000000000e+01 2.098387789890228561e+00
6.200000000000000000e+01 2.098421820903962676e+00
6.300000000000000000e+01 2.098455847573431399e+00
6.400000000000000000e+01 2.098489869897719462e+00
6.500000000000000000e+01 2.098523887875911154e+00
6.600000000000000000e+01 2.098557901507090762e+00
6.700000000000000000e+01 2.098591910790343462e+00
6.800000000000000000e+01 2.098625915724753099e+00
6.900000000000000000e+01 2.098659916309404405e+00
7.000000000000000000e+01 2.098693912543381668e+00
7.100000000000000000e+01 2.098727904425769619e+00
7.200000000000000000e+01 2.098761891955652992e+00
7.300000000000000000e+01 2.098795875132115629e+00
7.400000000000000000e+01 2.098829853954242708e+00
7.500000000000000000e+01 2.098863828421118516e+00
7.600000000000000000e+01 2.098897798531826897e+00
7.700000000000000000e+01 2.098931764285453472e+00
7.800000000000000000e+01 2.098965725681081640e+00
7.900000000000000000e+01 2.098999682717797022e+00
8.000000000000000000e+01 2.099033635394683017e+00
8.100000000000000000e+01 2.099067583710824803e+00
8.200000000000000000e+01 2.099101527665306666e+00
8.300000000000000000e+01 2.099135467257212895e+00
8.400000000000000000e+01 2.099169402485628222e+00
8.500000000000000000e+01 2.099203333349637379e+00
8.600000000000000000e+01 2.099237259848324655e+00
8.700000000000000000e+01 2.099271181980774337e+00
8.800000000000000000e+01 2.099305099746070713e+00
8.900000000000000000e+01 2.099339013143298960e+00
9.000000000000000000e+01 2.099372922171543365e+00
9.100000000000000000e+01 2.099406826829888217e+00
9.200000000000000000e+01 2.099440727117418248e+00
9.300000000000000000e+01 2.099474623033217746e+00
9.400000000000000000e+01 2.099508514576370999e+00
9.500000000000000000e+01 2.099542401745962739e+00
9.600000000000000000e+01 2.099576284541077698e+00
9.700000000000000000e+01 2.099610162960800608e+00
9.800000000000000000e+01 2.099644037004214869e+00
9.900000000000000000e+01 2.099677906670405658e+00
1.000000000000000000e+02 2.099711771958457707e+00
1.010000000000000000e+02 2.099745632867455303e+00
1.020000000000000000e+02 2.099779489396482735e+00
1.030000000000000000e+02 2.099813341544624734e+00
1.040000000000000000e+02 2.099847189310965589e+00
1.050000000000000000e+02 2.099881032694590033e+00
1.060000000000000000e+02 2.099914871694582352e+00
1.070000000000000000e+02 2.099948706310027280e+00
1.080000000000000000e+02 2.099982536540008660e+00
1.090000000000000000e+02 2.100016362383612112e+00
1.100000000000000000e+02 2.100050183839921036e+00
1.110000000000000000e+02 2.100084000908020609e+00
1.120000000000000000e+02 2.100117813586995119e+00
1.130000000000000000e+02 2.100151621875929298e+00
1.140000000000000000e+02 2.100185425773906989e+00
1.150000000000000000e+02 2.100219225280013369e+00
1.160000000000000000e+02 2.100253020393332282e+00
1.170000000000000000e+02 2.100286811112948904e+00
1.180000000000000000e+02 2.100320597437947523e+00
1.190000000000000000e+02 2.100354379367412427e+00
1.200000000000000000e+02 2.100388156900428349e+00
1.210000000000000000e+02 2.100421930036079576e+00
1.220000000000000000e+02 2.100455698773450397e+00
1.230000000000000000e+02 2.100489463111625987e+00
1.240000000000000000e+02 2.100523223049690191e+00
1.250000000000000000e+02 2.100556978586727741e+00
1.260000000000000000e+02 2.100590729721823369e+00
1.270000000000000000e+02 2.100624476454061362e+00
1.280000000000000000e+02 2.100658218782526010e+00
1.290000000000000000e+02 2.100691956706302044e+00
1.300000000000000000e+02 2.100725690224473752e+00
1.310000000000000000e+02 2.100759419336126310e+00
1.320000000000000000e+02 2.100793144040343119e+00
1.330000000000000000e+02 2.100826864336209798e+00
1.340000000000000000e+02 2.100860580222809748e+00
1.350000000000000000e+02 2.100894291699228589e+00
1.360000000000000000e+02 2.100927998764549720e+00
1.370000000000000000e+02 2.100961701417858318e+00
1.380000000000000000e+02 2.100995399658239116e+00
1.390000000000000000e+02 2.101029093484775512e+00
1.400000000000000000e+02 2.101062782896553127e+00
1.410000000000000000e+02 2.101096467892655806e+00
1.420000000000000000e+02 2.101130148472168724e+00
1.430000000000000000e+02 2.101163824634175281e+00
1.440000000000000000e+02 2.101197496377761098e+00
1.450000000000000000e+02 2.101231163702010019e+00
1.460000000000000000e+02 2.101264826606006775e+00
1.470000000000000000e+02 2.101298485088835655e+00
1.480000000000000000e+02 2.101332139149581391e+00
1.490000000000000000e+02 2.101365788787328270e+00
1.500000000000000000e+02 2.101399434001161026e+00
1.510000000000000000e+02 2.101433074790163502e+00
1.520000000000000000e+02 2.101466711153421318e+00
1.530000000000000000e+02 2.101500343090018319e+00
1.540000000000000000e+02 2.101533970599038792e+00
1.550000000000000000e+02 2.101567593679567469e+00
1.560000000000000000e+02 2.101601212330689084e+00
1.570000000000000000e+02 2.101634826551487478e+00
1.580000000000000000e+02 2.101668436341047830e+00
1.590000000000000000e+02 2.101702041698454426e+00
1.600000000000000000e+02 2.101735642622791556e+00
1.610000000000000000e+02 2.101769239113143950e+00
1.620000000000000000e+02 2.101802831168596342e+00
1.630000000000000000e+02 2.101836418788232574e+00
1.640000000000000000e+02 2.101870001971137381e+00
1.650000000000000000e+02 2.101903580716395492e+00
1.660000000000000000e+02 2.101937155023091197e+00
1.670000000000000000e+02 2.101970724890309228e+00
1.680000000000000000e+02 2.102004290317133872e+00
1.690000000000000000e+02 2.102037851302649418e+00
1.700000000000000000e+02 2.102071407845940598e+00
1.710000000000000000e+02 2.102104959946092144e+00
1.720000000000000000e+02 2.102138507602188344e+00
1.730000000000000000e+02 2.102172050813313486e+00
1.740000000000000000e+02 2.102205589578552303e+00
1.750000000000000000e+02 2.102239123896989081e+00
1.760000000000000000e+02 2.102272653767708555e+00
1.770000000000000000e+02 2.102306179189795454e+00
1.780000000000000000e+02 2.102339700162333624e+00
1.790000000000000000e+02 2.102373216684407797e+00
1.800000000000000000e+02 2.102406728755102705e+00
1.810000000000000000e+02 2.102440236373502636e+00
1.820000000000000000e+02 2.102473739538692321e+00
1.830000000000000000e+02 2.102507238249756050e+00
1.840000000000000000e+02 2.102540732505778109e+00
1.850000000000000000e+02 2.102574222305843232e+00
1.860000000000000000e+02 2.102607707649036151e+00
1.870000000000000000e+02 2.102641188534441152e+00
1.880000000000000000e+02 2.102674664961142525e+00
1.890000000000000000e+02 2.102708136928224558e+00
1.900000000000000000e+02 2.102741604434772871e+00
1.910000000000000000e+02 2.102775067479870863e+00
1.920000000000000000e+02 2.102808526062603267e+00
1.930000000000000000e+02 2.102841980182054815e+00
1.940000000000000000e+02 2.102875429837309795e+00
1.950000000000000000e+02 2.102908875027452940e+00
1.960000000000000000e+02 2.102942315751568536e+00
1.970000000000000000e+02 2.102975752008740873e+00
1.980000000000000000e+02 2.103009183798055126e+00
1.990000000000000000e+02 2.103042611118595140e+00
2.000000000000000000e+02 2.103076033969445646e+00
2.010000000000000000e+02 2.103109452349690933e+00
2.020000000000000000e+02 2.103142866258415733e+00
2.030000000000000000e+02 2.103176275694704778e+00
2.040000000000000000e+02 2.103209680657642355e+00
2.050000000000000000e+02 2.103243081146312310e+00
2.060000000000000000e+02 2.103276477159800262e+00
2.070000000000000000e+02 2.103309868697190055e+00
2.080000000000000000e+02 2.103343255757565977e+00
2.090000000000000000e+02 2.103376638340013205e+00
2.100000000000000000e+02 2.103410016443616026e+00
2.110000000000000000e+02 2.103443390067458285e+00
2.120000000000000000e+02 2.103476759210625158e+00
2.130000000000000000e+02 2.103510123872200932e+00
2.140000000000000000e+02 2.103543484051270340e+00
2.150000000000000000e+02 2.103576839746917226e+00
2.160000000000000000e+02 2.103610190958226767e+00
2.170000000000000000e+02 2.103643537684283249e+00
2.180000000000000000e+02 2.103676879924170962e+00
2.190000000000000000e+02 2.103710217676974636e+00
2.200000000000000000e+02 2.103743550941778562e+00
2.210000000000000000e+02 2.103776879717667470e+00
2.220000000000000000e+02 2.103810204003726092e+00
2.230000000000000000e+02 2.103843523799038273e+00
2.240000000000000000e+02 2.103876839102688745e+00
2.250000000000000000e+02 2.103910149913762240e+00
2.260000000000000000e+02 2.103943456231342601e+00
2.270000000000000000e+02 2.103976758054515450e+00
2.280000000000000000e+02 2.104010055382364186e+00
2.290000000000000000e+02 2.104043348213973985e+00
2.300000000000000000e+02 2.104076636548429136e+00
2.310000000000000000e+02 2.104109920384813925e+00
2.320000000000000000e+02 2.104143199722213087e+00
2.330000000000000000e+02 2.104176474559711352e+00
2.340000000000000000e+02 2.104209744896392564e+00
2.350000000000000000e+02 2.104243010731341457e+00
2.360000000000000000e+02 2.104276272063643205e+00
2.370000000000000000e+02 2.104309528892381209e+00
2.380000000000000000e+02 2.104342781216640645e+00
2.390000000000000000e+02 2.104376029035506246e+00
2.400000000000000000e+02 2.104409272348061855e+00
2.410000000000000000e+02 2.104442511153392203e+00
2.420000000000000000e+02 2.104475745450581581e+00
2.430000000000000000e+02 2.104508975238715163e+00
2.440000000000000000e+02 2.104542200516876793e+00
2.450000000000000000e+02 2.104575421284150760e+00
2.460000000000000000e+02 2.104608637539622684e+00
2.470000000000000000e+02 2.104641849282375965e+00
2.480000000000000000e+02 2.104675056511495335e+00
2.490000000000000000e+02 2.104708259226065969e+00
2.500000000000000000e+02 2.104741457425171269e+00
2.510000000000000000e+02 2.104774651107896855e+00
2.520000000000000000e+02 2.104807840273326125e+00
2.530000000000000000e+02 2.104841024920544257e+00
2.540000000000000000e+02 2.104874205048635982e+00
2.550000000000000000e+02 2.104907380656684701e+00
2.560000000000000000e+02 2.104940551743776034e+00
2.570000000000000000e+02 2.104973718308994268e+00
2.580000000000000000e+02 2.105006880351423248e+00
2.590000000000000000e+02 2.105040037870148151e+00
2.600000000000000000e+02 2.105073190864253263e+00
2.610000000000000000e+02 2.105106339332822873e+00
2.620000000000000000e+02 2.105139483274941714e+00
2.630000000000000000e+02 2.105172622689694073e+00
2.640000000000000000e+02 2.105205757576165126e+00
2.650000000000000000e+02 2.105238887933438274e+00
2.660000000000000000e+02 2.105272013760598693e+00
2.670000000000000000e+02 2.105305135056730670e+00
2.680000000000000000e+02 2.105338251820918938e+00
2.690000000000000000e+02 2.105371364052247785e+00
2.700000000000000000e+02 2.105404471749801942e+00
2.710000000000000000e+02 2.105437574912665699e+00
2.720000000000000000e+02 2.105470673539923343e+00
2.730000000000000000e+02 2.105503767630659606e+00
2.740000000000000000e+02 2.105536857183959221e+00
2.750000000000000000e+02 2.105569942198906030e+00
2.760000000000000000e+02 2.105603022674585212e+00
2.770000000000000000e+02 2.105636098610081053e+00
2.780000000000000000e+02 2.105669170004477841e+00
2.790000000000000000e+02 2.105702236856859866e+00
2.800000000000000000e+02 2.105735299166312302e+00
2.810000000000000000e+02 2.105768356931919438e+00
2.820000000000000000e+02 2.105801410152765563e+00
2.830000000000000000e+02 2.105834458827934963e+00
2.840000000000000000e+02 2.105867502956512816e+00
2.850000000000000000e+02 2.105900542537582965e+00
2.860000000000000000e+02 2.105933577570230142e+00
2.870000000000000000e+02 2.105966608053539080e+00
2.880000000000000000e+02 2.105999633986594066e+00
2.890000000000000000e+02 2.106032655368479389e+00
2.900000000000000000e+02 2.106065672198279781e+00
2.910000000000000000e+02 2.106098684475079530e+00
2.920000000000000000e+02 2.106131692197963368e+00
2.930000000000000000e+02 2.106164695366016026e+00
2.940000000000000000e+02 2.106197693978321350e+00
2.950000000000000000e+02 2.106230688033964071e+00
2.960000000000000000e+02 2.106263677532028922e+00
2.970000000000000000e+02 2.106296662471600190e+00
2.980000000000000000e+02 2.106329642851762607e+00
2.990000000000000000e+02 2.106362618671600462e+00
3.000000000000000000e+02 2.106395589930198486e+00
3.010000000000000000e+02 2.106428556626640525e+00
3.020000000000000000e+02 2.106461518760011753e+00
3.030000000000000000e+02 2.106494476329396459e+00
3.040000000000000000e+02 2.106527429333878931e+00
3.050000000000000000e+02 2.106560377772544346e+00
3.060000000000000000e+02 2.106593321644476102e+00
3.070000000000000000e+02 2.106626260948759821e+00
3.080000000000000000e+02 2.106659195684478902e+00
3.090000000000000000e+02 2.106692125850718966e+00
3.100000000000000000e+02 2.106725051446563413e+00
3.110000000000000000e+02 2.106757972471097862e+00
3.120000000000000000e+02 2.106790888923405713e+00
3.130000000000000000e+02 2.106823800802572144e+00
3.140000000000000000e+02 2.106856708107681442e+00
3.150000000000000000e+02 2.106889610837818338e+00
3.160000000000000000e+02 2.106922508992066678e+00
3.170000000000000000e+02 2.106955402569511637e+00
3.180000000000000000e+02 2.106988291569237504e+00
3.190000000000000000e+02 2.107021175990329009e+00
3.200000000000000000e+02 2.107054055831869999e+00
3.210000000000000000e+02 2.107086931092945647e+00
3.220000000000000000e+02 2.107119801772639800e+00
3.230000000000000000e+02 2.107152667870037632e+00
3.240000000000000000e+02 2.107185529384222988e+00
3.250000000000000000e+02 2.107218386314281044e+00
3.260000000000000000e+02 2.107251238659295645e+00
3.270000000000000000e+02 2.107284086418351521e+00
3.280000000000000000e+02 2.107316929590533405e+00
3.290000000000000000e+02 2.107349768174925586e+00
3.300000000000000000e+02 2.107382602170612795e+00
3.310000000000000000e+02 2.107415431576678877e+00
3.320000000000000000e+02 2.107448256392209007e+00
3.330000000000000000e+02 2.107481076616287474e+00
3.340000000000000000e+02 2.107513892247998566e+00
3.350000000000000000e+02 2.107546703286427014e+00
3.360000000000000000e+02 2.107579509730657552e+00
3.370000000000000000e+02 2.107612311579774023e+00
3.380000000000000000e+02 2.107645108832861158e+00
3.390000000000000000e+02 2.107677901489004135e+00
3.400000000000000000e+02 2.107710689547286353e+00
3.410000000000000000e+02 2.107743473006792989e+00
3.420000000000000000e+02 2.107776251866608330e+00
3.430000000000000000e+02 2.107809026125817109e+00
3.440000000000000000e+02 2.107841795783503169e+00
3.450000000000000000e+02 2.107874560838752132e+00
3.460000000000000000e+02 2.107907321290647396e+00
3.470000000000000000e+02 2.107940077138273693e+00
3.480000000000000000e+02 2.107972828380716201e+00
3.490000000000000000e+02 2.108005575017058764e+00
3.500000000000000000e+02 2.108038317046386112e+00
3.510000000000000000e+02 2.108071054467782535e+00
3.520000000000000000e+02 2.108103787280332320e+00
3.530000000000000000e+02 2.108136515483121087e+00
3.540000000000000000e+02 2.108169239075231793e+00
3.550000000000000000e+02 2.108201958055750058e+00
3.560000000000000000e+02 2.108234672423760170e+00
3.570000000000000000e+02 2.108267382178345972e+00
3.580000000000000000e+02 2.108300087318593086e+00
3.590000000000000000e+02 2.108332787843584910e+00
3.600000000000000000e+02 2.108365483752406178e+00
3.610000000000000000e+02 2.108398175044142064e+00
3.620000000000000000e+02 2.108430861717876414e+00
3.630000000000000000e+02 2.108463543772693960e+00
3.640000000000000000e+02 2.108496221207679433e+00
3.650000000000000000e+02 2.108528894021916678e+00
3.660000000000000000e+02 2.108561562214490426e+00
3.670000000000000000e+02 2.108594225784485410e+00
3.680000000000000000e+02 2.108626884730986362e+00
3.690000000000000000e+02 2.108659539053077125e+00
3.700000000000000000e+02 2.108692188749842433e+00
3.710000000000000000e+02 2.108724833820367017e+00
3.720000000000000000e+02 2.108757474263735165e+00
3.730000000000000000e+02 2.108790110079031610e+00
3.740000000000000000e+02 2.108822741265340195e+00
3.750000000000000000e+02 2.108855367821746096e+00
3.760000000000000000e+02 2.108887989747333602e+00
3.770000000000000000e+02 2.108920607041187001e+00
3.780000000000000000e+02 2.108953219702391468e+00
3.790000000000000000e+02 2.108985827730030405e+00
3.800000000000000000e+02 2.109018431123189430e+00
3.810000000000000000e+02 2.109051029880951944e+00
3.820000000000000000e+02 2.109083624002403567e+00
3.830000000000000000e+02 2.109116213486627700e+00
3.840000000000000000e+02 2.109148798332709518e+00
3.850000000000000000e+02 2.109181378539733753e+00
3.860000000000000000e+02 2.109213954106784250e+00
3.870000000000000000e+02 2.109246525032945740e+00
3.880000000000000000e+02 2.109279091317302957e+00
3.890000000000000000e+02 2.109311652958939742e+00
3.900000000000000000e+02 2.109344209956941274e+00
3.910000000000000000e+02 2.109376762310391840e+00
3.920000000000000000e+02 2.109409310018376171e+00
3.930000000000000000e+02 2.109441853079978113e+00
3.940000000000000000e+02 2.109474391494282397e+00
3.950000000000000000e+02 2.109506925260374199e+00
3.960000000000000000e+02 2.109539454377336920e+00
3.970000000000000000e+02 2.109571978844256179e+00
3.980000000000000000e+02 2.109604498660215377e+00
3.990000000000000000e+02 2.109637013824300134e+00
4.000000000000000000e+02 2.109669524335593849e+00
4.010000000000000000e+02 2.109702030193181699e+00
4.020000000000000000e+02 2.109734531396147972e+00
4.030000000000000000e+02 2.109767027943576956e+00
4.040000000000000000e+02 2.109799519834553827e+00
4.050000000000000000e+02 2.109832007068162429e+00
4.060000000000000000e+02 2.109864489643487495e+00
4.070000000000000000e+02 2.109896967559613312e+00
4.080000000000000000e+02 2.109929440815624613e+00
4.090000000000000000e+02 2.109961909410605685e+00
4.100000000000000000e+02 2.109994373343641261e+00
4.110000000000000000e+02 2.110026832613816072e+00
4.120000000000000000e+02 2.110059287220213964e+00
4.130000000000000000e+02 2.110091737161919667e+00
4.140000000000000000e+02 2.110124182438017915e+00
4.150000000000000000e+02 2.110156623047592994e+00
4.160000000000000000e+02 2.110189058989729638e+00
4.170000000000000000e+02 2.110221490263512134e+00
4.180000000000000000e+02 2.110253916868024771e+00
4.190000000000000000e+02 2.110286338802352279e+00
4.200000000000000000e+02 2.110318756065579393e+00
4.210000000000000000e+02 2.110351168656789955e+00
4.220000000000000000e+02 2.110383576575069142e+00
4.230000000000000000e+02 2.110415979819501242e+00
4.240000000000000000e+02 2.110448378389170543e+00
4.250000000000000000e+02 2.110480772283161333e+00
4.260000000000000000e+02 2.110513161500558788e+00
4.270000000000000000e+02 2.110545546040447196e+00
4.280000000000000000e+02 2.110577925901910845e+00
4.290000000000000000e+02 2.110610301084034024e+00
4.300000000000000000e+02 2.110642671585901908e+00
4.310000000000000000e+02 2.110675037406598342e+00
4.320000000000000000e+02 2.110707398545208058e+00
4.330000000000000000e+02 2.110739755000815787e+00
4.340000000000000000e+02 2.110772106772505374e+00
4.350000000000000000e+02 2.110804453859362440e+00
4.360000000000000000e+02 2.110836796260469939e+00
4.370000000000000000e+02 2.110869133974913936e+00
4.380000000000000000e+02 2.110901467001777831e+00
4.390000000000000000e+02 2.110933795340146357e+00
4.400000000000000000e+02 2.110966118989104245e+00
4.410000000000000000e+02 2.110998437947736228e+00
4.420000000000000000e+02 2.111030752215126149e+00
4.430000000000000000e+02 2.111063061790358741e+00
4.440000000000000000e+02 2.111095366672518736e+00
4.450000000000000000e+02 2.111127666860690422e+00
4.460000000000000000e+02 2.111159962353958086e+00
4.470000000000000000e+02 2.111192253151406462e+00
4.480000000000000000e+02 2.111224539252120280e+00
4.490000000000000000e+02 2.111256820655183830e+00
4.500000000000000000e+02 2.111289097359681399e+00
4.510000000000000000e+02 2.111321369364698164e+00
4.520000000000000000e+02 2.111353636669317524e+00
4.530000000000000000e+02 2.111385899272624656e+00
4.540000000000000000e+02 2.111418157173704291e+00
4.550000000000000000e+02 2.111450410371640274e+00
4.560000000000000000e+02 2.111482658865517781e+00
4.570000000000000000e+02 2.111514902654420656e+00
4.580000000000000000e+02 2.111547141737433630e+00
4.590000000000000000e+02 2.111579376113641437e+00
4.600000000000000000e+02 2.111611605782128365e+00
4.610000000000000000e+02 2.111643830741979144e+00
4.620000000000000000e+02 2.111676050992277620e+00
4.630000000000000000e+02 2.111708266532108969e+00
4.640000000000000000e+02 2.111740477360557477e+00
4.650000000000000000e+02 2.111772683476707435e+00
4.660000000000000000e+02 2.111804884879643573e+00
4.670000000000000000e+02 2.111837081568450625e+00
4.680000000000000000e+02 2.111869273542212433e+00
4.690000000000000000e+02 2.111901460800014174e+00
4.700000000000000000e+02 2.111933643340939692e+00
4.710000000000000000e+02 2.111965821164073720e+00
4.720000000000000000e+02 2.111997994268500989e+00
4.730000000000000000e+02 2.112030162653306231e+00
4.740000000000000000e+02 2.112062326317572847e+00
4.750000000000000000e+02 2.112094485260386456e+00
4.760000000000000000e+02 2.112126639480831347e+00
4.770000000000000000e+02 2.112158788977991364e+00
4.780000000000000000e+02 2.112190933750951682e+00
4.790000000000000000e+02 2.112223073798796591e+00
4.800000000000000000e+02 2.112255209120610377e+00
4.810000000000000000e+02 2.112287339715477774e+00
4.820000000000000000e+02 2.112319465582483069e+00
4.830000000000000000e+02 2.112351586720710994e+00
4.840000000000000000e+02 2.112383703129245838e+00
4.850000000000000000e+02 2.112415814807172332e+00
4.860000000000000000e+02 2.112447921753574764e+00
4.870000000000000000e+02 2.112480023967537868e+00
4.880000000000000000e+02 2.112512121448145930e+00
4.890000000000000000e+02 2.112544214194483683e+00
4.900000000000000000e+02 2.112576302205634970e+00
4.910000000000000000e+02 2.112608385480684969e+00
4.920000000000000000e+02 2.112640464018717967e+00
4.930000000000000000e+02 2.112672537818818697e+00
4.940000000000000000e+02 2.112704606880071001e+00
4.950000000000000000e+02 2.112736671201560057e+00
4.960000000000000000e+02 2.112768730782369708e+00
4.970000000000000000e+02 2.112800785621585131e+00
4.980000000000000000e+02 2.112832835718290614e+00
4.990000000000000000e+02 2.112864881071570444e+00
5.000000000000000000e+02 2.112896921680508910e+00
5.010000000000000000e+02 2.112928957544191189e+00
5.020000000000000000e+02 2.112960988661701123e+00
5.030000000000000000e+02 2.112993015032123889e+00
5.040000000000000000e+02 2.113025036654543332e+00
5.050000000000000000e+02 2.113057053528044182e+00
5.060000000000000000e+02 2.113089065651710730e+00
5.070000000000000000e+02 2.113121073024627705e+00
5.080000000000000000e+02 2.113153075645879841e+00
5.090000000000000000e+02 2.113185073514551426e+00
5.100000000000000000e+02 2.113217066629726748e+00
5.110000000000000000e+02 2.113249054990490539e+00
5.120000000000000000e+02 2.113281038595927086e+00
5.130000000000000000e+02 2.113313017445121123e+00
5.140000000000000000e+02 2.113344991537156936e+00
5.150000000000000000e+02 2.113376960871119259e+00
5.160000000000000000e+02 2.113408925446092379e+00
5.170000000000000000e+02 2.113440885261161029e+00
5.180000000000000000e+02 2.113472840315409496e+00
5.190000000000000000e+02 2.113504790607922068e+00
5.200000000000000000e+02 2.113536736137783478e+00
5.210000000000000000e+02 2.113568676904078458e+00
5.220000000000000000e+02 2.113600612905891296e+00
5.230000000000000000e+02 2.113632544142306280e+00
5.240000000000000000e+02 2.113664470612408142e+00
5.250000000000000000e+02 2.113696392315281170e+00
5.260000000000000000e+02 2.113728309250010096e+00
5.270000000000000000e+02 2.113760221415679208e+00
5.280000000000000000e+02 2.113792128811373239e+00
5.290000000000000000e+02 2.113824031436176920e+00
5.300000000000000000e+02 2.113855929289174096e+00
5.310000000000000000e+02 2.113887822369449498e+00
5.320000000000000000e+02 2.113919710676087860e+00
5.330000000000000000e+02 2.113951594208173024e+00
5.340000000000000000e+02 2.113983472964790611e+00
5.350000000000000000e+02 2.114015346945024021e+00
5.360000000000000000e+02 2.114047216147958430e+00
5.370000000000000000e+02 2.114079080572677682e+00
5.380000000000000000e+02 2.114110940218266954e+00
5.390000000000000000e+02 2.114142795083810533e+00
5.400000000000000000e+02 2.114174645168393152e+00
5.410000000000000000e+02 2.114206490471098654e+00
5.420000000000000000e+02 2.114238330991011772e+00
5.430000000000000000e+02 2.114270166727217237e+00
5.440000000000000000e+02 2.114301997678799339e+00
5.450000000000000000e+02 2.114333823844842808e+00
5.460000000000000000e+02 2.114365645224431933e+00
5.470000000000000000e+02 2.114397461816651447e+00
5.480000000000000000e+02 2.114429273620585192e+00
5.490000000000000000e+02 2.114461080635318790e+00
5.500000000000000000e+02 2.114492882859935641e+00
5.510000000000000000e+02 2.114524680293520476e+00
5.520000000000000000e+02 2.114556472935158471e+00
5.530000000000000000e+02 2.114588260783933471e+00
5.540000000000000000e+02 2.114620043838929764e+00
5.550000000000000000e+02 2.114651822099232970e+00
5.560000000000000000e+02 2.114683595563926044e+00
5.570000000000000000e+02 2.114715364232094608e+00
5.580000000000000000e+02 2.114747128102822948e+00
5.590000000000000000e+02 2.114778887175195354e+00
5.600000000000000000e+02 2.114810641448296558e+00
5.610000000000000000e+02 2.114842390921210402e+00
5.620000000000000000e+02 2.114874135593022508e+00
5.630000000000000000e+02 2.114905875462816276e+00
5.640000000000000000e+02 2.114937610529676881e+00
5.650000000000000000e+02 2.114969340792688168e+00
5.660000000000000000e+02 2.115001066250935757e+00
5.670000000000000000e+02 2.115032786903503048e+00
5.680000000000000000e+02 2.115064502749474773e+00
5.690000000000000000e+02 2.115096213787936108e+00
5.700000000000000000e+02 2.115127920017970453e+00
5.710000000000000000e+02 2.115159621438663429e+00
5.720000000000000000e+02 2.115191318049098435e+00
5.730000000000000000e+02 2.115223009848360647e+00
5.740000000000000000e+02 2.115254696835534798e+00
5.750000000000000000e+02 2.115286379009704731e+00
5.760000000000000000e+02 2.115318056369955180e+00
5.770000000000000000e+02 2.115349728915370875e+00
5.780000000000000000e+02 2.115381396645036105e+00
5.790000000000000000e+02 2.115413059558035158e+00
5.800000000000000000e+02 2.115444717653452766e+00
5.810000000000000000e+02 2.115476370930373662e+00
5.820000000000000000e+02 2.115508019387881689e+00
5.830000000000000000e+02 2.115539663025062023e+00
5.840000000000000000e+02 2.115571301840998952e+00
5.850000000000000000e+02 2.115602935834776321e+00
5.860000000000000000e+02 2.115634565005479750e+00
5.870000000000000000e+02 2.115666189352193083e+00
5.880000000000000000e+02 2.115697808874001051e+00
5.890000000000000000e+02 2.115729423569987500e+00
5.900000000000000000e+02 2.115761033439238048e+00
5.910000000000000000e+02 2.115792638480836096e+00
5.920000000000000000e+02 2.115824238693866821e+00
5.930000000000000000e+02 2.115855834077414510e+00
5.940000000000000000e+02 2.115887424630563896e+00
5.950000000000000000e+02 2.115919010352398821e+00
5.960000000000000000e+02 2.115950591242004464e+00
5.970000000000000000e+02 2.115982167298464667e+00
5.980000000000000000e+02 2.116013738520864607e+00
5.990000000000000000e+02 2.116045304908288571e+00
6.000000000000000000e+02 2.116076866459820849e+00
6.010000000000000000e+02 2.116108423174546171e+00
6.020000000000000000e+02 2.116139975051548827e+00
6.030000000000000000e+02 2.116171522089913548e+00
6.040000000000000000e+02 2.116203064288724622e+00
6.050000000000000000e+02 2.116234601647066338e+00
6.060000000000000000e+02 2.116266134164023871e+00
6.070000000000000000e+02 2.116297661838681066e+00
6.080000000000000000e+02 2.116329184670122654e+00
6.090000000000000000e+02 2.116360702657432924e+00
6.100000000000000000e+02 2.116392215799696608e+00
6.110000000000000000e+02 2.116423724095998438e+00
6.120000000000000000e+02 2.116455227545422701e+00
6.130000000000000000e+02 2.116486726147053687e+00
6.140000000000000000e+02 2.116518219899976128e+00
6.150000000000000000e+02 2.116549708803274310e+00
6.160000000000000000e+02 2.116581192856032523e+00
6.170000000000000000e+02 2.116612672057335942e+00
6.180000000000000000e+02 2.116644146406268856e+00
6.190000000000000000e+02 2.116675615901915553e+00
6.200000000000000000e+02 2.116707080543360320e+00
6.210000000000000000e+02 2.116738540329687890e+00
6.220000000000000000e+02 2.116769995259982995e+00
6.230000000000000000e+02 2.116801445333329923e+00
6.240000000000000000e+02 2.116832890548812962e+00
6.250000000000000000e+02 2.116864330905516844e+00
6.260000000000000000e+02 2.116895766402526302e+00
6.270000000000000000e+02 2.116927197038925179e+00
6.280000000000000000e+02 2.116958622813798652e+00
6.290000000000000000e+02 2.116990043726230564e+00
6.300000000000000000e+02 2.117021459775306091e+00
6.310000000000000000e+02 2.117052870960109523e+00
6.320000000000000000e+02 2.117084277279724702e+00
6.330000000000000000e+02 2.117115678733236805e+00
6.340000000000000000e+02 2.117147075319730565e+00
6.350000000000000000e+02 2.117178467038289824e+00
6.360000000000000000e+02 2.117209853887999316e+00
6.370000000000000000e+02 2.117241235867943328e+00
6.380000000000000000e+02 2.117272612977207036e+00
6.390000000000000000e+02 2.117303985214873840e+00
6.400000000000000000e+02 2.117335352580029362e+00
6.410000000000000000e+02 2.117366715071757444e+00
6.420000000000000000e+02 2.117398072689142818e+00
6.430000000000000000e+02 2.117429425431270218e+00
6.440000000000000000e+02 2.117460773297223486e+00
6.450000000000000000e+02 2.117492116286087356e+00
6.460000000000000000e+02 2.117523454396946558e+00
6.470000000000000000e+02 2.117554787628885382e+00
6.480000000000000000e+02 2.117586115980988559e+00
6.490000000000000000e+02 2.117617439452339934e+00
6.500000000000000000e+02 2.117648758042025126e+00
6.510000000000000000e+02 2.117680071749127535e+00
6.520000000000000000e+02 2.117711380572732338e+00
6.530000000000000000e+02 2.117742684511923823e+00
6.540000000000000000e+02 2.117773983565786278e+00
6.550000000000000000e+02 2.117805277733404434e+00
6.560000000000000000e+02 2.117836567013863025e+00
6.570000000000000000e+02 2.117867851406245894e+00
6.580000000000000000e+02 2.117899130909638217e+00
6.590000000000000000e+02 2.117930405523123838e+00
6.600000000000000000e+02 2.117961675245787490e+00
6.610000000000000000e+02 2.117992940076714348e+00
6.620000000000000000e+02 2.118024200014987812e+00
6.630000000000000000e+02 2.118055455059693060e+00
6.640000000000000000e+02 2.118086705209914378e+00
6.650000000000000000e+02 2.118117950464736499e+00
6.660000000000000000e+02 2.118149190823243266e+00
6.670000000000000000e+02 2.118180426284519857e+00
6.680000000000000000e+02 2.118211656847650559e+00
6.690000000000000000e+02 2.118242882511720104e+00
6.700000000000000000e+02 2.118274103275812337e+00
6.710000000000000000e+02 2.118305319139012433e+00
6.720000000000000000e+02 2.118336530100404236e+00
6.730000000000000000e+02 2.118367736159072923e+00
6.740000000000000000e+02 2.118398937314102337e+00
6.750000000000000000e+02 2.118430133564577655e+00
6.760000000000000000e+02 2.118461324909582721e+00
6.770000000000000000e+02 2.118492511348202711e+00
6.780000000000000000e+02 2.118523692879521469e+00
6.790000000000000000e+02 2.118554869502623728e+00
6.800000000000000000e+02 2.118586041216593774e+00
6.810000000000000000e+02 2.118617208020516784e+00
6.820000000000000000e+02 2.118648369913476603e+00
6.830000000000000000e+02 2.118679526894557963e+00
6.840000000000000000e+02 2.118710678962845151e+00
6.850000000000000000e+02 2.118741826117423344e+00
6.860000000000000000e+02 2.118772968357375941e+00
6.870000000000000000e+02 2.118804105681788119e+00
6.880000000000000000e+02 2.118835238089744610e+00
6.890000000000000000e+02 2.118866365580329258e+00
6.900000000000000000e+02 2.118897488152627240e+00
6.910000000000000000e+02 2.118928605805722398e+00
6.920000000000000000e+02 2.118959718538699466e+00
6.930000000000000000e+02 2.118990826350643175e+00
6.940000000000000000e+02 2.119021929240637814e+00
6.950000000000000000e+02 2.119053027207768114e+00
6.960000000000000000e+02 2.119084120251117920e+00
6.970000000000000000e+02 2.119115208369772407e+00
6.980000000000000000e+02 2.119146291562815865e+00
6.990000000000000000e+02 2.119177369829332580e+00
7.000000000000000000e+02 2.119208443168407285e+00
7.010000000000000000e+02 2.119239511579124269e+00
7.020000000000000000e+02 2.119270575060568262e+00
7.030000000000000000e+02 2.119301633611823554e+00
7.040000000000000000e+02 2.119332687231974877e+00
7.050000000000000000e+02 2.119363735920106961e+00
7.060000000000000000e+02 2.119394779675303209e+00
7.070000000000000000e+02 2.119425818496649239e+00
7.080000000000000000e+02 2.119456852383229339e+00
7.090000000000000000e+02 2.119487881334127355e+00
7.100000000000000000e+02 2.119518905348428461e+00
7.110000000000000000e+02 2.119549924425216947e+00
7.120000000000000000e+02 2.119580938563577543e+00
7.130000000000000000e+02 2.119611947762594095e+00
7.140000000000000000e+02 2.119642952021351778e+00
7.150000000000000000e+02 2.119673951338934437e+00
7.160000000000000000e+02 2.119704945714427247e+00
7.170000000000000000e+02 2.119735935146914496e+00
7.180000000000000000e+02 2.119766919635480029e+00
7.190000000000000000e+02 2.119797899179209466e+00
7.200000000000000000e+02 2.119828873777186651e+00
7.210000000000000000e+02 2.119859843428495871e+00
7.220000000000000000e+02 2.119890808132221860e+00
7.230000000000000000e+02 2.119921767887449349e+00
7.240000000000000000e+02 2.119952722693262626e+00
7.250000000000000000e+02 2.119983672548745979e+00
7.260000000000000000e+02 2.120014617452984584e+00
7.270000000000000000e+02 2.120045557405062286e+00
7.280000000000000000e+02 2.120076492404063373e+00
7.290000000000000000e+02 2.120107422449073020e+00
7.300000000000000000e+02 2.120138347539175516e+00
7.310000000000000000e+02 2.120169267673455149e+00
7.320000000000000000e+02 2.120200182850996651e+00
7.330000000000000000e+02 2.120231093070884310e+00
7.340000000000000000e+02 2.120261998332202857e+00
7.350000000000000000e+02 2.120292898634036582e+00
7.360000000000000000e+02 2.120323793975469773e+00
7.370000000000000000e+02 2.120354684355587604e+00
7.380000000000000000e+02 2.120385569773473922e+00
7.390000000000000000e+02 2.120416450228213456e+00
7.400000000000000000e+02 2.120447325718890941e+00
7.410000000000000000e+02 2.120478196244590219e+00
7.420000000000000000e+02 2.120509061804396467e+00
7.430000000000000000e+02 2.120539922397393973e+00
7.440000000000000000e+02 2.120570778022667024e+00
7.450000000000000000e+02 2.120601628679300354e+00
7.460000000000000000e+02 2.120632474366378251e+00
7.470000000000000000e+02 2.120663315082985445e+00
7.480000000000000000e+02 2.120694150828206226e+00
7.490000000000000000e+02 2.120724981601125325e+00
7.500000000000000000e+02 2.120755807400827031e+00
7.510000000000000000e+02 2.120786628226396076e+00
7.520000000000000000e+02 2.120817444076916303e+00
7.530000000000000000e+02 2.120848254951472889e+00
7.540000000000000000e+02 2.120879060849150566e+00
7.550000000000000000e+02 2.120909861769032734e+00
7.560000000000000000e+02 2.120940657710205013e+00
7.570000000000000000e+02 2.120971448671751247e+00
7.580000000000000000e+02 2.121002234652755725e+00
7.590000000000000000e+02 2.121033015652303622e+00
7.600000000000000000e+02 2.121063791669479226e+00
7.610000000000000000e+02 2.121094562703366826e+00
7.620000000000000000e+02 2.121125328753051154e+00
7.630000000000000000e+02 2.121156089817616497e+00
7.640000000000000000e+02 2.121186845896147588e+00
7.650000000000000000e+02 2.121217596987728715e+00
7.660000000000000000e+02 2.121248343091444166e+00
7.670000000000000000e+02 2.121279084206378673e+00
7.680000000000000000e+02 2.121309820331616969e+00
7.690000000000000000e+02 2.121340551466243340e+00
7.700000000000000000e+02 2.121371277609342076e+00
7.710000000000000000e+02 2.121401998759998353e+00
7.720000000000000000e+02 2.121432714917295570e+00
7.730000000000000000e+02 2.121463426080319348e+00
7.740000000000000000e+02 2.121494132248153086e+00
7.750000000000000000e+02 2.121524833419882405e+00
7.760000000000000000e+02 2.121555529594591150e+00
7.770000000000000000e+02 2.121586220771363607e+00
7.780000000000000000e+02 2.121616906949284953e+00
7.790000000000000000e+02 2.121647588127439032e+00
7.800000000000000000e+02 2.121678264304911021e+00
7.810000000000000000e+02 2.121708935480784763e+00
7.820000000000000000e+02 2.121739601654144991e+00
7.830000000000000000e+02 2.121770262824075992e+00
7.840000000000000000e+02 2.121800918989662943e+00
7.850000000000000000e+02 2.121831570149989243e+00
7.860000000000000000e+02 2.121862216304140514e+00
7.870000000000000000e+02 2.121892857451200598e+00
7.880000000000000000e+02 2.121923493590254228e+00
7.890000000000000000e+02 2.121954124720386137e+00
7.900000000000000000e+02 2.121984750840680167e+00
7.910000000000000000e+02 2.122015371950221052e+00
7.920000000000000000e+02 2.122045988048093523e+00
7.930000000000000000e+02 2.122076599133381869e+00
7.940000000000000000e+02 2.122107205205170821e+00
7.950000000000000000e+02 2.122137806262544224e+00
7.960000000000000000e+02 2.122168402304587698e+00
7.970000000000000000e+02 2.122198993330384642e+00
7.980000000000000000e+02 2.122229579339020233e+00
7.990000000000000000e+02 2.122260160329578760e+00
8.000000000000000000e+02 2.122290736301144509e+00
8.010000000000000000e+02 2.122321307252802214e+00
8.020000000000000000e+02 2.122351873183636606e+00
8.030000000000000000e+02 2.122382434092731529e+00
8.040000000000000000e+02 2.122412989979172160e+00
8.050000000000000000e+02 2.122443540842042342e+00
8.060000000000000000e+02 2.122474086680426808e+00
8.070000000000000000e+02 2.122504627493410734e+00
8.080000000000000000e+02 2.122535163280077519e+00
8.090000000000000000e+02 2.122565694039512341e+00
8.100000000000000000e+02 2.122596219770799486e+00
8.110000000000000000e+02 2.122626740473023244e+00
8.120000000000000000e+02 2.122657256145268789e+00
8.130000000000000000e+02 2.122687766786619967e+00
8.140000000000000000e+02 2.122718272396161510e+00
8.150000000000000000e+02 2.122748772972977704e+00
8.160000000000000000e+02 2.122779268516153284e+00
8.170000000000000000e+02 2.122809759024772980e+00
8.180000000000000000e+02 2.122840244497920636e+00
8.190000000000000000e+02 2.122870724934681430e+00
8.200000000000000000e+02 2.122901200334139205e+00
8.210000000000000000e+02 2.122931670695379136e+00
8.220000000000000000e+02 2.122962136017485069e+00
8.230000000000000000e+02 2.122992596299542178e+00
8.240000000000000000e+02 2.123023051540633865e+00
8.250000000000000000e+02 2.123053501739845750e+00
8.260000000000000000e+02 2.123083946896262120e+00
8.270000000000000000e+02 2.123114387008967263e+00
8.280000000000000000e+02 2.123144822077045468e+00
8.290000000000000000e+02 2.123175252099581023e+00
8.300000000000000000e+02 2.123205677075659548e+00
8.310000000000000000e+02 2.123236097004364442e+00
8.320000000000000000e+02 2.123266511884780439e+00
8.330000000000000000e+02 2.123296921715992713e+00
8.340000000000000000e+02 2.123327326497084666e+00
8.350000000000000000e+02 2.123357726227141473e+00
8.360000000000000000e+02 2.123388120905247867e+00
8.370000000000000000e+02 2.123418510530487691e+00
8.380000000000000000e+02 2.123448895101945677e+00
8.390000000000000000e+02 2.123479274618706558e+00
8.400000000000000000e+02 2.123509649079854178e+00
8.410000000000000000e+02 2.123540018484474157e+00
8.420000000000000000e+02 2.123570382831649894e+00
8.430000000000000000e+02 2.123600742120466567e+00
8.440000000000000000e+02 2.123631096350008018e+00
8.450000000000000000e+02 2.123661445519359425e+00
8.460000000000000000e+02 2.123691789627605075e+00
8.470000000000000000e+02 2.123722128673829257e+00
8.480000000000000000e+02 2.123752462657116702e+00
8.490000000000000000e+02 2.123782791576551698e+00
8.500000000000000000e+02 2.123813115431218979e+00
8.510000000000000000e+02 2.123843434220202830e+00
8.520000000000000000e+02 2.123873747942587986e+00
8.530000000000000000e+02 2.123904056597458734e+00
8.540000000000000000e+02 2.123934360183899361e+00
8.550000000000000000e+02 2.123964658700994601e+00
8.560000000000000000e+02 2.123994952147829185e+00
8.570000000000000000e+02 2.124025240523487401e+00
8.580000000000000000e+02 2.124055523827053538e+00
8.590000000000000000e+02 2.124085802057612771e+00
8.600000000000000000e+02 2.124116075214248500e+00
8.610000000000000000e+02 2.124146343296045902e+00
8.620000000000000000e+02 2.124176606302089709e+00
8.630000000000000000e+02 2.124206864231463765e+00
8.640000000000000000e+02 2.124237117083253246e+00
8.650000000000000000e+02 2.124267364856541995e+00
8.660000000000000000e+02 2.124297607550415190e+00
8.670000000000000000e+02 2.124327845163956674e+00
8.680000000000000000e+02 2.124358077696251179e+00
8.690000000000000000e+02 2.124388305146383438e+00
8.700000000000000000e+02 2.124418527513437294e+00
8.710000000000000000e+02 2.124448744796498367e+00
8.720000000000000000e+02 2.124478956994650058e+00
8.730000000000000000e+02 2.124509164106977099e+00
8.740000000000000000e+02 2.124539366132564666e+00
8.750000000000000000e+02 2.124569563070496603e+00
8.760000000000000000e+02 2.124599754919857197e+00
8.770000000000000000e+02 2.124629941679731626e+00
8.780000000000000000e+02 2.124660123349204177e+00
8.790000000000000000e+02 2.124690299927359138e+00
8.800000000000000000e+02 2.124720471413280798e+00
8.810000000000000000e+02 2.124750637806054332e+00
8.820000000000000000e+02 2.124780799104763584e+00
8.830000000000000000e+02 2.124810955308493288e+00
8.840000000000000000e+02 2.124841106416328174e+00
8.850000000000000000e+02 2.124871252427352530e+00
8.860000000000000000e+02 2.124901393340651090e+00
8.870000000000000000e+02 2.124931529155307697e+00
8.880000000000000000e+02 2.124961659870407527e+00
8.890000000000000000e+02 2.124991785485034423e+00
8.900000000000000000e+02 2.125021905998273564e+00
8.910000000000000000e+02 2.125052021409209235e+00
8.920000000000000000e+02 2.125082131716925726e+00
8.930000000000000000e+02 2.125112236920507325e+00
8.940000000000000000e+02 2.125142337019039207e+00
8.950000000000000000e+02 2.125172432011605661e+00
8.960000000000000000e+02 2.125202521897290531e+00
8.970000000000000000e+02 2.125232606675179436e+00
8.980000000000000000e+02 2.125262686344355778e+00
8.990000000000000000e+02 2.125292760903904732e+00
9.000000000000000000e+02 2.125322830352910586e+00
9.010000000000000000e+02 2.125352894690457628e+00
9.020000000000000000e+02 2.125382953915630591e+00
9.030000000000000000e+02 2.125413008027514206e+00
9.040000000000000000e+02 2.125443057025192317e+00
9.050000000000000000e+02 2.125473100907750101e+00
9.060000000000000000e+02 2.125503139674271846e+00
9.070000000000000000e+02 2.125533173323841396e+00
9.080000000000000000e+02 2.125563201855544371e+00
9.090000000000000000e+02 2.125593225268464614e+00
9.100000000000000000e+02 2.125623243561686415e+00
9.110000000000000000e+02 2.125653256734294505e+00
9.120000000000000000e+02 2.125683264785373616e+00
9.130000000000000000e+02 2.125713267714008037e+00
9.140000000000000000e+02 2.125743265519282499e+00
9.150000000000000000e+02 2.125773258200281290e+00
9.160000000000000000e+02 2.125803245756088700e+00
9.170000000000000000e+02 2.125833228185789459e+00
9.180000000000000000e+02 2.125863205488467855e+00
9.190000000000000000e+02 2.125893177663208622e+00
9.200000000000000000e+02 2.125923144709096047e+00
9.210000000000000000e+02 2.125953106625215305e+00
9.220000000000000000e+02 2.125983063410649798e+00
9.230000000000000000e+02 2.126013015064484701e+00
9.240000000000000000e+02 2.126042961585804747e+00
9.250000000000000000e+02 2.126072902973693335e+00
9.260000000000000000e+02 2.126102839227236529e+00
9.270000000000000000e+02 2.126132770345517287e+00
9.280000000000000000e+02 2.126162696327621227e+00
9.290000000000000000e+02 2.126192617172632193e+00
9.300000000000000000e+02 2.126222532879634919e+00
9.310000000000000000e+02 2.126252443447714136e+00
9.320000000000000000e+02 2.126282348875953687e+00
9.330000000000000000e+02 2.126312249163438750e+00
9.340000000000000000e+02 2.126342144309253168e+00
9.350000000000000000e+02 2.126372034312482118e+00
9.360000000000000000e+02 2.126401919172209887e+00
9.370000000000000000e+02 2.126431798887520763e+00
9.380000000000000000e+02 2.126461673457499035e+00
9.390000000000000000e+02 2.126491542881229879e+00
9.400000000000000000e+02 2.126521407157797139e+00
9.410000000000000000e+02 2.126551266286285991e+00
9.420000000000000000e+02 2.126581120265780278e+00
9.430000000000000000e+02 2.126610969095364734e+00
9.440000000000000000e+02 2.126640812774123646e+00
9.450000000000000000e+02 2.126670651301142190e+00
9.460000000000000000e+02 2.126700484675503766e+00
9.470000000000000000e+02 2.126730312896293995e+00
9.480000000000000000e+02 2.126760135962596721e+00
9.490000000000000000e+02 2.126789953873496675e+00
9.500000000000000000e+02 2.126819766628078145e+00
9.510000000000000000e+02 2.126849574225425865e+00
9.520000000000000000e+02 2.126879376664624122e+00
9.530000000000000000e+02 2.126909173944757647e+00
9.540000000000000000e+02 2.126938966064910730e+00
9.550000000000000000e+02 2.126968753024167658e+00
9.560000000000000000e+02 2.126998534821613607e+00
9.570000000000000000e+02 2.127028311456332421e+00
9.580000000000000000e+02 2.127058082927408833e+00
9.590000000000000000e+02 2.127087849233927574e+00
9.600000000000000000e+02 2.127117610374972489e+00
9.610000000000000000e+02 2.127147366349628754e+00
9.620000000000000000e+02 2.127177117156980657e+00
9.630000000000000000e+02 2.127206862796112485e+00
9.640000000000000000e+02 2.127236603266108972e+00
9.650000000000000000e+02 2.127266338566054404e+00
9.660000000000000000e+02 2.127296068695033515e+00
9.670000000000000000e+02 2.127325793652130592e+00
9.680000000000000000e+02 2.127355513436430368e+00
9.690000000000000000e+02 2.127385228047017129e+00
9.700000000000000000e+02 2.127414937482975166e+00
9.710000000000000000e+02 2.127444641743389653e+00
9.720000000000000000e+02 2.127474340827344435e+00
9.730000000000000000e+02 2.127504034733924243e+00
9.740000000000000000e+02 2.127533723462213366e+00
9.750000000000000000e+02 2.127563407011296981e+00
9.760000000000000000e+02 2.127593085380258930e+00
9.770000000000000000e+02 2.127622758568183503e+00
9.780000000000000000e+02 2.127652426574155875e+00
9.790000000000000000e+02 2.127682089397260334e+00
9.800000000000000000e+02 2.127711747036581169e+00
9.810000000000000000e+02 2.127741399491203111e+00
9.820000000000000000e+02 2.127771046760210449e+00
9.830000000000000000e+02 2.127800688842687471e+00
9.840000000000000000e+02 2.127830325737719352e+00
9.850000000000000000e+02 2.127859957444389938e+00
9.860000000000000000e+02 2.127889583961783959e+00
9.870000000000000000e+02 2.127919205288986149e+00
9.880000000000000000e+02 2.127948821425080794e+00
9.890000000000000000e+02 2.127978432369152184e+00
9.900000000000000000e+02 2.128008038120285050e+00
9.910000000000000000e+02 2.128037638677564125e+00
9.920000000000000000e+02 2.128067234040073252e+00
9.930000000000000000e+02 2.128096824206897608e+00
9.940000000000000000e+02 2.128126409177121037e+00
9.950000000000000000e+02 2.128155988949828270e+00
9.960000000000000000e+02 2.128185563524104484e+00
9.970000000000000000e+02 2.128215132899033080e+00
9.980000000000000000e+02 2.128244697073699232e+00
9.990000000000000000e+02 2.128274256047187674e+00
1.000000000000000000e+03 2.128303809818581804e+00
1.001000000000000000e+03 2.128333358386967245e+00
1.002000000000000000e+03 2.128362901751428282e+00
1.003000000000000000e+03 2.128392439911048761e+00
1.004000000000000000e+03 2.128421972864913858e+00
1.005000000000000000e+03 2.128451500612107417e+00
1.006000000000000000e+03 2.128481023151714613e+00
1.007000000000000000e+03 2.128510540482819735e+00
1.008000000000000000e+03 2.128540052604507071e+00
1.009000000000000000e+03 2.128569559515861354e+00
1.010000000000000000e+03 2.128599061215966870e+00
1.011000000000000000e+03 2.128628557703907909e+00
1.012000000000000000e+03 2.128658048978769646e+00
1.013000000000000000e+03 2.128687535039636369e+00
1.014000000000000000e+03 2.128717015885591923e+00
1.015000000000000000e+03 2.128746491515721484e+00
1.016000000000000000e+03 2.128775961929109783e+00
1.017000000000000000e+03 2.128805427124840222e+00
1.018000000000000000e+03 2.128834887101998419e+00
1.019000000000000000e+03 2.128864341859668219e+00
1.020000000000000000e+03 2.128893791396934354e+00
1.021000000000000000e+03 2.128923235712881112e+00
