# order=11: data_wav [pixel], data_wavsolution [micron]
3.000000000000000000e+00 1.718173962942569188e+00
4.000000000000000000e+00 1.718196126445153737e+00
5.000000000000000000e+00 1.718218281289616733e+00
6.000000000000000000e+00 1.718240427475958176e+00
7.000000000000000000e+00 1.718262565004177844e+00
8.000000000000000000e+00 1.718284693874275737e+00
9.000000000000000000e+00 1.718306814086252299e+00
1.000000000000000000e+01 1.718328925640107085e+00
1.100000000000000000e+01 1.718351028535840097e+00
1.200000000000000000e+01 1.718373122773451556e+00
1.300000000000000000e+01 1.718395208352941461e+00
1.400000000000000000e+01 1.718417285274309592e+00
1.500000000000000000e+01 1.718439353537556169e+00
1.600000000000000000e+01 1.718461413142680971e+00
1.700000000000000000e+01 1.718483464089684221e+00
1.800000000000000000e+01 1.718505506378565917e+00
1.900000000000000000e+01 1.718527540009325838e+00
2.000000000000000000e+01 1.718549564981963984e+00
2.100000000000000000e+01 1.718571581296480799e+00
2.200000000000000000e+01 1.718593588952875617e+00
2.300000000000000000e+01 1.718615587951149104e+00
2.400000000000000000e+01 1.718637578291300816e+00
2.500000000000000000e+01 1.718659559973330975e+00
2.600000000000000000e+01 1.718681532997239358e+00
2.700000000000000000e+01 1.718703497363025967e+00
2.800000000000000000e+01 1.718725453070691245e+00
2.900000000000000000e+01 1.718747400120234747e+00
3.000000000000000000e+01 1.718769338511656475e+00
3.100000000000000000e+01 1.718791268244956649e+00
3.200000000000000000e+01 1.718813189320135271e+00
3.300000000000000000e+01 1.718835101737192117e+00
3.400000000000000000e+01 1.718857005496127410e+00
3.500000000000000000e+01 1.718878900596940928e+00
3.600000000000000000e+01 1.718900787039632894e+00
3.700000000000000000e+01 1.718922664824203306e+00
3.800000000000000000e+01 1.718944533950651943e+00
3.900000000000000000e+01 1.718966394418979027e+00
4.000000000000000000e+01 1.718988246229184336e+00
4.100000000000000000e+01 1.719010089381268092e+00
4.200000000000000000e+01 1.719031923875230294e+00
4.300000000000000000e+01 1.719053749711070722e+00
4.400000000000000000e+01 1.719075566888789375e+00
4.500000000000000000e+01 1.719097375408386696e+00
4.600000000000000000e+01 1.719119175269862021e+00
4.700000000000000000e+01 1.719140966473216015e+00
4.800000000000000000e+01 1.719162749018448233e+00
4.900000000000000000e+01 1.719184522905558676e+00
5.000000000000000000e+01 1.719206288134547567e+00
5.100000000000000000e+01 1.719228044705414904e+00
5.200000000000000000e+01 1.719249792618160466e+00
5.300000000000000000e+01 1.719271531872784475e+00
5.400000000000000000e+01 1.719293262469286931e+00
5.500000000000000000e+01 1.719314984407667612e+00
5.600000000000000000e+01 1.719336697687926518e+00
5.700000000000000000e+01 1.719358402310064093e+00
5.800000000000000000e+01 1.719380098274079671e+00
5.900000000000000000e+01 1.719401785579973918e+00
6.000000000000000000e+01 1.719423464227746390e+00
6.100000000000000000e+01 1.719445134217397086e+00
6.200000000000000000e+01 1.719466795548926230e+00
6.300000000000000000e+01 1.719488448222333821e+00
6.400000000000000000e+01 1.719510092237619636e+00
6.500000000000000000e+01 1.719531727594783899e+00
6.600000000000000000e+01 1.719553354293826386e+00
6.700000000000000000e+01 1.719574972334747320e+00
6.800000000000000000e+01 1.719596581717546702e+00
6.900000000000000000e+01 1.719618182442224308e+00
7.000000000000000000e+01 1.719639774508780361e+00
7.100000000000000000e+01 1.719661357917214639e+00
7.200000000000000000e+01 1.719682932667527364e+00
7.300000000000000000e+01 1.719704498759718536e+00
7.400000000000000000e+01 1.719726056193787933e+00
7.500000000000000000e+01 1.719747604969735555e+00
7.600000000000000000e+01 1.719769145087561846e+00
7.700000000000000000e+01 1.719790676547266139e+00
7.800000000000000000e+01 1.719812199348849102e+00
7.900000000000000000e+01 1.719833713492310290e+00
8.000000000000000000e+01 1.719855218977649702e+00
8.100000000000000000e+01 1.719876715804867784e+00
8.200000000000000000e+01 1.719898203973963868e+00
8.300000000000000000e+01 1.719919683484938622e+00
8.400000000000000000e+01 1.719941154337791378e+00
8.500000000000000000e+01 1.719962616532522803e+00
8.600000000000000000e+01 1.719984070069132454e+00
8.700000000000000000e+01 1.720005514947620551e+00
8.800000000000000000e+01 1.720026951167986873e+00
8.900000000000000000e+01 1.720048378730231642e+00
9.000000000000000000e+01 1.720069797634354636e+00
9.100000000000000000e+01 1.720091207880356077e+00
9.200000000000000000e+01 1.720112609468235965e+00
9.300000000000000000e+01 1.720134002397994077e+00
9.400000000000000000e+01 1.720155386669630415e+00
9.500000000000000000e+01 1.720176762283145422e+00
9.600000000000000000e+01 1.720198129238538431e+00
9.700000000000000000e+01 1.720219487535810110e+00
9.800000000000000000e+01 1.720240837174960014e+00
9.900000000000000000e+01 1.720262178155988364e+00
1.000000000000000000e+02 1.720283510478894939e+00
1.010000000000000000e+02 1.720304834143679962e+00
1.020000000000000000e+02 1.720326149150343209e+00
1.030000000000000000e+02 1.720347455498884903e+00
1.040000000000000000e+02 1.720368753189304822e+00
1.050000000000000000e+02 1.720390042221603188e+00
1.060000000000000000e+02 1.720411322595780002e+00
1.070000000000000000e+02 1.720432594311835039e+00
1.080000000000000000e+02 1.720453857369768524e+00
1.090000000000000000e+02 1.720475111769580456e+00
1.100000000000000000e+02 1.720496357511270613e+00
1.110000000000000000e+02 1.720517594594838995e+00
1.120000000000000000e+02 1.720538823020285824e+00
1.130000000000000000e+02 1.720560042787611099e+00
1.140000000000000000e+02 1.720581253896814600e+00
1.150000000000000000e+02 1.720602456347896547e+00
1.160000000000000000e+02 1.720623650140856942e+00
1.170000000000000000e+02 1.720644835275695561e+00
1.180000000000000000e+02 1.720666011752412627e+00
1.190000000000000000e+02 1.720687179571007919e+00
1.200000000000000000e+02 1.720708338731481657e+00
1.210000000000000000e+02 1.720729489233833620e+00
1.220000000000000000e+02 1.720750631078064030e+00
1.230000000000000000e+02 1.720771764264172887e+00
1.240000000000000000e+02 1.720792888792159969e+00
1.250000000000000000e+02 1.720814004662025276e+00
1.260000000000000000e+02 1.720835111873769252e+00
1.270000000000000000e+02 1.720856210427391453e+00
1.280000000000000000e+02 1.720877300322891879e+00
1.290000000000000000e+02 1.720898381560270751e+00
1.300000000000000000e+02 1.720919454139528071e+00
1.310000000000000000e+02 1.720940518060663615e+00
1.320000000000000000e+02 1.720961573323677607e+00
1.330000000000000000e+02 1.720982619928569823e+00
1.340000000000000000e+02 1.721003657875340487e+00
1.350000000000000000e+02 1.721024687163989597e+00
1.360000000000000000e+02 1.721045707794516932e+00
1.370000000000000000e+02 1.721066719766922493e+00
1.380000000000000000e+02 1.721087723081206722e+00
1.390000000000000000e+02 1.721108717737368954e+00
1.400000000000000000e+02 1.721129703735409855e+00
1.410000000000000000e+02 1.721150681075328981e+00
1.420000000000000000e+02 1.721171649757126554e+00
1.430000000000000000e+02 1.721192609780802352e+00
1.440000000000000000e+02 1.721213561146356597e+00
1.450000000000000000e+02 1.721234503853789066e+00
1.460000000000000000e+02 1.721255437903099983e+00
1.470000000000000000e+02 1.721276363294289125e+00
1.480000000000000000e+02 1.721297280027356713e+00
1.490000000000000000e+02 1.721318188102302749e+00
1.500000000000000000e+02 1.721339087519127009e+00
1.510000000000000000e+02 1.721359978277829716e+00
1.520000000000000000e+02 1.721380860378410871e+00
1.530000000000000000e+02 1.721401733820870250e+00
1.540000000000000000e+02 1.721422598605207854e+00
1.550000000000000000e+02 1.721443454731423905e+00
1.560000000000000000e+02 1.721464302199518404e+00
1.570000000000000000e+02 1.721485141009491127e+00
1.580000000000000000e+02 1.721505971161342297e+00
1.590000000000000000e+02 1.721526792655071914e+00
1.600000000000000000e+02 1.721547605490679755e+00
1.610000000000000000e+02 1.721568409668165822e+00
1.620000000000000000e+02 1.721589205187530558e+00
1.630000000000000000e+02 1.721609992048773297e+00
1.640000000000000000e+02 1.721630770251894704e+00
1.650000000000000000e+02 1.721651539796894337e+00
1.660000000000000000e+02 1.721672300683772194e+00
1.670000000000000000e+02 1.721693052912528499e+00
1.680000000000000000e+02 1.721713796483163250e+00
1.690000000000000000e+02 1.721734531395676226e+00
1.700000000000000000e+02 1.721755257650067650e+00
1.710000000000000000e+02 1.721775975246337520e+00
1.720000000000000000e+02 1.721796684184485615e+00
1.730000000000000000e+02 1.721817384464511935e+00
1.740000000000000000e+02 1.721838076086416924e+00
1.750000000000000000e+02 1.721858759050199916e+00
1.760000000000000000e+02 1.721879433355861577e+00
1.770000000000000000e+02 1.721900099003401463e+00
1.780000000000000000e+02 1.721920755992819574e+00
1.790000000000000000e+02 1.721941404324116132e+00
1.800000000000000000e+02 1.721962043997291136e+00
1.810000000000000000e+02 1.721982675012344366e+00
1.820000000000000000e+02 1.722003297369276043e+00
1.830000000000000000e+02 1.722023911068086166e+00
1.840000000000000000e+02 1.722044516108774515e+00
1.850000000000000000e+02 1.722065112491341088e+00
1.860000000000000000e+02 1.722085700215786108e+00
1.870000000000000000e+02 1.722106279282109575e+00
1.880000000000000000e+02 1.722126849690311490e+00
1.890000000000000000e+02 1.722147411440391407e+00
1.900000000000000000e+02 1.722167964532349993e+00
1.910000000000000000e+02 1.722188508966186804e+00
1.920000000000000000e+02 1.722209044741902062e+00
1.930000000000000000e+02 1.722229571859495545e+00
1.940000000000000000e+02 1.722250090318967475e+00
1.950000000000000000e+02 1.722270600120317630e+00
1.960000000000000000e+02 1.722291101263546231e+00
1.970000000000000000e+02 1.722311593748653280e+00
1.980000000000000000e+02 1.722332077575638554e+00
1.990000000000000000e+02 1.722352552744502274e+00
2.000000000000000000e+02 1.722373019255244220e+00
2.010000000000000000e+02 1.722393477107864612e+00
2.020000000000000000e+02 1.722413926302363230e+00
2.030000000000000000e+02 1.722434366838740294e+00
2.040000000000000000e+02 1.722454798716995805e+00
2.050000000000000000e+02 1.722475221937129541e+00
2.060000000000000000e+02 1.722495636499141725e+00
2.070000000000000000e+02 1.722516042403032133e+00
2.080000000000000000e+02 1.722536439648800988e+00
2.090000000000000000e+02 1.722556828236448290e+00
2.100000000000000000e+02 1.722577208165973817e+00
2.110000000000000000e+02 1.722597579437377791e+00
2.120000000000000000e+02 1.722617942050659989e+00
2.130000000000000000e+02 1.722638296005820635e+00
2.140000000000000000e+02 1.722658641302859506e+00
2.150000000000000000e+02 1.722678977941776823e+00
2.160000000000000000e+02 1.722699305922572588e+00
2.170000000000000000e+02 1.722719625245246577e+00
2.180000000000000000e+02 1.722739935909799014e+00
2.190000000000000000e+02 1.722760237916229675e+00
2.200000000000000000e+02 1.722780531264538784e+00
2.210000000000000000e+02 1.722800815954726339e+00
2.220000000000000000e+02 1.722821091986792119e+00
2.230000000000000000e+02 1.722841359360736124e+00
2.240000000000000000e+02 1.722861618076558798e+00
2.250000000000000000e+02 1.722881868134259697e+00
2.260000000000000000e+02 1.722902109533838821e+00
2.270000000000000000e+02 1.722922342275296392e+00
2.280000000000000000e+02 1.722942566358632410e+00
2.290000000000000000e+02 1.722962781783846653e+00
2.300000000000000000e+02 1.722982988550939343e+00
2.310000000000000000e+02 1.723003186659910257e+00
2.320000000000000000e+02 1.723023376110759619e+00
2.330000000000000000e+02 1.723043556903487206e+00
2.340000000000000000e+02 1.723063729038093239e+00
2.350000000000000000e+02 1.723083892514577720e+00
2.360000000000000000e+02 1.723104047332940425e+00
2.370000000000000000e+02 1.723124193493181577e+00
2.380000000000000000e+02 1.723144330995300955e+00
2.390000000000000000e+02 1.723164459839298779e+00
2.400000000000000000e+02 1.723184580025175050e+00
2.410000000000000000e+02 1.723204691552929546e+00
2.420000000000000000e+02 1.723224794422562489e+00
2.430000000000000000e+02 1.723244888634073657e+00
2.440000000000000000e+02 1.723264974187463272e+00
2.450000000000000000e+02 1.723285051082731334e+00
2.460000000000000000e+02 1.723305119319877621e+00
2.470000000000000000e+02 1.723325178898902132e+00
2.480000000000000000e+02 1.723345229819805091e+00
2.490000000000000000e+02 1.723365272082586497e+00
2.500000000000000000e+02 1.723385305687246349e+00
2.510000000000000000e+02 1.723405330633784427e+00
2.520000000000000000e+02 1.723425346922200729e+00
2.530000000000000000e+02 1.723445354552495479e+00
2.540000000000000000e+02 1.723465353524668675e+00
2.550000000000000000e+02 1.723485343838720096e+00
2.560000000000000000e+02 1.723505325494649965e+00
2.570000000000000000e+02 1.723525298492458058e+00
2.580000000000000000e+02 1.723545262832144820e+00
2.590000000000000000e+02 1.723565218513709585e+00
2.600000000000000000e+02 1.723585165537152797e+00
2.610000000000000000e+02 1.723605103902474456e+00
2.620000000000000000e+02 1.723625033609674340e+00
2.630000000000000000e+02 1.723644954658752670e+00
2.640000000000000000e+02 1.723664867049709448e+00
2.650000000000000000e+02 1.723684770782544451e+00
2.660000000000000000e+02 1.723704665857257901e+00
2.670000000000000000e+02 1.723724552273849575e+00
2.680000000000000000e+02 1.723744430032319697e+00
2.690000000000000000e+02 1.723764299132668043e+00
2.700000000000000000e+02 1.723784159574894836e+00
2.710000000000000000e+02 1.723804011359000077e+00
2.720000000000000000e+02 1.723823854484983542e+00
2.730000000000000000e+02 1.723843688952845454e+00
2.740000000000000000e+02 1.723863514762585591e+00
2.750000000000000000e+02 1.723883331914204176e+00
2.760000000000000000e+02 1.723903140407700985e+00
2.770000000000000000e+02 1.723922940243076241e+00
2.780000000000000000e+02 1.723942731420329944e+00
2.790000000000000000e+02 1.723962513939461871e+00
2.800000000000000000e+02 1.723982287800472246e+00
2.810000000000000000e+02 1.724002053003360846e+00
2.820000000000000000e+02 1.724021809548127893e+00
2.830000000000000000e+02 1.724041557434773386e+00
2.840000000000000000e+02 1.724061296663297105e+00
2.850000000000000000e+02 1.724081027233699270e+00
2.860000000000000000e+02 1.724100749145979661e+00
2.870000000000000000e+02 1.724120462400138498e+00
2.880000000000000000e+02 1.724140166996175783e+00
2.890000000000000000e+02 1.724159862934091292e+00
2.900000000000000000e+02 1.724179550213885026e+00
2.910000000000000000e+02 1.724199228835557207e+00
2.920000000000000000e+02 1.724218898799107835e+00
2.930000000000000000e+02 1.724238560104536910e+00
2.940000000000000000e+02 1.724258212751843988e+00
2.950000000000000000e+02 1.724277856741029735e+00
2.960000000000000000e+02 1.724297492072093707e+00
2.970000000000000000e+02 1.724317118745036126e+00
2.980000000000000000e+02 1.724336736759856770e+00
2.990000000000000000e+02 1.724356346116555860e+00
3.000000000000000000e+02 1.724375946815133176e+00
3.010000000000000000e+02 1.724395538855588939e+00
3.020000000000000000e+02 1.724415122237923148e+00
3.030000000000000000e+02 1.724434696962135583e+00
3.040000000000000000e+02 1.724454263028226464e+00
3.050000000000000000e+02 1.724473820436195570e+00
3.060000000000000000e+02 1.724493369186043124e+00
3.070000000000000000e+02 1.724512909277769124e+00
3.080000000000000000e+02 1.724532440711373349e+00
3.090000000000000000e+02 1.724551963486855799e+00
3.100000000000000000e+02 1.724571477604216918e+00
3.110000000000000000e+02 1.724590983063456262e+00
3.120000000000000000e+02 1.724610479864573831e+00
3.130000000000000000e+02 1.724629968007569847e+00
3.140000000000000000e+02 1.724649447492444310e+00
3.150000000000000000e+02 1.724668918319196997e+00
3.160000000000000000e+02 1.724688380487827910e+00
3.170000000000000000e+02 1.724707833998337492e+00
3.180000000000000000e+02 1.724727278850725298e+00
3.190000000000000000e+02 1.724746715044991330e+00
3.200000000000000000e+02 1.724766142581135808e+00
3.210000000000000000e+02 1.724785561459158734e+00
3.220000000000000000e+02 1.724804971679059884e+00
3.230000000000000000e+02 1.724824373240839481e+00
3.240000000000000000e+02 1.724843766144497303e+00
3.250000000000000000e+02 1.724863150390033573e+00
3.260000000000000000e+02 1.724882525977448289e+00
3.270000000000000000e+02 1.724901892906741230e+00
3.280000000000000000e+02 1.724921251177912618e+00
3.290000000000000000e+02 1.724940600790962231e+00
3.300000000000000000e+02 1.724959941745890291e+00
3.310000000000000000e+02 1.724979274042696575e+00
3.320000000000000000e+02 1.724998597681381307e+00
3.330000000000000000e+02 1.725017912661944486e+00
3.340000000000000000e+02 1.725037218984385889e+00
3.350000000000000000e+02 1.725056516648705740e+00
3.360000000000000000e+02 1.725075805654903816e+00
3.370000000000000000e+02 1.725095086002980338e+00
3.380000000000000000e+02 1.725114357692935307e+00
3.390000000000000000e+02 1.725133620724768502e+00
3.400000000000000000e+02 1.725152875098479921e+00
3.410000000000000000e+02 1.725172120814070009e+00
3.420000000000000000e+02 1.725191357871538322e+00
3.430000000000000000e+02 1.725210586270884860e+00
3.440000000000000000e+02 1.725229806012109846e+00
3.450000000000000000e+02 1.725249017095213278e+00
3.460000000000000000e+02 1.725268219520194934e+00
3.470000000000000000e+02 1.725287413287055038e+00
3.480000000000000000e+02 1.725306598395793367e+00
3.490000000000000000e+02 1.725325774846410143e+00
3.500000000000000000e+02 1.725344942638905144e+00
3.510000000000000000e+02 1.725364101773278591e+00
3.520000000000000000e+02 1.725383252249530486e+00
3.530000000000000000e+02 1.725402394067660605e+00
3.540000000000000000e+02 1.725421527227669172e+00
3.550000000000000000e+02 1.725440651729555963e+00
3.560000000000000000e+02 1.725459767573321201e+00
3.570000000000000000e+02 1.725478874758964887e+00
3.580000000000000000e+02 1.725497973286486797e+00
3.590000000000000000e+02 1.725517063155887154e+00
3.600000000000000000e+02 1.725536144367165736e+00
3.610000000000000000e+02 1.725555216920322765e+00
3.620000000000000000e+02 1.725574280815358241e+00
3.630000000000000000e+02 1.725593336052271942e+00
3.640000000000000000e+02 1.725612382631063868e+00
3.650000000000000000e+02 1.725631420551734241e+00
3.660000000000000000e+02 1.725650449814283061e+00
3.670000000000000000e+02 1.725669470418710327e+00
3.680000000000000000e+02 1.725688482365015819e+00
3.690000000000000000e+02 1.725707485653199535e+00
3.700000000000000000e+02 1.725726480283261699e+00
3.710000000000000000e+02 1.725745466255202309e+00
3.720000000000000000e+02 1.725764443569021145e+00
3.730000000000000000e+02 1.725783412224718427e+00
3.740000000000000000e+02 1.725802372222294157e+00
3.750000000000000000e+02 1.725821323561748111e+00
3.760000000000000000e+02 1.725840266243080290e+00
3.770000000000000000e+02 1.725859200266290916e+00
3.780000000000000000e+02 1.725878125631379989e+00
3.790000000000000000e+02 1.725897042338347509e+00
3.800000000000000000e+02 1.725915950387193032e+00
3.810000000000000000e+02 1.725934849777917224e+00
3.820000000000000000e+02 1.725953740510519641e+00
3.830000000000000000e+02 1.725972622585000504e+00
3.840000000000000000e+02 1.725991496001359593e+00
3.850000000000000000e+02 1.726010360759597129e+00
3.860000000000000000e+02 1.726029216859712889e+00
3.870000000000000000e+02 1.726048064301707097e+00
3.880000000000000000e+02 1.726066903085579751e+00
3.890000000000000000e+02 1.726085733211330631e+00
3.900000000000000000e+02 1.726104554678959957e+00
3.910000000000000000e+02 1.726123367488467508e+00
3.920000000000000000e+02 1.726142171639853506e+00
3.930000000000000000e+02 1.726160967133117952e+00
3.940000000000000000e+02 1.726179753968260622e+00
3.950000000000000000e+02 1.726198532145281517e+00
3.960000000000000000e+02 1.726217301664180859e+00
3.970000000000000000e+02 1.726236062524958648e+00
3.980000000000000000e+02 1.726254814727614884e+00
3.990000000000000000e+02 1.726273558272149344e+00
4.000000000000000000e+02 1.726292293158562030e+00
4.010000000000000000e+02 1.726311019386853163e+00
4.020000000000000000e+02 1.726329736957022742e+00
4.030000000000000000e+02 1.726348445869070547e+00
4.040000000000000000e+02 1.726367146122996798e+00
4.050000000000000000e+02 1.726385837718801497e+00
4.060000000000000000e+02 1.726404520656484420e+00
4.070000000000000000e+02 1.726423194936045569e+00
4.080000000000000000e+02 1.726441860557485386e+00
4.090000000000000000e+02 1.726460517520803206e+00
4.100000000000000000e+02 1.726479165825999695e+00
4.110000000000000000e+02 1.726497805473074409e+00
4.120000000000000000e+02 1.726516436462027348e+00
4.130000000000000000e+02 1.726535058792858734e+00
4.140000000000000000e+02 1.726553672465568567e+00
4.150000000000000000e+02 1.726572277480156625e+00
4.160000000000000000e+02 1.726590873836623130e+00
4.170000000000000000e+02 1.726609461534968082e+00
4.180000000000000000e+02 1.726628040575191259e+00
4.190000000000000000e+02 1.726646610957292660e+00
4.200000000000000000e+02 1.726665172681272509e+00
4.210000000000000000e+02 1.726683725747130804e+00
4.220000000000000000e+02 1.726702270154867547e+00
4.230000000000000000e+02 1.726720805904482514e+00
4.240000000000000000e+02 1.726739332995975706e+00
4.250000000000000000e+02 1.726757851429347346e+00
4.260000000000000000e+02 1.726776361204597432e+00
4.270000000000000000e+02 1.726794862321725743e+00
4.280000000000000000e+02 1.726813354780732501e+00
4.290000000000000000e+02 1.726831838581617484e+00
4.300000000000000000e+02 1.726850313724380914e+00
4.310000000000000000e+02 1.726868780209022791e+00
4.320000000000000000e+02 1.726887238035542893e+00
4.330000000000000000e+02 1.726905687203941442e+00
4.340000000000000000e+02 1.726924127714218216e+00
4.350000000000000000e+02 1.726942559566373436e+00
4.360000000000000000e+02 1.726960982760406882e+00
4.370000000000000000e+02 1.726979397296318997e+00
4.380000000000000000e+02 1.726997803174109114e+00
4.390000000000000000e+02 1.727016200393777678e+00
4.400000000000000000e+02 1.727034588955324690e+00
4.410000000000000000e+02 1.727052968858750148e+00
4.420000000000000000e+02 1.727071340104053832e+00
4.430000000000000000e+02 1.727089702691235740e+00
4.440000000000000000e+02 1.727108056620296095e+00
4.450000000000000000e+02 1.727126401891234897e+00
4.460000000000000000e+02 1.727144738504051924e+00
4.470000000000000000e+02 1.727163066458747398e+00
4.480000000000000000e+02 1.727181385755321319e+00
4.490000000000000000e+02 1.727199696393773465e+00
4.500000000000000000e+02 1.727217998374103836e+00
4.510000000000000000e+02 1.727236291696312653e+00
4.520000000000000000e+02 1.727254576360399918e+00
4.530000000000000000e+02 1.727272852366365630e+00
4.540000000000000000e+02 1.727291119714209566e+00
4.550000000000000000e+02 1.727309378403931728e+00
4.560000000000000000e+02 1.727327628435532336e+00
4.570000000000000000e+02 1.727345869809011392e+00
4.580000000000000000e+02 1.727364102524368672e+00
4.590000000000000000e+02 1.727382326581604399e+00
4.600000000000000000e+02 1.727400541980718351e+00
4.610000000000000000e+02 1.727418748721710751e+00
4.620000000000000000e+02 1.727436946804581597e+00
4.630000000000000000e+02 1.727455136229330668e+00
4.640000000000000000e+02 1.727473316995958186e+00
4.650000000000000000e+02 1.727491489104463929e+00
4.660000000000000000e+02 1.727509652554848119e+00
4.670000000000000000e+02 1.727527807347110755e+00
4.680000000000000000e+02 1.727545953481251617e+00
4.690000000000000000e+02 1.727564090957270926e+00
4.700000000000000000e+02 1.727582219775168459e+00
4.710000000000000000e+02 1.727600339934944440e+00
4.720000000000000000e+02 1.727618451436598646e+00
4.730000000000000000e+02 1.727636554280131298e+00
4.740000000000000000e+02 1.727654648465542397e+00
4.750000000000000000e+02 1.727672733992831722e+00
4.760000000000000000e+02 1.727690810861999271e+00
4.770000000000000000e+02 1.727708879073045489e+00
4.780000000000000000e+02 1.727726938625969932e+00
4.790000000000000000e+02 1.727744989520772600e+00
4.800000000000000000e+02 1.727763031757453716e+00
4.810000000000000000e+02 1.727781065336013278e+00
4.820000000000000000e+02 1.727799090256451064e+00
4.830000000000000000e+02 1.727817106518767298e+00
4.840000000000000000e+02 1.727835114122961757e+00
4.850000000000000000e+02 1.727853113069034663e+00
4.860000000000000000e+02 1.727871103356986016e+00
4.870000000000000000e+02 1.727889084986815593e+00
4.880000000000000000e+02 1.727907057958523618e+00
4.890000000000000000e+02 1.727925022272109867e+00
4.900000000000000000e+02 1.727942977927574564e+00
4.910000000000000000e+02 1.727960924924917485e+00
4.920000000000000000e+02 1.727978863264138853e+00
4.930000000000000000e+02 1.727996792945238669e+00
4.940000000000000000e+02 1.728014713968216709e+00
4.950000000000000000e+02 1.728032626333073196e+00
4.960000000000000000e+02 1.728050530039807908e+00
4.970000000000000000e+02 1.728068425088421067e+00
4.980000000000000000e+02 1.728086311478912673e+00
4.990000000000000000e+02 1.728104189211282504e+00
5.000000000000000000e+02 1.728122058285530560e+00
5.010000000000000000e+02 1.728139918701657285e+00
5.020000000000000000e+02 1.728157770459662235e+00
5.030000000000000000e+02 1.728175613559545409e+00
5.040000000000000000e+02 1.728193448001307031e+00
5.050000000000000000e+02 1.728211273784947100e+00
5.060000000000000000e+02 1.728229090910465393e+00
5.070000000000000000e+02 1.728246899377861912e+00
5.080000000000000000e+02 1.728264699187137099e+00
5.090000000000000000e+02 1.728282490338290511e+00
5.100000000000000000e+02 1.728300272831322149e+00
5.110000000000000000e+02 1.728318046666232233e+00
5.120000000000000000e+02 1.728335811843020764e+00
5.130000000000000000e+02 1.728353568361687520e+00
5.140000000000000000e+02 1.728371316222232723e+00
5.150000000000000000e+02 1.728389055424656151e+00
5.160000000000000000e+02 1.728406785968958026e+00
5.170000000000000000e+02 1.728424507855138348e+00
5.180000000000000000e+02 1.728442221083196895e+00
5.190000000000000000e+02 1.728459925653133888e+00
5.200000000000000000e+02 1.728477621564949107e+00
5.210000000000000000e+02 1.728495308818642773e+00
5.220000000000000000e+02 1.728512987414214885e+00
5.230000000000000000e+02 1.728530657351665223e+00
5.240000000000000000e+02 1.728548318630993785e+00
5.250000000000000000e+02 1.728565971252200795e+00
5.260000000000000000e+02 1.728583615215286251e+00
5.270000000000000000e+02 1.728601250520250154e+00
5.280000000000000000e+02 1.728618877167092283e+00
5.290000000000000000e+02 1.728636495155812636e+00
5.300000000000000000e+02 1.728654104486411436e+00
5.310000000000000000e+02 1.728671705158888683e+00
5.320000000000000000e+02 1.728689297173244155e+00
5.330000000000000000e+02 1.728706880529478074e+00
5.340000000000000000e+02 1.728724455227590218e+00
5.350000000000000000e+02 1.728742021267581030e+00
5.360000000000000000e+02 1.728759578649449846e+00
5.370000000000000000e+02 1.728777127373197109e+00
5.380000000000000000e+02 1.728794667438822819e+00
5.390000000000000000e+02 1.728812198846326753e+00
5.400000000000000000e+02 1.728829721595709135e+00
5.410000000000000000e+02 1.728847235686969963e+00
5.420000000000000000e+02 1.728864741120109016e+00
5.430000000000000000e+02 1.728882237895126517e+00
5.440000000000000000e+02 1.728899726012022242e+00
5.450000000000000000e+02 1.728917205470796414e+00
5.460000000000000000e+02 1.728934676271448811e+00
5.470000000000000000e+02 1.728952138413979656e+00
5.480000000000000000e+02 1.728969591898388947e+00
5.490000000000000000e+02 1.728987036724676463e+00
5.500000000000000000e+02 1.729004472892842426e+00
5.510000000000000000e+02 1.729021900402886613e+00
5.520000000000000000e+02 1.729039319254809248e+00
5.530000000000000000e+02 1.729056729448610108e+00
5.540000000000000000e+02 1.729074130984289415e+00
5.550000000000000000e+02 1.729091523861847168e+00
5.560000000000000000e+02 1.729108908081283147e+00
5.570000000000000000e+02 1.729126283642597572e+00
5.580000000000000000e+02 1.729143650545790445e+00
5.590000000000000000e+02 1.729161008790861542e+00
5.600000000000000000e+02 1.729178358377810865e+00
5.610000000000000000e+02 1.729195699306638634e+00
5.620000000000000000e+02 1.729213031577344850e+00
5.630000000000000000e+02 1.729230355189929291e+00
5.640000000000000000e+02 1.729247670144392179e+00
5.650000000000000000e+02 1.729264976440733514e+00
5.660000000000000000e+02 1.729282274078953074e+00
5.670000000000000000e+02 1.729299563059050859e+00
5.680000000000000000e+02 1.729316843381027091e+00
5.690000000000000000e+02 1.729334115044881770e+00
5.700000000000000000e+02 1.729351378050614896e+00
5.710000000000000000e+02 1.729368632398226246e+00
5.720000000000000000e+02 1.729385878087715822e+00
5.730000000000000000e+02 1.729403115119083845e+00
5.740000000000000000e+02 1.729420343492330314e+00
5.750000000000000000e+02 1.729437563207455009e+00
5.760000000000000000e+02 1.729454774264458150e+00
5.770000000000000000e+02 1.729471976663339516e+00
5.780000000000000000e+02 1.729489170404099552e+00
5.790000000000000000e+02 1.729506355486737590e+00
5.800000000000000000e+02 1.729523531911254075e+00
5.810000000000000000e+02 1.729540699677649007e+00
5.820000000000000000e+02 1.729557858785922164e+00
5.830000000000000000e+02 1.729575009236073768e+00
5.840000000000000000e+02 1.729592151028103819e+00
5.850000000000000000e+02 1.729609284162012095e+00
5.860000000000000000e+02 1.729626408637798818e+00
5.870000000000000000e+02 1.729643524455463766e+00
5.880000000000000000e+02 1.729660631615007160e+00
5.890000000000000000e+02 1.729677730116428780e+00
5.900000000000000000e+02 1.729694819959728846e+00
5.910000000000000000e+02 1.729711901144907360e+00
5.920000000000000000e+02 1.729728973671964098e+00
5.930000000000000000e+02 1.729746037540899284e+00
5.940000000000000000e+02 1.729763092751712694e+00
5.950000000000000000e+02 1.729780139304404551e+00
5.960000000000000000e+02 1.729797177198974634e+00
5.970000000000000000e+02 1.729814206435423163e+00
5.980000000000000000e+02 1.729831227013750139e+00
5.990000000000000000e+02 1.729848238933955340e+00
6.000000000000000000e+02 1.729865242196038988e+00
6.010000000000000000e+02 1.729882236800000861e+00
6.020000000000000000e+02 1.729899222745841181e+00
6.030000000000000000e+02 1.729916200033559948e+00
6.040000000000000000e+02 1.729933168663156939e+00
6.050000000000000000e+02 1.729950128634632378e+00
6.060000000000000000e+02 1.729967079947986042e+00
6.070000000000000000e+02 1.729984022603218152e+00
6.080000000000000000e+02 1.730000956600328488e+00
6.090000000000000000e+02 1.730017881939317270e+00
6.100000000000000000e+02 1.730034798620184500e+00
6.110000000000000000e+02 1.730051706642929954e+00
6.120000000000000000e+02 1.730068606007553855e+00
6.130000000000000000e+02 1.730085496714055981e+00
6.140000000000000000e+02 1.730102378762436555e+00
6.150000000000000000e+02 1.730119252152695575e+00
6.160000000000000000e+02 1.730136116884832820e+00
6.170000000000000000e+02 1.730152972958848512e+00
6.180000000000000000e+02 1.730169820374742429e+00
6.190000000000000000e+02 1.730186659132514793e+00
6.200000000000000000e+02 1.730203489232165381e+00
6.210000000000000000e+02 1.730220310673694417e+00
6.220000000000000000e+02 1.730237123457101900e+00
6.230000000000000000e+02 1.730253927582387607e+00
6.240000000000000000e+02 1.730270723049551762e+00
6.250000000000000000e+02 1.730287509858594142e+00
6.260000000000000000e+02 1.730304288009514968e+00
6.270000000000000000e+02 1.730321057502314019e+00
6.280000000000000000e+02 1.730337818336991740e+00
6.290000000000000000e+02 1.730354570513547463e+00
6.300000000000000000e+02 1.730371314031981633e+00
6.310000000000000000e+02 1.730388048892294250e+00
6.320000000000000000e+02 1.730404775094485315e+00
6.330000000000000000e+02 1.730421492638554604e+00
6.340000000000000000e+02 1.730438201524502118e+00
6.350000000000000000e+02 1.730454901752328079e+00
6.360000000000000000e+02 1.730471593322032486e+00
6.370000000000000000e+02 1.730488276233615119e+00
6.380000000000000000e+02 1.730504950487076199e+00
6.390000000000000000e+02 1.730521616082415726e+00
6.400000000000000000e+02 1.730538273019633477e+00
6.410000000000000000e+02 1.730554921298729676e+00
6.420000000000000000e+02 1.730571560919704099e+00
6.430000000000000000e+02 1.730588191882556970e+00
6.440000000000000000e+02 1.730604814187288065e+00
6.450000000000000000e+02 1.730621427833897608e+00
6.460000000000000000e+02 1.730638032822385375e+00
6.470000000000000000e+02 1.730654629152751811e+00
6.480000000000000000e+02 1.730671216824996250e+00
6.490000000000000000e+02 1.730687795839119358e+00
6.500000000000000000e+02 1.730704366195120469e+00
6.510000000000000000e+02 1.730720927893000249e+00
6.520000000000000000e+02 1.730737480932758254e+00
6.530000000000000000e+02 1.730754025314394706e+00
6.540000000000000000e+02 1.730770561037909383e+00
6.550000000000000000e+02 1.730787088103302285e+00
6.560000000000000000e+02 1.730803606510573855e+00
6.570000000000000000e+02 1.730820116259723651e+00
6.580000000000000000e+02 1.730836617350751672e+00
6.590000000000000000e+02 1.730853109783658139e+00
6.600000000000000000e+02 1.730869593558443054e+00
6.610000000000000000e+02 1.730886068675106193e+00
6.620000000000000000e+02 1.730902535133647779e+00
6.630000000000000000e+02 1.730918992934067813e+00
6.640000000000000000e+02 1.730935442076366071e+00
6.650000000000000000e+02 1.730951882560542554e+00
6.660000000000000000e+02 1.730968314386597484e+00
6.670000000000000000e+02 1.730984737554530861e+00
6.680000000000000000e+02 1.731001152064342463e+00
6.690000000000000000e+02 1.731017557916032512e+00
6.700000000000000000e+02 1.731033955109601008e+00
6.710000000000000000e+02 1.731050343645047729e+00
6.720000000000000000e+02 1.731066723522372897e+00
6.730000000000000000e+02 1.731083094741576289e+00
6.740000000000000000e+02 1.731099457302658129e+00
6.750000000000000000e+02 1.731115811205618193e+00
6.760000000000000000e+02 1.731132156450456705e+00
6.770000000000000000e+02 1.731148493037173663e+00
6.780000000000000000e+02 1.731164820965768847e+00
6.790000000000000000e+02 1.731181140236242255e+00
6.800000000000000000e+02 1.731197450848594332e+00
6.810000000000000000e+02 1.731213752802824635e+00
6.820000000000000000e+02 1.731230046098933162e+00
6.830000000000000000e+02 1.731246330736920136e+00
6.840000000000000000e+02 1.731262606716785557e+00
6.850000000000000000e+02 1.731278874038529203e+00
6.860000000000000000e+02 1.731295132702151296e+00
6.870000000000000000e+02 1.731311382707651614e+00
6.880000000000000000e+02 1.731327624055030379e+00
6.890000000000000000e+02 1.731343856744287590e+00
6.900000000000000000e+02 1.731360080775423027e+00
6.910000000000000000e+02 1.731376296148436689e+00
6.920000000000000000e+02 1.731392502863329019e+00
6.930000000000000000e+02 1.731408700920099575e+00
6.940000000000000000e+02 1.731424890318748355e+00
6.950000000000000000e+02 1.731441071059275583e+00
6.960000000000000000e+02 1.731457243141681257e+00
6.970000000000000000e+02 1.731473406565965156e+00
6.980000000000000000e+02 1.731489561332127503e+00
6.990000000000000000e+02 1.731505707440168074e+00
7.000000000000000000e+02 1.731521844890087092e+00
7.010000000000000000e+02 1.731537973681884335e+00
7.020000000000000000e+02 1.731554093815560247e+00
7.030000000000000000e+02 1.731570205291114162e+00
7.040000000000000000e+02 1.731586308108546524e+00
7.050000000000000000e+02 1.731602402267857332e+00
7.060000000000000000e+02 1.731618487769046588e+00
7.070000000000000000e+02 1.731634564612114069e+00
7.080000000000000000e+02 1.731650632797059775e+00
7.090000000000000000e+02 1.731666692323883927e+00
7.100000000000000000e+02 1.731682743192586527e+00
7.110000000000000000e+02 1.731698785403167573e+00
7.120000000000000000e+02 1.731714818955626622e+00
7.130000000000000000e+02 1.731730843849964341e+00
7.140000000000000000e+02 1.731746860086180284e+00
7.150000000000000000e+02 1.731762867664274674e+00
7.160000000000000000e+02 1.731778866584247289e+00
7.170000000000000000e+02 1.731794856846098352e+00
7.180000000000000000e+02 1.731810838449827639e+00
7.190000000000000000e+02 1.731826811395435373e+00
7.200000000000000000e+02 1.731842775682921554e+00
7.210000000000000000e+02 1.731858731312285959e+00
7.220000000000000000e+02 1.731874678283528590e+00
7.230000000000000000e+02 1.731890616596649890e+00
7.240000000000000000e+02 1.731906546251649415e+00
7.250000000000000000e+02 1.731922467248527164e+00
7.260000000000000000e+02 1.731938379587283361e+00
7.270000000000000000e+02 1.731954283267918004e+00
7.280000000000000000e+02 1.731970178290430873e+00
7.290000000000000000e+02 1.731986064654822188e+00
7.300000000000000000e+02 1.732001942361091729e+00
7.310000000000000000e+02 1.732017811409239716e+00
7.320000000000000000e+02 1.732033671799266150e+00
7.330000000000000000e+02 1.732049523531170809e+00
7.340000000000000000e+02 1.732065366604953693e+00
7.350000000000000000e+02 1.732081201020615246e+00
7.360000000000000000e+02 1.732097026778155024e+00
7.370000000000000000e+02 1.732112843877573027e+00
7.380000000000000000e+02 1.732128652318869477e+00
7.390000000000000000e+02 1.732144452102044374e+00
7.400000000000000000e+02 1.732160243227097496e+00
7.410000000000000000e+02 1.732176025694029065e+00
7.420000000000000000e+02 1.732191799502838858e+00
7.430000000000000000e+02 1.732207564653527099e+00
7.440000000000000000e+02 1.732223321146093564e+00
7.450000000000000000e+02 1.732239068980538477e+00
7.460000000000000000e+02 1.732254808156861836e+00
7.470000000000000000e+02 1.732270538675063420e+00
7.480000000000000000e+02 1.732286260535143452e+00
7.490000000000000000e+02 1.732301973737101930e+00
7.500000000000000000e+02 1.732317678280938633e+00
7.510000000000000000e+02 1.732333374166653561e+00
7.520000000000000000e+02 1.732349061394246936e+00
7.530000000000000000e+02 1.732364739963718758e+00
7.540000000000000000e+02 1.732380409875068805e+00
7.550000000000000000e+02 1.732396071128297299e+00
7.560000000000000000e+02 1.732411723723404240e+00
7.570000000000000000e+02 1.732427367660389406e+00
7.580000000000000000e+02 1.732443002939252796e+00
7.590000000000000000e+02 1.732458629559994856e+00
7.600000000000000000e+02 1.732474247522614919e+00
7.610000000000000000e+02 1.732489856827113650e+00
7.620000000000000000e+02 1.732505457473490607e+00
7.630000000000000000e+02 1.732521049461745788e+00
7.640000000000000000e+02 1.732536632791879416e+00
7.650000000000000000e+02 1.732552207463891492e+00
7.660000000000000000e+02 1.732567773477781792e+00
7.670000000000000000e+02 1.732583330833550539e+00
7.680000000000000000e+02 1.732598879531197733e+00
7.690000000000000000e+02 1.732614419570723152e+00
7.700000000000000000e+02 1.732629950952126796e+00
7.710000000000000000e+02 1.732645473675409109e+00
7.720000000000000000e+02 1.732660987740569425e+00
7.730000000000000000e+02 1.732676493147608410e+00
7.740000000000000000e+02 1.732691989896525619e+00
7.750000000000000000e+02 1.732707477987321054e+00
7.760000000000000000e+02 1.732722957419994936e+00
7.770000000000000000e+02 1.732738428194547264e+00
7.780000000000000000e+02 1.732753890310977818e+00
7.790000000000000000e+02 1.732769343769286818e+00
7.800000000000000000e+02 1.732784788569474266e+00
7.810000000000000000e+02 1.732800224711539938e+00
7.820000000000000000e+02 1.732815652195483835e+00
7.830000000000000000e+02 1.732831071021306180e+00
7.840000000000000000e+02 1.732846481189006971e+00
7.850000000000000000e+02 1.732861882698585987e+00
7.860000000000000000e+02 1.732877275550043450e+00
7.870000000000000000e+02 1.732892659743379360e+00
7.880000000000000000e+02 1.732908035278593495e+00
7.890000000000000000e+02 1.732923402155686077e+00
7.900000000000000000e+02 1.732938760374656884e+00
7.910000000000000000e+02 1.732954109935506137e+00
7.920000000000000000e+02 1.732969450838233616e+00
7.930000000000000000e+02 1.732984783082839542e+00
7.940000000000000000e+02 1.733000106669323914e+00
7.950000000000000000e+02 1.733015421597686512e+00
7.960000000000000000e+02 1.733030727867927334e+00
7.970000000000000000e+02 1.733046025480046826e+00
7.980000000000000000e+02 1.733061314434044542e+00
7.990000000000000000e+02 1.733076594729920483e+00
8.000000000000000000e+02 1.733091866367674871e+00
8.010000000000000000e+02 1.733107129347307707e+00
8.020000000000000000e+02 1.733122383668818767e+00
8.030000000000000000e+02 1.733137629332208274e+00
8.040000000000000000e+02 1.733152866337476006e+00
8.050000000000000000e+02 1.733168094684622185e+00
8.060000000000000000e+02 1.733183314373646811e+00
8.070000000000000000e+02 1.733198525404549661e+00
8.080000000000000000e+02 1.733213727777330959e+00
8.090000000000000000e+02 1.733228921491990482e+00
8.100000000000000000e+02 1.733244106548528451e+00
8.110000000000000000e+02 1.733259282946944646e+00
8.120000000000000000e+02 1.733274450687239288e+00
8.130000000000000000e+02 1.733289609769412376e+00
8.140000000000000000e+02 1.733304760193463689e+00
8.150000000000000000e+02 1.733319901959393450e+00
8.160000000000000000e+02 1.733335035067201435e+00
8.170000000000000000e+02 1.733350159516887867e+00
8.180000000000000000e+02 1.733365275308452746e+00
8.190000000000000000e+02 1.733380382441895851e+00
8.200000000000000000e+02 1.733395480917217180e+00
8.210000000000000000e+02 1.733410570734417178e+00
8.220000000000000000e+02 1.733425651893495179e+00
8.230000000000000000e+02 1.733440724394451848e+00
8.240000000000000000e+02 1.733455788237286743e+00
8.250000000000000000e+02 1.733470843421999863e+00
8.260000000000000000e+02 1.733485889948591652e+00
8.270000000000000000e+02 1.733500927817061443e+00
8.280000000000000000e+02 1.733515957027409904e+00
8.290000000000000000e+02 1.733530977579636589e+00
8.300000000000000000e+02 1.733545989473741500e+00
8.310000000000000000e+02 1.733560992709724857e+00
8.320000000000000000e+02 1.733575987287586662e+00
8.330000000000000000e+02 1.733590973207326691e+00
8.340000000000000000e+02 1.733605950468945167e+00
8.350000000000000000e+02 1.733620919072441868e+00
8.360000000000000000e+02 1.733635879017817016e+00
8.370000000000000000e+02 1.733650830305070611e+00
8.380000000000000000e+02 1.733665772934202431e+00
8.390000000000000000e+02 1.733680706905212698e+00
8.400000000000000000e+02 1.733695632218101190e+00
8.410000000000000000e+02 1.733710548872868129e+00
8.420000000000000000e+02 1.733725456869513293e+00
8.430000000000000000e+02 1.733740356208036903e+00
8.440000000000000000e+02 1.733755246888438961e+00
8.450000000000000000e+02 1.733770128910719244e+00
8.460000000000000000e+02 1.733785002274877973e+00
8.470000000000000000e+02 1.733799866980914928e+00
8.480000000000000000e+02 1.733814723028830329e+00
8.490000000000000000e+02 1.733829570418624177e+00
8.500000000000000000e+02 1.733844409150296251e+00
8.510000000000000000e+02 1.733859239223846771e+00
8.520000000000000000e+02 1.733874060639275516e+00
8.530000000000000000e+02 1.733888873396582708e+00
8.540000000000000000e+02 1.733903677495768125e+00
8.550000000000000000e+02 1.733918472936831989e+00
8.560000000000000000e+02 1.733933259719774300e+00
8.570000000000000000e+02 1.733948037844594836e+00
8.580000000000000000e+02 1.733962807311293819e+00
8.590000000000000000e+02 1.733977568119871027e+00
8.600000000000000000e+02 1.733992320270326681e+00
8.610000000000000000e+02 1.734007063762660783e+00
8.620000000000000000e+02 1.734021798596873110e+00
8.630000000000000000e+02 1.734036524772963661e+00
8.640000000000000000e+02 1.734051242290932882e+00
8.650000000000000000e+02 1.734065951150780105e+00
8.660000000000000000e+02 1.734080651352505997e+00
8.670000000000000000e+02 1.734095342896110115e+00
8.680000000000000000e+02 1.734110025781592457e+00
8.690000000000000000e+02 1.734124700008953468e+00
8.700000000000000000e+02 1.734139365578192482e+00
8.710000000000000000e+02 1.734154022489310165e+00
8.720000000000000000e+02 1.734168670742306073e+00
8.730000000000000000e+02 1.734183310337180206e+00
8.740000000000000000e+02 1.734197941273932786e+00
8.750000000000000000e+02 1.734212563552563813e+00
8.760000000000000000e+02 1.734227177173073065e+00
8.770000000000000000e+02 1.734241782135460763e+00
8.780000000000000000e+02 1.734256378439726687e+00
8.790000000000000000e+02 1.734270966085871057e+00
8.800000000000000000e+02 1.734285545073893875e+00
8.810000000000000000e+02 1.734300115403794917e+00
8.820000000000000000e+02 1.734314677075574407e+00
8.830000000000000000e+02 1.734329230089232121e+00
8.840000000000000000e+02 1.734343774444768282e+00
8.850000000000000000e+02 1.734358310142182669e+00
8.860000000000000000e+02 1.734372837181475502e+00
8.870000000000000000e+02 1.734387355562646782e+00
8.880000000000000000e+02 1.734401865285696287e+00
8.890000000000000000e+02 1.734416366350624239e+00
8.900000000000000000e+02 1.734430858757430416e+00
8.910000000000000000e+02 1.734445342506115040e+00
8.920000000000000000e+02 1.734459817596678111e+00
8.930000000000000000e+02 1.734474284029119406e+00
8.940000000000000000e+02 1.734488741803438927e+00
8.950000000000000000e+02 1.734503190919637117e+00
8.960000000000000000e+02 1.734517631377713531e+00
8.970000000000000000e+02 1.734532063177668171e+00
8.980000000000000000e+02 1.734546486319501257e+00
8.990000000000000000e+02 1.734560900803212791e+00
9.000000000000000000e+02 1.734575306628802549e+00
9.010000000000000000e+02 1.734589703796270754e+00
9.020000000000000000e+02 1.734604092305617185e+00
9.030000000000000000e+02 1.734618472156842062e+00
9.040000000000000000e+02 1.734632843349945164e+00
9.050000000000000000e+02 1.734647205884926713e+00
9.060000000000000000e+02 1.734661559761786709e+00
9.070000000000000000e+02 1.734675904980524930e+00
9.080000000000000000e+02 1.734690241541141598e+00
9.090000000000000000e+02 1.734704569443636712e+00
9.100000000000000000e+02 1.734718888688010052e+00
9.110000000000000000e+02 1.734733199274261617e+00
9.120000000000000000e+02 1.734747501202391629e+00
9.130000000000000000e+02 1.734761794472400087e+00
9.140000000000000000e+02 1.734776079084286771e+00
9.150000000000000000e+02 1.734790355038051901e+00
9.160000000000000000e+02 1.734804622333695479e+00
9.170000000000000000e+02 1.734818880971217281e+00
9.180000000000000000e+02 1.734833130950617308e+00
9.190000000000000000e+02 1.734847372271896004e+00
9.200000000000000000e+02 1.734861604935052704e+00
9.210000000000000000e+02 1.734875828940088072e+00
9.220000000000000000e+02 1.734890044287001665e+00
9.230000000000000000e+02 1.734904250975793483e+00
9.240000000000000000e+02 1.734918449006463748e+00
9.250000000000000000e+02 1.734932638379012459e+00
9.260000000000000000e+02 1.734946819093439396e+00
9.270000000000000000e+02 1.734960991149744780e+00
9.280000000000000000e+02 1.734975154547928611e+00
9.290000000000000000e+02 1.734989309287990666e+00
9.300000000000000000e+02 1.735003455369930947e+00
9.310000000000000000e+02 1.735017592793749897e+00
9.320000000000000000e+02 1.735031721559446849e+00
9.330000000000000000e+02 1.735045841667022470e+00
9.340000000000000000e+02 1.735059953116476317e+00
9.350000000000000000e+02 1.735074055907808388e+00
9.360000000000000000e+02 1.735088150041018906e+00
9.370000000000000000e+02 1.735102235516107871e+00
9.380000000000000000e+02 1.735116312333075062e+00
9.390000000000000000e+02 1.735130380491920699e+00
9.400000000000000000e+02 1.735144439992644783e+00
9.410000000000000000e+02 1.735158490835247092e+00
9.420000000000000000e+02 1.735172533019727625e+00
9.430000000000000000e+02 1.735186566546086606e+00
9.440000000000000000e+02 1.735200591414324034e+00
9.450000000000000000e+02 1.735214607624439687e+00
9.460000000000000000e+02 1.735228615176433786e+00
9.470000000000000000e+02 1.735242614070306333e+00
9.480000000000000000e+02 1.735256604306057104e+00
9.490000000000000000e+02 1.735270585883686323e+00
9.500000000000000000e+02 1.735284558803193766e+00
9.510000000000000000e+02 1.735298523064579657e+00
9.520000000000000000e+02 1.735312478667843772e+00
9.530000000000000000e+02 1.735326425612986334e+00
9.540000000000000000e+02 1.735340363900007343e+00
9.550000000000000000e+02 1.735354293528906577e+00
9.560000000000000000e+02 1.735368214499684036e+00
9.570000000000000000e+02 1.735382126812340164e+00
9.580000000000000000e+02 1.735396030466874517e+00
9.590000000000000000e+02 1.735409925463287095e+00
9.600000000000000000e+02 1.735423811801578120e+00
9.610000000000000000e+02 1.735437689481747592e+00
9.620000000000000000e+02 1.735451558503795289e+00
9.630000000000000000e+02 1.735465418867721432e+00
9.640000000000000000e+02 1.735479270573525801e+00
9.650000000000000000e+02 1.735493113621208616e+00
9.660000000000000000e+02 1.735506948010769879e+00
9.670000000000000000e+02 1.735520773742209366e+00
9.680000000000000000e+02 1.735534590815527078e+00
9.690000000000000000e+02 1.735548399230723460e+00
9.700000000000000000e+02 1.735562198987798066e+00
9.710000000000000000e+02 1.735575990086750897e+00
9.720000000000000000e+02 1.735589772527582175e+00
9.730000000000000000e+02 1.735603546310291900e+00
9.740000000000000000e+02 1.735617311434879850e+00
9.750000000000000000e+02 1.735631067901346247e+00
9.760000000000000000e+02 1.735644815709690869e+00
9.770000000000000000e+02 1.735658554859913938e+00
9.780000000000000000e+02 1.735672285352015454e+00
9.790000000000000000e+02 1.735686007185995194e+00
9.800000000000000000e+02 1.735699720361853160e+00
9.810000000000000000e+02 1.735713424879589795e+00
9.820000000000000000e+02 1.735727120739204432e+00
9.830000000000000000e+02 1.735740807940697739e+00
9.840000000000000000e+02 1.735754486484069270e+00
9.850000000000000000e+02 1.735768156369319026e+00
9.860000000000000000e+02 1.735781817596447452e+00
9.870000000000000000e+02 1.735795470165453880e+00
9.880000000000000000e+02 1.735809114076338977e+00
9.890000000000000000e+02 1.735822749329102077e+00
9.900000000000000000e+02 1.735836375923743846e+00
9.910000000000000000e+02 1.735849993860263840e+00
9.920000000000000000e+02 1.735863603138662281e+00
9.930000000000000000e+02 1.735877203758938947e+00
9.940000000000000000e+02 1.735890795721094060e+00
9.950000000000000000e+02 1.735904379025127398e+00
9.960000000000000000e+02 1.735917953671039182e+00
9.970000000000000000e+02 1.735931519658829414e+00
9.980000000000000000e+02 1.735945076988497870e+00
9.990000000000000000e+02 1.735958625660044774e+00
1.000000000000000000e+03 1.735972165673469902e+00
1.001000000000000000e+03 1.735985697028773478e+00
1.002000000000000000e+03 1.735999219725955278e+00
1.003000000000000000e+03 1.736012733765015525e+00
1.004000000000000000e+03 1.736026239145954220e+00
1.005000000000000000e+03 1.736039735868771139e+00
1.006000000000000000e+03 1.736053223933466505e+00
1.007000000000000000e+03 1.736066703340040096e+00
1.008000000000000000e+03 1.736080174088492134e+00
1.009000000000000000e+03 1.736093636178822619e+00
1.010000000000000000e+03 1.736107089611031329e+00
1.011000000000000000e+03 1.736120534385118486e+00
1.012000000000000000e+03 1.736133970501083867e+00
1.013000000000000000e+03 1.736147397958927696e+00
1.014000000000000000e+03 1.736160816758649750e+00
1.015000000000000000e+03 1.736174226900250250e+00
1.016000000000000000e+03 1.736187628383729198e+00
1.017000000000000000e+03 1.736201021209086370e+00
1.018000000000000000e+03 1.736214405376321990e+00
1.019000000000000000e+03 1.736227780885435834e+00
1.020000000000000000e+03 1.736241147736428125e+00
1.021000000000000000e+03 1.736254505929298642e+00
