# order=20: data_wav [pixel], data_wavsolution [micron]
3.000000000000000000e+00 2.054909395579689768e+00
4.000000000000000000e+00 2.054942648701380215e+00
5.000000000000000000e+00 2.054975897663731566e+00
6.000000000000000000e+00 2.055009142465809013e+00
7.000000000000000000e+00 2.055042383106679527e+00
8.000000000000000000e+00 2.055075619585408297e+00
9.000000000000000000e+00 2.055108851901061850e+00
1.000000000000000000e+01 2.055142080052706710e+00
1.100000000000000000e+01 2.055175304039408513e+00
1.200000000000000000e+01 2.055208523860233338e+00
1.300000000000000000e+01 2.055241739514247268e+00
1.400000000000000000e+01 2.055274951000516825e+00
1.500000000000000000e+01 2.055308158318107647e+00
1.600000000000000000e+01 2.055341361466086259e+00
1.700000000000000000e+01 2.055374560443518739e+00
1.800000000000000000e+01 2.055407755249470725e+00
1.900000000000000000e+01 2.055440945883008741e+00
2.000000000000000000e+01 2.055474132343198868e+00
2.100000000000000000e+01 2.055507314629107185e+00
2.200000000000000000e+01 2.055540492739799330e+00
2.300000000000000000e+01 2.055573666674342270e+00
2.400000000000000000e+01 2.055606836431801643e+00
2.500000000000000000e+01 2.055640002011243528e+00
2.600000000000000000e+01 2.055673163411734006e+00
2.700000000000000000e+01 2.055706320632339601e+00
2.800000000000000000e+01 2.055739473672125950e+00
2.900000000000000000e+01 2.055772622530159133e+00
3.000000000000000000e+01 2.055805767205505674e+00
3.100000000000000000e+01 2.055838907697231654e+00
3.200000000000000000e+01 2.055872044004402710e+00
3.300000000000000000e+01 2.055905176126085365e+00
3.400000000000000000e+01 2.055938304061345256e+00
3.500000000000000000e+01 2.055971427809249352e+00
3.600000000000000000e+01 2.056004547368862845e+00
3.700000000000000000e+01 2.056037662739252703e+00
3.800000000000000000e+01 2.056070773919484118e+00
3.900000000000000000e+01 2.056103880908624060e+00
4.000000000000000000e+01 2.056136983705738164e+00
4.100000000000000000e+01 2.056170082309892511e+00
4.200000000000000000e+01 2.056203176720153625e+00
4.300000000000000000e+01 2.056236266935586698e+00
4.400000000000000000e+01 2.056269352955259144e+00
4.500000000000000000e+01 2.056302434778236155e+00
4.600000000000000000e+01 2.056335512403583810e+00
4.700000000000000000e+01 2.056368585830368634e+00
4.800000000000000000e+01 2.056401655057656708e+00
4.900000000000000000e+01 2.056434720084514112e+00
5.000000000000000000e+01 2.056467780910006926e+00
5.100000000000000000e+01 2.056500837533200787e+00
5.200000000000000000e+01 2.056533889953162664e+00
5.300000000000000000e+01 2.056566938168958192e+00
5.400000000000000000e+01 2.056599982179653452e+00
5.500000000000000000e+01 2.056633021984314524e+00
5.600000000000000000e+01 2.056666057582007490e+00
5.700000000000000000e+01 2.056699088971798872e+00
5.800000000000000000e+01 2.056732116152754308e+00
5.900000000000000000e+01 2.056765139123940322e+00
6.000000000000000000e+01 2.056798157884422551e+00
6.100000000000000000e+01 2.056831172433267518e+00
6.200000000000000000e+01 2.056864182769541305e+00
6.300000000000000000e+01 2.056897188892309547e+00
6.400000000000000000e+01 2.056930190800638769e+00
6.500000000000000000e+01 2.056963188493595052e+00
6.600000000000000000e+01 2.056996181970244475e+00
6.700000000000000000e+01 2.057029171229653564e+00
6.800000000000000000e+01 2.057062156270887510e+00
6.900000000000000000e+01 2.057095137093012838e+00
7.000000000000000000e+01 2.057128113695096072e+00
7.100000000000000000e+01 2.057161086076202849e+00
7.200000000000000000e+01 2.057194054235399694e+00
7.300000000000000000e+01 2.057227018171751798e+00
7.400000000000000000e+01 2.057259977884326574e+00
7.500000000000000000e+01 2.057292933372189214e+00
7.600000000000000000e+01 2.057325884634405799e+00
7.700000000000000000e+01 2.057358831670043298e+00
7.800000000000000000e+01 2.057391774478166901e+00
7.900000000000000000e+01 2.057424713057843135e+00
8.000000000000000000e+01 2.057457647408138079e+00
8.100000000000000000e+01 2.057490577528117814e+00
8.200000000000000000e+01 2.057523503416848420e+00
8.300000000000000000e+01 2.057556425073395978e+00
8.400000000000000000e+01 2.057589342496827012e+00
8.500000000000000000e+01 2.057622255686206714e+00
8.600000000000000000e+01 2.057655164640602052e+00
8.700000000000000000e+01 2.057688069359079108e+00
8.800000000000000000e+01 2.057720969840703518e+00
8.900000000000000000e+01 2.057753866084541361e+00
9.000000000000000000e+01 2.057786758089659163e+00
9.100000000000000000e+01 2.057819645855123003e+00
9.200000000000000000e+01 2.057852529379998963e+00
9.300000000000000000e+01 2.057885408663352678e+00
9.400000000000000000e+01 2.057918283704250673e+00
9.500000000000000000e+01 2.057951154501759472e+00
9.600000000000000000e+01 2.057984021054944268e+00
9.700000000000000000e+01 2.058016883362871585e+00
9.800000000000000000e+01 2.058049741424607948e+00
9.900000000000000000e+01 2.058082595239218548e+00
1.000000000000000000e+02 2.058115444805770800e+00
1.010000000000000000e+02 2.058148290123329449e+00
1.020000000000000000e+02 2.058181131190961466e+00
1.030000000000000000e+02 2.058213968007732486e+00
1.040000000000000000e+02 2.058246800572709034e+00
1.050000000000000000e+02 2.058279628884957191e+00
1.060000000000000000e+02 2.058312452943542592e+00
1.070000000000000000e+02 2.058345272747531762e+00
1.080000000000000000e+02 2.058378088295990782e+00
1.090000000000000000e+02 2.058410899587985732e+00
1.100000000000000000e+02 2.058443706622582692e+00
1.110000000000000000e+02 2.058476509398847742e+00
1.120000000000000000e+02 2.058509307915846964e+00
1.130000000000000000e+02 2.058542102172646437e+00
1.140000000000000000e+02 2.058574892168312243e+00
1.150000000000000000e+02 2.058607677901910904e+00
1.160000000000000000e+02 2.058640459372508058e+00
1.170000000000000000e+02 2.058673236579170229e+00
1.180000000000000000e+02 2.058706009520963054e+00
1.190000000000000000e+02 2.058738778196953056e+00
1.200000000000000000e+02 2.058771542606205873e+00
1.210000000000000000e+02 2.058804302747788029e+00
1.220000000000000000e+02 2.058837058620765603e+00
1.230000000000000000e+02 2.058869810224204677e+00
1.240000000000000000e+02 2.058902557557171331e+00
1.250000000000000000e+02 2.058935300618731645e+00
1.260000000000000000e+02 2.058968039407951700e+00
1.270000000000000000e+02 2.059000773923897576e+00
1.280000000000000000e+02 2.059033504165635353e+00
1.290000000000000000e+02 2.059066230132231556e+00
1.300000000000000000e+02 2.059098951822751822e+00
1.310000000000000000e+02 2.059131669236262230e+00
1.320000000000000000e+02 2.059164382371829305e+00
1.330000000000000000e+02 2.059197091228518683e+00
1.340000000000000000e+02 2.059229795805396890e+00
1.350000000000000000e+02 2.059262496101530004e+00
1.360000000000000000e+02 2.059295192115983664e+00
1.370000000000000000e+02 2.059327883847824392e+00
1.380000000000000000e+02 2.059360571296118714e+00
1.390000000000000000e+02 2.059393254459931821e+00
1.400000000000000000e+02 2.059425933338330239e+00
1.410000000000000000e+02 2.059458607930380047e+00
1.420000000000000000e+02 2.059491278235147771e+00
1.430000000000000000e+02 2.059523944251698602e+00
1.440000000000000000e+02 2.059556605979099508e+00
1.450000000000000000e+02 2.059589263416416571e+00
1.460000000000000000e+02 2.059621916562715427e+00
1.470000000000000000e+02 2.059654565417062155e+00
1.480000000000000000e+02 2.059687209978523281e+00
1.490000000000000000e+02 2.059719850246164441e+00
1.500000000000000000e+02 2.059752486219052603e+00
1.510000000000000000e+02 2.059785117896252959e+00
1.520000000000000000e+02 2.059817745276832035e+00
1.530000000000000000e+02 2.059850368359855910e+00
1.540000000000000000e+02 2.059882987144390221e+00
1.550000000000000000e+02 2.059915601629501936e+00
1.560000000000000000e+02 2.059948211814256691e+00
1.570000000000000000e+02 2.059980817697721012e+00
1.580000000000000000e+02 2.060013419278960090e+00
1.590000000000000000e+02 2.060046016557040893e+00
1.600000000000000000e+02 2.060078609531029059e+00
1.610000000000000000e+02 2.060111198199991112e+00
1.620000000000000000e+02 2.060143782562992687e+00
1.630000000000000000e+02 2.060176362619100310e+00
1.640000000000000000e+02 2.060208938367380060e+00
1.650000000000000000e+02 2.060241509806897575e+00
1.660000000000000000e+02 2.060274076936719378e+00
1.670000000000000000e+02 2.060306639755911551e+00
1.680000000000000000e+02 2.060339198263540172e+00
1.690000000000000000e+02 2.060371752458671324e+00
1.700000000000000000e+02 2.060404302340371085e+00
1.710000000000000000e+02 2.060436847907705538e+00
1.720000000000000000e+02 2.060469389159741205e+00
1.730000000000000000e+02 2.060501926095543279e+00
1.740000000000000000e+02 2.060534458714178729e+00
1.750000000000000000e+02 2.060566987014713636e+00
1.760000000000000000e+02 2.060599510996213635e+00
1.770000000000000000e+02 2.060632030657744806e+00
1.780000000000000000e+02 2.060664545998374120e+00
1.790000000000000000e+02 2.060697057017166323e+00
1.800000000000000000e+02 2.060729563713188828e+00
1.810000000000000000e+02 2.060762066085507271e+00
1.820000000000000000e+02 2.060794564133187290e+00
1.830000000000000000e+02 2.060827057855295408e+00
1.840000000000000000e+02 2.060859547250898149e+00
1.850000000000000000e+02 2.060892032319060707e+00
1.860000000000000000e+02 2.060924513058850049e+00
1.870000000000000000e+02 2.060956989469331813e+00
1.880000000000000000e+02 2.060989461549572077e+00
1.890000000000000000e+02 2.061021929298637367e+00
1.900000000000000000e+02 2.061054392715593320e+00
1.910000000000000000e+02 2.061086851799506459e+00
1.920000000000000000e+02 2.061119306549442420e+00
1.930000000000000000e+02 2.061151756964467729e+00
1.940000000000000000e+02 2.061184203043648022e+00
1.950000000000000000e+02 2.061216644786050267e+00
1.960000000000000000e+02 2.061249082190739657e+00
1.970000000000000000e+02 2.061281515256782715e+00
1.980000000000000000e+02 2.061313943983245522e+00
1.990000000000000000e+02 2.061346368369194604e+00
2.000000000000000000e+02 2.061378788413695151e+00
2.010000000000000000e+02 2.061411204115814133e+00
2.020000000000000000e+02 2.061443615474617186e+00
2.030000000000000000e+02 2.061476022489170390e+00
2.040000000000000000e+02 2.061508425158539826e+00
2.050000000000000000e+02 2.061540823481792017e+00
2.060000000000000000e+02 2.061573217457993046e+00
2.070000000000000000e+02 2.061605607086208547e+00
2.080000000000000000e+02 2.061637992365505045e+00
2.090000000000000000e+02 2.061670373294948622e+00
2.100000000000000000e+02 2.061702749873605356e+00
2.110000000000000000e+02 2.061735122100540885e+00
2.120000000000000000e+02 2.061767489974821732e+00
2.130000000000000000e+02 2.061799853495514423e+00
2.140000000000000000e+02 2.061832212661684149e+00
2.150000000000000000e+02 2.061864567472397880e+00
2.160000000000000000e+02 2.061896917926721251e+00
2.170000000000000000e+02 2.061929264023720343e+00
2.180000000000000000e+02 2.061961605762461236e+00
2.190000000000000000e+02 2.061993943142010455e+00
2.200000000000000000e+02 2.062026276161434080e+00
2.210000000000000000e+02 2.062058604819797747e+00
2.220000000000000000e+02 2.062090929116167981e+00
2.230000000000000000e+02 2.062123249049610418e+00
2.240000000000000000e+02 2.062155564619191583e+00
2.250000000000000000e+02 2.062187875823977556e+00
2.260000000000000000e+02 2.062220182663034418e+00
2.270000000000000000e+02 2.062252485135428248e+00
2.280000000000000000e+02 2.062284783240225128e+00
2.290000000000000000e+02 2.062317076976491137e+00
2.300000000000000000e+02 2.062349366343292356e+00
2.310000000000000000e+02 2.062381651339695310e+00
2.320000000000000000e+02 2.062413931964765634e+00
2.330000000000000000e+02 2.062446208217569410e+00
2.340000000000000000e+02 2.062478480097173161e+00
2.350000000000000000e+02 2.062510747602642525e+00
2.360000000000000000e+02 2.062543010733044024e+00
2.370000000000000000e+02 2.062575269487443297e+00
2.380000000000000000e+02 2.062607523864906867e+00
2.390000000000000000e+02 2.062639773864500814e+00
2.400000000000000000e+02 2.062672019485291219e+00
2.410000000000000000e+02 2.062704260726344163e+00
2.420000000000000000e+02 2.062736497586725726e+00
2.430000000000000000e+02 2.062768730065501988e+00
2.440000000000000000e+02 2.062800958161739029e+00
2.450000000000000000e+02 2.062833181874502930e+00
2.460000000000000000e+02 2.062865401202860216e+00
2.470000000000000000e+02 2.062897616145876523e+00
2.480000000000000000e+02 2.062929826702617930e+00
2.490000000000000000e+02 2.062962032872150964e+00
2.500000000000000000e+02 2.062994234653541259e+00
2.510000000000000000e+02 2.063026432045855341e+00
2.520000000000000000e+02 2.063058625048159289e+00
2.530000000000000000e+02 2.063090813659518741e+00
2.540000000000000000e+02 2.063122997879000220e+00
2.550000000000000000e+02 2.063155177705670251e+00
2.560000000000000000e+02 2.063187353138594027e+00
2.570000000000000000e+02 2.063219524176838071e+00
2.580000000000000000e+02 2.063251690819468465e+00
2.590000000000000000e+02 2.063283853065551732e+00
2.600000000000000000e+02 2.063316010914153065e+00
2.610000000000000000e+02 2.063348164364339432e+00
2.620000000000000000e+02 2.063380313415176470e+00
2.630000000000000000e+02 2.063412458065730704e+00
2.640000000000000000e+02 2.063444598315067768e+00
2.650000000000000000e+02 2.063476734162254189e+00
2.660000000000000000e+02 2.063508865606356046e+00
2.670000000000000000e+02 2.063540992646438976e+00
2.680000000000000000e+02 2.063573115281569503e+00
2.690000000000000000e+02 2.063605233510813708e+00
2.700000000000000000e+02 2.063637347333237670e+00
2.710000000000000000e+02 2.063669456747907027e+00
2.720000000000000000e+02 2.063701561753888747e+00
2.730000000000000000e+02 2.063733662350248466e+00
2.740000000000000000e+02 2.063765758536052264e+00
2.750000000000000000e+02 2.063797850310366666e+00
2.760000000000000000e+02 2.063829937672256865e+00
2.770000000000000000e+02 2.063862020620790272e+00
2.780000000000000000e+02 2.063894099155031636e+00
2.790000000000000000e+02 2.063926173274047926e+00
2.800000000000000000e+02 2.063958242976905222e+00
2.810000000000000000e+02 2.063990308262669160e+00
2.820000000000000000e+02 2.064022369130406709e+00
2.830000000000000000e+02 2.064054425579183061e+00
2.840000000000000000e+02 2.064086477608064296e+00
2.850000000000000000e+02 2.064118525216117384e+00
2.860000000000000000e+02 2.064150568402407959e+00
2.870000000000000000e+02 2.064182607166002104e+00
2.880000000000000000e+02 2.064214641505965897e+00
2.890000000000000000e+02 2.064246671421365420e+00
2.900000000000000000e+02 2.064278696911267197e+00
2.910000000000000000e+02 2.064310717974736864e+00
2.920000000000000000e+02 2.064342734610840502e+00
2.930000000000000000e+02 2.064374746818644635e+00
2.940000000000000000e+02 2.064406754597214899e+00
2.950000000000000000e+02 2.064438757945617819e+00
2.960000000000000000e+02 2.064470756862919476e+00
2.970000000000000000e+02 2.064502751348185505e+00
2.980000000000000000e+02 2.064534741400482432e+00
2.990000000000000000e+02 2.064566727018876779e+00
3.000000000000000000e+02 2.064598708202433741e+00
3.010000000000000000e+02 2.064630684950219841e+00
3.020000000000000000e+02 2.064662657261301160e+00
3.030000000000000000e+02 2.064694625134744221e+00
3.040000000000000000e+02 2.064726588569614218e+00
3.050000000000000000e+02 2.064758547564978564e+00
3.060000000000000000e+02 2.064790502119902005e+00
3.070000000000000000e+02 2.064822452233451511e+00
3.080000000000000000e+02 2.064854397904692718e+00
3.090000000000000000e+02 2.064886339132692150e+00
3.100000000000000000e+02 2.064918275916515888e+00
3.110000000000000000e+02 2.064950208255229569e+00
3.120000000000000000e+02 2.064982136147899716e+00
3.130000000000000000e+02 2.065014059593592410e+00
3.140000000000000000e+02 2.065045978591373732e+00
3.150000000000000000e+02 2.065077893140309762e+00
3.160000000000000000e+02 2.065109803239466579e+00
3.170000000000000000e+02 2.065141708887910266e+00
3.180000000000000000e+02 2.065173610084706901e+00
3.190000000000000000e+02 2.065205506828923010e+00
3.200000000000000000e+02 2.065237399119624229e+00
3.210000000000000000e+02 2.065269286955876638e+00
3.220000000000000000e+02 2.065301170336746761e+00
3.230000000000000000e+02 2.065333049261300236e+00
3.240000000000000000e+02 2.065364923728603586e+00
3.250000000000000000e+02 2.065396793737722891e+00
3.260000000000000000e+02 2.065428659287723789e+00
3.270000000000000000e+02 2.065460520377673248e+00
3.280000000000000000e+02 2.065492377006636460e+00
3.290000000000000000e+02 2.065524229173679949e+00
3.300000000000000000e+02 2.065556076877869796e+00
3.310000000000000000e+02 2.065587920118272081e+00
3.320000000000000000e+02 2.065619758893952884e+00
3.330000000000000000e+02 2.065651593203978731e+00
3.340000000000000000e+02 2.065683423047415257e+00
3.350000000000000000e+02 2.065715248423328543e+00
3.360000000000000000e+02 2.065747069330784669e+00
3.370000000000000000e+02 2.065778885768850159e+00
3.380000000000000000e+02 2.065810697736591095e+00
3.390000000000000000e+02 2.065842505233073112e+00
3.400000000000000000e+02 2.065874308257362735e+00
3.410000000000000000e+02 2.065906106808526044e+00
3.420000000000000000e+02 2.065937900885629119e+00
3.430000000000000000e+02 2.065969690487737598e+00
3.440000000000000000e+02 2.066001475613918448e+00
3.450000000000000000e+02 2.066033256263237305e+00
3.460000000000000000e+02 2.066065032434759807e+00
3.470000000000000000e+02 2.066096804127552922e+00
3.480000000000000000e+02 2.066128571340682285e+00
3.490000000000000000e+02 2.066160334073214422e+00
3.500000000000000000e+02 2.066192092324214524e+00
3.510000000000000000e+02 2.066223846092750005e+00
3.520000000000000000e+02 2.066255595377886056e+00
3.530000000000000000e+02 2.066287340178688758e+00
3.540000000000000000e+02 2.066319080494224636e+00
3.550000000000000000e+02 2.066350816323559769e+00
3.560000000000000000e+02 2.066382547665759795e+00
3.570000000000000000e+02 2.066414274519891681e+00
3.580000000000000000e+02 2.066445996885020620e+00
3.590000000000000000e+02 2.066477714760213580e+00
3.600000000000000000e+02 2.066509428144535754e+00
3.610000000000000000e+02 2.066541137037054110e+00
3.620000000000000000e+02 2.066572841436833841e+00
3.630000000000000000e+02 2.066604541342941914e+00
3.640000000000000000e+02 2.066636236754444411e+00
3.650000000000000000e+02 2.066667927670406968e+00
3.660000000000000000e+02 2.066699614089895665e+00
3.670000000000000000e+02 2.066731296011977026e+00
3.680000000000000000e+02 2.066762973435716688e+00
3.690000000000000000e+02 2.066794646360181620e+00
3.700000000000000000e+02 2.066826314784436569e+00
3.710000000000000000e+02 2.066857978707548948e+00
3.720000000000000000e+02 2.066889638128584394e+00
3.730000000000000000e+02 2.066921293046608543e+00
3.740000000000000000e+02 2.066952943460688363e+00
3.750000000000000000e+02 2.066984589369889491e+00
3.760000000000000000e+02 2.067016230773278007e+00
3.770000000000000000e+02 2.067047867669919992e+00
3.780000000000000000e+02 2.067079500058881525e+00
3.790000000000000000e+02 2.067111127939229132e+00
3.800000000000000000e+02 2.067142751310028448e+00
3.810000000000000000e+02 2.067174370170345998e+00
3.820000000000000000e+02 2.067205984519247419e+00
3.830000000000000000e+02 2.067237594355799235e+00
3.840000000000000000e+02 2.067269199679067526e+00
3.850000000000000000e+02 2.067300800488117929e+00
3.860000000000000000e+02 2.067332396782017412e+00
3.870000000000000000e+02 2.067363988559831167e+00
3.880000000000000000e+02 2.067395575820625719e+00
3.890000000000000000e+02 2.067427158563467149e+00
3.900000000000000000e+02 2.067458736787421980e+00
3.910000000000000000e+02 2.067490310491555405e+00
3.920000000000000000e+02 2.067521879674934393e+00
3.930000000000000000e+02 2.067553444336624580e+00
3.940000000000000000e+02 2.067585004475692489e+00
3.950000000000000000e+02 2.067616560091203759e+00
3.960000000000000000e+02 2.067648111182224469e+00
3.970000000000000000e+02 2.067679657747821143e+00
3.980000000000000000e+02 2.067711199787059861e+00
3.990000000000000000e+02 2.067742737299006706e+00
4.000000000000000000e+02 2.067774270282727311e+00
4.010000000000000000e+02 2.067805798737288203e+00
4.020000000000000000e+02 2.067837322661755461e+00
4.030000000000000000e+02 2.067868842055195167e+00
4.040000000000000000e+02 2.067900356916673843e+00
4.050000000000000000e+02 2.067931867245256683e+00
4.060000000000000000e+02 2.067963373040010655e+00
4.070000000000000000e+02 2.067994874300001396e+00
4.080000000000000000e+02 2.068026371024294985e+00
4.090000000000000000e+02 2.068057863211957503e+00
4.100000000000000000e+02 2.068089350862055920e+00
4.110000000000000000e+02 2.068120833973654982e+00
4.120000000000000000e+02 2.068152312545822102e+00
4.130000000000000000e+02 2.068183786577622474e+00
4.140000000000000000e+02 2.068215256068122176e+00
4.150000000000000000e+02 2.068246721016388179e+00
4.160000000000000000e+02 2.068278181421485673e+00
4.170000000000000000e+02 2.068309637282481628e+00
4.180000000000000000e+02 2.068341088598441235e+00
4.190000000000000000e+02 2.068372535368431464e+00
4.200000000000000000e+02 2.068403977591517950e+00
4.210000000000000000e+02 2.068435415266766775e+00
4.220000000000000000e+02 2.068466848393244018e+00
4.230000000000000000e+02 2.068498276970016203e+00
4.240000000000000000e+02 2.068529700996148968e+00
4.250000000000000000e+02 2.068561120470708836e+00
4.260000000000000000e+02 2.068592535392761445e+00
4.270000000000000000e+02 2.068623945761373317e+00
4.280000000000000000e+02 2.068655351575610091e+00
4.290000000000000000e+02 2.068686752834538733e+00
4.300000000000000000e+02 2.068718149537224438e+00
4.310000000000000000e+02 2.068749541682733728e+00
4.320000000000000000e+02 2.068780929270132685e+00
4.330000000000000000e+02 2.068812312298487832e+00
4.340000000000000000e+02 2.068843690766864363e+00
4.350000000000000000e+02 2.068875064674328801e+00
4.360000000000000000e+02 2.068906434019947671e+00
4.370000000000000000e+02 2.068937798802786610e+00
4.380000000000000000e+02 2.068969159021912141e+00
4.390000000000000000e+02 2.069000514676389901e+00
4.400000000000000000e+02 2.069031865765286415e+00
4.410000000000000000e+02 2.069063212287667319e+00
4.420000000000000000e+02 2.069094554242599138e+00
4.430000000000000000e+02 2.069125891629147507e+00
4.440000000000000000e+02 2.069157224446379395e+00
4.450000000000000000e+02 2.069188552693359995e+00
4.460000000000000000e+02 2.069219876369155831e+00
4.470000000000000000e+02 2.069251195472832983e+00
4.480000000000000000e+02 2.069282510003457976e+00
4.490000000000000000e+02 2.069313819960096001e+00
4.500000000000000000e+02 2.069345125341814029e+00
4.510000000000000000e+02 2.069376426147677694e+00
4.520000000000000000e+02 2.069407722376753078e+00
4.530000000000000000e+02 2.069439014028106705e+00
4.540000000000000000e+02 2.069470301100804210e+00
4.550000000000000000e+02 2.069501583593912120e+00
4.560000000000000000e+02 2.069532861506496069e+00
4.570000000000000000e+02 2.069564134837623026e+00
4.580000000000000000e+02 2.069595403586358184e+00
4.590000000000000000e+02 2.069626667751767624e+00
4.600000000000000000e+02 2.069657927332918312e+00
4.610000000000000000e+02 2.069689182328875887e+00
4.620000000000000000e+02 2.069720432738705984e+00
4.630000000000000000e+02 2.069751678561475572e+00
4.640000000000000000e+02 2.069782919796250287e+00
4.650000000000000000e+02 2.069814156442096209e+00
4.660000000000000000e+02 2.069845388498079863e+00
4.670000000000000000e+02 2.069876615963266886e+00
4.680000000000000000e+02 2.069907838836723357e+00
4.690000000000000000e+02 2.069939057117515802e+00
4.700000000000000000e+02 2.069970270804710299e+00
4.710000000000000000e+02 2.070001479897372487e+00
4.720000000000000000e+02 2.070032684394568889e+00
4.730000000000000000e+02 2.070063884295365142e+00
4.740000000000000000e+02 2.070095079598828214e+00
4.750000000000000000e+02 2.070126270304023297e+00
4.760000000000000000e+02 2.070157456410017360e+00
4.770000000000000000e+02 2.070188637915875596e+00
4.780000000000000000e+02 2.070219814820664972e+00
4.790000000000000000e+02 2.070250987123451125e+00
4.800000000000000000e+02 2.070282154823300136e+00
4.810000000000000000e+02 2.070313317919278084e+00
4.820000000000000000e+02 2.070344476410451495e+00
4.830000000000000000e+02 2.070375630295886449e+00
4.840000000000000000e+02 2.070406779574648137e+00
4.850000000000000000e+02 2.070437924245803973e+00
4.860000000000000000e+02 2.070469064308419149e+00
4.870000000000000000e+02 2.070500199761560189e+00
4.880000000000000000e+02 2.070531330604293174e+00
4.890000000000000000e+02 2.070562456835683740e+00
4.900000000000000000e+02 2.070593578454798855e+00
4.910000000000000000e+02 2.070624695460704157e+00
4.920000000000000000e+02 2.070655807852465280e+00
4.930000000000000000e+02 2.070686915629149194e+00
4.940000000000000000e+02 2.070718018789821535e+00
4.950000000000000000e+02 2.070749117333548828e+00
4.960000000000000000e+02 2.070780211259396708e+00
4.970000000000000000e+02 2.070811300566431257e+00
4.980000000000000000e+02 2.070842385253718998e+00
4.990000000000000000e+02 2.070873465320325568e+00
5.000000000000000000e+02 2.070904540765317492e+00
5.010000000000000000e+02 2.070935611587760405e+00
5.020000000000000000e+02 2.070966677786721277e+00
5.030000000000000000e+02 2.070997739361265300e+00
5.040000000000000000e+02 2.071028796310458997e+00
5.050000000000000000e+02 2.071059848633368450e+00
5.060000000000000000e+02 2.071090896329060183e+00
5.070000000000000000e+02 2.071121939396599387e+00
5.080000000000000000e+02 2.071152977835052589e+00
5.090000000000000000e+02 2.071184011643486311e+00
5.100000000000000000e+02 2.071215040820966191e+00
5.110000000000000000e+02 2.071246065366558753e+00
5.120000000000000000e+02 2.071277085279329189e+00
5.130000000000000000e+02 2.071308100558344911e+00
5.140000000000000000e+02 2.071339111202671113e+00
5.150000000000000000e+02 2.071370117211374318e+00
5.160000000000000000e+02 2.071401118583520162e+00
5.170000000000000000e+02 2.071432115318175171e+00
5.180000000000000000e+02 2.071463107414405425e+00
5.190000000000000000e+02 2.071494094871277003e+00
5.200000000000000000e+02 2.071525077687856431e+00
5.210000000000000000e+02 2.071556055863208901e+00
5.220000000000000000e+02 2.071587029396400936e+00
5.230000000000000000e+02 2.071617998286498619e+00
5.240000000000000000e+02 2.071648962532568472e+00
5.250000000000000000e+02 2.071679922133676133e+00
5.260000000000000000e+02 2.071710877088888125e+00
5.270000000000000000e+02 2.071741827397270086e+00
5.280000000000000000e+02 2.071772773057888095e+00
5.290000000000000000e+02 2.071803714069808677e+00
5.300000000000000000e+02 2.071834650432097913e+00
5.310000000000000000e+02 2.071865582143821882e+00
5.320000000000000000e+02 2.071896509204046222e+00
5.330000000000000000e+02 2.071927431611837900e+00
5.340000000000000000e+02 2.071958349366262109e+00
5.350000000000000000e+02 2.071989262466385373e+00
5.360000000000000000e+02 2.072020170911274217e+00
5.370000000000000000e+02 2.072051074699993833e+00
5.380000000000000000e+02 2.072081973831611190e+00
5.390000000000000000e+02 2.072112868305191924e+00
5.400000000000000000e+02 2.072143758119802559e+00
5.410000000000000000e+02 2.072174643274508732e+00
5.420000000000000000e+02 2.072205523768376523e+00
5.430000000000000000e+02 2.072236399600472456e+00
5.440000000000000000e+02 2.072267270769862613e+00
5.450000000000000000e+02 2.072298137275612628e+00
5.460000000000000000e+02 2.072328999116789472e+00
5.470000000000000000e+02 2.072359856292458336e+00
5.480000000000000000e+02 2.072390708801685744e+00
5.490000000000000000e+02 2.072421556643537333e+00
5.500000000000000000e+02 2.072452399817080071e+00
5.510000000000000000e+02 2.072483238321380039e+00
5.520000000000000000e+02 2.072514072155502429e+00
5.530000000000000000e+02 2.072544901318513766e+00
5.540000000000000000e+02 2.072575725809480574e+00
5.550000000000000000e+02 2.072606545627468932e+00
5.560000000000000000e+02 2.072637360771544035e+00
5.570000000000000000e+02 2.072668171240773294e+00
5.580000000000000000e+02 2.072698977034221901e+00
5.590000000000000000e+02 2.072729778150955937e+00
5.600000000000000000e+02 2.072760574590041927e+00
5.610000000000000000e+02 2.072791366350546394e+00
5.620000000000000000e+02 2.072822153431534531e+00
5.630000000000000000e+02 2.072852935832072863e+00
5.640000000000000000e+02 2.072883713551227025e+00
5.650000000000000000e+02 2.072914486588063987e+00
5.660000000000000000e+02 2.072945254941649829e+00
5.670000000000000000e+02 2.072976018611049742e+00
5.680000000000000000e+02 2.073006777595330696e+00
5.690000000000000000e+02 2.073037531893558327e+00
5.700000000000000000e+02 2.073068281504798716e+00
5.710000000000000000e+02 2.073099026428118385e+00
5.720000000000000000e+02 2.073129766662583418e+00
5.730000000000000000e+02 2.073160502207259448e+00
5.740000000000000000e+02 2.073191233061213001e+00
5.750000000000000000e+02 2.073221959223509714e+00
5.760000000000000000e+02 2.073252680693216554e+00
5.770000000000000000e+02 2.073283397469398714e+00
5.780000000000000000e+02 2.073314109551122719e+00
5.790000000000000000e+02 2.073344816937455093e+00
5.800000000000000000e+02 2.073375519627461028e+00
5.810000000000000000e+02 2.073406217620207492e+00
5.820000000000000000e+02 2.073436910914760123e+00
5.830000000000000000e+02 2.073467599510185000e+00
5.840000000000000000e+02 2.073498283405548204e+00
5.850000000000000000e+02 2.073528962599916259e+00
5.860000000000000000e+02 2.073559637092355246e+00
5.870000000000000000e+02 2.073590306881930800e+00
5.880000000000000000e+02 2.073620971967709448e+00
5.890000000000000000e+02 2.073651632348756824e+00
5.900000000000000000e+02 2.073682288024139453e+00
5.910000000000000000e+02 2.073712938992923860e+00
5.920000000000000000e+02 2.073743585254175237e+00
5.930000000000000000e+02 2.073774226806960108e+00
5.940000000000000000e+02 2.073804863650344554e+00
5.950000000000000000e+02 2.073835495783394656e+00
5.960000000000000000e+02 2.073866123205176493e+00
5.970000000000000000e+02 2.073896745914756590e+00
5.980000000000000000e+02 2.073927363911200583e+00
5.990000000000000000e+02 2.073957977193574997e+00
6.000000000000000000e+02 2.073988585760945469e+00
6.010000000000000000e+02 2.074019189612378078e+00
6.020000000000000000e+02 2.074049788746939349e+00
6.030000000000000000e+02 2.074080383163695362e+00
6.040000000000000000e+02 2.074110972861711755e+00
6.050000000000000000e+02 2.074141557840055494e+00
6.060000000000000000e+02 2.074172138097791773e+00
6.070000000000000000e+02 2.074202713633987116e+00
6.080000000000000000e+02 2.074233284447707604e+00
6.090000000000000000e+02 2.074263850538019316e+00
6.100000000000000000e+02 2.074294411903988777e+00
6.110000000000000000e+02 2.074324968544681180e+00
6.120000000000000000e+02 2.074355520459163493e+00
6.130000000000000000e+02 2.074386067646501797e+00
6.140000000000000000e+02 2.074416610105761283e+00
6.150000000000000000e+02 2.074447147836009364e+00
6.160000000000000000e+02 2.074477680836310789e+00
6.170000000000000000e+02 2.074508209105732970e+00
6.180000000000000000e+02 2.074538732643341099e+00
6.190000000000000000e+02 2.074569251448201701e+00
6.200000000000000000e+02 2.074599765519380412e+00
6.210000000000000000e+02 2.074630274855944201e+00
6.220000000000000000e+02 2.074660779456958704e+00
6.230000000000000000e+02 2.074691279321489557e+00
6.240000000000000000e+02 2.074721774448603728e+00
6.250000000000000000e+02 2.074752264837366855e+00
6.260000000000000000e+02 2.074782750486845018e+00
6.270000000000000000e+02 2.074813231396104740e+00
6.280000000000000000e+02 2.074843707564211659e+00
6.290000000000000000e+02 2.074874178990231854e+00
6.300000000000000000e+02 2.074904645673231851e+00
6.310000000000000000e+02 2.074935107612277285e+00
6.320000000000000000e+02 2.074965564806435125e+00
6.330000000000000000e+02 2.074996017254770120e+00
6.340000000000000000e+02 2.075026464956349681e+00
6.350000000000000000e+02 2.075056907910239445e+00
6.360000000000000000e+02 2.075087346115505049e+00
6.370000000000000000e+02 2.075117779571213017e+00
6.380000000000000000e+02 2.075148208276429873e+00
6.390000000000000000e+02 2.075178632230221254e+00
6.400000000000000000e+02 2.075209051431653240e+00
6.410000000000000000e+02 2.075239465879791911e+00
6.420000000000000000e+02 2.075269875573703349e+00
6.430000000000000000e+02 2.075300280512454076e+00
6.440000000000000000e+02 2.075330680695109731e+00
6.450000000000000000e+02 2.075361076120736836e+00
6.460000000000000000e+02 2.075391466788401473e+00
6.470000000000000000e+02 2.075421852697169278e+00
6.480000000000000000e+02 2.075452233846106775e+00
6.490000000000000000e+02 2.075482610234280045e+00
6.500000000000000000e+02 2.075512981860755168e+00
6.510000000000000000e+02 2.075543348724597781e+00
6.520000000000000000e+02 2.075573710824874851e+00
6.530000000000000000e+02 2.075604068160652016e+00
6.540000000000000000e+02 2.075634420730995355e+00
6.550000000000000000e+02 2.075664768534970950e+00
6.560000000000000000e+02 2.075695111571644880e+00
6.570000000000000000e+02 2.075725449840083670e+00
6.580000000000000000e+02 2.075755783339352956e+00
6.590000000000000000e+02 2.075786112068519262e+00
6.600000000000000000e+02 2.075816436026648670e+00
6.610000000000000000e+02 2.075846755212806816e+00
6.620000000000000000e+02 2.075877069626059779e+00
6.630000000000000000e+02 2.075907379265474528e+00
6.640000000000000000e+02 2.075937684130116256e+00
6.650000000000000000e+02 2.075967984219051488e+00
6.660000000000000000e+02 2.075998279531346746e+00
6.670000000000000000e+02 2.076028570066067225e+00
6.680000000000000000e+02 2.076058855822279448e+00
6.690000000000000000e+02 2.076089136799049939e+00
6.700000000000000000e+02 2.076119412995444335e+00
6.710000000000000000e+02 2.076149684410528717e+00
6.720000000000000000e+02 2.076179951043369165e+00
6.730000000000000000e+02 2.076210212893032203e+00
6.740000000000000000e+02 2.076240469958583912e+00
6.750000000000000000e+02 2.076270722239089928e+00
6.760000000000000000e+02 2.076300969733616775e+00
6.770000000000000000e+02 2.076331212441230534e+00
6.780000000000000000e+02 2.076361450360996841e+00
6.790000000000000000e+02 2.076391683491982221e+00
6.800000000000000000e+02 2.076421911833252754e+00
6.810000000000000000e+02 2.076452135383874520e+00
6.820000000000000000e+02 2.076482354142914044e+00
6.830000000000000000e+02 2.076512568109436518e+00
6.840000000000000000e+02 2.076542777282508911e+00
6.850000000000000000e+02 2.076572981661196859e+00
6.860000000000000000e+02 2.076603181244566443e+00
6.870000000000000000e+02 2.076633376031684186e+00
6.880000000000000000e+02 2.076663566021615726e+00
6.890000000000000000e+02 2.076693751213427142e+00
6.900000000000000000e+02 2.076723931606185403e+00
6.910000000000000000e+02 2.076754107198955701e+00
6.920000000000000000e+02 2.076784277990804561e+00
6.930000000000000000e+02 2.076814443980797620e+00
6.940000000000000000e+02 2.076844605168001845e+00
6.950000000000000000e+02 2.076874761551482429e+00
6.960000000000000000e+02 2.076904913130306340e+00
6.970000000000000000e+02 2.076935059903538772e+00
6.980000000000000000e+02 2.076965201870246691e+00
6.990000000000000000e+02 2.076995339029495735e+00
7.000000000000000000e+02 2.077025471380351984e+00
7.010000000000000000e+02 2.077055598921881963e+00
7.020000000000000000e+02 2.077085721653151307e+00
7.030000000000000000e+02 2.077115839573226541e+00
7.040000000000000000e+02 2.077145952681173302e+00
7.050000000000000000e+02 2.077176060976058114e+00
7.060000000000000000e+02 2.077206164456947057e+00
7.070000000000000000e+02 2.077236263122905768e+00
7.080000000000000000e+02 2.077266356973000772e+00
7.090000000000000000e+02 2.077296446006298147e+00
7.100000000000000000e+02 2.077326530221864420e+00
7.110000000000000000e+02 2.077356609618764782e+00
7.120000000000000000e+02 2.077386684196065758e+00
7.130000000000000000e+02 2.077416753952833872e+00
7.140000000000000000e+02 2.077446818888134761e+00
7.150000000000000000e+02 2.077476879001034504e+00
7.160000000000000000e+02 2.077506934290599183e+00
7.170000000000000000e+02 2.077536984755895322e+00
7.180000000000000000e+02 2.077567030395989001e+00
7.190000000000000000e+02 2.077597071209945856e+00
7.200000000000000000e+02 2.077627107196832412e+00
7.210000000000000000e+02 2.077657138355714306e+00
7.220000000000000000e+02 2.077687164685658505e+00
7.230000000000000000e+02 2.077717186185730203e+00
7.240000000000000000e+02 2.077747202854995923e+00
7.250000000000000000e+02 2.077777214692521746e+00
7.260000000000000000e+02 2.077807221697374196e+00
7.270000000000000000e+02 2.077837223868618466e+00
7.280000000000000000e+02 2.077867221205321524e+00
7.290000000000000000e+02 2.077897213706549007e+00
7.300000000000000000e+02 2.077927201371366994e+00
7.310000000000000000e+02 2.077957184198842011e+00
7.320000000000000000e+02 2.077987162188039694e+00
7.330000000000000000e+02 2.078017135338026566e+00
7.340000000000000000e+02 2.078047103647868266e+00
7.350000000000000000e+02 2.078077067116631316e+00
7.360000000000000000e+02 2.078107025743381797e+00
7.370000000000000000e+02 2.078136979527185790e+00
7.380000000000000000e+02 2.078166928467109376e+00
7.390000000000000000e+02 2.078196872562218189e+00
7.400000000000000000e+02 2.078226811811579200e+00
7.410000000000000000e+02 2.078256746214258044e+00
7.420000000000000000e+02 2.078286675769320802e+00
7.430000000000000000e+02 2.078316600475833553e+00
7.440000000000000000e+02 2.078346520332862379e+00
7.450000000000000000e+02 2.078376435339473804e+00
7.460000000000000000e+02 2.078406345494733465e+00
7.470000000000000000e+02 2.078436250797707885e+00
7.480000000000000000e+02 2.078466151247463145e+00
7.490000000000000000e+02 2.078496046843064882e+00
7.500000000000000000e+02 2.078525937583579619e+00
7.510000000000000000e+02 2.078555823468072994e+00
7.520000000000000000e+02 2.078585704495611974e+00
7.530000000000000000e+02 2.078615580665261753e+00
7.540000000000000000e+02 2.078645451976088854e+00
7.550000000000000000e+02 2.078675318427159802e+00
7.560000000000000000e+02 2.078705180017540233e+00
7.570000000000000000e+02 2.078735036746295783e+00
7.580000000000000000e+02 2.078764888612493422e+00
7.590000000000000000e+02 2.078794735615199230e+00
7.600000000000000000e+02 2.078824577753478842e+00
7.610000000000000000e+02 2.078854415026398339e+00
7.620000000000000000e+02 2.078884247433024246e+00
7.630000000000000000e+02 2.078914074972422199e+00
7.640000000000000000e+02 2.078943897643658723e+00
7.650000000000000000e+02 2.078973715445799897e+00
7.660000000000000000e+02 2.079003528377911802e+00
7.670000000000000000e+02 2.079033336439060076e+00
7.680000000000000000e+02 2.079063139628311685e+00
7.690000000000000000e+02 2.079092937944732267e+00
7.700000000000000000e+02 2.079122731387387457e+00
7.710000000000000000e+02 2.079152519955344225e+00
7.720000000000000000e+02 2.079182303647668206e+00
7.730000000000000000e+02 2.079212082463425482e+00
7.740000000000000000e+02 2.079241856401682575e+00
7.750000000000000000e+02 2.079271625461505124e+00
7.760000000000000000e+02 2.079301389641959652e+00
7.770000000000000000e+02 2.079331148942111795e+00
7.780000000000000000e+02 2.079360903361028079e+00
7.790000000000000000e+02 2.079390652897774139e+00
7.800000000000000000e+02 2.079420397551416944e+00
7.810000000000000000e+02 2.079450137321021685e+00
7.820000000000000000e+02 2.079479872205654889e+00
7.830000000000000000e+02 2.079509602204382634e+00
7.840000000000000000e+02 2.079539327316271002e+00
7.850000000000000000e+02 2.079569047540386073e+00
7.860000000000000000e+02 2.079598762875794371e+00
7.870000000000000000e+02 2.079628473321561088e+00
7.880000000000000000e+02 2.079658178876753194e+00
7.890000000000000000e+02 2.079687879540436768e+00
7.900000000000000000e+02 2.079717575311677003e+00
7.910000000000000000e+02 2.079747266189541310e+00
7.920000000000000000e+02 2.079776952173094884e+00
7.930000000000000000e+02 2.079806633261403803e+00
7.940000000000000000e+02 2.079836309453535037e+00
7.950000000000000000e+02 2.079865980748553778e+00
7.960000000000000000e+02 2.079895647145526549e+00
7.970000000000000000e+02 2.079925308643519433e+00
7.980000000000000000e+02 2.079954965241598508e+00
7.990000000000000000e+02 2.079984616938829856e+00
8.000000000000000000e+02 2.080014263734279556e+00
8.010000000000000000e+02 2.080043905627013689e+00
8.020000000000000000e+02 2.080073542616098781e+00
8.030000000000000000e+02 2.080103174700600466e+00
8.040000000000000000e+02 2.080132801879584825e+00
8.050000000000000000e+02 2.080162424152118383e+00
8.060000000000000000e+02 2.080192041517266777e+00
8.070000000000000000e+02 2.080221653974096974e+00
8.080000000000000000e+02 2.080251261521673722e+00
8.090000000000000000e+02 2.080280864159064436e+00
8.100000000000000000e+02 2.080310461885334306e+00
8.110000000000000000e+02 2.080340054699549857e+00
8.120000000000000000e+02 2.080369642600777169e+00
8.130000000000000000e+02 2.080399225588082768e+00
8.140000000000000000e+02 2.080428803660531845e+00
8.150000000000000000e+02 2.080458376817190924e+00
8.160000000000000000e+02 2.080487945057126531e+00
8.170000000000000000e+02 2.080517508379404301e+00
8.180000000000000000e+02 2.080547066783090759e+00
8.190000000000000000e+02 2.080576620267251098e+00
8.200000000000000000e+02 2.080606168830952729e+00
8.210000000000000000e+02 2.080635712473260845e+00
8.220000000000000000e+02 2.080665251193241527e+00
8.230000000000000000e+02 2.080694784989961299e+00
8.240000000000000000e+02 2.080724313862486241e+00
8.250000000000000000e+02 2.080753837809882434e+00
8.260000000000000000e+02 2.080783356831215958e+00
8.270000000000000000e+02 2.080812870925552893e+00
8.280000000000000000e+02 2.080842380091959321e+00
8.290000000000000000e+02 2.080871884329501320e+00
8.300000000000000000e+02 2.080901383637244972e+00
8.310000000000000000e+02 2.080930878014256358e+00
8.320000000000000000e+02 2.080960367459602001e+00
8.330000000000000000e+02 2.080989851972347537e+00
8.340000000000000000e+02 2.081019331551559493e+00
8.350000000000000000e+02 2.081048806196303502e+00
8.360000000000000000e+02 2.081078275905646091e+00
8.370000000000000000e+02 2.081107740678652895e+00
8.380000000000000000e+02 2.081137200514390440e+00
8.390000000000000000e+02 2.081166655411924804e+00
8.400000000000000000e+02 2.081196105370322069e+00
8.410000000000000000e+02 2.081225550388648315e+00
8.420000000000000000e+02 2.081254990465969623e+00
8.430000000000000000e+02 2.081284425601352073e+00
8.440000000000000000e+02 2.081313855793861745e+00
8.450000000000000000e+02 2.081343281042564719e+00
8.460000000000000000e+02 2.081372701346527077e+00
8.470000000000000000e+02 2.081402116704815342e+00
8.480000000000000000e+02 2.081431527116495150e+00
8.490000000000000000e+02 2.081460932580633028e+00
8.500000000000000000e+02 2.081490333096295053e+00
8.510000000000000000e+02 2.081519728662546864e+00
8.520000000000000000e+02 2.081549119278454540e+00
8.530000000000000000e+02 2.081578504943085051e+00
8.540000000000000000e+02 2.081607885655503587e+00
8.550000000000000000e+02 2.081637261414776674e+00
8.560000000000000000e+02 2.081666632219970392e+00
8.570000000000000000e+02 2.081695998070150821e+00
8.580000000000000000e+02 2.081725358964384487e+00
8.590000000000000000e+02 2.081754714901736580e+00
8.600000000000000000e+02 2.081784065881274071e+00
8.610000000000000000e+02 2.081813411902062594e+00
8.620000000000000000e+02 2.081842752963168230e+00
8.630000000000000000e+02 2.081872089063657505e+00
8.640000000000000000e+02 2.081901420202596054e+00
8.650000000000000000e+02 2.081930746379050401e+00
8.660000000000000000e+02 2.081960067592086627e+00
8.670000000000000000e+02 2.081989383840770369e+00
8.680000000000000000e+02 2.082018695124168151e+00
8.690000000000000000e+02 2.082048001441346052e+00
8.700000000000000000e+02 2.082077302791370155e+00
8.710000000000000000e+02 2.082106599173306538e+00
8.720000000000000000e+02 2.082135890586221283e+00
8.730000000000000000e+02 2.082165177029180470e+00
8.740000000000000000e+02 2.082194458501250178e+00
8.750000000000000000e+02 2.082223735001496490e+00
8.760000000000000000e+02 2.082253006528985928e+00
8.770000000000000000e+02 2.082282273082784574e+00
8.780000000000000000e+02 2.082311534661957619e+00
8.790000000000000000e+02 2.082340791265572477e+00
8.800000000000000000e+02 2.082370042892693895e+00
8.810000000000000000e+02 2.082399289542389287e+00
8.820000000000000000e+02 2.082428531213723844e+00
8.830000000000000000e+02 2.082457767905764090e+00
8.840000000000000000e+02 2.082486999617576107e+00
8.850000000000000000e+02 2.082516226348225974e+00
8.860000000000000000e+02 2.082545448096779772e+00
8.870000000000000000e+02 2.082574664862303582e+00
8.880000000000000000e+02 2.082603876643863483e+00
8.890000000000000000e+02 2.082633083440526001e+00
8.900000000000000000e+02 2.082662285251356771e+00
8.910000000000000000e+02 2.082691482075421874e+00
8.920000000000000000e+02 2.082720673911787390e+00
8.930000000000000000e+02 2.082749860759519844e+00
8.940000000000000000e+02 2.082779042617685317e+00
8.950000000000000000e+02 2.082808219485349444e+00
8.960000000000000000e+02 2.082837391361578749e+00
8.970000000000000000e+02 2.082866558245438871e+00
8.980000000000000000e+02 2.082895720135996775e+00
8.990000000000000000e+02 2.082924877032317657e+00
9.000000000000000000e+02 2.082954028933468482e+00
9.010000000000000000e+02 2.082983175838514445e+00
9.020000000000000000e+02 2.083012317746522513e+00
9.030000000000000000e+02 2.083041454656557878e+00
9.040000000000000000e+02 2.083070586567687510e+00
9.050000000000000000e+02 2.083099713478977488e+00
9.060000000000000000e+02 2.083128835389493005e+00
9.070000000000000000e+02 2.083157952298301474e+00
9.080000000000000000e+02 2.083187064204467642e+00
9.090000000000000000e+02 2.083216171107058479e+00
9.100000000000000000e+02 2.083245273005140064e+00
9.110000000000000000e+02 2.083274369897778477e+00
9.120000000000000000e+02 2.083303461784039357e+00
9.130000000000000000e+02 2.083332548662989669e+00
9.140000000000000000e+02 2.083361630533694608e+00
9.150000000000000000e+02 2.083390707395220698e+00
9.160000000000000000e+02 2.083419779246634018e+00
9.170000000000000000e+02 2.083448846087001094e+00
9.180000000000000000e+02 2.083477907915387117e+00
9.190000000000000000e+02 2.083506964730859057e+00
9.200000000000000000e+02 2.083536016532482993e+00
9.210000000000000000e+02 2.083565063319324118e+00
9.220000000000000000e+02 2.083594105090449400e+00
9.230000000000000000e+02 2.083623141844924920e+00
9.240000000000000000e+02 2.083652173581816314e+00
9.250000000000000000e+02 2.083681200300190106e+00
9.260000000000000000e+02 2.083710221999112377e+00
9.270000000000000000e+02 2.083739238677649208e+00
9.280000000000000000e+02 2.083768250334866234e+00
9.290000000000000000e+02 2.083797256969829981e+00
9.300000000000000000e+02 2.083826258581606972e+00
9.310000000000000000e+02 2.083855255169262399e+00
9.320000000000000000e+02 2.083884246731863232e+00
9.330000000000000000e+02 2.083913233268475107e+00
9.340000000000000000e+02 2.083942214778164104e+00
9.350000000000000000e+02 2.083971191259996747e+00
9.360000000000000000e+02 2.084000162713038673e+00
9.370000000000000000e+02 2.084029129136355962e+00
9.380000000000000000e+02 2.084058090529015139e+00
9.390000000000000000e+02 2.084087046890082284e+00
9.400000000000000000e+02 2.084115998218623034e+00
9.410000000000000000e+02 2.084144944513704356e+00
9.420000000000000000e+02 2.084173885774391444e+00
9.430000000000000000e+02 2.084202821999750821e+00
9.440000000000000000e+02 2.084231753188848568e+00
9.450000000000000000e+02 2.084260679340750766e+00
9.460000000000000000e+02 2.084289600454523494e+00
9.470000000000000000e+02 2.084318516529232834e+00
9.480000000000000000e+02 2.084347427563945310e+00
9.490000000000000000e+02 2.084376333557726557e+00
9.500000000000000000e+02 2.084405234509642657e+00
9.510000000000000000e+02 2.084434130418760134e+00
9.520000000000000000e+02 2.084463021284144624e+00
9.530000000000000000e+02 2.084491907104862651e+00
9.540000000000000000e+02 2.084520787879979853e+00
9.550000000000000000e+02 2.084549663608563197e+00
9.560000000000000000e+02 2.084578534289677876e+00
9.570000000000000000e+02 2.084607399922390414e+00
9.580000000000000000e+02 2.084636260505766447e+00
9.590000000000000000e+02 2.084665116038872945e+00
9.600000000000000000e+02 2.084693966520775543e+00
9.610000000000000000e+02 2.084722811950540322e+00
9.620000000000000000e+02 2.084751652327233806e+00
9.630000000000000000e+02 2.084780487649921188e+00
9.640000000000000000e+02 2.084809317917669436e+00
9.650000000000000000e+02 2.084838143129544630e+00
9.660000000000000000e+02 2.084866963284612407e+00
9.670000000000000000e+02 2.084895778381938847e+00
9.680000000000000000e+02 2.084924588420590474e+00
9.690000000000000000e+02 2.084953393399633370e+00
9.700000000000000000e+02 2.084982193318133170e+00
9.710000000000000000e+02 2.085010988175156399e+00
9.720000000000000000e+02 2.085039777969769581e+00
9.730000000000000000e+02 2.085068562701037909e+00
9.740000000000000000e+02 2.085097342368027906e+00
9.750000000000000000e+02 2.085126116969805654e+00
9.760000000000000000e+02 2.085154886505437677e+00
9.770000000000000000e+02 2.085183650973989611e+00
9.780000000000000000e+02 2.085212410374527536e+00
9.790000000000000000e+02 2.085241164706117534e+00
9.800000000000000000e+02 2.085269913967826128e+00
9.810000000000000000e+02 2.085298658158718954e+00
9.820000000000000000e+02 2.085327397277862538e+00
9.830000000000000000e+02 2.085356131324322959e+00
9.840000000000000000e+02 2.085384860297165854e+00
9.850000000000000000e+02 2.085413584195457748e+00
9.860000000000000000e+02 2.085442303018264720e+00
9.870000000000000000e+02 2.085471016764652852e+00
9.880000000000000000e+02 2.085499725433688223e+00
9.890000000000000000e+02 2.085528429024436470e+00
9.900000000000000000e+02 2.085557127535964561e+00
9.910000000000000000e+02 2.085585820967338577e+00
9.920000000000000000e+02 2.085614509317623710e+00
9.930000000000000000e+02 2.085643192585886929e+00
9.940000000000000000e+02 2.085671870771193870e+00
9.950000000000000000e+02 2.085700543872611057e+00
9.960000000000000000e+02 2.085729211889204127e+00
9.970000000000000000e+02 2.085757874820039603e+00
9.980000000000000000e+02 2.085786532664183124e+00
9.990000000000000000e+02 2.085815185420701656e+00
1.000000000000000000e+03 2.085843833088660393e+00
1.001000000000000000e+03 2.085872475667125858e+00
1.002000000000000000e+03 2.085901113155163689e+00
1.003000000000000000e+03 2.085929745551840853e+00
1.004000000000000000e+03 2.085958372856222987e+00
1.005000000000000000e+03 2.085986995067376171e+00
1.006000000000000000e+03 2.086015612184366930e+00
1.007000000000000000e+03 2.086044224206260456e+00
1.008000000000000000e+03 2.086072831132123717e+00
1.009000000000000000e+03 2.086101432961022795e+00
1.010000000000000000e+03 2.086130029692022880e+00
1.011000000000000000e+03 2.086158621324191387e+00
1.012000000000000000e+03 2.086187207856593506e+00
1.013000000000000000e+03 2.086215789288295763e+00
1.014000000000000000e+03 2.086244365618363794e+00
1.015000000000000000e+03 2.086272936845864567e+00
1.016000000000000000e+03 2.086301502969863275e+00
1.017000000000000000e+03 2.086330063989426442e+00
1.018000000000000000e+03 2.086358619903620593e+00
1.019000000000000000e+03 2.086387170711510919e+00
1.020000000000000000e+03 2.086415716412163945e+00
1.021000000000000000e+03 2.086444257004646197e+00
