# order=5: data_wav [pixel], data_wavsolution [micron]
3.000000000000000000e+00 1.479037893890031263e+00
4.000000000000000000e+00 1.479062510143711595e+00
5.000000000000000000e+00 1.479087123121487268e+00
6.000000000000000000e+00 1.479111732823358505e+00
7.000000000000000000e+00 1.479136339249325083e+00
8.000000000000000000e+00 1.479160942399387002e+00
9.000000000000000000e+00 1.479185542273544263e+00
1.000000000000000000e+01 1.479210138871797087e+00
1.100000000000000000e+01 1.479234732194145252e+00
1.200000000000000000e+01 1.479259322240588537e+00
1.300000000000000000e+01 1.479283909011127385e+00
1.400000000000000000e+01 1.479308492505761796e+00
1.500000000000000000e+01 1.479333072724491327e+00
1.600000000000000000e+01 1.479357649667316421e+00
1.700000000000000000e+01 1.479382223334236857e+00
1.800000000000000000e+01 1.479406793725252633e+00
1.900000000000000000e+01 1.479431360840363752e+00
2.000000000000000000e+01 1.479455924679570433e+00
2.100000000000000000e+01 1.479480485242872234e+00
2.200000000000000000e+01 1.479505042530269598e+00
2.300000000000000000e+01 1.479529596541762304e+00
2.400000000000000000e+01 1.479554147277350351e+00
2.500000000000000000e+01 1.479578694737033961e+00
2.600000000000000000e+01 1.479603238920812691e+00
2.700000000000000000e+01 1.479627779828686984e+00
2.800000000000000000e+01 1.479652317460656619e+00
2.900000000000000000e+01 1.479676851816721816e+00
3.000000000000000000e+01 1.479701382896882134e+00
3.100000000000000000e+01 1.479725910701138014e+00
3.200000000000000000e+01 1.479750435229489236e+00
3.300000000000000000e+01 1.479774956481935799e+00
3.400000000000000000e+01 1.479799474458477704e+00
3.500000000000000000e+01 1.479823989159114950e+00
3.600000000000000000e+01 1.479848500583847759e+00
3.700000000000000000e+01 1.479873008732675910e+00
3.800000000000000000e+01 1.479897513605599402e+00
3.900000000000000000e+01 1.479922015202618235e+00
4.000000000000000000e+01 1.479946513523732410e+00
4.100000000000000000e+01 1.479971008568942148e+00
4.200000000000000000e+01 1.479995500338247227e+00
4.300000000000000000e+01 1.480019988831647648e+00
4.400000000000000000e+01 1.480044474049143410e+00
4.500000000000000000e+01 1.480068955990734514e+00
4.600000000000000000e+01 1.480093434656421181e+00
4.700000000000000000e+01 1.480117910046203189e+00
4.800000000000000000e+01 1.480142382160080539e+00
4.900000000000000000e+01 1.480166850998053230e+00
5.000000000000000000e+01 1.480191316560121262e+00
5.100000000000000000e+01 1.480215778846284858e+00
5.200000000000000000e+01 1.480240237856543795e+00
5.300000000000000000e+01 1.480264693590898073e+00
5.400000000000000000e+01 1.480289146049347693e+00
5.500000000000000000e+01 1.480313595231892654e+00
5.600000000000000000e+01 1.480338041138533178e+00
5.700000000000000000e+01 1.480362483769269044e+00
5.800000000000000000e+01 1.480386923124100251e+00
5.900000000000000000e+01 1.480411359203026800e+00
6.000000000000000000e+01 1.480435792006048690e+00
6.100000000000000000e+01 1.480460221533166143e+00
6.200000000000000000e+01 1.480484647784378938e+00
6.300000000000000000e+01 1.480509070759687074e+00
6.400000000000000000e+01 1.480533490459090551e+00
6.500000000000000000e+01 1.480557906882589370e+00
6.600000000000000000e+01 1.480582320030183752e+00
6.700000000000000000e+01 1.480606729901873475e+00
6.800000000000000000e+01 1.480631136497658540e+00
6.900000000000000000e+01 1.480655539817538946e+00
7.000000000000000000e+01 1.480679939861514693e+00
7.100000000000000000e+01 1.480704336629586004e+00
7.200000000000000000e+01 1.480728730121752434e+00
7.300000000000000000e+01 1.480753120338014428e+00
7.400000000000000000e+01 1.480777507278371985e+00
7.500000000000000000e+01 1.480801890942824661e+00
7.600000000000000000e+01 1.480826271331372679e+00
7.700000000000000000e+01 1.480850648444016260e+00
7.800000000000000000e+01 1.480875022280755182e+00
7.900000000000000000e+01 1.480899392841589446e+00
8.000000000000000000e+01 1.480923760126519273e+00
8.100000000000000000e+01 1.480948124135544219e+00
8.200000000000000000e+01 1.480972484868664729e+00
8.300000000000000000e+01 1.480996842325880580e+00
8.400000000000000000e+01 1.481021196507191773e+00
8.500000000000000000e+01 1.481045547412598307e+00
8.600000000000000000e+01 1.481069895042100404e+00
8.700000000000000000e+01 1.481094239395697842e+00
8.800000000000000000e+01 1.481118580473390622e+00
8.900000000000000000e+01 1.481142918275178744e+00
9.000000000000000000e+01 1.481167252801062206e+00
9.100000000000000000e+01 1.481191584051041232e+00
9.200000000000000000e+01 1.481215912025115378e+00
9.300000000000000000e+01 1.481240236723285086e+00
9.400000000000000000e+01 1.481264558145550136e+00
9.500000000000000000e+01 1.481288876291910750e+00
9.600000000000000000e+01 1.481313191162366483e+00
9.700000000000000000e+01 1.481337502756917779e+00
9.800000000000000000e+01 1.481361811075564416e+00
9.900000000000000000e+01 1.481386116118306395e+00
1.000000000000000000e+02 1.481410417885143715e+00
1.010000000000000000e+02 1.481434716376076599e+00
1.020000000000000000e+02 1.481459011591104602e+00
1.030000000000000000e+02 1.481483303530228168e+00
1.040000000000000000e+02 1.481507592193447076e+00
1.050000000000000000e+02 1.481531877580761547e+00
1.060000000000000000e+02 1.481556159692171137e+00
1.070000000000000000e+02 1.481580438527676291e+00
1.080000000000000000e+02 1.481604714087276786e+00
1.090000000000000000e+02 1.481628986370972623e+00
1.100000000000000000e+02 1.481653255378763800e+00
1.110000000000000000e+02 1.481677521110650542e+00
1.120000000000000000e+02 1.481701783566632402e+00
1.130000000000000000e+02 1.481726042746709826e+00
1.140000000000000000e+02 1.481750298650882591e+00
1.150000000000000000e+02 1.481774551279150920e+00
1.160000000000000000e+02 1.481798800631514368e+00
1.170000000000000000e+02 1.481823046707973379e+00
1.180000000000000000e+02 1.481847289508527732e+00
1.190000000000000000e+02 1.481871529033177426e+00
1.200000000000000000e+02 1.481895765281922461e+00
1.210000000000000000e+02 1.481919998254762838e+00
1.220000000000000000e+02 1.481944227951698778e+00
1.230000000000000000e+02 1.481968454372730060e+00
1.240000000000000000e+02 1.481992677517856682e+00
1.250000000000000000e+02 1.482016897387078647e+00
1.260000000000000000e+02 1.482041113980396174e+00
1.270000000000000000e+02 1.482065327297808821e+00
1.280000000000000000e+02 1.482089537339317031e+00
1.290000000000000000e+02 1.482113744104920583e+00
1.300000000000000000e+02 1.482137947594619698e+00
1.310000000000000000e+02 1.482162147808413932e+00
1.320000000000000000e+02 1.482186344746303730e+00
1.330000000000000000e+02 1.482210538408288647e+00
1.340000000000000000e+02 1.482234728794369349e+00
1.350000000000000000e+02 1.482258915904545171e+00
1.360000000000000000e+02 1.482283099738816334e+00
1.370000000000000000e+02 1.482307280297183061e+00
1.380000000000000000e+02 1.482331457579645129e+00
1.390000000000000000e+02 1.482355631586202538e+00
1.400000000000000000e+02 1.482379802316855288e+00
1.410000000000000000e+02 1.482403969771603380e+00
1.420000000000000000e+02 1.482428133950447036e+00
1.430000000000000000e+02 1.482452294853386032e+00
1.440000000000000000e+02 1.482476452480420370e+00
1.450000000000000000e+02 1.482500606831550050e+00
1.460000000000000000e+02 1.482524757906775292e+00
1.470000000000000000e+02 1.482548905706095654e+00
1.480000000000000000e+02 1.482573050229511580e+00
1.490000000000000000e+02 1.482597191477022847e+00
1.500000000000000000e+02 1.482621329448629455e+00
1.510000000000000000e+02 1.482645464144331626e+00
1.520000000000000000e+02 1.482669595564128917e+00
1.530000000000000000e+02 1.482693723708021771e+00
1.540000000000000000e+02 1.482717848576009967e+00
1.550000000000000000e+02 1.482741970168093504e+00
1.560000000000000000e+02 1.482766088484272604e+00
1.570000000000000000e+02 1.482790203524546824e+00
1.580000000000000000e+02 1.482814315288916607e+00
1.590000000000000000e+02 1.482838423777381731e+00
1.600000000000000000e+02 1.482862528989942197e+00
1.610000000000000000e+02 1.482886630926598226e+00
1.620000000000000000e+02 1.482910729587349374e+00
1.630000000000000000e+02 1.482934824972196086e+00
1.640000000000000000e+02 1.482958917081138139e+00
1.650000000000000000e+02 1.482983005914175534e+00
1.660000000000000000e+02 1.483007091471308492e+00
1.670000000000000000e+02 1.483031173752536569e+00
1.680000000000000000e+02 1.483055252757860210e+00
1.690000000000000000e+02 1.483079328487279192e+00
1.700000000000000000e+02 1.483103400940793515e+00
1.710000000000000000e+02 1.483127470118403179e+00
1.720000000000000000e+02 1.483151536020108407e+00
1.730000000000000000e+02 1.483175598645908977e+00
1.740000000000000000e+02 1.483199657995804888e+00
1.750000000000000000e+02 1.483223714069796140e+00
1.760000000000000000e+02 1.483247766867882733e+00
1.770000000000000000e+02 1.483271816390064890e+00
1.780000000000000000e+02 1.483295862636342388e+00
1.790000000000000000e+02 1.483319905606715228e+00
1.800000000000000000e+02 1.483343945301183409e+00
1.810000000000000000e+02 1.483367981719746931e+00
1.820000000000000000e+02 1.483392014862406016e+00
1.830000000000000000e+02 1.483416044729160221e+00
1.840000000000000000e+02 1.483440071320009990e+00
1.850000000000000000e+02 1.483464094634955099e+00
1.860000000000000000e+02 1.483488114673995772e+00
1.870000000000000000e+02 1.483512131437131565e+00
1.880000000000000000e+02 1.483536144924362921e+00
1.890000000000000000e+02 1.483560155135689618e+00
1.900000000000000000e+02 1.483584162071111656e+00
1.910000000000000000e+02 1.483608165730629258e+00
1.920000000000000000e+02 1.483632166114241979e+00
1.930000000000000000e+02 1.483656163221950264e+00
1.940000000000000000e+02 1.483680157053753890e+00
1.950000000000000000e+02 1.483704147609652857e+00
1.960000000000000000e+02 1.483728134889647166e+00
1.970000000000000000e+02 1.483752118893737038e+00
1.980000000000000000e+02 1.483776099621922029e+00
1.990000000000000000e+02 1.483800077074202584e+00
2.000000000000000000e+02 1.483824051250578480e+00
2.010000000000000000e+02 1.483848022151049939e+00
2.020000000000000000e+02 1.483871989775616518e+00
2.030000000000000000e+02 1.483895954124278660e+00
2.040000000000000000e+02 1.483919915197036143e+00
2.050000000000000000e+02 1.483943872993888968e+00
2.060000000000000000e+02 1.483967827514837134e+00
2.070000000000000000e+02 1.483991778759880864e+00
2.080000000000000000e+02 1.484015726729019935e+00
2.090000000000000000e+02 1.484039671422254125e+00
2.100000000000000000e+02 1.484063612839584101e+00
2.110000000000000000e+02 1.484087550981009196e+00
2.120000000000000000e+02 1.484111485846529632e+00
2.130000000000000000e+02 1.484135417436145632e+00
2.140000000000000000e+02 1.484159345749856973e+00
2.150000000000000000e+02 1.484183270787663655e+00
2.160000000000000000e+02 1.484207192549565679e+00
2.170000000000000000e+02 1.484231111035563266e+00
2.180000000000000000e+02 1.484255026245655973e+00
2.190000000000000000e+02 1.484278938179844243e+00
2.200000000000000000e+02 1.484302846838127854e+00
2.210000000000000000e+02 1.484326752220507029e+00
2.220000000000000000e+02 1.484350654326981322e+00
2.230000000000000000e+02 1.484374553157551180e+00
2.240000000000000000e+02 1.484398448712216378e+00
2.250000000000000000e+02 1.484422340990976918e+00
2.260000000000000000e+02 1.484446229993832800e+00
2.270000000000000000e+02 1.484470115720784245e+00
2.280000000000000000e+02 1.484493998171830809e+00
2.290000000000000000e+02 1.484517877346972936e+00
2.300000000000000000e+02 1.484541753246210405e+00
2.310000000000000000e+02 1.484565625869543215e+00
2.320000000000000000e+02 1.484589495216971589e+00
2.330000000000000000e+02 1.484613361288495303e+00
2.340000000000000000e+02 1.484637224084114138e+00
2.350000000000000000e+02 1.484661083603828535e+00
2.360000000000000000e+02 1.484684939847638496e+00
2.370000000000000000e+02 1.484708792815543577e+00
2.380000000000000000e+02 1.484732642507544220e+00
2.390000000000000000e+02 1.484756488923640205e+00
2.400000000000000000e+02 1.484780332063831532e+00
2.410000000000000000e+02 1.484804171928118199e+00
2.420000000000000000e+02 1.484828008516500208e+00
2.430000000000000000e+02 1.484851841828977781e+00
2.440000000000000000e+02 1.484875671865550695e+00
2.450000000000000000e+02 1.484899498626218950e+00
2.460000000000000000e+02 1.484923322110982546e+00
2.470000000000000000e+02 1.484947142319841706e+00
2.480000000000000000e+02 1.484970959252795986e+00
2.490000000000000000e+02 1.484994772909845828e+00
2.500000000000000000e+02 1.485018583290991012e+00
2.510000000000000000e+02 1.485042390396231538e+00
2.520000000000000000e+02 1.485066194225567626e+00
2.530000000000000000e+02 1.485089994778998834e+00
2.540000000000000000e+02 1.485113792056525606e+00
2.550000000000000000e+02 1.485137586058147718e+00
2.560000000000000000e+02 1.485161376783865173e+00
2.570000000000000000e+02 1.485185164233678190e+00
2.580000000000000000e+02 1.485208948407586327e+00
2.590000000000000000e+02 1.485232729305590027e+00
2.600000000000000000e+02 1.485256506927689069e+00
2.610000000000000000e+02 1.485280281273883451e+00
2.620000000000000000e+02 1.485304052344173398e+00
2.630000000000000000e+02 1.485327820138558463e+00
2.640000000000000000e+02 1.485351584657039092e+00
2.650000000000000000e+02 1.485375345899615063e+00
2.660000000000000000e+02 1.485399103866286374e+00
2.670000000000000000e+02 1.485422858557053249e+00
2.680000000000000000e+02 1.485446609971915244e+00
2.690000000000000000e+02 1.485470358110872802e+00
2.700000000000000000e+02 1.485494102973925701e+00
2.710000000000000000e+02 1.485517844561073941e+00
2.720000000000000000e+02 1.485541582872317745e+00
2.730000000000000000e+02 1.485565317907656668e+00
2.740000000000000000e+02 1.485589049667091155e+00
2.750000000000000000e+02 1.485612778150620983e+00
2.760000000000000000e+02 1.485636503358246152e+00
2.770000000000000000e+02 1.485660225289966885e+00
2.780000000000000000e+02 1.485683943945782737e+00
2.790000000000000000e+02 1.485707659325694152e+00
2.800000000000000000e+02 1.485731371429700909e+00
2.810000000000000000e+02 1.485755080257803007e+00
2.820000000000000000e+02 1.485778785810000446e+00
2.830000000000000000e+02 1.485802488086293449e+00
2.840000000000000000e+02 1.485826187086681793e+00
2.850000000000000000e+02 1.485849882811165479e+00
2.860000000000000000e+02 1.485873575259744506e+00
2.870000000000000000e+02 1.485897264432418874e+00
2.880000000000000000e+02 1.485920950329188805e+00
2.890000000000000000e+02 1.485944632950053856e+00
2.900000000000000000e+02 1.485968312295014471e+00
2.910000000000000000e+02 1.485991988364070648e+00
2.920000000000000000e+02 1.486015661157221945e+00
2.930000000000000000e+02 1.486039330674468584e+00
2.940000000000000000e+02 1.486062996915810785e+00
2.950000000000000000e+02 1.486086659881248329e+00
2.960000000000000000e+02 1.486110319570781213e+00
2.970000000000000000e+02 1.486133975984409661e+00
2.980000000000000000e+02 1.486157629122133228e+00
2.990000000000000000e+02 1.486181278983952359e+00
3.000000000000000000e+02 1.486204925569866830e+00
3.010000000000000000e+02 1.486228568879876644e+00
3.020000000000000000e+02 1.486252208913981798e+00
3.030000000000000000e+02 1.486275845672182516e+00
3.040000000000000000e+02 1.486299479154478576e+00
3.050000000000000000e+02 1.486323109360869754e+00
3.060000000000000000e+02 1.486346736291356718e+00
3.070000000000000000e+02 1.486370359945938802e+00
3.080000000000000000e+02 1.486393980324616226e+00
3.090000000000000000e+02 1.486417597427389214e+00
3.100000000000000000e+02 1.486441211254257544e+00
3.110000000000000000e+02 1.486464821805221215e+00
3.120000000000000000e+02 1.486488429080280227e+00
3.130000000000000000e+02 1.486512033079434802e+00
3.140000000000000000e+02 1.486535633802684719e+00
3.150000000000000000e+02 1.486559231250029978e+00
3.160000000000000000e+02 1.486582825421470577e+00
3.170000000000000000e+02 1.486606416317006518e+00
3.180000000000000000e+02 1.486630003936637801e+00
3.190000000000000000e+02 1.486653588280364646e+00
3.200000000000000000e+02 1.486677169348186833e+00
3.210000000000000000e+02 1.486700747140104362e+00
3.220000000000000000e+02 1.486724321656117231e+00
3.230000000000000000e+02 1.486747892896225665e+00
3.240000000000000000e+02 1.486771460860429439e+00
3.250000000000000000e+02 1.486795025548728333e+00
3.260000000000000000e+02 1.486818586961123012e+00
3.270000000000000000e+02 1.486842145097612811e+00
3.280000000000000000e+02 1.486865699958197951e+00
3.290000000000000000e+02 1.486889251542878654e+00
3.300000000000000000e+02 1.486912799851654698e+00
3.310000000000000000e+02 1.486936344884526084e+00
3.320000000000000000e+02 1.486959886641492812e+00
3.330000000000000000e+02 1.486983425122555103e+00
3.340000000000000000e+02 1.487006960327712513e+00
3.350000000000000000e+02 1.487030492256965486e+00
3.360000000000000000e+02 1.487054020910313801e+00
3.370000000000000000e+02 1.487077546287757457e+00
3.380000000000000000e+02 1.487101068389296676e+00
3.390000000000000000e+02 1.487124587214931237e+00
3.400000000000000000e+02 1.487148102764660917e+00
3.410000000000000000e+02 1.487171615038486383e+00
3.420000000000000000e+02 1.487195124036406968e+00
3.430000000000000000e+02 1.487218629758422894e+00
3.440000000000000000e+02 1.487242132204534384e+00
3.450000000000000000e+02 1.487265631374741215e+00
3.460000000000000000e+02 1.487289127269043387e+00
3.470000000000000000e+02 1.487312619887440901e+00
3.480000000000000000e+02 1.487336109229933756e+00
3.490000000000000000e+02 1.487359595296522174e+00
3.500000000000000000e+02 1.487383078087205934e+00
3.510000000000000000e+02 1.487406557601985035e+00
3.520000000000000000e+02 1.487430033840859478e+00
3.530000000000000000e+02 1.487453506803829484e+00
3.540000000000000000e+02 1.487476976490894609e+00
3.550000000000000000e+02 1.487500442902055298e+00
3.560000000000000000e+02 1.487523906037311328e+00
3.570000000000000000e+02 1.487547365896662699e+00
3.580000000000000000e+02 1.487570822480109634e+00
3.590000000000000000e+02 1.487594275787651688e+00
3.600000000000000000e+02 1.487617725819289305e+00
3.610000000000000000e+02 1.487641172575022264e+00
3.620000000000000000e+02 1.487664616054850564e+00
3.630000000000000000e+02 1.487688056258774427e+00
3.640000000000000000e+02 1.487711493186793410e+00
3.650000000000000000e+02 1.487734926838907956e+00
3.660000000000000000e+02 1.487758357215117844e+00
3.670000000000000000e+02 1.487781784315423073e+00
3.680000000000000000e+02 1.487805208139823865e+00
3.690000000000000000e+02 1.487828628688319776e+00
3.700000000000000000e+02 1.487852045960911251e+00
3.710000000000000000e+02 1.487875459957598068e+00
3.720000000000000000e+02 1.487898870678380225e+00
3.730000000000000000e+02 1.487922278123257946e+00
3.740000000000000000e+02 1.487945682292230787e+00
3.750000000000000000e+02 1.487969083185299191e+00
3.760000000000000000e+02 1.487992480802462936e+00
3.770000000000000000e+02 1.488015875143722022e+00
3.780000000000000000e+02 1.488039266209076672e+00
3.790000000000000000e+02 1.488062653998526441e+00
3.800000000000000000e+02 1.488086038512071774e+00
3.810000000000000000e+02 1.488109419749712448e+00
3.820000000000000000e+02 1.488132797711448463e+00
3.830000000000000000e+02 1.488156172397280042e+00
3.840000000000000000e+02 1.488179543807206739e+00
3.850000000000000000e+02 1.488202911941229001e+00
3.860000000000000000e+02 1.488226276799346603e+00
3.870000000000000000e+02 1.488249638381559548e+00
3.880000000000000000e+02 1.488272996687867833e+00
3.890000000000000000e+02 1.488296351718271682e+00
3.900000000000000000e+02 1.488319703472770872e+00
3.910000000000000000e+02 1.488343051951365403e+00
3.920000000000000000e+02 1.488366397154055276e+00
3.930000000000000000e+02 1.488389739080840490e+00
3.940000000000000000e+02 1.488413077731721268e+00
3.950000000000000000e+02 1.488436413106697387e+00
3.960000000000000000e+02 1.488459745205768625e+00
3.970000000000000000e+02 1.488483074028935649e+00
3.980000000000000000e+02 1.488506399576197792e+00
3.990000000000000000e+02 1.488529721847555498e+00
4.000000000000000000e+02 1.488553040843008324e+00
4.010000000000000000e+02 1.488576356562556713e+00
4.020000000000000000e+02 1.488599669006200443e+00
4.030000000000000000e+02 1.488622978173939737e+00
4.040000000000000000e+02 1.488646284065774150e+00
4.050000000000000000e+02 1.488669586681704127e+00
4.060000000000000000e+02 1.488692886021729445e+00
4.070000000000000000e+02 1.488716182085850104e+00
4.080000000000000000e+02 1.488739474874066104e+00
4.090000000000000000e+02 1.488762764386377668e+00
4.100000000000000000e+02 1.488786050622784574e+00
4.110000000000000000e+02 1.488809333583286598e+00
4.120000000000000000e+02 1.488832613267884408e+00
4.130000000000000000e+02 1.488855889676577338e+00
4.140000000000000000e+02 1.488879162809365608e+00
4.150000000000000000e+02 1.488902432666249442e+00
4.160000000000000000e+02 1.488925699247228618e+00
4.170000000000000000e+02 1.488948962552303135e+00
4.180000000000000000e+02 1.488972222581472993e+00
4.190000000000000000e+02 1.488995479334738414e+00
4.200000000000000000e+02 1.489018732812099177e+00
4.210000000000000000e+02 1.489041983013555281e+00
4.220000000000000000e+02 1.489065229939106727e+00
4.230000000000000000e+02 1.489088473588753514e+00
4.240000000000000000e+02 1.489111713962495642e+00
4.250000000000000000e+02 1.489134951060333334e+00
4.260000000000000000e+02 1.489158184882266367e+00
4.270000000000000000e+02 1.489181415428294741e+00
4.280000000000000000e+02 1.489204642698418457e+00
4.290000000000000000e+02 1.489227866692637736e+00
4.300000000000000000e+02 1.489251087410952357e+00
4.310000000000000000e+02 1.489274304853362096e+00
4.320000000000000000e+02 1.489297519019867622e+00
4.330000000000000000e+02 1.489320729910468266e+00
4.340000000000000000e+02 1.489343937525164252e+00
4.350000000000000000e+02 1.489367141863955801e+00
4.360000000000000000e+02 1.489390342926842692e+00
4.370000000000000000e+02 1.489413540713824924e+00
4.380000000000000000e+02 1.489436735224902497e+00
4.390000000000000000e+02 1.489459926460075634e+00
4.400000000000000000e+02 1.489483114419343890e+00
4.410000000000000000e+02 1.489506299102707709e+00
4.420000000000000000e+02 1.489529480510166870e+00
4.430000000000000000e+02 1.489552658641721594e+00
4.440000000000000000e+02 1.489575833497371438e+00
4.450000000000000000e+02 1.489599005077116844e+00
4.460000000000000000e+02 1.489622173380957371e+00
4.470000000000000000e+02 1.489645338408893682e+00
4.480000000000000000e+02 1.489668500160925113e+00
4.490000000000000000e+02 1.489691658637051885e+00
4.500000000000000000e+02 1.489714813837274221e+00
4.510000000000000000e+02 1.489737965761591898e+00
4.520000000000000000e+02 1.489761114410004916e+00
4.530000000000000000e+02 1.489784259782513276e+00
4.540000000000000000e+02 1.489807401879116977e+00
4.550000000000000000e+02 1.489830540699816241e+00
4.560000000000000000e+02 1.489853676244610847e+00
4.570000000000000000e+02 1.489876808513500794e+00
4.580000000000000000e+02 1.489899937506486083e+00
4.590000000000000000e+02 1.489923063223566935e+00
4.600000000000000000e+02 1.489946185664742906e+00
4.610000000000000000e+02 1.489969304830014440e+00
4.620000000000000000e+02 1.489992420719381316e+00
4.630000000000000000e+02 1.490015533332843534e+00
4.640000000000000000e+02 1.490038642670401314e+00
4.650000000000000000e+02 1.490061748732054214e+00
4.660000000000000000e+02 1.490084851517802678e+00
4.670000000000000000e+02 1.490107951027646482e+00
4.680000000000000000e+02 1.490131047261585628e+00
4.690000000000000000e+02 1.490154140219620338e+00
4.700000000000000000e+02 1.490177229901750167e+00
4.710000000000000000e+02 1.490200316307975559e+00
4.720000000000000000e+02 1.490223399438296292e+00
4.730000000000000000e+02 1.490246479292712367e+00
4.740000000000000000e+02 1.490269555871224005e+00
4.750000000000000000e+02 1.490292629173830763e+00
4.760000000000000000e+02 1.490315699200533084e+00
4.770000000000000000e+02 1.490338765951330746e+00
4.780000000000000000e+02 1.490361829426223750e+00
4.790000000000000000e+02 1.490384889625212317e+00
4.800000000000000000e+02 1.490407946548296003e+00
4.810000000000000000e+02 1.490431000195475253e+00
4.820000000000000000e+02 1.490454050566749844e+00
4.830000000000000000e+02 1.490477097662119776e+00
4.840000000000000000e+02 1.490500141481585272e+00
4.850000000000000000e+02 1.490523182025145887e+00
4.860000000000000000e+02 1.490546219292802066e+00
4.870000000000000000e+02 1.490569253284553586e+00
4.880000000000000000e+02 1.490592284000400447e+00
4.890000000000000000e+02 1.490615311440342872e+00
4.900000000000000000e+02 1.490638335604380416e+00
4.910000000000000000e+02 1.490661356492513523e+00
4.920000000000000000e+02 1.490684374104741972e+00
4.930000000000000000e+02 1.490707388441065762e+00
4.940000000000000000e+02 1.490730399501484893e+00
4.950000000000000000e+02 1.490753407285999588e+00
4.960000000000000000e+02 1.490776411794609624e+00
4.970000000000000000e+02 1.490799413027315001e+00
4.980000000000000000e+02 1.490822410984115720e+00
4.990000000000000000e+02 1.490845405665011780e+00
5.000000000000000000e+02 1.490868397070003404e+00
5.010000000000000000e+02 1.490891385199090369e+00
5.020000000000000000e+02 1.490914370052272453e+00
5.030000000000000000e+02 1.490937351629550323e+00
5.040000000000000000e+02 1.490960329930923312e+00
5.050000000000000000e+02 1.490983304956391642e+00
5.060000000000000000e+02 1.491006276705955536e+00
5.070000000000000000e+02 1.491029245179614771e+00
5.080000000000000000e+02 1.491052210377369347e+00
5.090000000000000000e+02 1.491075172299219487e+00
5.100000000000000000e+02 1.491098130945164746e+00
5.110000000000000000e+02 1.491121086315205568e+00
5.120000000000000000e+02 1.491144038409341732e+00
5.130000000000000000e+02 1.491166987227573237e+00
5.140000000000000000e+02 1.491189932769900084e+00
5.150000000000000000e+02 1.491212875036322494e+00
5.160000000000000000e+02 1.491235814026840245e+00
5.170000000000000000e+02 1.491258749741453116e+00
5.180000000000000000e+02 1.491281682180161772e+00
5.190000000000000000e+02 1.491304611342965547e+00
5.200000000000000000e+02 1.491327537229864664e+00
5.210000000000000000e+02 1.491350459840859344e+00
5.220000000000000000e+02 1.491373379175949365e+00
5.230000000000000000e+02 1.491396295235134728e+00
5.240000000000000000e+02 1.491419208018415432e+00
5.250000000000000000e+02 1.491442117525791700e+00
5.260000000000000000e+02 1.491465023757263308e+00
5.270000000000000000e+02 1.491487926712830259e+00
5.280000000000000000e+02 1.491510826392492550e+00
5.290000000000000000e+02 1.491533722796250183e+00
5.300000000000000000e+02 1.491556615924103157e+00
5.310000000000000000e+02 1.491579505776051695e+00
5.320000000000000000e+02 1.491602392352095574e+00
5.330000000000000000e+02 1.491625275652234794e+00
5.340000000000000000e+02 1.491648155676469356e+00
5.350000000000000000e+02 1.491671032424799481e+00
5.360000000000000000e+02 1.491693905897224948e+00
5.370000000000000000e+02 1.491716776093745533e+00
5.380000000000000000e+02 1.491739643014361905e+00
5.390000000000000000e+02 1.491762506659073395e+00
5.400000000000000000e+02 1.491785367027880227e+00
5.410000000000000000e+02 1.491808224120782622e+00
5.420000000000000000e+02 1.491831077937780359e+00
5.430000000000000000e+02 1.491853928478873437e+00
5.440000000000000000e+02 1.491876775744061856e+00
5.450000000000000000e+02 1.491899619733345839e+00
5.460000000000000000e+02 1.491922460446724941e+00
5.470000000000000000e+02 1.491945297884199606e+00
5.480000000000000000e+02 1.491968132045769613e+00
5.490000000000000000e+02 1.491990962931434961e+00
5.500000000000000000e+02 1.492013790541195872e+00
5.510000000000000000e+02 1.492036614875052125e+00
5.520000000000000000e+02 1.492059435933003497e+00
5.530000000000000000e+02 1.492082253715050655e+00
5.540000000000000000e+02 1.492105068221192932e+00
5.550000000000000000e+02 1.492127879451430550e+00
5.560000000000000000e+02 1.492150687405763732e+00
5.570000000000000000e+02 1.492173492084192254e+00
5.580000000000000000e+02 1.492196293486716119e+00
5.590000000000000000e+02 1.492219091613335324e+00
5.600000000000000000e+02 1.492241886464049871e+00
5.610000000000000000e+02 1.492264678038859982e+00
5.620000000000000000e+02 1.492287466337765434e+00
5.630000000000000000e+02 1.492310251360766227e+00
5.640000000000000000e+02 1.492333033107862361e+00
5.650000000000000000e+02 1.492355811579054059e+00
5.660000000000000000e+02 1.492378586774340876e+00
5.670000000000000000e+02 1.492401358693723257e+00
5.680000000000000000e+02 1.492424127337200979e+00
5.690000000000000000e+02 1.492446892704774042e+00
5.700000000000000000e+02 1.492469654796442668e+00
5.710000000000000000e+02 1.492492413612206414e+00
5.720000000000000000e+02 1.492515169152065724e+00
5.730000000000000000e+02 1.492537921416020374e+00
5.740000000000000000e+02 1.492560670404070367e+00
5.750000000000000000e+02 1.492583416116215922e+00
5.760000000000000000e+02 1.492606158552456597e+00
5.770000000000000000e+02 1.492628897712792835e+00
5.780000000000000000e+02 1.492651633597224414e+00
5.790000000000000000e+02 1.492674366205751335e+00
5.800000000000000000e+02 1.492697095538373819e+00
5.810000000000000000e+02 1.492719821595091423e+00
5.820000000000000000e+02 1.492742544375904590e+00
5.830000000000000000e+02 1.492765263880813098e+00
5.840000000000000000e+02 1.492787980109816948e+00
5.850000000000000000e+02 1.492810693062916361e+00
5.860000000000000000e+02 1.492833402740110893e+00
5.870000000000000000e+02 1.492856109141400989e+00
5.880000000000000000e+02 1.492878812266786426e+00
5.890000000000000000e+02 1.492901512116267204e+00
5.900000000000000000e+02 1.492924208689843546e+00
5.910000000000000000e+02 1.492946901987515007e+00
5.920000000000000000e+02 1.492969592009282032e+00
5.930000000000000000e+02 1.492992278755144397e+00
5.940000000000000000e+02 1.493014962225102105e+00
5.950000000000000000e+02 1.493037642419155375e+00
5.960000000000000000e+02 1.493060319337303765e+00
5.970000000000000000e+02 1.493082992979547718e+00
5.980000000000000000e+02 1.493105663345887013e+00
5.990000000000000000e+02 1.493128330436321649e+00
6.000000000000000000e+02 1.493150994250851626e+00
6.010000000000000000e+02 1.493173654789477167e+00
6.020000000000000000e+02 1.493196312052198049e+00
6.030000000000000000e+02 1.493218966039014273e+00
6.040000000000000000e+02 1.493241616749925837e+00
6.050000000000000000e+02 1.493264264184932744e+00
6.060000000000000000e+02 1.493286908344035213e+00
6.070000000000000000e+02 1.493309549227232802e+00
6.080000000000000000e+02 1.493332186834525954e+00
6.090000000000000000e+02 1.493354821165914670e+00
6.100000000000000000e+02 1.493377452221398505e+00
6.110000000000000000e+02 1.493400080000977681e+00
6.120000000000000000e+02 1.493422704504652421e+00
6.130000000000000000e+02 1.493445325732422502e+00
6.140000000000000000e+02 1.493467943684287924e+00
6.150000000000000000e+02 1.493490558360248910e+00
6.160000000000000000e+02 1.493513169760305015e+00
6.170000000000000000e+02 1.493535777884456683e+00
6.180000000000000000e+02 1.493558382732703693e+00
6.190000000000000000e+02 1.493580984305046044e+00
6.200000000000000000e+02 1.493603582601483737e+00
6.210000000000000000e+02 1.493626177622016993e+00
6.220000000000000000e+02 1.493648769366645368e+00
6.230000000000000000e+02 1.493671357835369307e+00
6.240000000000000000e+02 1.493693943028188809e+00
6.250000000000000000e+02 1.493716524945103430e+00
6.260000000000000000e+02 1.493739103586113393e+00
6.270000000000000000e+02 1.493761678951218919e+00
6.280000000000000000e+02 1.493784251040419786e+00
6.290000000000000000e+02 1.493806819853715995e+00
6.300000000000000000e+02 1.493829385391107545e+00
6.310000000000000000e+02 1.493851947652594658e+00
6.320000000000000000e+02 1.493874506638177113e+00
6.330000000000000000e+02 1.493897062347854687e+00
6.340000000000000000e+02 1.493919614781628047e+00
6.350000000000000000e+02 1.493942163939496526e+00
6.360000000000000000e+02 1.493964709821460346e+00
6.370000000000000000e+02 1.493987252427519730e+00
6.380000000000000000e+02 1.494009791757674455e+00
6.390000000000000000e+02 1.494032327811924521e+00
6.400000000000000000e+02 1.494054860590269929e+00
6.410000000000000000e+02 1.494077390092710900e+00
6.420000000000000000e+02 1.494099916319246990e+00
6.430000000000000000e+02 1.494122439269878644e+00
6.440000000000000000e+02 1.494144958944605639e+00
6.450000000000000000e+02 1.494167475343428197e+00
6.460000000000000000e+02 1.494189988466345875e+00
6.470000000000000000e+02 1.494212498313359117e+00
6.480000000000000000e+02 1.494235004884467699e+00
6.490000000000000000e+02 1.494257508179671623e+00
6.500000000000000000e+02 1.494280008198970888e+00
6.510000000000000000e+02 1.494302504942365717e+00
6.520000000000000000e+02 1.494324998409855665e+00
6.530000000000000000e+02 1.494347488601441176e+00
6.540000000000000000e+02 1.494369975517122029e+00
6.550000000000000000e+02 1.494392459156898223e+00
6.560000000000000000e+02 1.494414939520769980e+00
6.570000000000000000e+02 1.494437416608737079e+00
6.580000000000000000e+02 1.494459890420799297e+00
6.590000000000000000e+02 1.494482360956957079e+00
6.600000000000000000e+02 1.494504828217210424e+00
6.610000000000000000e+02 1.494527292201558888e+00
6.620000000000000000e+02 1.494549752910002915e+00
6.630000000000000000e+02 1.494572210342542284e+00
6.640000000000000000e+02 1.494594664499176995e+00
6.650000000000000000e+02 1.494617115379907046e+00
6.660000000000000000e+02 1.494639562984732439e+00
6.670000000000000000e+02 1.494662007313653396e+00
6.680000000000000000e+02 1.494684448366669693e+00
6.690000000000000000e+02 1.494706886143781333e+00
6.700000000000000000e+02 1.494729320644988313e+00
6.710000000000000000e+02 1.494751751870290635e+00
6.720000000000000000e+02 1.494774179819688520e+00
6.730000000000000000e+02 1.494796604493181746e+00
6.740000000000000000e+02 1.494819025890770314e+00
6.750000000000000000e+02 1.494841444012454224e+00
6.760000000000000000e+02 1.494863858858233696e+00
6.770000000000000000e+02 1.494886270428108288e+00
6.780000000000000000e+02 1.494908678722078443e+00
6.790000000000000000e+02 1.494931083740143940e+00
6.800000000000000000e+02 1.494953485482304778e+00
6.810000000000000000e+02 1.494975883948561179e+00
6.820000000000000000e+02 1.494998279138912700e+00
6.830000000000000000e+02 1.495020671053359784e+00
6.840000000000000000e+02 1.495043059691902210e+00
6.850000000000000000e+02 1.495065445054539977e+00
6.860000000000000000e+02 1.495087827141273307e+00
6.870000000000000000e+02 1.495110205952101756e+00
6.880000000000000000e+02 1.495132581487025769e+00
6.890000000000000000e+02 1.495154953746045123e+00
6.900000000000000000e+02 1.495177322729159819e+00
6.910000000000000000e+02 1.495199688436370078e+00
6.920000000000000000e+02 1.495222050867675456e+00
6.930000000000000000e+02 1.495244410023076398e+00
6.940000000000000000e+02 1.495266765902572681e+00
6.950000000000000000e+02 1.495289118506164305e+00
6.960000000000000000e+02 1.495311467833851493e+00
6.970000000000000000e+02 1.495333813885633800e+00
6.980000000000000000e+02 1.495356156661511671e+00
6.990000000000000000e+02 1.495378496161484883e+00
7.000000000000000000e+02 1.495400832385553436e+00
7.010000000000000000e+02 1.495423165333717330e+00
7.020000000000000000e+02 1.495445495005976788e+00
7.030000000000000000e+02 1.495467821402331587e+00
7.040000000000000000e+02 1.495490144522781728e+00
7.050000000000000000e+02 1.495512464367327210e+00
7.060000000000000000e+02 1.495534780935968033e+00
7.070000000000000000e+02 1.495557094228704420e+00
7.080000000000000000e+02 1.495579404245536148e+00
7.090000000000000000e+02 1.495601710986463218e+00
7.100000000000000000e+02 1.495624014451485628e+00
7.110000000000000000e+02 1.495646314640603380e+00
7.120000000000000000e+02 1.495668611553816696e+00
7.130000000000000000e+02 1.495690905191125131e+00
7.140000000000000000e+02 1.495713195552529129e+00
7.150000000000000000e+02 1.495735482638028468e+00
7.160000000000000000e+02 1.495757766447623371e+00
7.170000000000000000e+02 1.495780046981313394e+00
7.180000000000000000e+02 1.495802324239098979e+00
7.190000000000000000e+02 1.495824598220979906e+00
7.200000000000000000e+02 1.495846868926956175e+00
7.210000000000000000e+02 1.495869136357027784e+00
7.220000000000000000e+02 1.495891400511194957e+00
7.230000000000000000e+02 1.495913661389457472e+00
7.240000000000000000e+02 1.495935918991815328e+00
7.250000000000000000e+02 1.495958173318268525e+00
7.260000000000000000e+02 1.495980424368817063e+00
7.270000000000000000e+02 1.496002672143461165e+00
7.280000000000000000e+02 1.496024916642200386e+00
7.290000000000000000e+02 1.496047157865035171e+00
7.300000000000000000e+02 1.496069395811965297e+00
7.310000000000000000e+02 1.496091630482990986e+00
7.320000000000000000e+02 1.496113861878111795e+00
7.330000000000000000e+02 1.496136089997328167e+00
7.340000000000000000e+02 1.496158314840639880e+00
7.350000000000000000e+02 1.496180536408046935e+00
7.360000000000000000e+02 1.496202754699549331e+00
7.370000000000000000e+02 1.496224969715147290e+00
7.380000000000000000e+02 1.496247181454840369e+00
7.390000000000000000e+02 1.496269389918629011e+00
7.400000000000000000e+02 1.496291595106512995e+00
7.410000000000000000e+02 1.496313797018492542e+00
7.420000000000000000e+02 1.496335995654567208e+00
7.430000000000000000e+02 1.496358191014737438e+00
7.440000000000000000e+02 1.496380383099003009e+00
7.450000000000000000e+02 1.496402571907363921e+00
7.460000000000000000e+02 1.496424757439820175e+00
7.470000000000000000e+02 1.496446939696371992e+00
7.480000000000000000e+02 1.496469118677018928e+00
7.490000000000000000e+02 1.496491294381761428e+00
7.500000000000000000e+02 1.496513466810599269e+00
7.510000000000000000e+02 1.496535635963532673e+00
7.520000000000000000e+02 1.496557801840561197e+00
7.530000000000000000e+02 1.496579964441685284e+00
7.540000000000000000e+02 1.496602123766904713e+00
7.550000000000000000e+02 1.496624279816219483e+00
7.560000000000000000e+02 1.496646432589629594e+00
7.570000000000000000e+02 1.496668582087135047e+00
7.580000000000000000e+02 1.496690728308736063e+00
7.590000000000000000e+02 1.496712871254432420e+00
7.600000000000000000e+02 1.496735010924224119e+00
7.610000000000000000e+02 1.496757147318111159e+00
7.620000000000000000e+02 1.496779280436093762e+00
7.630000000000000000e+02 1.496801410278171485e+00
7.640000000000000000e+02 1.496823536844344771e+00
7.650000000000000000e+02 1.496845660134613398e+00
7.660000000000000000e+02 1.496867780148977589e+00
7.670000000000000000e+02 1.496889896887436899e+00
7.680000000000000000e+02 1.496912010349991773e+00
7.690000000000000000e+02 1.496934120536641766e+00
7.700000000000000000e+02 1.496956227447387544e+00
7.710000000000000000e+02 1.496978331082228442e+00
7.720000000000000000e+02 1.497000431441164681e+00
7.730000000000000000e+02 1.497022528524196483e+00
7.740000000000000000e+02 1.497044622331323627e+00
7.750000000000000000e+02 1.497066712862546112e+00
7.760000000000000000e+02 1.497088800117863938e+00
7.770000000000000000e+02 1.497110884097277106e+00
7.780000000000000000e+02 1.497132964800785837e+00
7.790000000000000000e+02 1.497155042228389910e+00
7.800000000000000000e+02 1.497177116380089323e+00
7.810000000000000000e+02 1.497199187255884079e+00
7.820000000000000000e+02 1.497221254855774175e+00
7.830000000000000000e+02 1.497243319179759835e+00
7.840000000000000000e+02 1.497265380227840836e+00
7.850000000000000000e+02 1.497287438000017179e+00
7.860000000000000000e+02 1.497309492496288863e+00
7.870000000000000000e+02 1.497331543716656110e+00
7.880000000000000000e+02 1.497353591661118477e+00
7.890000000000000000e+02 1.497375636329676407e+00
7.900000000000000000e+02 1.497397677722329679e+00
7.910000000000000000e+02 1.497419715839078291e+00
7.920000000000000000e+02 1.497441750679922468e+00
7.930000000000000000e+02 1.497463782244861763e+00
7.940000000000000000e+02 1.497485810533896622e+00
7.950000000000000000e+02 1.497507835547026822e+00
7.960000000000000000e+02 1.497529857284252364e+00
7.970000000000000000e+02 1.497551875745573247e+00
7.980000000000000000e+02 1.497573890930989693e+00
7.990000000000000000e+02 1.497595902840501481e+00
8.000000000000000000e+02 1.497617911474108610e+00
8.010000000000000000e+02 1.497639916831811080e+00
8.020000000000000000e+02 1.497661918913608892e+00
8.030000000000000000e+02 1.497683917719502267e+00
8.040000000000000000e+02 1.497705913249490983e+00
8.050000000000000000e+02 1.497727905503575041e+00
8.060000000000000000e+02 1.497749894481754440e+00
8.070000000000000000e+02 1.497771880184029181e+00
8.080000000000000000e+02 1.497793862610399485e+00
8.090000000000000000e+02 1.497815841760865130e+00
8.100000000000000000e+02 1.497837817635426116e+00
8.110000000000000000e+02 1.497859790234082444e+00
8.120000000000000000e+02 1.497881759556834114e+00
8.130000000000000000e+02 1.497903725603681346e+00
8.140000000000000000e+02 1.497925688374623698e+00
8.150000000000000000e+02 1.497947647869661614e+00
8.160000000000000000e+02 1.497969604088795093e+00
8.170000000000000000e+02 1.497991557032023691e+00
8.180000000000000000e+02 1.498013506699347630e+00
8.190000000000000000e+02 1.498035453090767133e+00
8.200000000000000000e+02 1.498057396206281977e+00
8.210000000000000000e+02 1.498079336045892163e+00
8.220000000000000000e+02 1.498101272609597912e+00
8.230000000000000000e+02 1.498123205897398780e+00
8.240000000000000000e+02 1.498145135909295211e+00
8.250000000000000000e+02 1.498167062645286984e+00
8.260000000000000000e+02 1.498188986105374099e+00
8.270000000000000000e+02 1.498210906289556554e+00
8.280000000000000000e+02 1.498232823197834573e+00
8.290000000000000000e+02 1.498254736830207934e+00
8.300000000000000000e+02 1.498276647186676414e+00
8.310000000000000000e+02 1.498298554267240679e+00
8.320000000000000000e+02 1.498320458071900063e+00
8.330000000000000000e+02 1.498342358600654789e+00
8.340000000000000000e+02 1.498364255853505078e+00
8.350000000000000000e+02 1.498386149830450709e+00
8.360000000000000000e+02 1.498408040531491681e+00
8.370000000000000000e+02 1.498429927956628216e+00
8.380000000000000000e+02 1.498451812105859871e+00
8.390000000000000000e+02 1.498473692979187089e+00
8.400000000000000000e+02 1.498495570576609648e+00
8.410000000000000000e+02 1.498517444898127549e+00
8.420000000000000000e+02 1.498539315943740791e+00
8.430000000000000000e+02 1.498561183713449596e+00
8.440000000000000000e+02 1.498583048207253521e+00
8.450000000000000000e+02 1.498604909425153009e+00
8.460000000000000000e+02 1.498626767367147838e+00
8.470000000000000000e+02 1.498648622033238231e+00
8.480000000000000000e+02 1.498670473423423743e+00
8.490000000000000000e+02 1.498692321537704819e+00
8.500000000000000000e+02 1.498714166376081236e+00
8.510000000000000000e+02 1.498736007938552994e+00
8.520000000000000000e+02 1.498757846225120094e+00
8.530000000000000000e+02 1.498779681235782757e+00
8.540000000000000000e+02 1.498801512970540539e+00
8.550000000000000000e+02 1.498823341429393885e+00
8.560000000000000000e+02 1.498845166612342572e+00
8.570000000000000000e+02 1.498866988519386600e+00
8.580000000000000000e+02 1.498888807150526192e+00
8.590000000000000000e+02 1.498910622505761125e+00
8.600000000000000000e+02 1.498932434585091178e+00
8.610000000000000000e+02 1.498954243388516794e+00
8.620000000000000000e+02 1.498976048916037973e+00
8.630000000000000000e+02 1.498997851167654272e+00
8.640000000000000000e+02 1.499019650143366134e+00
8.650000000000000000e+02 1.499041445843173337e+00
8.660000000000000000e+02 1.499063238267075882e+00
8.670000000000000000e+02 1.499085027415073768e+00
8.680000000000000000e+02 1.499106813287167217e+00
8.690000000000000000e+02 1.499128595883355786e+00
8.700000000000000000e+02 1.499150375203639918e+00
8.710000000000000000e+02 1.499172151248019391e+00
8.720000000000000000e+02 1.499193924016494206e+00
8.730000000000000000e+02 1.499215693509064584e+00
8.740000000000000000e+02 1.499237459725730082e+00
8.750000000000000000e+02 1.499259222666491143e+00
8.760000000000000000e+02 1.499280982331347545e+00
8.770000000000000000e+02 1.499302738720299510e+00
8.780000000000000000e+02 1.499324491833346595e+00
8.790000000000000000e+02 1.499346241670489244e+00
8.800000000000000000e+02 1.499367988231727011e+00
8.810000000000000000e+02 1.499389731517060342e+00
8.820000000000000000e+02 1.499411471526489237e+00
8.830000000000000000e+02 1.499433208260013251e+00
8.840000000000000000e+02 1.499454941717632828e+00
8.850000000000000000e+02 1.499476671899347746e+00
8.860000000000000000e+02 1.499498398805158006e+00
8.870000000000000000e+02 1.499520122435063607e+00
8.880000000000000000e+02 1.499541842789064550e+00
8.890000000000000000e+02 1.499563559867161056e+00
8.900000000000000000e+02 1.499585273669352903e+00
8.910000000000000000e+02 1.499606984195640091e+00
8.920000000000000000e+02 1.499628691446022621e+00
8.930000000000000000e+02 1.499650395420500493e+00
8.940000000000000000e+02 1.499672096119073927e+00
8.950000000000000000e+02 1.499693793541742703e+00
8.960000000000000000e+02 1.499715487688506821e+00
8.970000000000000000e+02 1.499737178559366280e+00
8.980000000000000000e+02 1.499758866154321080e+00
8.990000000000000000e+02 1.499780550473371443e+00
9.000000000000000000e+02 1.499802231516517148e+00
9.010000000000000000e+02 1.499823909283758194e+00
9.020000000000000000e+02 1.499845583775094582e+00
9.030000000000000000e+02 1.499867254990526311e+00
9.040000000000000000e+02 1.499888922930053603e+00
9.050000000000000000e+02 1.499910587593676237e+00
9.060000000000000000e+02 1.499932248981394212e+00
9.070000000000000000e+02 1.499953907093207528e+00
9.080000000000000000e+02 1.499975561929116186e+00
9.090000000000000000e+02 1.499997213489120407e+00
9.100000000000000000e+02 1.500018861773219969e+00
9.110000000000000000e+02 1.500040506781414873e+00
9.120000000000000000e+02 1.500062148513705118e+00
9.130000000000000000e+02 1.500083786970090705e+00
9.140000000000000000e+02 1.500105422150571854e+00
9.150000000000000000e+02 1.500127054055148124e+00
9.160000000000000000e+02 1.500148682683819956e+00
9.170000000000000000e+02 1.500170308036587352e+00
9.180000000000000000e+02 1.500191930113449867e+00
9.190000000000000000e+02 1.500213548914407724e+00
9.200000000000000000e+02 1.500235164439461144e+00
9.210000000000000000e+02 1.500256776688609905e+00
9.220000000000000000e+02 1.500278385661854008e+00
9.230000000000000000e+02 1.500299991359193674e+00
9.240000000000000000e+02 1.500321593780628460e+00
9.250000000000000000e+02 1.500343192926158808e+00
9.260000000000000000e+02 1.500364788795784499e+00
9.270000000000000000e+02 1.500386381389505530e+00
9.280000000000000000e+02 1.500407970707321903e+00
9.290000000000000000e+02 1.500429556749233839e+00
9.300000000000000000e+02 1.500451139515241117e+00
9.310000000000000000e+02 1.500472719005343736e+00
9.320000000000000000e+02 1.500494295219541696e+00
9.330000000000000000e+02 1.500515868157834998e+00
9.340000000000000000e+02 1.500537437820223863e+00
9.350000000000000000e+02 1.500559004206707847e+00
9.360000000000000000e+02 1.500580567317287395e+00
9.370000000000000000e+02 1.500602127151962284e+00
9.380000000000000000e+02 1.500623683710732736e+00
9.390000000000000000e+02 1.500645236993598308e+00
9.400000000000000000e+02 1.500666787000559443e+00
9.410000000000000000e+02 1.500688333731615920e+00
9.420000000000000000e+02 1.500709877186767738e+00
9.430000000000000000e+02 1.500731417366014897e+00
9.440000000000000000e+02 1.500752954269357620e+00
9.450000000000000000e+02 1.500774487896795684e+00
9.460000000000000000e+02 1.500796018248328867e+00
9.470000000000000000e+02 1.500817545323957836e+00
9.480000000000000000e+02 1.500839069123681924e+00
9.490000000000000000e+02 1.500860589647501353e+00
9.500000000000000000e+02 1.500882106895416346e+00
9.510000000000000000e+02 1.500903620867426680e+00
9.520000000000000000e+02 1.500925131563532355e+00
9.530000000000000000e+02 1.500946638983733372e+00
9.540000000000000000e+02 1.500968143128029952e+00
9.550000000000000000e+02 1.500989643996421874e+00
9.560000000000000000e+02 1.501011141588908915e+00
9.570000000000000000e+02 1.501032635905491519e+00
9.580000000000000000e+02 1.501054126946169687e+00
9.590000000000000000e+02 1.501075614710942974e+00
9.600000000000000000e+02 1.501097099199811824e+00
9.610000000000000000e+02 1.501118580412776016e+00
9.620000000000000000e+02 1.501140058349835549e+00
9.630000000000000000e+02 1.501161533010990423e+00
9.640000000000000000e+02 1.501183004396240861e+00
9.650000000000000000e+02 1.501204472505586418e+00
9.660000000000000000e+02 1.501225937339027539e+00
9.670000000000000000e+02 1.501247398896564000e+00
9.680000000000000000e+02 1.501268857178196026e+00
9.690000000000000000e+02 1.501290312183923170e+00
9.700000000000000000e+02 1.501311763913745878e+00
9.710000000000000000e+02 1.501333212367663927e+00
9.720000000000000000e+02 1.501354657545677318e+00
9.730000000000000000e+02 1.501376099447786050e+00
9.740000000000000000e+02 1.501397538073990123e+00
9.750000000000000000e+02 1.501418973424289760e+00
9.760000000000000000e+02 1.501440405498684738e+00
9.770000000000000000e+02 1.501461834297175058e+00
9.780000000000000000e+02 1.501483259819760718e+00
9.790000000000000000e+02 1.501504682066441942e+00
9.800000000000000000e+02 1.501526101037218286e+00
9.810000000000000000e+02 1.501547516732090193e+00
9.820000000000000000e+02 1.501568929151057441e+00
9.830000000000000000e+02 1.501590338294120031e+00
9.840000000000000000e+02 1.501611744161278184e+00
9.850000000000000000e+02 1.501633146752531456e+00
9.860000000000000000e+02 1.501654546067880291e+00
9.870000000000000000e+02 1.501675942107324468e+00
9.880000000000000000e+02 1.501697334870863987e+00
9.890000000000000000e+02 1.501718724358499069e+00
9.900000000000000000e+02 1.501740110570229270e+00
9.910000000000000000e+02 1.501761493506055034e+00
9.920000000000000000e+02 1.501782873165976140e+00
9.930000000000000000e+02 1.501804249549992809e+00
9.940000000000000000e+02 1.501825622658104598e+00
9.950000000000000000e+02 1.501846992490311949e+00
9.960000000000000000e+02 1.501868359046614421e+00
9.970000000000000000e+02 1.501889722327012455e+00
9.980000000000000000e+02 1.501911082331506053e+00
9.990000000000000000e+02 1.501932439060094771e+00
1.000000000000000000e+03 1.501953792512779051e+00
1.001000000000000000e+03 1.501975142689558451e+00
1.002000000000000000e+03 1.501996489590433415e+00
1.003000000000000000e+03 1.502017833215403941e+00
1.004000000000000000e+03 1.502039173564469587e+00
1.005000000000000000e+03 1.502060510637630797e+00
1.006000000000000000e+03 1.502081844434887126e+00
1.007000000000000000e+03 1.502103174956239018e+00
1.008000000000000000e+03 1.502124502201686473e+00
1.009000000000000000e+03 1.502145826171229048e+00
1.010000000000000000e+03 1.502167146864867187e+00
1.011000000000000000e+03 1.502188464282600444e+00
1.012000000000000000e+03 1.502209778424429265e+00
1.013000000000000000e+03 1.502231089290353649e+00
1.014000000000000000e+03 1.502252396880373153e+00
1.015000000000000000e+03 1.502273701194487998e+00
1.016000000000000000e+03 1.502295002232698407e+00
1.017000000000000000e+03 1.502316299995004156e+00
1.018000000000000000e+03 1.502337594481405247e+00
1.019000000000000000e+03 1.502358885691901902e+00
1.020000000000000000e+03 1.502380173626493676e+00
1.021000000000000000e+03 1.502401458285181013e+00
