# order=21: data_wav [pixel], data_wavsolution [micron]
3.000000000000000000e+00 2.183531631638288673e+00
4.000000000000000000e+00 2.183564628427127730e+00
5.000000000000000000e+00 2.183597621589659976e+00
6.000000000000000000e+00 2.183630611123818621e+00
7.000000000000000000e+00 2.183663597027536873e+00
8.000000000000000000e+00 2.183696579298748830e+00
9.000000000000000000e+00 2.183729557935387700e+00
1.000000000000000000e+01 2.183762532935386247e+00
1.100000000000000000e+01 2.183795504296679013e+00
1.200000000000000000e+01 2.183828472017198763e+00
1.300000000000000000e+01 2.183861436094879593e+00
1.400000000000000000e+01 2.183894396527653825e+00
1.500000000000000000e+01 2.183927353313455999e+00
1.600000000000000000e+01 2.183960306450218880e+00
1.700000000000000000e+01 2.183993255935876565e+00
1.800000000000000000e+01 2.184026201768361819e+00
1.900000000000000000e+01 2.184059143945608295e+00
2.000000000000000000e+01 2.184092082465549645e+00
2.100000000000000000e+01 2.184125017326119078e+00
2.200000000000000000e+01 2.184157948525250248e+00
2.300000000000000000e+01 2.184190876060876807e+00
2.400000000000000000e+01 2.184223799930931520e+00
2.500000000000000000e+01 2.184256720133348484e+00
2.600000000000000000e+01 2.184289636666060908e+00
2.700000000000000000e+01 2.184322549527002000e+00
2.800000000000000000e+01 2.184355458714105858e+00
2.900000000000000000e+01 2.184388364225305246e+00
3.000000000000000000e+01 2.184421266058533817e+00
3.100000000000000000e+01 2.184454164211725224e+00
3.200000000000000000e+01 2.184487058682812677e+00
3.300000000000000000e+01 2.184519949469729827e+00
3.400000000000000000e+01 2.184552836570409884e+00
3.500000000000000000e+01 2.184585719982786944e+00
3.600000000000000000e+01 2.184618599704793329e+00
3.700000000000000000e+01 2.184651475734363579e+00
3.800000000000000000e+01 2.184684348069430460e+00
3.900000000000000000e+01 2.184717216707927623e+00
4.000000000000000000e+01 2.184750081647788722e+00
4.100000000000000000e+01 2.184782942886946522e+00
4.200000000000000000e+01 2.184815800423335563e+00
4.300000000000000000e+01 2.184848654254888611e+00
4.400000000000000000e+01 2.184881504379538875e+00
4.500000000000000000e+01 2.184914350795220450e+00
4.600000000000000000e+01 2.184947193499866103e+00
4.700000000000000000e+01 2.184980032491409929e+00
4.800000000000000000e+01 2.185012867767785139e+00
4.900000000000000000e+01 2.185045699326925384e+00
5.000000000000000000e+01 2.185078527166763429e+00
5.100000000000000000e+01 2.185111351285233372e+00
5.200000000000000000e+01 2.185144171680268421e+00
5.300000000000000000e+01 2.185176988349801785e+00
5.400000000000000000e+01 2.185209801291767562e+00
5.500000000000000000e+01 2.185242610504098959e+00
5.600000000000000000e+01 2.185275415984728742e+00
5.700000000000000000e+01 2.185308217731591451e+00
5.800000000000000000e+01 2.185341015742619852e+00
5.900000000000000000e+01 2.185373810015747598e+00
6.000000000000000000e+01 2.185406600548907896e+00
6.100000000000000000e+01 2.185439387340034401e+00
6.200000000000000000e+01 2.185472170387060764e+00
6.300000000000000000e+01 2.185504949687919751e+00
6.400000000000000000e+01 2.185537725240545459e+00
6.500000000000000000e+01 2.185570497042871541e+00
6.600000000000000000e+01 2.185603265092830760e+00
6.700000000000000000e+01 2.185636029388356771e+00
6.800000000000000000e+01 2.185668789927383227e+00
6.900000000000000000e+01 2.185701546707843779e+00
7.000000000000000000e+01 2.185734299727671193e+00
7.100000000000000000e+01 2.185767048984799121e+00
7.200000000000000000e+01 2.185799794477161662e+00
7.300000000000000000e+01 2.185832536202691578e+00
7.400000000000000000e+01 2.185865274159322524e+00
7.500000000000000000e+01 2.185898008344987709e+00
7.600000000000000000e+01 2.185930738757621228e+00
7.700000000000000000e+01 2.185963465395155847e+00
7.800000000000000000e+01 2.185996188255525663e+00
7.900000000000000000e+01 2.186028907336663440e+00
8.000000000000000000e+01 2.186061622636502833e+00
8.100000000000000000e+01 2.186094334152977936e+00
8.200000000000000000e+01 2.186127041884021072e+00
8.300000000000000000e+01 2.186159745827566780e+00
8.400000000000000000e+01 2.186192445981547383e+00
8.500000000000000000e+01 2.186225142343897421e+00
8.600000000000000000e+01 2.186257834912550102e+00
8.700000000000000000e+01 2.186290523685438192e+00
8.800000000000000000e+01 2.186323208660495787e+00
8.900000000000000000e+01 2.186355889835656097e+00
9.000000000000000000e+01 2.186388567208852773e+00
9.100000000000000000e+01 2.186421240778019026e+00
9.200000000000000000e+01 2.186453910541088508e+00
9.300000000000000000e+01 2.186486576495994427e+00
9.400000000000000000e+01 2.186519238640670437e+00
9.500000000000000000e+01 2.186551896973049747e+00
9.600000000000000000e+01 2.186584551491066009e+00
9.700000000000000000e+01 2.186617202192652876e+00
9.800000000000000000e+01 2.186649849075743557e+00
9.900000000000000000e+01 2.186682492138271261e+00
1.000000000000000000e+02 2.186715131378170085e+00
1.010000000000000000e+02 2.186747766793372794e+00
1.020000000000000000e+02 2.186780398381813040e+00
1.030000000000000000e+02 2.186813026141424476e+00
1.040000000000000000e+02 2.186845650070140312e+00
1.050000000000000000e+02 2.186878270165894200e+00
1.060000000000000000e+02 2.186910886426619793e+00
1.070000000000000000e+02 2.186943498850249856e+00
1.080000000000000000e+02 2.186976107434718042e+00
1.090000000000000000e+02 2.187008712177958447e+00
1.100000000000000000e+02 2.187041313077903837e+00
1.110000000000000000e+02 2.187073910132488308e+00
1.120000000000000000e+02 2.187106503339644181e+00
1.130000000000000000e+02 2.187139092697305998e+00
1.140000000000000000e+02 2.187171678203406966e+00
1.150000000000000000e+02 2.187204259855880295e+00
1.160000000000000000e+02 2.187236837652659638e+00
1.170000000000000000e+02 2.187269411591678203e+00
1.180000000000000000e+02 2.187301981670869644e+00
1.190000000000000000e+02 2.187334547888167169e+00
1.200000000000000000e+02 2.187367110241504431e+00
1.210000000000000000e+02 2.187399668728815083e+00
1.220000000000000000e+02 2.187432223348031890e+00
1.230000000000000000e+02 2.187464774097088949e+00
1.240000000000000000e+02 2.187497320973919912e+00
1.250000000000000000e+02 2.187529863976457545e+00
1.260000000000000000e+02 2.187562403102635500e+00
1.270000000000000000e+02 2.187594938350387430e+00
1.280000000000000000e+02 2.187627469717646544e+00
1.290000000000000000e+02 2.187659997202346496e+00
1.300000000000000000e+02 2.187692520802420493e+00
1.310000000000000000e+02 2.187725040515802188e+00
1.320000000000000000e+02 2.187757556340425236e+00
1.330000000000000000e+02 2.187790068274222843e+00
1.340000000000000000e+02 2.187822576315128220e+00
1.350000000000000000e+02 2.187855080461075019e+00
1.360000000000000000e+02 2.187887580709996893e+00
1.370000000000000000e+02 2.187920077059827051e+00
1.380000000000000000e+02 2.187952569508499145e+00
1.390000000000000000e+02 2.187985058053946386e+00
1.400000000000000000e+02 2.188017542694101980e+00
1.410000000000000000e+02 2.188050023426900026e+00
1.420000000000000000e+02 2.188082500250273732e+00
1.430000000000000000e+02 2.188114973162156307e+00
1.440000000000000000e+02 2.188147442160481848e+00
1.450000000000000000e+02 2.188179907243182676e+00
1.460000000000000000e+02 2.188212368408193331e+00
1.470000000000000000e+02 2.188244825653446579e+00
1.480000000000000000e+02 2.188277278976876516e+00
1.490000000000000000e+02 2.188309728376415908e+00
1.500000000000000000e+02 2.188342173849998407e+00
1.510000000000000000e+02 2.188374615395557665e+00
1.520000000000000000e+02 2.188407053011026893e+00
1.530000000000000000e+02 2.188439486694339742e+00
1.540000000000000000e+02 2.188471916443429865e+00
1.550000000000000000e+02 2.188504342256230029e+00
1.560000000000000000e+02 2.188536764130674328e+00
1.570000000000000000e+02 2.188569182064695529e+00
1.580000000000000000e+02 2.188601596056228171e+00
1.590000000000000000e+02 2.188634006103204577e+00
1.600000000000000000e+02 2.188666412203558842e+00
1.610000000000000000e+02 2.188698814355224176e+00
1.620000000000000000e+02 2.188731212556134231e+00
1.630000000000000000e+02 2.188763606804222217e+00
1.640000000000000000e+02 2.188795997097421786e+00
1.650000000000000000e+02 2.188828383433666147e+00
1.660000000000000000e+02 2.188860765810888953e+00
1.670000000000000000e+02 2.188893144227023413e+00
1.680000000000000000e+02 2.188925518680003623e+00
1.690000000000000000e+02 2.188957889167762350e+00
1.700000000000000000e+02 2.188990255688232800e+00
1.710000000000000000e+02 2.189022618239349516e+00
1.720000000000000000e+02 2.189054976819044818e+00
1.730000000000000000e+02 2.189087331425253247e+00
1.740000000000000000e+02 2.189119682055907123e+00
1.750000000000000000e+02 2.189152028708940545e+00
1.760000000000000000e+02 2.189184371382287164e+00
1.770000000000000000e+02 2.189216710073879746e+00
1.780000000000000000e+02 2.189249044781652387e+00
1.790000000000000000e+02 2.189281375503537852e+00
1.800000000000000000e+02 2.189313702237470238e+00
1.810000000000000000e+02 2.189346024981382755e+00
1.820000000000000000e+02 2.189378343733209054e+00
1.830000000000000000e+02 2.189410658490881900e+00
1.840000000000000000e+02 2.189442969252335836e+00
1.850000000000000000e+02 2.189475276015503180e+00
1.860000000000000000e+02 2.189507578778318031e+00
1.870000000000000000e+02 2.189539877538713597e+00
1.880000000000000000e+02 2.189572172294623531e+00
1.890000000000000000e+02 2.189604463043981486e+00
1.900000000000000000e+02 2.189636749784720227e+00
1.910000000000000000e+02 2.189669032514773850e+00
1.920000000000000000e+02 2.189701311232075565e+00
1.930000000000000000e+02 2.189733585934558580e+00
1.940000000000000000e+02 2.189765856620156548e+00
1.950000000000000000e+02 2.189798123286803122e+00
1.960000000000000000e+02 2.189830385932431511e+00
1.970000000000000000e+02 2.189862644554974924e+00
1.980000000000000000e+02 2.189894899152367458e+00
1.990000000000000000e+02 2.189927149722541877e+00
2.000000000000000000e+02 2.189959396263432279e+00
2.010000000000000000e+02 2.189991638772971871e+00
2.020000000000000000e+02 2.190023877249093864e+00
2.030000000000000000e+02 2.190056111689731910e+00
2.040000000000000000e+02 2.190088342092819218e+00
2.050000000000000000e+02 2.190120568456289440e+00
2.060000000000000000e+02 2.190152790778076231e+00
2.070000000000000000e+02 2.190185009056112797e+00
2.080000000000000000e+02 2.190217223288332793e+00
2.090000000000000000e+02 2.190249433472669427e+00
2.100000000000000000e+02 2.190281639607055908e+00
2.110000000000000000e+02 2.190313841689426333e+00
2.120000000000000000e+02 2.190346039717713467e+00
2.130000000000000000e+02 2.190378233689851406e+00
2.140000000000000000e+02 2.190410423603773360e+00
2.150000000000000000e+02 2.190442609457412537e+00
2.160000000000000000e+02 2.190474791248702591e+00
2.170000000000000000e+02 2.190506968975577173e+00
2.180000000000000000e+02 2.190539142635969494e+00
2.190000000000000000e+02 2.190571312227812761e+00
2.200000000000000000e+02 2.190603477749040628e+00
2.210000000000000000e+02 2.190635639197586748e+00
2.220000000000000000e+02 2.190667796571384329e+00
2.230000000000000000e+02 2.190699949868367025e+00
2.240000000000000000e+02 2.190732099086468487e+00
2.250000000000000000e+02 2.190764244223621482e+00
2.260000000000000000e+02 2.190796385277759661e+00
2.270000000000000000e+02 2.190828522246817123e+00
2.280000000000000000e+02 2.190860655128726631e+00
2.290000000000000000e+02 2.190892783921421394e+00
2.300000000000000000e+02 2.190924908622835954e+00
2.310000000000000000e+02 2.190957029230902631e+00
2.320000000000000000e+02 2.190989145743555522e+00
2.330000000000000000e+02 2.191021258158728280e+00
2.340000000000000000e+02 2.191053366474353670e+00
2.350000000000000000e+02 2.191085470688365344e+00
2.360000000000000000e+02 2.191117570798696956e+00
2.370000000000000000e+02 2.191149666803282159e+00
2.380000000000000000e+02 2.191181758700053717e+00
2.390000000000000000e+02 2.191213846486945727e+00
2.400000000000000000e+02 2.191245930161890954e+00
2.410000000000000000e+02 2.191278009722823494e+00
2.420000000000000000e+02 2.191310085167677002e+00
2.430000000000000000e+02 2.191342156494383797e+00
2.440000000000000000e+02 2.191374223700878421e+00
2.450000000000000000e+02 2.191406286785094082e+00
2.460000000000000000e+02 2.191438345744963989e+00
2.470000000000000000e+02 2.191470400578421796e+00
2.480000000000000000e+02 2.191502451283400266e+00
2.490000000000000000e+02 2.191534497857833941e+00
2.500000000000000000e+02 2.191566540299655585e+00
2.510000000000000000e+02 2.191598578606798853e+00
2.520000000000000000e+02 2.191630612777197396e+00
2.530000000000000000e+02 2.191662642808783978e+00
2.540000000000000000e+02 2.191694668699492698e+00
2.550000000000000000e+02 2.191726690447257209e+00
2.560000000000000000e+02 2.191758708050009830e+00
2.570000000000000000e+02 2.191790721505685102e+00
2.580000000000000000e+02 2.191822730812216236e+00
2.590000000000000000e+02 2.191854735967536438e+00
2.600000000000000000e+02 2.191886736969579363e+00
2.610000000000000000e+02 2.191918733816278220e+00
2.620000000000000000e+02 2.191950726505566660e+00
2.630000000000000000e+02 2.191982715035377893e+00
2.640000000000000000e+02 2.192014699403646016e+00
2.650000000000000000e+02 2.192046679608303794e+00
2.660000000000000000e+02 2.192078655647284435e+00
2.670000000000000000e+02 2.192110627518522481e+00
2.680000000000000000e+02 2.192142595219950696e+00
2.690000000000000000e+02 2.192174558749502289e+00
2.700000000000000000e+02 2.192206518105111357e+00
2.710000000000000000e+02 2.192238473284710665e+00
2.720000000000000000e+02 2.192270424286234309e+00
2.730000000000000000e+02 2.192302371107615055e+00
2.740000000000000000e+02 2.192334313746787000e+00
2.750000000000000000e+02 2.192366252201683352e+00
2.760000000000000000e+02 2.192398186470237320e+00
2.770000000000000000e+02 2.192430116550382557e+00
2.780000000000000000e+02 2.192462042440052716e+00
2.790000000000000000e+02 2.192493964137181006e+00
2.800000000000000000e+02 2.192525881639701080e+00
2.810000000000000000e+02 2.192557794945546146e+00
2.820000000000000000e+02 2.192589704052649413e+00
2.830000000000000000e+02 2.192621608958944979e+00
2.840000000000000000e+02 2.192653509662365607e+00
2.850000000000000000e+02 2.192685406160845396e+00
2.860000000000000000e+02 2.192717298452317554e+00
2.870000000000000000e+02 2.192749186534715289e+00
2.880000000000000000e+02 2.192781070405972699e+00
2.890000000000000000e+02 2.192812950064022104e+00
2.900000000000000000e+02 2.192844825506798045e+00
2.910000000000000000e+02 2.192876696732233732e+00
2.920000000000000000e+02 2.192908563738261929e+00
2.930000000000000000e+02 2.192940426522816733e+00
2.940000000000000000e+02 2.192972285083831796e+00
2.950000000000000000e+02 2.193004139419239884e+00
2.960000000000000000e+02 2.193035989526975094e+00
2.970000000000000000e+02 2.193067835404970189e+00
2.980000000000000000e+02 2.193099677051159269e+00
2.990000000000000000e+02 2.193131514463475540e+00
3.000000000000000000e+02 2.193163347639852212e+00
3.010000000000000000e+02 2.193195176578222938e+00
3.020000000000000000e+02 2.193227001276521371e+00
3.030000000000000000e+02 2.193258821732680719e+00
3.040000000000000000e+02 2.193290637944634192e+00
3.050000000000000000e+02 2.193322449910315886e+00
3.060000000000000000e+02 2.193354257627658566e+00
3.070000000000000000e+02 2.193386061094596329e+00
3.080000000000000000e+02 2.193417860309062384e+00
3.090000000000000000e+02 2.193449655268989495e+00
3.100000000000000000e+02 2.193481445972312205e+00
3.110000000000000000e+02 2.193513232416963277e+00
3.120000000000000000e+02 2.193545014600876808e+00
3.130000000000000000e+02 2.193576792521985119e+00
3.140000000000000000e+02 2.193608566178222752e+00
3.150000000000000000e+02 2.193640335567522914e+00
3.160000000000000000e+02 2.193672100687818372e+00
3.170000000000000000e+02 2.193703861537043220e+00
3.180000000000000000e+02 2.193735618113131114e+00
3.190000000000000000e+02 2.193767370414014817e+00
3.200000000000000000e+02 2.193799118437628426e+00
3.210000000000000000e+02 2.193830862181904706e+00
3.220000000000000000e+02 2.193862601644777754e+00
3.230000000000000000e+02 2.193894336824180780e+00
3.240000000000000000e+02 2.193926067718046991e+00
3.250000000000000000e+02 2.193957794324310040e+00
3.260000000000000000e+02 2.193989516640903581e+00
3.270000000000000000e+02 2.194021234665760822e+00
3.280000000000000000e+02 2.194052948396815417e+00
3.290000000000000000e+02 2.194084657832000129e+00
3.300000000000000000e+02 2.194116362969249501e+00
3.310000000000000000e+02 2.194148063806496296e+00
3.320000000000000000e+02 2.194179760341673724e+00
3.330000000000000000e+02 2.194211452572715881e+00
3.340000000000000000e+02 2.194243140497555977e+00
3.350000000000000000e+02 2.194274824114127220e+00
3.360000000000000000e+02 2.194306503420363708e+00
3.370000000000000000e+02 2.194338178414198204e+00
3.380000000000000000e+02 2.194369849093564362e+00
3.390000000000000000e+02 2.194401515456395391e+00
3.400000000000000000e+02 2.194433177500625387e+00
3.410000000000000000e+02 2.194464835224187116e+00
3.420000000000000000e+02 2.194496488625014674e+00
3.430000000000000000e+02 2.194528137701040826e+00
3.440000000000000000e+02 2.194559782450199670e+00
3.450000000000000000e+02 2.194591422870423969e+00
3.460000000000000000e+02 2.194623058959647821e+00
3.470000000000000000e+02 2.194654690715804435e+00
3.480000000000000000e+02 2.194686318136827463e+00
3.490000000000000000e+02 2.194717941220649671e+00
3.500000000000000000e+02 2.194749559965205155e+00
3.510000000000000000e+02 2.194781174368427124e+00
3.520000000000000000e+02 2.194812784428249230e+00
3.530000000000000000e+02 2.194844390142604684e+00
3.540000000000000000e+02 2.194875991509427138e+00
3.550000000000000000e+02 2.194907588526649800e+00
3.560000000000000000e+02 2.194939181192206323e+00
3.570000000000000000e+02 2.194970769504029917e+00
3.580000000000000000e+02 2.195002353460054234e+00
3.590000000000000000e+02 2.195033933058212927e+00
3.600000000000000000e+02 2.195065508296438761e+00
3.610000000000000000e+02 2.195097079172665833e+00
3.620000000000000000e+02 2.195128645684827795e+00
3.630000000000000000e+02 2.195160207830856969e+00
3.640000000000000000e+02 2.195191765608687895e+00
3.650000000000000000e+02 2.195223319016253782e+00
3.660000000000000000e+02 2.195254868051487840e+00
3.670000000000000000e+02 2.195286412712323720e+00
3.680000000000000000e+02 2.195317952996694633e+00
3.690000000000000000e+02 2.195349488902533786e+00
3.700000000000000000e+02 2.195381020427775720e+00
3.710000000000000000e+02 2.195412547570352757e+00
3.720000000000000000e+02 2.195444070328198993e+00
3.730000000000000000e+02 2.195475588699247638e+00
3.740000000000000000e+02 2.195507102681431899e+00
3.750000000000000000e+02 2.195538612272685430e+00
3.760000000000000000e+02 2.195570117470942328e+00
3.770000000000000000e+02 2.195601618274134914e+00
3.780000000000000000e+02 2.195633114680197284e+00
3.790000000000000000e+02 2.195664606687062648e+00
3.800000000000000000e+02 2.195696094292665101e+00
3.810000000000000000e+02 2.195727577494936966e+00
3.820000000000000000e+02 2.195759056291812783e+00
3.830000000000000000e+02 2.195790530681225317e+00
3.840000000000000000e+02 2.195822000661107776e+00
3.850000000000000000e+02 2.195853466229394702e+00
3.860000000000000000e+02 2.195884927384018859e+00
3.870000000000000000e+02 2.195916384122913456e+00
3.880000000000000000e+02 2.195947836444012147e+00
3.890000000000000000e+02 2.195979284345248583e+00
3.900000000000000000e+02 2.196010727824555975e+00
3.910000000000000000e+02 2.196042166879868418e+00
3.920000000000000000e+02 2.196073601509118234e+00
3.930000000000000000e+02 2.196105031710239519e+00
3.940000000000000000e+02 2.196136457481165927e+00
3.950000000000000000e+02 2.196167878819830666e+00
3.960000000000000000e+02 2.196199295724166944e+00
3.970000000000000000e+02 2.196230708192108416e+00
3.980000000000000000e+02 2.196262116221588734e+00
3.990000000000000000e+02 2.196293519810541106e+00
4.000000000000000000e+02 2.196324918956899186e+00
4.010000000000000000e+02 2.196356313658595738e+00
4.020000000000000000e+02 2.196387703913565304e+00
4.030000000000000000e+02 2.196419089719740647e+00
4.040000000000000000e+02 2.196450471075055422e+00
4.050000000000000000e+02 2.196481847977442836e+00
4.060000000000000000e+02 2.196513220424836543e+00
4.070000000000000000e+02 2.196544588415169752e+00
4.080000000000000000e+02 2.196575951946376559e+00
4.090000000000000000e+02 2.196607311016389730e+00
4.100000000000000000e+02 2.196638665623142916e+00
4.110000000000000000e+02 2.196670015764569328e+00
4.120000000000000000e+02 2.196701361438603062e+00
4.130000000000000000e+02 2.196732702643177326e+00
4.140000000000000000e+02 2.196764039376225330e+00
4.150000000000000000e+02 2.196795371635680283e+00
4.160000000000000000e+02 2.196826699419476281e+00
4.170000000000000000e+02 2.196858022725546533e+00
4.180000000000000000e+02 2.196889341551824693e+00
4.190000000000000000e+02 2.196920655896243524e+00
4.200000000000000000e+02 2.196951965756737124e+00
4.210000000000000000e+02 2.196983271131238258e+00
4.220000000000000000e+02 2.197014572017681466e+00
4.230000000000000000e+02 2.197045868413999070e+00
4.240000000000000000e+02 2.197077160318125610e+00
4.250000000000000000e+02 2.197108447727993408e+00
4.260000000000000000e+02 2.197139730641536559e+00
4.270000000000000000e+02 2.197171009056688717e+00
4.280000000000000000e+02 2.197202282971382648e+00
4.290000000000000000e+02 2.197233552383552446e+00
4.300000000000000000e+02 2.197264817291130878e+00
4.310000000000000000e+02 2.197296077692052485e+00
4.320000000000000000e+02 2.197327333584249587e+00
4.330000000000000000e+02 2.197358584965655837e+00
4.340000000000000000e+02 2.197389831834205332e+00
4.350000000000000000e+02 2.197421074187831280e+00
4.360000000000000000e+02 2.197452312024466448e+00
4.370000000000000000e+02 2.197483545342044930e+00
4.380000000000000000e+02 2.197514774138500382e+00
4.390000000000000000e+02 2.197545998411765567e+00
4.400000000000000000e+02 2.197577218159774581e+00
4.410000000000000000e+02 2.197608433380460635e+00
4.420000000000000000e+02 2.197639644071756937e+00
4.430000000000000000e+02 2.197670850231597139e+00
4.440000000000000000e+02 2.197702051857914451e+00
4.450000000000000000e+02 2.197733248948642970e+00
4.460000000000000000e+02 2.197764441501715460e+00
4.470000000000000000e+02 2.197795629515065574e+00
4.480000000000000000e+02 2.197826812986626965e+00
4.490000000000000000e+02 2.197857991914332842e+00
4.500000000000000000e+02 2.197889166296116858e+00
4.510000000000000000e+02 2.197920336129912222e+00
4.520000000000000000e+02 2.197951501413653030e+00
4.530000000000000000e+02 2.197982662145271604e+00
4.540000000000000000e+02 2.198013818322702040e+00
4.550000000000000000e+02 2.198044969943877991e+00
4.560000000000000000e+02 2.198076117006732666e+00
4.570000000000000000e+02 2.198107259509199718e+00
4.580000000000000000e+02 2.198138397449211912e+00
4.590000000000000000e+02 2.198169530824703344e+00
4.600000000000000000e+02 2.198200659633607668e+00
4.610000000000000000e+02 2.198231783873857648e+00
4.620000000000000000e+02 2.198262903543386937e+00
4.630000000000000000e+02 2.198294018640129632e+00
4.640000000000000000e+02 2.198325129162018055e+00
4.650000000000000000e+02 2.198356235106986301e+00
4.660000000000000000e+02 2.198387336472968023e+00
4.670000000000000000e+02 2.198418433257896432e+00
4.680000000000000000e+02 2.198449525459705178e+00
4.690000000000000000e+02 2.198480613076327028e+00
4.700000000000000000e+02 2.198511696105696078e+00
4.710000000000000000e+02 2.198542774545745537e+00
4.720000000000000000e+02 2.198573848394409058e+00
4.730000000000000000e+02 2.198604917649619850e+00
4.740000000000000000e+02 2.198635982309311565e+00
4.750000000000000000e+02 2.198667042371417413e+00
4.760000000000000000e+02 2.198698097833871046e+00
4.770000000000000000e+02 2.198729148694605673e+00
4.780000000000000000e+02 2.198760194951555391e+00
4.790000000000000000e+02 2.198791236602652965e+00
4.800000000000000000e+02 2.198822273645831604e+00
4.810000000000000000e+02 2.198853306079025849e+00
4.820000000000000000e+02 2.198884333900168020e+00
4.830000000000000000e+02 2.198915357107192214e+00
4.840000000000000000e+02 2.198946375698032085e+00
4.850000000000000000e+02 2.198977389670620397e+00
4.860000000000000000e+02 2.199008399022890803e+00
4.870000000000000000e+02 2.199039403752776956e+00
4.880000000000000000e+02 2.199070403858212508e+00
4.890000000000000000e+02 2.199101399337130225e+00
4.900000000000000000e+02 2.199132390187464203e+00
4.910000000000000000e+02 2.199163376407147652e+00
4.920000000000000000e+02 2.199194357994113780e+00
4.930000000000000000e+02 2.199225334946296684e+00
4.940000000000000000e+02 2.199256307261629129e+00
4.950000000000000000e+02 2.199287274938044767e+00
4.960000000000000000e+02 2.199318237973477252e+00
4.970000000000000000e+02 2.199349196365859793e+00
4.980000000000000000e+02 2.199380150113126042e+00
4.990000000000000000e+02 2.199411099213209209e+00
5.000000000000000000e+02 2.199442043664042945e+00
5.010000000000000000e+02 2.199472983463560460e+00
5.020000000000000000e+02 2.199503918609695852e+00
5.030000000000000000e+02 2.199534849100381440e+00
5.040000000000000000e+02 2.199565774933551765e+00
5.050000000000000000e+02 2.199596696107140037e+00
5.060000000000000000e+02 2.199627612619079020e+00
5.070000000000000000e+02 2.199658524467303256e+00
5.080000000000000000e+02 2.199689431649745064e+00
5.090000000000000000e+02 2.199720334164338542e+00
5.100000000000000000e+02 2.199751232009017343e+00
5.110000000000000000e+02 2.199782125181714232e+00
5.120000000000000000e+02 2.199813013680362861e+00
5.130000000000000000e+02 2.199843897502897327e+00
5.140000000000000000e+02 2.199874776647250396e+00
5.150000000000000000e+02 2.199905651111355720e+00
5.160000000000000000e+02 2.199936520893146508e+00
5.170000000000000000e+02 2.199967385990556856e+00
5.180000000000000000e+02 2.199998246401519530e+00
5.190000000000000000e+02 2.200029102123968183e+00
5.200000000000000000e+02 2.200059953155836467e+00
5.210000000000000000e+02 2.200090799495058036e+00
5.220000000000000000e+02 2.200121641139565654e+00
5.230000000000000000e+02 2.200152478087292973e+00
5.240000000000000000e+02 2.200183310336173648e+00
5.250000000000000000e+02 2.200214137884141330e+00
5.260000000000000000e+02 2.200244960729128785e+00
5.270000000000000000e+02 2.200275778869070109e+00
5.280000000000000000e+02 2.200306592301898512e+00
5.290000000000000000e+02 2.200337401025547646e+00
5.300000000000000000e+02 2.200368205037950720e+00
5.310000000000000000e+02 2.200399004337040942e+00
5.320000000000000000e+02 2.200429798920752411e+00
5.330000000000000000e+02 2.200460588787017890e+00
5.340000000000000000e+02 2.200491373933771477e+00
5.350000000000000000e+02 2.200522154358945937e+00
5.360000000000000000e+02 2.200552930060475365e+00
5.370000000000000000e+02 2.200583701036292972e+00
5.380000000000000000e+02 2.200614467284331965e+00
5.390000000000000000e+02 2.200645228802525999e+00
5.400000000000000000e+02 2.200675985588808725e+00
5.410000000000000000e+02 2.200706737641113353e+00
5.420000000000000000e+02 2.200737484957373091e+00
5.430000000000000000e+02 2.200768227535522037e+00
5.440000000000000000e+02 2.200798965373492955e+00
5.450000000000000000e+02 2.200829698469219942e+00
5.460000000000000000e+02 2.200860426820635762e+00
5.470000000000000000e+02 2.200891150425674514e+00
5.480000000000000000e+02 2.200921869282268961e+00
5.490000000000000000e+02 2.200952583388353201e+00
5.500000000000000000e+02 2.200983292741860442e+00
5.510000000000000000e+02 2.201013997340723893e+00
5.520000000000000000e+02 2.201044697182877652e+00
5.530000000000000000e+02 2.201075392266254482e+00
5.540000000000000000e+02 2.201106082588788038e+00
5.550000000000000000e+02 2.201136768148411971e+00
5.560000000000000000e+02 2.201167448943059490e+00
5.570000000000000000e+02 2.201198124970663805e+00
5.580000000000000000e+02 2.201228796229159013e+00
5.590000000000000000e+02 2.201259462716478321e+00
5.600000000000000000e+02 2.201290124430555384e+00
5.610000000000000000e+02 2.201320781369322965e+00
5.620000000000000000e+02 2.201351433530714719e+00
5.630000000000000000e+02 2.201382080912664740e+00
5.640000000000000000e+02 2.201412723513105796e+00
5.650000000000000000e+02 2.201443361329971538e+00
5.660000000000000000e+02 2.201473994361195619e+00
5.670000000000000000e+02 2.201504622604711248e+00
5.680000000000000000e+02 2.201535246058452078e+00
5.690000000000000000e+02 2.201565864720351318e+00
5.700000000000000000e+02 2.201596478588342176e+00
5.710000000000000000e+02 2.201627087660359194e+00
5.720000000000000000e+02 2.201657691934334249e+00
5.730000000000000000e+02 2.201688291408202325e+00
5.740000000000000000e+02 2.201718886079895743e+00
5.750000000000000000e+02 2.201749475947348600e+00
5.760000000000000000e+02 2.201780061008494105e+00
5.770000000000000000e+02 2.201810641261265467e+00
5.780000000000000000e+02 2.201841216703596782e+00
5.790000000000000000e+02 2.201871787333420816e+00
5.800000000000000000e+02 2.201902353148671665e+00
5.810000000000000000e+02 2.201932914147282094e+00
5.820000000000000000e+02 2.201963470327185757e+00
5.830000000000000000e+02 2.201994021686316749e+00
5.840000000000000000e+02 2.202024568222607392e+00
5.850000000000000000e+02 2.202055109933992227e+00
5.860000000000000000e+02 2.202085646818404019e+00
5.870000000000000000e+02 2.202116178873776420e+00
5.880000000000000000e+02 2.202146706098043083e+00
5.890000000000000000e+02 2.202177228489137217e+00
5.900000000000000000e+02 2.202207746044992032e+00
5.910000000000000000e+02 2.202238258763541623e+00
5.920000000000000000e+02 2.202268766642718756e+00
5.930000000000000000e+02 2.202299269680457083e+00
5.940000000000000000e+02 2.202329767874690702e+00
5.950000000000000000e+02 2.202360261223351934e+00
5.960000000000000000e+02 2.202390749724375318e+00
5.970000000000000000e+02 2.202421233375693621e+00
5.980000000000000000e+02 2.202451712175240495e+00
5.990000000000000000e+02 2.202482186120949148e+00
6.000000000000000000e+02 2.202512655210753678e+00
6.010000000000000000e+02 2.202543119442586850e+00
6.020000000000000000e+02 2.202573578814382316e+00
6.030000000000000000e+02 2.202604033324073729e+00
6.040000000000000000e+02 2.202634482969594298e+00
6.050000000000000000e+02 2.202664927748877677e+00
6.060000000000000000e+02 2.202695367659857073e+00
6.070000000000000000e+02 2.202725802700466140e+00
6.080000000000000000e+02 2.202756232868638087e+00
6.090000000000000000e+02 2.202786658162307010e+00
6.100000000000000000e+02 2.202817078579405230e+00
6.110000000000000000e+02 2.202847494117867289e+00
6.120000000000000000e+02 2.202877904775625950e+00
6.130000000000000000e+02 2.202908310550615312e+00
6.140000000000000000e+02 2.202938711440768138e+00
6.150000000000000000e+02 2.202969107444018082e+00
6.160000000000000000e+02 2.202999498558298797e+00
6.170000000000000000e+02 2.203029884781543490e+00
6.180000000000000000e+02 2.203060266111685817e+00
6.190000000000000000e+02 2.203090642546659428e+00
6.200000000000000000e+02 2.203121014084397089e+00
6.210000000000000000e+02 2.203151380722832897e+00
6.220000000000000000e+02 2.203181742459899617e+00
6.230000000000000000e+02 2.203212099293531345e+00
6.240000000000000000e+02 2.203242451221661735e+00
6.250000000000000000e+02 2.203272798242223107e+00
6.260000000000000000e+02 2.203303140353150003e+00
6.270000000000000000e+02 2.203333477552375630e+00
6.280000000000000000e+02 2.203363809837833198e+00
6.290000000000000000e+02 2.203394137207455916e+00
6.300000000000000000e+02 2.203424459659177881e+00
6.310000000000000000e+02 2.203454777190932301e+00
6.320000000000000000e+02 2.203485089800652386e+00
6.330000000000000000e+02 2.203515397486271787e+00
6.340000000000000000e+02 2.203545700245724159e+00
6.350000000000000000e+02 2.203575998076942266e+00
6.360000000000000000e+02 2.203606290977860649e+00
6.370000000000000000e+02 2.203636578946411628e+00
6.380000000000000000e+02 2.203666861980529301e+00
6.390000000000000000e+02 2.203697140078146877e+00
6.400000000000000000e+02 2.203727413237197563e+00
6.410000000000000000e+02 2.203757681455615458e+00
6.420000000000000000e+02 2.203787944731333770e+00
6.430000000000000000e+02 2.203818203062286152e+00
6.440000000000000000e+02 2.203848456446405368e+00
6.450000000000000000e+02 2.203878704881625072e+00
6.460000000000000000e+02 2.203908948365879361e+00
6.470000000000000000e+02 2.203939186897100999e+00
6.480000000000000000e+02 2.203969420473223639e+00
6.490000000000000000e+02 2.203999649092180491e+00
6.500000000000000000e+02 2.204029872751905650e+00
6.510000000000000000e+02 2.204060091450332326e+00
6.520000000000000000e+02 2.204090305185393284e+00
6.530000000000000000e+02 2.204120513955023064e+00
6.540000000000000000e+02 2.204150717757154432e+00
6.550000000000000000e+02 2.204180916589720596e+00
6.560000000000000000e+02 2.204211110450656097e+00
6.570000000000000000e+02 2.204241299337893256e+00
6.580000000000000000e+02 2.204271483249365726e+00
6.590000000000000000e+02 2.204301662183007160e+00
6.600000000000000000e+02 2.204331836136751654e+00
6.610000000000000000e+02 2.204362005108531530e+00
6.620000000000000000e+02 2.204392169096280885e+00
6.630000000000000000e+02 2.204422328097932926e+00
6.640000000000000000e+02 2.204452482111420863e+00
6.650000000000000000e+02 2.204482631134678794e+00
6.660000000000000000e+02 2.204512775165639926e+00
6.670000000000000000e+02 2.204542914202237469e+00
6.680000000000000000e+02 2.204573048242405076e+00
6.690000000000000000e+02 2.204603177284076398e+00
6.700000000000000000e+02 2.204633301325184203e+00
6.710000000000000000e+02 2.204663420363662585e+00
6.720000000000000000e+02 2.204693534397444754e+00
6.730000000000000000e+02 2.204723643424464363e+00
6.740000000000000000e+02 2.204753747442654621e+00
6.750000000000000000e+02 2.204783846449949181e+00
6.760000000000000000e+02 2.204813940444280806e+00
6.770000000000000000e+02 2.204844029423584040e+00
6.780000000000000000e+02 2.204874113385791645e+00
6.790000000000000000e+02 2.204904192328836832e+00
6.800000000000000000e+02 2.204934266250653696e+00
6.810000000000000000e+02 2.204964335149175891e+00
6.820000000000000000e+02 2.204994399022335738e+00
6.830000000000000000e+02 2.205024457868067778e+00
6.840000000000000000e+02 2.205054511684304774e+00
6.850000000000000000e+02 2.205084560468980381e+00
6.860000000000000000e+02 2.205114604220028252e+00
6.870000000000000000e+02 2.205144642935381594e+00
6.880000000000000000e+02 2.205174676612974061e+00
6.890000000000000000e+02 2.205204705250738861e+00
6.900000000000000000e+02 2.205234728846609649e+00
6.910000000000000000e+02 2.205264747398519631e+00
6.920000000000000000e+02 2.205294760904402462e+00
6.930000000000000000e+02 2.205324769362191795e+00
6.940000000000000000e+02 2.205354772769820837e+00
6.950000000000000000e+02 2.205384771125222798e+00
6.960000000000000000e+02 2.205414764426331331e+00
6.970000000000000000e+02 2.205444752671080089e+00
6.980000000000000000e+02 2.205474735857402280e+00
6.990000000000000000e+02 2.205504713983231113e+00
7.000000000000000000e+02 2.205534687046500686e+00
7.010000000000000000e+02 2.205564655045144207e+00
7.020000000000000000e+02 2.205594617977094885e+00
7.030000000000000000e+02 2.205624575840286372e+00
7.040000000000000000e+02 2.205654528632651878e+00
7.050000000000000000e+02 2.205684476352125500e+00
7.060000000000000000e+02 2.205714418996639559e+00
7.070000000000000000e+02 2.205744356564128594e+00
7.080000000000000000e+02 2.205774289052525372e+00
7.090000000000000000e+02 2.205804216459763989e+00
7.100000000000000000e+02 2.205834138783777210e+00
7.110000000000000000e+02 2.205864056022498687e+00
7.120000000000000000e+02 2.205893968173862074e+00
7.130000000000000000e+02 2.205923875235801024e+00
7.140000000000000000e+02 2.205953777206248301e+00
7.150000000000000000e+02 2.205983674083137558e+00
7.160000000000000000e+02 2.206013565864402892e+00
7.170000000000000000e+02 2.206043452547977068e+00
7.180000000000000000e+02 2.206073334131793739e+00
7.190000000000000000e+02 2.206103210613786114e+00
7.200000000000000000e+02 2.206133081991887845e+00
7.210000000000000000e+02 2.206162948264033030e+00
7.220000000000000000e+02 2.206192809428153989e+00
7.230000000000000000e+02 2.206222665482184819e+00
7.240000000000000000e+02 2.206252516424058729e+00
7.250000000000000000e+02 2.206282362251709372e+00
7.260000000000000000e+02 2.206312202963069957e+00
7.270000000000000000e+02 2.206342038556074581e+00
7.280000000000000000e+02 2.206371869028655563e+00
7.290000000000000000e+02 2.206401694378747447e+00
7.300000000000000000e+02 2.206431514604282995e+00
7.310000000000000000e+02 2.206461329703195862e+00
7.320000000000000000e+02 2.206491139673419699e+00
7.330000000000000000e+02 2.206520944512887272e+00
7.340000000000000000e+02 2.206550744219533122e+00
7.350000000000000000e+02 2.206580538791290014e+00
7.360000000000000000e+02 2.206610328226091156e+00
7.370000000000000000e+02 2.206640112521870645e+00
7.380000000000000000e+02 2.206669891676561246e+00
7.390000000000000000e+02 2.206699665688097056e+00
7.400000000000000000e+02 2.206729434554411284e+00
7.410000000000000000e+02 2.206759198273437139e+00
7.420000000000000000e+02 2.206788956843108718e+00
7.430000000000000000e+02 2.206818710261358341e+00
7.440000000000000000e+02 2.206848458526120549e+00
7.450000000000000000e+02 2.206878201635328551e+00
7.460000000000000000e+02 2.206907939586915557e+00
7.470000000000000000e+02 2.206937672378814774e+00
7.480000000000000000e+02 2.206967400008960301e+00
7.490000000000000000e+02 2.206997122475284900e+00
7.500000000000000000e+02 2.207026839775722671e+00
7.510000000000000000e+02 2.207056551908206377e+00
7.520000000000000000e+02 2.207086258870670559e+00
7.530000000000000000e+02 2.207115960661047538e+00
7.540000000000000000e+02 2.207145657277270967e+00
7.550000000000000000e+02 2.207175348717274943e+00
7.560000000000000000e+02 2.207205034978992231e+00
7.570000000000000000e+02 2.207234716060356483e+00
7.580000000000000000e+02 2.207264391959301353e+00
7.590000000000000000e+02 2.207294062673760049e+00
7.600000000000000000e+02 2.207323728201666224e+00
7.610000000000000000e+02 2.207353388540953087e+00
7.620000000000000000e+02 2.207383043689554292e+00
7.630000000000000000e+02 2.207412693645403490e+00
7.640000000000000000e+02 2.207442338406433446e+00
7.650000000000000000e+02 2.207471977970578259e+00
7.660000000000000000e+02 2.207501612335771135e+00
7.670000000000000000e+02 2.207531241499945285e+00
7.680000000000000000e+02 2.207560865461034805e+00
7.690000000000000000e+02 2.207590484216972460e+00
7.700000000000000000e+02 2.207620097765691902e+00
7.710000000000000000e+02 2.207649706105126786e+00
7.720000000000000000e+02 2.207679309233210319e+00
7.730000000000000000e+02 2.207708907147876154e+00
7.740000000000000000e+02 2.207738499847057501e+00
7.750000000000000000e+02 2.207768087328688456e+00
7.760000000000000000e+02 2.207797669590701339e+00
7.770000000000000000e+02 2.207827246631030693e+00
7.780000000000000000e+02 2.207856818447609282e+00
7.790000000000000000e+02 2.207886385038370758e+00
7.800000000000000000e+02 2.207915946401248775e+00
7.810000000000000000e+02 2.207945502534176541e+00
7.820000000000000000e+02 2.207975053435087709e+00
7.830000000000000000e+02 2.208004599101915044e+00
7.840000000000000000e+02 2.208034139532593088e+00
7.850000000000000000e+02 2.208063674725054604e+00
7.860000000000000000e+02 2.208093204677232801e+00
7.870000000000000000e+02 2.208122729387062222e+00
7.880000000000000000e+02 2.208152248852475186e+00
7.890000000000000000e+02 2.208181763071405346e+00
7.900000000000000000e+02 2.208211272041786799e+00
7.910000000000000000e+02 2.208240775761552310e+00
7.920000000000000000e+02 2.208270274228635532e+00
7.930000000000000000e+02 2.208299767440969674e+00
7.940000000000000000e+02 2.208329255396488833e+00
7.950000000000000000e+02 2.208358738093126217e+00
7.960000000000000000e+02 2.208388215528815035e+00
7.970000000000000000e+02 2.208417687701488941e+00
7.980000000000000000e+02 2.208447154609081142e+00
7.990000000000000000e+02 2.208476616249525293e+00
8.000000000000000000e+02 2.208506072620754601e+00
8.010000000000000000e+02 2.208535523720702720e+00
8.020000000000000000e+02 2.208564969547303303e+00
8.030000000000000000e+02 2.208594410098489558e+00
8.040000000000000000e+02 2.208623845372195138e+00
8.050000000000000000e+02 2.208653275366352808e+00
8.060000000000000000e+02 2.208682700078897110e+00
8.070000000000000000e+02 2.208712119507760363e+00
8.080000000000000000e+02 2.208741533650877109e+00
8.090000000000000000e+02 2.208770942506179669e+00
8.100000000000000000e+02 2.208800346071602583e+00
8.110000000000000000e+02 2.208829744345078616e+00
8.120000000000000000e+02 2.208859137324540978e+00
8.130000000000000000e+02 2.208888525007924208e+00
8.140000000000000000e+02 2.208917907393160629e+00
8.150000000000000000e+02 2.208947284478184336e+00
8.160000000000000000e+02 2.208976656260928539e+00
8.170000000000000000e+02 2.209006022739326447e+00
8.180000000000000000e+02 2.209035383911312156e+00
8.190000000000000000e+02 2.209064739774818875e+00
8.200000000000000000e+02 2.209094090327779369e+00
8.210000000000000000e+02 2.209123435568128180e+00
8.220000000000000000e+02 2.209152775493798071e+00
8.230000000000000000e+02 2.209182110102722696e+00
8.240000000000000000e+02 2.209211439392835263e+00
8.250000000000000000e+02 2.209240763362069426e+00
8.260000000000000000e+02 2.209270082008358838e+00
8.270000000000000000e+02 2.209299395329636706e+00
8.280000000000000000e+02 2.209328703323836240e+00
8.290000000000000000e+02 2.209358005988891538e+00
8.300000000000000000e+02 2.209387303322735363e+00
8.310000000000000000e+02 2.209416595323301369e+00
8.320000000000000000e+02 2.209445881988523652e+00
8.330000000000000000e+02 2.209475163316334534e+00
8.340000000000000000e+02 2.209504439304668111e+00
8.350000000000000000e+02 2.209533709951458036e+00
8.360000000000000000e+02 2.209562975254637518e+00
8.370000000000000000e+02 2.209592235212139766e+00
8.380000000000000000e+02 2.209621489821898432e+00
8.390000000000000000e+02 2.209650739081847171e+00
8.400000000000000000e+02 2.209679982989919189e+00
8.410000000000000000e+02 2.209709221544048141e+00
8.420000000000000000e+02 2.209738454742166791e+00
8.430000000000000000e+02 2.209767682582209680e+00
8.440000000000000000e+02 2.209796905062109573e+00
8.450000000000000000e+02 2.209826122179799679e+00
8.460000000000000000e+02 2.209855333933214094e+00
8.470000000000000000e+02 2.209884540320286028e+00
8.480000000000000000e+02 2.209913741338948689e+00
8.490000000000000000e+02 2.209942936987135731e+00
8.500000000000000000e+02 2.209972127262780806e+00
8.510000000000000000e+02 2.210001312163817122e+00
8.520000000000000000e+02 2.210030491688177889e+00
8.530000000000000000e+02 2.210059665833797204e+00
8.540000000000000000e+02 2.210088834598607832e+00
8.550000000000000000e+02 2.210117997980543869e+00
8.560000000000000000e+02 2.210147155977538080e+00
8.570000000000000000e+02 2.210176308587524119e+00
8.580000000000000000e+02 2.210205455808436081e+00
8.590000000000000000e+02 2.210234597638206733e+00
8.600000000000000000e+02 2.210263734074769282e+00
8.610000000000000000e+02 2.210292865116058270e+00
8.620000000000000000e+02 2.210321990760006017e+00
8.630000000000000000e+02 2.210351111004546620e+00
8.640000000000000000e+02 2.210380225847613289e+00
8.650000000000000000e+02 2.210409335287139232e+00
8.660000000000000000e+02 2.210438439321058546e+00
8.670000000000000000e+02 2.210467537947304439e+00
8.680000000000000000e+02 2.210496631163810122e+00
8.690000000000000000e+02 2.210525718968508802e+00
8.700000000000000000e+02 2.210554801359334576e+00
8.710000000000000000e+02 2.210583878334220653e+00
8.720000000000000000e+02 2.210612949891100687e+00
8.730000000000000000e+02 2.210642016027907442e+00
8.740000000000000000e+02 2.210671076742575014e+00
8.750000000000000000e+02 2.210700132033036613e+00
8.760000000000000000e+02 2.210729181897225448e+00
8.770000000000000000e+02 2.210758226333075616e+00
8.780000000000000000e+02 2.210787265338520324e+00
8.790000000000000000e+02 2.210816298911492339e+00
8.800000000000000000e+02 2.210845327049926201e+00
8.810000000000000000e+02 2.210874349751754231e+00
8.820000000000000000e+02 2.210903367014910970e+00
8.830000000000000000e+02 2.210932378837329182e+00
8.840000000000000000e+02 2.210961385216942521e+00
8.850000000000000000e+02 2.210990386151684639e+00
8.860000000000000000e+02 2.211019381639488302e+00
8.870000000000000000e+02 2.211048371678287605e+00
8.880000000000000000e+02 2.211077356266015759e+00
8.890000000000000000e+02 2.211106335400606415e+00
8.900000000000000000e+02 2.211135309079992783e+00
8.910000000000000000e+02 2.211164277302108516e+00
8.920000000000000000e+02 2.211193240064886822e+00
8.930000000000000000e+02 2.211222197366261355e+00
8.940000000000000000e+02 2.211251149204165323e+00
8.950000000000000000e+02 2.211280095576532823e+00
8.960000000000000000e+02 2.211309036481296175e+00
8.970000000000000000e+02 2.211337971916389922e+00
8.980000000000000000e+02 2.211366901879746827e+00
8.990000000000000000e+02 2.211395826369300543e+00
9.000000000000000000e+02 2.211424745382984725e+00
9.010000000000000000e+02 2.211453658918732579e+00
9.020000000000000000e+02 2.211482566974477759e+00
9.030000000000000000e+02 2.211511469548153475e+00
9.040000000000000000e+02 2.211540366637692934e+00
9.050000000000000000e+02 2.211569258241030678e+00
9.060000000000000000e+02 2.211598144356099027e+00
9.070000000000000000e+02 2.211627024980831635e+00
9.080000000000000000e+02 2.211655900113162154e+00
9.090000000000000000e+02 2.211684769751024238e+00
9.100000000000000000e+02 2.211713633892351094e+00
9.110000000000000000e+02 2.211742492535075932e+00
9.120000000000000000e+02 2.211771345677132850e+00
9.130000000000000000e+02 2.211800193316454610e+00
9.140000000000000000e+02 2.211829035450975312e+00
9.150000000000000000e+02 2.211857872078627718e+00
9.160000000000000000e+02 2.211886703197345483e+00
9.170000000000000000e+02 2.211915528805062259e+00
9.180000000000000000e+02 2.211944348899711699e+00
9.190000000000000000e+02 2.211973163479227011e+00
9.200000000000000000e+02 2.212001972541541406e+00
9.210000000000000000e+02 2.212030776084588535e+00
9.220000000000000000e+02 2.212059574106301607e+00
9.230000000000000000e+02 2.212088366604614720e+00
9.240000000000000000e+02 2.212117153577460638e+00
9.250000000000000000e+02 2.212145935022773457e+00
9.260000000000000000e+02 2.212174710938485944e+00
9.270000000000000000e+02 2.212203481322531751e+00
9.280000000000000000e+02 2.212232246172844530e+00
9.290000000000000000e+02 2.212261005487357934e+00
9.300000000000000000e+02 2.212289759264004729e+00
9.310000000000000000e+02 2.212318507500719011e+00
9.320000000000000000e+02 2.212347250195433990e+00
9.330000000000000000e+02 2.212375987346082873e+00
9.340000000000000000e+02 2.212404718950599758e+00
9.350000000000000000e+02 2.212433445006917410e+00
9.360000000000000000e+02 2.212462165512969481e+00
9.370000000000000000e+02 2.212490880466689180e+00
9.380000000000000000e+02 2.212519589866010605e+00
9.390000000000000000e+02 2.212548293708866964e+00
9.400000000000000000e+02 2.212576991993191466e+00
9.410000000000000000e+02 2.212605684716917764e+00
9.420000000000000000e+02 2.212634371877979067e+00
9.430000000000000000e+02 2.212663053474309027e+00
9.440000000000000000e+02 2.212691729503840854e+00
9.450000000000000000e+02 2.212720399964508644e+00
9.460000000000000000e+02 2.212749064854245162e+00
9.470000000000000000e+02 2.212777724170984062e+00
9.480000000000000000e+02 2.212806377912658995e+00
9.490000000000000000e+02 2.212835026077203171e+00
9.500000000000000000e+02 2.212863668662550243e+00
9.510000000000000000e+02 2.212892305666633419e+00
9.520000000000000000e+02 2.212920937087386353e+00
9.530000000000000000e+02 2.212949562922742253e+00
9.540000000000000000e+02 2.212978183170634772e+00
9.550000000000000000e+02 2.213006797828997119e+00
9.560000000000000000e+02 2.213035406895763391e+00
9.570000000000000000e+02 2.213064010368866352e+00
9.580000000000000000e+02 2.213092608246239212e+00
9.590000000000000000e+02 2.213121200525816512e+00
9.600000000000000000e+02 2.213149787205531016e+00
9.610000000000000000e+02 2.213178368283315933e+00
9.620000000000000000e+02 2.213206943757105361e+00
9.630000000000000000e+02 2.213235513624832063e+00
9.640000000000000000e+02 2.213264077884430137e+00
9.650000000000000000e+02 2.213292636533832347e+00
9.660000000000000000e+02 2.213321189570972791e+00
9.670000000000000000e+02 2.213349736993784678e+00
9.680000000000000000e+02 2.213378278800201215e+00
9.690000000000000000e+02 2.213406814988156057e+00
9.700000000000000000e+02 2.213435345555582856e+00
9.710000000000000000e+02 2.213463870500414821e+00
9.720000000000000000e+02 2.213492389820585160e+00
9.730000000000000000e+02 2.213520903514027971e+00
9.740000000000000000e+02 2.213549411578676018e+00
9.750000000000000000e+02 2.213577914012463399e+00
9.760000000000000000e+02 2.213606410813323322e+00
9.770000000000000000e+02 2.213634901979188552e+00
9.780000000000000000e+02 2.213663387507993630e+00
9.790000000000000000e+02 2.213691867397671320e+00
9.800000000000000000e+02 2.213720341646155276e+00
9.810000000000000000e+02 2.213748810251379151e+00
9.820000000000000000e+02 2.213777273211276153e+00
9.830000000000000000e+02 2.213805730523779491e+00
9.840000000000000000e+02 2.213834182186823263e+00
9.850000000000000000e+02 2.213862628198340232e+00
9.860000000000000000e+02 2.213891068556264052e+00
9.870000000000000000e+02 2.213919503258528376e+00
9.880000000000000000e+02 2.213947932303066413e+00
9.890000000000000000e+02 2.213976355687812259e+00
9.900000000000000000e+02 2.214004773410698235e+00
9.910000000000000000e+02 2.214033185469658882e+00
9.920000000000000000e+02 2.214061591862626965e+00
9.930000000000000000e+02 2.214089992587536138e+00
9.940000000000000000e+02 2.214118387642320052e+00
9.950000000000000000e+02 2.214146777024911472e+00
9.960000000000000000e+02 2.214175160733244940e+00
9.970000000000000000e+02 2.214203538765252777e+00
9.980000000000000000e+02 2.214231911118869522e+00
9.990000000000000000e+02 2.214260277792027498e+00
1.000000000000000000e+03 2.214288638782660801e+00
1.001000000000000000e+03 2.214316994088703083e+00
1.002000000000000000e+03 2.214345343708087555e+00
1.003000000000000000e+03 2.214373687638747423e+00
1.004000000000000000e+03 2.214402025878616342e+00
1.005000000000000000e+03 2.214430358425627521e+00
1.006000000000000000e+03 2.214458685277715055e+00
1.007000000000000000e+03 2.214487006432811711e+00
1.008000000000000000e+03 2.214515321888851140e+00
1.009000000000000000e+03 2.214543631643766997e+00
1.010000000000000000e+03 2.214571935695492932e+00
1.011000000000000000e+03 2.214600234041961713e+00
1.012000000000000000e+03 2.214628526681106990e+00
1.013000000000000000e+03 2.214656813610862418e+00
1.014000000000000000e+03 2.214685094829161649e+00
1.015000000000000000e+03 2.214713370333937448e+00
1.016000000000000000e+03 2.214741640123123911e+00
1.017000000000000000e+03 2.214769904194654249e+00
1.018000000000000000e+03 2.214798162546462112e+00
1.019000000000000000e+03 2.214826415176480268e+00
1.020000000000000000e+03 2.214854662082643255e+00
1.021000000000000000e+03 2.214882903262883396e+00
