# order=17: data_wav [pixel], data_wavsolution [micron]
1.200000000000000000e+01 1.935307931393057679e+00
1.300000000000000000e+01 1.935339651184903031e+00
1.400000000000000000e+01 1.935371366632195667e+00
1.500000000000000000e+01 1.935403077735278199e+00
1.600000000000000000e+01 1.935434784494493465e+00
1.700000000000000000e+01 1.935466486910184303e+00
1.800000000000000000e+01 1.935498184982693326e+00
1.900000000000000000e+01 1.935529878712363594e+00
2.000000000000000000e+01 1.935561568099537721e+00
2.100000000000000000e+01 1.935593253144558323e+00
2.200000000000000000e+01 1.935624933847768681e+00
2.300000000000000000e+01 1.935656610209510964e+00
2.400000000000000000e+01 1.935688282230128232e+00
2.500000000000000000e+01 1.935719949909963322e+00
2.600000000000000000e+01 1.935751613249358849e+00
2.700000000000000000e+01 1.935783272248657871e+00
2.800000000000000000e+01 1.935814926908202782e+00
2.900000000000000000e+01 1.935846577228336640e+00
3.000000000000000000e+01 1.935878223209402060e+00
3.100000000000000000e+01 1.935909864851741879e+00
3.200000000000000000e+01 1.935941502155698934e+00
3.300000000000000000e+01 1.935973135121616062e+00
3.400000000000000000e+01 1.936004763749835655e+00
3.500000000000000000e+01 1.936036388040700995e+00
3.600000000000000000e+01 1.936068007994554474e+00
3.700000000000000000e+01 1.936099623611739151e+00
3.800000000000000000e+01 1.936131234892597641e+00
3.900000000000000000e+01 1.936162841837472781e+00
4.000000000000000000e+01 1.936194444446707186e+00
4.100000000000000000e+01 1.936226042720643914e+00
4.200000000000000000e+01 1.936257636659625581e+00
4.300000000000000000e+01 1.936289226263994800e+00
4.400000000000000000e+01 1.936320811534094632e+00
4.500000000000000000e+01 1.936352392470267914e+00
4.600000000000000000e+01 1.936383969072857036e+00
4.700000000000000000e+01 1.936415541342205060e+00
4.800000000000000000e+01 1.936447109278654599e+00
4.900000000000000000e+01 1.936478672882548713e+00
5.000000000000000000e+01 1.936510232154230016e+00
5.100000000000000000e+01 1.936541787094041123e+00
5.200000000000000000e+01 1.936573337702324871e+00
5.300000000000000000e+01 1.936604883979424319e+00
5.400000000000000000e+01 1.936636425925681859e+00
5.500000000000000000e+01 1.936667963541440551e+00
5.600000000000000000e+01 1.936699496827043010e+00
5.700000000000000000e+01 1.936731025782832072e+00
5.800000000000000000e+01 1.936762550409150574e+00
5.900000000000000000e+01 1.936794070706341131e+00
6.000000000000000000e+01 1.936825586674746802e+00
6.100000000000000000e+01 1.936857098314709980e+00
6.200000000000000000e+01 1.936888605626573723e+00
6.300000000000000000e+01 1.936920108610680646e+00
6.400000000000000000e+01 1.936951607267373809e+00
6.500000000000000000e+01 1.936983101596995605e+00
6.600000000000000000e+01 1.937014591599889091e+00
6.700000000000000000e+01 1.937046077276396883e+00
6.800000000000000000e+01 1.937077558626861817e+00
6.900000000000000000e+01 1.937109035651626732e+00
7.000000000000000000e+01 1.937140508351034240e+00
7.100000000000000000e+01 1.937171976725427402e+00
7.200000000000000000e+01 1.937203440775148611e+00
7.300000000000000000e+01 1.937234900500540924e+00
7.400000000000000000e+01 1.937266355901946957e+00
7.500000000000000000e+01 1.937297806979709769e+00
7.600000000000000000e+01 1.937329253734171752e+00
7.700000000000000000e+01 1.937360696165675966e+00
7.800000000000000000e+01 1.937392134274565247e+00
7.900000000000000000e+01 1.937423568061181989e+00
8.000000000000000000e+01 1.937454997525869249e+00
8.100000000000000000e+01 1.937486422668969643e+00
8.200000000000000000e+01 1.937517843490826230e+00
8.300000000000000000e+01 1.937549259991781625e+00
8.400000000000000000e+01 1.937580672172178442e+00
8.500000000000000000e+01 1.937612080032359740e+00
8.600000000000000000e+01 1.937643483572668135e+00
8.700000000000000000e+01 1.937674882793446240e+00
8.800000000000000000e+01 1.937706277695037338e+00
8.900000000000000000e+01 1.937737668277783598e+00
9.000000000000000000e+01 1.937769054542028302e+00
9.100000000000000000e+01 1.937800436488113842e+00
9.200000000000000000e+01 1.937831814116383278e+00
9.300000000000000000e+01 1.937863187427179223e+00
9.400000000000000000e+01 1.937894556420844516e+00
9.500000000000000000e+01 1.937925921097721993e+00
9.600000000000000000e+01 1.937957281458154268e+00
9.700000000000000000e+01 1.937988637502484401e+00
9.800000000000000000e+01 1.938019989231054785e+00
9.900000000000000000e+01 1.938051336644208256e+00
1.000000000000000000e+02 1.938082679742288095e+00
1.010000000000000000e+02 1.938114018525636473e+00
1.020000000000000000e+02 1.938145352994596449e+00
1.030000000000000000e+02 1.938176683149510637e+00
1.040000000000000000e+02 1.938208008990722098e+00
1.050000000000000000e+02 1.938239330518573444e+00
1.060000000000000000e+02 1.938270647733407293e+00
1.070000000000000000e+02 1.938301960635566701e+00
1.080000000000000000e+02 1.938333269225394284e+00
1.090000000000000000e+02 1.938364573503232879e+00
1.100000000000000000e+02 1.938395873469425101e+00
1.110000000000000000e+02 1.938427169124314009e+00
1.120000000000000000e+02 1.938458460468242217e+00
1.130000000000000000e+02 1.938489747501552340e+00
1.140000000000000000e+02 1.938521030224587660e+00
1.150000000000000000e+02 1.938552308637690347e+00
1.160000000000000000e+02 1.938583582741203681e+00
1.170000000000000000e+02 1.938614852535470057e+00
1.180000000000000000e+02 1.938646118020832310e+00
1.190000000000000000e+02 1.938677379197633499e+00
1.200000000000000000e+02 1.938708636066216240e+00
1.210000000000000000e+02 1.938739888626923147e+00
1.220000000000000000e+02 1.938771136880097279e+00
1.230000000000000000e+02 1.938802380826081251e+00
1.240000000000000000e+02 1.938833620465217678e+00
1.250000000000000000e+02 1.938864855797849618e+00
1.260000000000000000e+02 1.938896086824319909e+00
1.270000000000000000e+02 1.938927313544970943e+00
1.280000000000000000e+02 1.938958535960146001e+00
1.290000000000000000e+02 1.938989754070187255e+00
1.300000000000000000e+02 1.939020967875437984e+00
1.310000000000000000e+02 1.939052177376240804e+00
1.320000000000000000e+02 1.939083382572938330e+00
1.330000000000000000e+02 1.939114583465873620e+00
1.340000000000000000e+02 1.939145780055389290e+00
1.350000000000000000e+02 1.939176972341827954e+00
1.360000000000000000e+02 1.939208160325532893e+00
1.370000000000000000e+02 1.939239344006846277e+00
1.380000000000000000e+02 1.939270523386111389e+00
1.390000000000000000e+02 1.939301698463670620e+00
1.400000000000000000e+02 1.939332869239867030e+00
1.410000000000000000e+02 1.939364035715043233e+00
1.420000000000000000e+02 1.939395197889542066e+00
1.430000000000000000e+02 1.939426355763706367e+00
1.440000000000000000e+02 1.939457509337878749e+00
1.450000000000000000e+02 1.939488658612402050e+00
1.460000000000000000e+02 1.939519803587619107e+00
1.470000000000000000e+02 1.939550944263872534e+00
1.480000000000000000e+02 1.939582080641505391e+00
1.490000000000000000e+02 1.939613212720860291e+00
1.500000000000000000e+02 1.939644340502280073e+00
1.510000000000000000e+02 1.939675463986107351e+00
1.520000000000000000e+02 1.939706583172684962e+00
1.530000000000000000e+02 1.939737698062355964e+00
1.540000000000000000e+02 1.939768808655462751e+00
1.550000000000000000e+02 1.939799914952348159e+00
1.560000000000000000e+02 1.939831016953355247e+00
1.570000000000000000e+02 1.939862114658826409e+00
1.580000000000000000e+02 1.939893208069104702e+00
1.590000000000000000e+02 1.939924297184532964e+00
1.600000000000000000e+02 1.939955382005453588e+00
1.610000000000000000e+02 1.939986462532209854e+00
1.620000000000000000e+02 1.940017538765143934e+00
1.630000000000000000e+02 1.940048610704599108e+00
1.640000000000000000e+02 1.940079678350917991e+00
1.650000000000000000e+02 1.940110741704443420e+00
1.660000000000000000e+02 1.940141800765518010e+00
1.670000000000000000e+02 1.940172855534484597e+00
1.680000000000000000e+02 1.940203906011686019e+00
1.690000000000000000e+02 1.940234952197465113e+00
1.700000000000000000e+02 1.940265994092164492e+00
1.710000000000000000e+02 1.940297031696126995e+00
1.720000000000000000e+02 1.940328065009695457e+00
1.730000000000000000e+02 1.940359094033212717e+00
1.740000000000000000e+02 1.940390118767021166e+00
1.750000000000000000e+02 1.940421139211464086e+00
1.760000000000000000e+02 1.940452155366883868e+00
1.770000000000000000e+02 1.940483167233623574e+00
1.780000000000000000e+02 1.940514174812025816e+00
1.790000000000000000e+02 1.940545178102433432e+00
1.800000000000000000e+02 1.940576177105189259e+00
1.810000000000000000e+02 1.940607171820635912e+00
1.820000000000000000e+02 1.940638162249116228e+00
1.830000000000000000e+02 1.940669148390973042e+00
1.840000000000000000e+02 1.940700130246548971e+00
1.850000000000000000e+02 1.940731107816187073e+00
1.860000000000000000e+02 1.940762081100229741e+00
1.870000000000000000e+02 1.940793050099020256e+00
1.880000000000000000e+02 1.940824014812901011e+00
1.890000000000000000e+02 1.940854975242214842e+00
1.900000000000000000e+02 1.940885931387304586e+00
1.910000000000000000e+02 1.940916883248512859e+00
1.920000000000000000e+02 1.940947830826182718e+00
1.930000000000000000e+02 1.940978774120656780e+00
1.940000000000000000e+02 1.941009713132277881e+00
1.950000000000000000e+02 1.941040647861388857e+00
1.960000000000000000e+02 1.941071578308332324e+00
1.970000000000000000e+02 1.941102504473450896e+00
1.980000000000000000e+02 1.941133426357087854e+00
1.990000000000000000e+02 1.941164343959585592e+00
2.000000000000000000e+02 1.941195257281286946e+00
2.010000000000000000e+02 1.941226166322534752e+00
2.020000000000000000e+02 1.941257071083671848e+00
2.030000000000000000e+02 1.941287971565040849e+00
2.040000000000000000e+02 1.941318867766984813e+00
2.050000000000000000e+02 1.941349759689846133e+00
2.060000000000000000e+02 1.941380647333967868e+00
2.070000000000000000e+02 1.941411530699692634e+00
2.080000000000000000e+02 1.941442409787363266e+00
2.090000000000000000e+02 1.941473284597322602e+00
2.100000000000000000e+02 1.941504155129913256e+00
2.110000000000000000e+02 1.941535021385478288e+00
2.120000000000000000e+02 1.941565883364360090e+00
2.130000000000000000e+02 1.941596741066901721e+00
2.140000000000000000e+02 1.941627594493446018e+00
2.150000000000000000e+02 1.941658443644335597e+00
2.160000000000000000e+02 1.941689288519913070e+00
2.170000000000000000e+02 1.941720129120521721e+00
2.180000000000000000e+02 1.941750965446503718e+00
2.190000000000000000e+02 1.941781797498202344e+00
2.200000000000000000e+02 1.941812625275959991e+00
2.210000000000000000e+02 1.941843448780119719e+00
2.220000000000000000e+02 1.941874268011024141e+00
2.230000000000000000e+02 1.941905082969016094e+00
2.240000000000000000e+02 1.941935893654438416e+00
2.250000000000000000e+02 1.941966700067633722e+00
2.260000000000000000e+02 1.941997502208945070e+00
2.270000000000000000e+02 1.942028300078714853e+00
2.280000000000000000e+02 1.942059093677286130e+00
2.290000000000000000e+02 1.942089883005001516e+00
2.300000000000000000e+02 1.942120668062203848e+00
2.310000000000000000e+02 1.942151448849236184e+00
2.320000000000000000e+02 1.942182225366440695e+00
2.330000000000000000e+02 1.942212997614160663e+00
2.340000000000000000e+02 1.942243765592738702e+00
2.350000000000000000e+02 1.942274529302517427e+00
2.360000000000000000e+02 1.942305288743839897e+00
2.370000000000000000e+02 1.942336043917048949e+00
2.380000000000000000e+02 1.942366794822486975e+00
2.390000000000000000e+02 1.942397541460496813e+00
2.400000000000000000e+02 1.942428283831421520e+00
2.410000000000000000e+02 1.942459021935603936e+00
2.420000000000000000e+02 1.942489755773386451e+00
2.430000000000000000e+02 1.942520485345111902e+00
2.440000000000000000e+02 1.942551210651123350e+00
2.450000000000000000e+02 1.942581931691763408e+00
2.460000000000000000e+02 1.942612648467374692e+00
2.470000000000000000e+02 1.942643360978300260e+00
2.480000000000000000e+02 1.942674069224882727e+00
2.490000000000000000e+02 1.942704773207464930e+00
2.500000000000000000e+02 1.942735472926389706e+00
2.510000000000000000e+02 1.942766168381999670e+00
2.520000000000000000e+02 1.942796859574637658e+00
2.530000000000000000e+02 1.942827546504646508e+00
2.540000000000000000e+02 1.942858229172369056e+00
2.550000000000000000e+02 1.942888907578147917e+00
2.560000000000000000e+02 1.942919581722325928e+00
2.570000000000000000e+02 1.942950251605245704e+00
2.580000000000000000e+02 1.942980917227250526e+00
2.590000000000000000e+02 1.943011578588682564e+00
2.600000000000000000e+02 1.943042235689884878e+00
2.610000000000000000e+02 1.943072888531200304e+00
2.620000000000000000e+02 1.943103537112971457e+00
2.630000000000000000e+02 1.943134181435541397e+00
2.640000000000000000e+02 1.943164821499252515e+00
2.650000000000000000e+02 1.943195457304447871e+00
2.660000000000000000e+02 1.943226088851470079e+00
2.670000000000000000e+02 1.943256716140661977e+00
2.680000000000000000e+02 1.943287339172366401e+00
2.690000000000000000e+02 1.943317957946926189e+00
2.700000000000000000e+02 1.943348572464683732e+00
2.710000000000000000e+02 1.943379182725982313e+00
2.720000000000000000e+02 1.943409788731164323e+00
2.730000000000000000e+02 1.943440390480572821e+00
2.740000000000000000e+02 1.943470987974550424e+00
2.750000000000000000e+02 1.943501581213439744e+00
2.760000000000000000e+02 1.943532170197584064e+00
2.770000000000000000e+02 1.943562754927325553e+00
2.780000000000000000e+02 1.943593335403007494e+00
2.790000000000000000e+02 1.943623911624972278e+00
2.800000000000000000e+02 1.943654483593562965e+00
2.810000000000000000e+02 1.943685051309122169e+00
2.820000000000000000e+02 1.943715614771992950e+00
2.830000000000000000e+02 1.943746173982517478e+00
2.840000000000000000e+02 1.943776728941039256e+00
2.850000000000000000e+02 1.943807279647900454e+00
2.860000000000000000e+02 1.943837826103444133e+00
2.870000000000000000e+02 1.943868368308013128e+00
2.880000000000000000e+02 1.943898906261950277e+00
2.890000000000000000e+02 1.943929439965597972e+00
2.900000000000000000e+02 1.943959969419299272e+00
2.910000000000000000e+02 1.943990494623397014e+00
2.920000000000000000e+02 1.944021015578233813e+00
2.930000000000000000e+02 1.944051532284152506e+00
2.940000000000000000e+02 1.944082044741495707e+00
2.950000000000000000e+02 1.944112552950606476e+00
2.960000000000000000e+02 1.944143056911827427e+00
2.970000000000000000e+02 1.944173556625501398e+00
2.980000000000000000e+02 1.944204052091971224e+00
2.990000000000000000e+02 1.944234543311579522e+00
3.000000000000000000e+02 1.944265030284669127e+00
3.010000000000000000e+02 1.944295513011582877e+00
3.020000000000000000e+02 1.944325991492663608e+00
3.030000000000000000e+02 1.944356465728253935e+00
3.040000000000000000e+02 1.944386935718696474e+00
3.050000000000000000e+02 1.944417401464334505e+00
3.060000000000000000e+02 1.944447862965510421e+00
3.070000000000000000e+02 1.944478320222567058e+00
3.080000000000000000e+02 1.944508773235847254e+00
3.090000000000000000e+02 1.944539222005693846e+00
3.100000000000000000e+02 1.944569666532449448e+00
3.110000000000000000e+02 1.944600106816456897e+00
3.120000000000000000e+02 1.944630542858059030e+00
3.130000000000000000e+02 1.944660974657598684e+00
3.140000000000000000e+02 1.944691402215418474e+00
3.150000000000000000e+02 1.944721825531861237e+00
3.160000000000000000e+02 1.944752244607269587e+00
3.170000000000000000e+02 1.944782659441986583e+00
3.180000000000000000e+02 1.944813070036355063e+00
3.190000000000000000e+02 1.944843476390717418e+00
3.200000000000000000e+02 1.944873878505416709e+00
3.210000000000000000e+02 1.944904276380795549e+00
3.220000000000000000e+02 1.944934670017196776e+00
3.230000000000000000e+02 1.944965059414963449e+00
3.240000000000000000e+02 1.944995444574437737e+00
3.250000000000000000e+02 1.945025825495962923e+00
3.260000000000000000e+02 1.945056202179881844e+00
3.270000000000000000e+02 1.945086574626536891e+00
3.280000000000000000e+02 1.945116942836270901e+00
3.290000000000000000e+02 1.945147306809426935e+00
3.300000000000000000e+02 1.945177666546347384e+00
3.310000000000000000e+02 1.945208022047375307e+00
3.320000000000000000e+02 1.945238373312853541e+00
3.330000000000000000e+02 1.945268720343124702e+00
3.340000000000000000e+02 1.945299063138531404e+00
3.350000000000000000e+02 1.945329401699416927e+00
3.360000000000000000e+02 1.945359736026123443e+00
3.370000000000000000e+02 1.945390066118994232e+00
3.380000000000000000e+02 1.945420391978371688e+00
3.390000000000000000e+02 1.945450713604598869e+00
3.400000000000000000e+02 1.945481030998018390e+00
3.410000000000000000e+02 1.945511344158973088e+00
3.420000000000000000e+02 1.945541653087805800e+00
3.430000000000000000e+02 1.945571957784859141e+00
3.440000000000000000e+02 1.945602258250476169e+00
3.450000000000000000e+02 1.945632554484999277e+00
3.460000000000000000e+02 1.945662846488771525e+00
3.470000000000000000e+02 1.945693134262135526e+00
3.480000000000000000e+02 1.945723417805434119e+00
3.490000000000000000e+02 1.945753697119010139e+00
3.500000000000000000e+02 1.945783972203206424e+00
3.510000000000000000e+02 1.945814243058365589e+00
3.520000000000000000e+02 1.945844509684830248e+00
3.530000000000000000e+02 1.945874772082943682e+00
3.540000000000000000e+02 1.945905030253048285e+00
3.550000000000000000e+02 1.945935284195486892e+00
3.560000000000000000e+02 1.945965533910602341e+00
3.570000000000000000e+02 1.945995779398737469e+00
3.580000000000000000e+02 1.946026020660234890e+00
3.590000000000000000e+02 1.946056257695437441e+00
3.600000000000000000e+02 1.946086490504687960e+00
3.610000000000000000e+02 1.946116719088329061e+00
3.620000000000000000e+02 1.946146943446703803e+00
3.630000000000000000e+02 1.946177163580154579e+00
3.640000000000000000e+02 1.946207379489024669e+00
3.650000000000000000e+02 1.946237591173656467e+00
3.660000000000000000e+02 1.946267798634392809e+00
3.670000000000000000e+02 1.946298001871576533e+00
3.680000000000000000e+02 1.946328200885550253e+00
3.690000000000000000e+02 1.946358395676657027e+00
3.700000000000000000e+02 1.946388586245239471e+00
3.710000000000000000e+02 1.946418772591640423e+00
3.720000000000000000e+02 1.946448954716202717e+00
3.730000000000000000e+02 1.946479132619268748e+00
3.740000000000000000e+02 1.946509306301181796e+00
3.750000000000000000e+02 1.946539475762284477e+00
3.760000000000000000e+02 1.946569641002919404e+00
3.770000000000000000e+02 1.946599802023429415e+00
3.780000000000000000e+02 1.946629958824157347e+00
3.790000000000000000e+02 1.946660111405446036e+00
3.800000000000000000e+02 1.946690259767638098e+00
3.810000000000000000e+02 1.946720403911076369e+00
3.820000000000000000e+02 1.946750543836103686e+00
3.830000000000000000e+02 1.946780679543062886e+00
3.840000000000000000e+02 1.946810811032296584e+00
3.850000000000000000e+02 1.946840938304147617e+00
3.860000000000000000e+02 1.946871061358958599e+00
3.870000000000000000e+02 1.946901180197072811e+00
3.880000000000000000e+02 1.946931294818832425e+00
3.890000000000000000e+02 1.946961405224580721e+00
3.900000000000000000e+02 1.946991511414660092e+00
3.910000000000000000e+02 1.947021613389413375e+00
3.920000000000000000e+02 1.947051711149183628e+00
3.930000000000000000e+02 1.947081804694313245e+00
3.940000000000000000e+02 1.947111894025145284e+00
3.950000000000000000e+02 1.947141979142022583e+00
3.960000000000000000e+02 1.947172060045287534e+00
3.970000000000000000e+02 1.947202136735283196e+00
3.980000000000000000e+02 1.947232209212352405e+00
3.990000000000000000e+02 1.947262277476837777e+00
4.000000000000000000e+02 1.947292341529082149e+00
4.010000000000000000e+02 1.947322401369428357e+00
4.020000000000000000e+02 1.947352456998219017e+00
4.030000000000000000e+02 1.947382508415796964e+00
4.040000000000000000e+02 1.947412555622505037e+00
4.050000000000000000e+02 1.947442598618686072e+00
4.060000000000000000e+02 1.947472637404682683e+00
4.070000000000000000e+02 1.947502671980837707e+00
4.080000000000000000e+02 1.947532702347493760e+00
4.090000000000000000e+02 1.947562728504994123e+00
4.100000000000000000e+02 1.947592750453680965e+00
4.110000000000000000e+02 1.947622768193897569e+00
4.120000000000000000e+02 1.947652781725986326e+00
4.130000000000000000e+02 1.947682791050290296e+00
4.140000000000000000e+02 1.947712796167152094e+00
4.150000000000000000e+02 1.947742797076914556e+00
4.160000000000000000e+02 1.947772793779920297e+00
4.170000000000000000e+02 1.947802786276512377e+00
4.180000000000000000e+02 1.947832774567033409e+00
4.190000000000000000e+02 1.947862758651826232e+00
4.200000000000000000e+02 1.947892738531233459e+00
4.210000000000000000e+02 1.947922714205597927e+00
4.220000000000000000e+02 1.947952685675262696e+00
4.230000000000000000e+02 1.947982652940570159e+00
4.240000000000000000e+02 1.948012616001863373e+00
4.250000000000000000e+02 1.948042574859484732e+00
4.260000000000000000e+02 1.948072529513777518e+00
4.270000000000000000e+02 1.948102479965084122e+00
4.280000000000000000e+02 1.948132426213747603e+00
4.290000000000000000e+02 1.948162368260110577e+00
4.300000000000000000e+02 1.948192306104515881e+00
4.310000000000000000e+02 1.948222239747306128e+00
4.320000000000000000e+02 1.948252169188824157e+00
4.330000000000000000e+02 1.948282094429413025e+00
4.340000000000000000e+02 1.948312015469415126e+00
4.350000000000000000e+02 1.948341932309173519e+00
4.360000000000000000e+02 1.948371844949030818e+00
4.370000000000000000e+02 1.948401753389329860e+00
4.380000000000000000e+02 1.948431657630413261e+00
4.390000000000000000e+02 1.948461557672624078e+00
4.400000000000000000e+02 1.948491453516304928e+00
4.410000000000000000e+02 1.948521345161798646e+00
4.420000000000000000e+02 1.948551232609447847e+00
4.430000000000000000e+02 1.948581115859595592e+00
4.440000000000000000e+02 1.948610994912584493e+00
4.450000000000000000e+02 1.948640869768757167e+00
4.460000000000000000e+02 1.948670740428456671e+00
4.470000000000000000e+02 1.948700606892025844e+00
4.480000000000000000e+02 1.948730469159807077e+00
4.490000000000000000e+02 1.948760327232143430e+00
4.500000000000000000e+02 1.948790181109377517e+00
4.510000000000000000e+02 1.948820030791852176e+00
4.520000000000000000e+02 1.948849876279910243e+00
4.530000000000000000e+02 1.948879717573894554e+00
4.540000000000000000e+02 1.948909554674147726e+00
4.550000000000000000e+02 1.948939387581012594e+00
4.560000000000000000e+02 1.948969216294831996e+00
4.570000000000000000e+02 1.948999040815948769e+00
4.580000000000000000e+02 1.949028861144705305e+00
4.590000000000000000e+02 1.949058677281444885e+00
4.600000000000000000e+02 1.949088489226509902e+00
4.610000000000000000e+02 1.949118296980243414e+00
4.620000000000000000e+02 1.949148100542988038e+00
4.630000000000000000e+02 1.949177899915086609e+00
4.640000000000000000e+02 1.949207695096881743e+00
4.650000000000000000e+02 1.949237486088716498e+00
4.660000000000000000e+02 1.949267272890933489e+00
4.670000000000000000e+02 1.949297055503875331e+00
4.680000000000000000e+02 1.949326833927885083e+00
4.690000000000000000e+02 1.949356608163305582e+00
4.700000000000000000e+02 1.949386378210479220e+00
4.710000000000000000e+02 1.949416144069749057e+00
4.720000000000000000e+02 1.949445905741457707e+00
4.730000000000000000e+02 1.949475663225948230e+00
4.740000000000000000e+02 1.949505416523563017e+00
4.750000000000000000e+02 1.949535165634645351e+00
4.760000000000000000e+02 1.949564910559537401e+00
4.770000000000000000e+02 1.949594651298582448e+00
4.780000000000000000e+02 1.949624387852122886e+00
4.790000000000000000e+02 1.949654120220501774e+00
4.800000000000000000e+02 1.949683848404061726e+00
4.810000000000000000e+02 1.949713572403145578e+00
4.820000000000000000e+02 1.949743292218096169e+00
4.830000000000000000e+02 1.949773007849256112e+00
4.840000000000000000e+02 1.949802719296968467e+00
4.850000000000000000e+02 1.949832426561575627e+00
4.860000000000000000e+02 1.949862129643420650e+00
4.870000000000000000e+02 1.949891828542846373e+00
4.880000000000000000e+02 1.949921523260195189e+00
4.890000000000000000e+02 1.949951213795810157e+00
4.900000000000000000e+02 1.949980900150034113e+00
4.910000000000000000e+02 1.950010582323209674e+00
4.920000000000000000e+02 1.950040260315679896e+00
4.930000000000000000e+02 1.950069934127787175e+00
4.940000000000000000e+02 1.950099603759874345e+00
4.950000000000000000e+02 1.950129269212284244e+00
4.960000000000000000e+02 1.950158930485359932e+00
4.970000000000000000e+02 1.950188587579443800e+00
4.980000000000000000e+02 1.950218240494878907e+00
4.990000000000000000e+02 1.950247889232007648e+00
5.000000000000000000e+02 1.950277533791173301e+00
5.010000000000000000e+02 1.950307174172718261e+00
5.020000000000000000e+02 1.950336810376985364e+00
5.030000000000000000e+02 1.950366442404317668e+00
5.040000000000000000e+02 1.950396070255057568e+00
5.050000000000000000e+02 1.950425693929547899e+00
5.060000000000000000e+02 1.950455313428131721e+00
5.070000000000000000e+02 1.950484928751151648e+00
5.080000000000000000e+02 1.950514539898950295e+00
5.090000000000000000e+02 1.950544146871870721e+00
5.100000000000000000e+02 1.950573749670255541e+00
5.110000000000000000e+02 1.950603348294447592e+00
5.120000000000000000e+02 1.950632942744789489e+00
5.130000000000000000e+02 1.950662533021624290e+00
5.140000000000000000e+02 1.950692119125294610e+00
5.150000000000000000e+02 1.950721701056143065e+00
5.160000000000000000e+02 1.950751278814512935e+00
5.170000000000000000e+02 1.950780852400746390e+00
5.180000000000000000e+02 1.950810421815186491e+00
5.190000000000000000e+02 1.950839987058176073e+00
5.200000000000000000e+02 1.950869548130057751e+00
5.210000000000000000e+02 1.950899105031174585e+00
5.220000000000000000e+02 1.950928657761868967e+00
5.230000000000000000e+02 1.950958206322483957e+00
5.240000000000000000e+02 1.950987750713362168e+00
5.250000000000000000e+02 1.951017290934846660e+00
5.260000000000000000e+02 1.951046826987279825e+00
5.270000000000000000e+02 1.951076358871004723e+00
5.280000000000000000e+02 1.951105886586363747e+00
5.290000000000000000e+02 1.951135410133700177e+00
5.300000000000000000e+02 1.951164929513356627e+00
5.310000000000000000e+02 1.951194444725675714e+00
5.320000000000000000e+02 1.951223955771000274e+00
5.330000000000000000e+02 1.951253462649673143e+00
5.340000000000000000e+02 1.951282965362037158e+00
5.350000000000000000e+02 1.951312463908434935e+00
5.360000000000000000e+02 1.951341958289209311e+00
5.370000000000000000e+02 1.951371448504703121e+00
5.380000000000000000e+02 1.951400934555258981e+00
5.390000000000000000e+02 1.951430416441219950e+00
5.400000000000000000e+02 1.951459894162928643e+00
5.410000000000000000e+02 1.951489367720727675e+00
5.420000000000000000e+02 1.951518837114960103e+00
5.430000000000000000e+02 1.951548302345968544e+00
5.440000000000000000e+02 1.951577763414095834e+00
5.450000000000000000e+02 1.951607220319684810e+00
5.460000000000000000e+02 1.951636673063078087e+00
5.470000000000000000e+02 1.951666121644618501e+00
5.480000000000000000e+02 1.951695566064648890e+00
5.490000000000000000e+02 1.951725006323511868e+00
5.500000000000000000e+02 1.951754442421550495e+00
5.510000000000000000e+02 1.951783874359107163e+00
5.520000000000000000e+02 1.951813302136525152e+00
5.530000000000000000e+02 1.951842725754146857e+00
5.540000000000000000e+02 1.951872145212315113e+00
5.550000000000000000e+02 1.951901560511372757e+00
5.560000000000000000e+02 1.951930971651662627e+00
5.570000000000000000e+02 1.951960378633527338e+00
5.580000000000000000e+02 1.951989781457309725e+00
5.590000000000000000e+02 1.952019180123352626e+00
5.600000000000000000e+02 1.952048574631998656e+00
5.610000000000000000e+02 1.952077964983590874e+00
5.620000000000000000e+02 1.952107351178471895e+00
5.630000000000000000e+02 1.952136733216984554e+00
5.640000000000000000e+02 1.952166111099471468e+00
5.650000000000000000e+02 1.952195484826275473e+00
5.660000000000000000e+02 1.952224854397739628e+00
5.670000000000000000e+02 1.952254219814206326e+00
5.680000000000000000e+02 1.952283581076018404e+00
5.690000000000000000e+02 1.952312938183518698e+00
5.700000000000000000e+02 1.952342291137050267e+00
5.710000000000000000e+02 1.952371639936955505e+00
5.720000000000000000e+02 1.952400984583577248e+00
5.730000000000000000e+02 1.952430325077258333e+00
5.740000000000000000e+02 1.952459661418341597e+00
5.750000000000000000e+02 1.952488993607169876e+00
5.760000000000000000e+02 1.952518321644085786e+00
5.770000000000000000e+02 1.952547645529431941e+00
5.780000000000000000e+02 1.952576965263551623e+00
5.790000000000000000e+02 1.952606280846787223e+00
5.800000000000000000e+02 1.952635592279481580e+00
5.810000000000000000e+02 1.952664899561977307e+00
5.820000000000000000e+02 1.952694202694617687e+00
5.830000000000000000e+02 1.952723501677745110e+00
5.840000000000000000e+02 1.952752796511702194e+00
5.850000000000000000e+02 1.952782087196832217e+00
5.860000000000000000e+02 1.952811373733477573e+00
5.870000000000000000e+02 1.952840656121981322e+00
5.880000000000000000e+02 1.952869934362685855e+00
5.890000000000000000e+02 1.952899208455934232e+00
5.900000000000000000e+02 1.952928478402069068e+00
5.910000000000000000e+02 1.952957744201433421e+00
5.920000000000000000e+02 1.952987005854369906e+00
5.930000000000000000e+02 1.953016263361221139e+00
5.940000000000000000e+02 1.953045516722329955e+00
5.950000000000000000e+02 1.953074765938039414e+00
5.960000000000000000e+02 1.953104011008691909e+00
5.970000000000000000e+02 1.953133251934630499e+00
5.980000000000000000e+02 1.953162488716197798e+00
5.990000000000000000e+02 1.953191721353736643e+00
6.000000000000000000e+02 1.953220949847589871e+00
6.010000000000000000e+02 1.953250174198100320e+00
6.020000000000000000e+02 1.953279394405610381e+00
6.030000000000000000e+02 1.953308610470463336e+00
6.040000000000000000e+02 1.953337822393001577e+00
6.050000000000000000e+02 1.953367030173567942e+00
6.060000000000000000e+02 1.953396233812505267e+00
6.070000000000000000e+02 1.953425433310156611e+00
6.080000000000000000e+02 1.953454628666864368e+00
6.090000000000000000e+02 1.953483819882971373e+00
6.100000000000000000e+02 1.953513006958820464e+00
6.110000000000000000e+02 1.953542189894754477e+00
6.120000000000000000e+02 1.953571368691116028e+00
6.130000000000000000e+02 1.953600543348248175e+00
6.140000000000000000e+02 1.953629713866493312e+00
6.150000000000000000e+02 1.953658880246194496e+00
6.160000000000000000e+02 1.953688042487694565e+00
6.170000000000000000e+02 1.953717200591335912e+00
6.180000000000000000e+02 1.953746354557461817e+00
6.190000000000000000e+02 1.953775504386414674e+00
6.200000000000000000e+02 1.953804650078537319e+00
6.210000000000000000e+02 1.953833791634172590e+00
6.220000000000000000e+02 1.953862929053663322e+00
6.230000000000000000e+02 1.953892062337352353e+00
6.240000000000000000e+02 1.953921191485582298e+00
6.250000000000000000e+02 1.953950316498695772e+00
6.260000000000000000e+02 1.953979437377036055e+00
6.270000000000000000e+02 1.954008554120945540e+00
6.280000000000000000e+02 1.954037666730766842e+00
6.290000000000000000e+02 1.954066775206843243e+00
6.300000000000000000e+02 1.954095879549517134e+00
6.310000000000000000e+02 1.954124979759131575e+00
6.320000000000000000e+02 1.954154075836029181e+00
6.330000000000000000e+02 1.954183167780552566e+00
6.340000000000000000e+02 1.954212255593044789e+00
6.350000000000000000e+02 1.954241339273848466e+00
6.360000000000000000e+02 1.954270418823306432e+00
6.370000000000000000e+02 1.954299494241761526e+00
6.380000000000000000e+02 1.954328565529556361e+00
6.390000000000000000e+02 1.954357632687033997e+00
6.400000000000000000e+02 1.954386695714536826e+00
6.410000000000000000e+02 1.954415754612407907e+00
6.420000000000000000e+02 1.954444809380989856e+00
6.430000000000000000e+02 1.954473860020625509e+00
6.440000000000000000e+02 1.954502906531657702e+00
6.450000000000000000e+02 1.954531948914429274e+00
6.460000000000000000e+02 1.954560987169282615e+00
6.470000000000000000e+02 1.954590021296561009e+00
6.480000000000000000e+02 1.954619051296606846e+00
6.490000000000000000e+02 1.954648077169763187e+00
6.500000000000000000e+02 1.954677098916372646e+00
6.510000000000000000e+02 1.954706116536778060e+00
6.520000000000000000e+02 1.954735130031322266e+00
6.530000000000000000e+02 1.954764139400347878e+00
6.540000000000000000e+02 1.954793144644197511e+00
6.550000000000000000e+02 1.954822145763214447e+00
6.560000000000000000e+02 1.954851142757741078e+00
6.570000000000000000e+02 1.954880135628120463e+00
6.580000000000000000e+02 1.954909124374694995e+00
6.590000000000000000e+02 1.954938108997807955e+00
6.600000000000000000e+02 1.954967089497801513e+00
6.610000000000000000e+02 1.954996065875018951e+00
6.620000000000000000e+02 1.955025038129802883e+00
6.630000000000000000e+02 1.955054006262495925e+00
6.640000000000000000e+02 1.955082970273441134e+00
6.650000000000000000e+02 1.955111930162981126e+00
6.660000000000000000e+02 1.955140885931458516e+00
6.670000000000000000e+02 1.955169837579216585e+00
6.680000000000000000e+02 1.955198785106597503e+00
6.690000000000000000e+02 1.955227728513944552e+00
6.700000000000000000e+02 1.955256667801600123e+00
6.710000000000000000e+02 1.955285602969907055e+00
6.720000000000000000e+02 1.955314534019208406e+00
6.730000000000000000e+02 1.955343460949846790e+00
6.740000000000000000e+02 1.955372383762164823e+00
6.750000000000000000e+02 1.955401302456505563e+00
6.760000000000000000e+02 1.955430217033211626e+00
6.770000000000000000e+02 1.955459127492625848e+00
6.780000000000000000e+02 1.955488033835090844e+00
6.790000000000000000e+02 1.955516936060949673e+00
6.800000000000000000e+02 1.955545834170544728e+00
6.810000000000000000e+02 1.955574728164219289e+00
6.820000000000000000e+02 1.955603618042315750e+00
6.830000000000000000e+02 1.955632503805176947e+00
6.840000000000000000e+02 1.955661385453145718e+00
6.850000000000000000e+02 1.955690262986564676e+00
6.860000000000000000e+02 1.955719136405776881e+00
6.870000000000000000e+02 1.955748005711124948e+00
6.880000000000000000e+02 1.955776870902951714e+00
6.890000000000000000e+02 1.955805731981600015e+00
6.900000000000000000e+02 1.955834588947412467e+00
6.910000000000000000e+02 1.955863441800731906e+00
6.920000000000000000e+02 1.955892290541901168e+00
6.930000000000000000e+02 1.955921135171262870e+00
6.940000000000000000e+02 1.955949975689159848e+00
6.950000000000000000e+02 1.955978812095935160e+00
6.960000000000000000e+02 1.956007644391931199e+00
6.970000000000000000e+02 1.956036472577490803e+00
6.980000000000000000e+02 1.956065296652957031e+00
6.990000000000000000e+02 1.956094116618672274e+00
7.000000000000000000e+02 1.956122932474979592e+00
7.010000000000000000e+02 1.956151744222221822e+00
7.020000000000000000e+02 1.956180551860741357e+00
7.030000000000000000e+02 1.956209355390881255e+00
7.040000000000000000e+02 1.956238154812984353e+00
7.050000000000000000e+02 1.956266950127393267e+00
7.060000000000000000e+02 1.956295741334450833e+00
7.070000000000000000e+02 1.956324528434499888e+00
7.080000000000000000e+02 1.956353311427883046e+00
7.090000000000000000e+02 1.956382090314943145e+00
7.100000000000000000e+02 1.956410865096023022e+00
7.110000000000000000e+02 1.956439635771465513e+00
7.120000000000000000e+02 1.956468402341613233e+00
7.130000000000000000e+02 1.956497164806809019e+00
7.140000000000000000e+02 1.956525923167395709e+00
7.150000000000000000e+02 1.956554677423716138e+00
7.160000000000000000e+02 1.956583427576112699e+00
7.170000000000000000e+02 1.956612173624928674e+00
7.180000000000000000e+02 1.956640915570506678e+00
7.190000000000000000e+02 1.956669653413189325e+00
7.200000000000000000e+02 1.956698387153319452e+00
7.210000000000000000e+02 1.956727116791239895e+00
7.220000000000000000e+02 1.956755842327293271e+00
7.230000000000000000e+02 1.956784563761822637e+00
7.240000000000000000e+02 1.956813281095170609e+00
7.250000000000000000e+02 1.956841994327680023e+00
7.260000000000000000e+02 1.956870703459693495e+00
7.270000000000000000e+02 1.956899408491554082e+00
7.280000000000000000e+02 1.956928109423604401e+00
7.290000000000000000e+02 1.956956806256187065e+00
7.300000000000000000e+02 1.956985498989645134e+00
7.310000000000000000e+02 1.957014187624321222e+00
7.320000000000000000e+02 1.957042872160558167e+00
7.330000000000000000e+02 1.957071552598698805e+00
7.340000000000000000e+02 1.957100228939085751e+00
7.350000000000000000e+02 1.957128901182061842e+00
7.360000000000000000e+02 1.957157569327969915e+00
7.370000000000000000e+02 1.957186233377152584e+00
7.380000000000000000e+02 1.957214893329952909e+00
7.390000000000000000e+02 1.957243549186713505e+00
7.400000000000000000e+02 1.957272200947776986e+00
7.410000000000000000e+02 1.957300848613486410e+00
7.420000000000000000e+02 1.957329492184184616e+00
7.430000000000000000e+02 1.957358131660213996e+00
7.440000000000000000e+02 1.957386767041917608e+00
7.450000000000000000e+02 1.957415398329638068e+00
7.460000000000000000e+02 1.957444025523718212e+00
7.470000000000000000e+02 1.957472648624500877e+00
7.480000000000000000e+02 1.957501267632328901e+00
7.490000000000000000e+02 1.957529882547544897e+00
7.500000000000000000e+02 1.957558493370491703e+00
7.510000000000000000e+02 1.957587100101512156e+00
7.520000000000000000e+02 1.957615702740948871e+00
7.530000000000000000e+02 1.957644301289144906e+00
7.540000000000000000e+02 1.957672895746442876e+00
7.550000000000000000e+02 1.957701486113185396e+00
7.560000000000000000e+02 1.957730072389715303e+00
7.570000000000000000e+02 1.957758654576375656e+00
7.580000000000000000e+02 1.957787232673509070e+00
7.590000000000000000e+02 1.957815806681458159e+00
7.600000000000000000e+02 1.957844376600565983e+00
7.610000000000000000e+02 1.957872942431174934e+00
7.620000000000000000e+02 1.957901504173628293e+00
7.630000000000000000e+02 1.957930061828268453e+00
7.640000000000000000e+02 1.957958615395438251e+00
7.650000000000000000e+02 1.957987164875480524e+00
7.660000000000000000e+02 1.958015710268738108e+00
7.670000000000000000e+02 1.958044251575553618e+00
7.680000000000000000e+02 1.958072788796269892e+00
7.690000000000000000e+02 1.958101321931229766e+00
7.700000000000000000e+02 1.958129850980776077e+00
7.710000000000000000e+02 1.958158375945251661e+00
7.720000000000000000e+02 1.958186896824998913e+00
7.730000000000000000e+02 1.958215413620360890e+00
7.740000000000000000e+02 1.958243926331680429e+00
7.750000000000000000e+02 1.958272434959299924e+00
7.760000000000000000e+02 1.958300939503562654e+00
7.770000000000000000e+02 1.958329439964811236e+00
7.780000000000000000e+02 1.958357936343388284e+00
7.790000000000000000e+02 1.958386428639636634e+00
7.800000000000000000e+02 1.958414916853899124e+00
7.810000000000000000e+02 1.958443400986518590e+00
7.820000000000000000e+02 1.958471881037837647e+00
7.830000000000000000e+02 1.958500357008199133e+00
7.840000000000000000e+02 1.958528828897945884e+00
7.850000000000000000e+02 1.958557296707420514e+00
7.860000000000000000e+02 1.958585760436966083e+00
7.870000000000000000e+02 1.958614220086925206e+00
7.880000000000000000e+02 1.958642675657640497e+00
7.890000000000000000e+02 1.958671127149455016e+00
7.900000000000000000e+02 1.958699574562711598e+00
7.910000000000000000e+02 1.958728017897752638e+00
7.920000000000000000e+02 1.958756457154920971e+00
7.930000000000000000e+02 1.958784892334559657e+00
7.940000000000000000e+02 1.958813323437011533e+00
7.950000000000000000e+02 1.958841750462618991e+00
7.960000000000000000e+02 1.958870173411724869e+00
7.970000000000000000e+02 1.958898592284672224e+00
7.980000000000000000e+02 1.958927007081803673e+00
7.990000000000000000e+02 1.958955417803462051e+00
8.000000000000000000e+02 1.958983824449989974e+00
8.010000000000000000e+02 1.959012227021730279e+00
8.020000000000000000e+02 1.959040625519025802e+00
8.030000000000000000e+02 1.959069019942219381e+00
8.040000000000000000e+02 1.959097410291653629e+00
8.050000000000000000e+02 1.959125796567671607e+00
8.060000000000000000e+02 1.959154178770615706e+00
8.070000000000000000e+02 1.959182556900828986e+00
8.080000000000000000e+02 1.959210930958654062e+00
8.090000000000000000e+02 1.959239300944433770e+00
8.100000000000000000e+02 1.959267666858510948e+00
8.110000000000000000e+02 1.959296028701228432e+00
8.120000000000000000e+02 1.959324386472928614e+00
8.130000000000000000e+02 1.959352740173954777e+00
8.140000000000000000e+02 1.959381089804649312e+00
8.150000000000000000e+02 1.959409435365355279e+00
8.160000000000000000e+02 1.959437776856415292e+00
8.170000000000000000e+02 1.959466114278171966e+00
8.180000000000000000e+02 1.959494447630968361e+00
8.190000000000000000e+02 1.959522776915147313e+00
8.200000000000000000e+02 1.959551102131051437e+00
8.210000000000000000e+02 1.959579423279023347e+00
8.220000000000000000e+02 1.959607740359406103e+00
8.230000000000000000e+02 1.959636053372542319e+00
8.240000000000000000e+02 1.959664362318774833e+00
8.250000000000000000e+02 1.959692667198446481e+00
8.260000000000000000e+02 1.959720968011899878e+00
8.270000000000000000e+02 1.959749264759478082e+00
8.280000000000000000e+02 1.959777557441523488e+00
8.290000000000000000e+02 1.959805846058379153e+00
8.300000000000000000e+02 1.959834130610387692e+00
8.310000000000000000e+02 1.959862411097892165e+00
8.320000000000000000e+02 1.959890687521234964e+00
8.330000000000000000e+02 1.959918959880758926e+00
8.340000000000000000e+02 1.959947228176807110e+00
8.350000000000000000e+02 1.959975492409722131e+00
8.360000000000000000e+02 1.960003752579846825e+00
8.370000000000000000e+02 1.960032008687523808e+00
8.380000000000000000e+02 1.960060260733095916e+00
8.390000000000000000e+02 1.960088508716905986e+00
8.400000000000000000e+02 1.960116752639296855e+00
8.410000000000000000e+02 1.960144992500611139e+00
8.420000000000000000e+02 1.960173228301191672e+00
8.430000000000000000e+02 1.960201460041381294e+00
8.440000000000000000e+02 1.960229687721522618e+00
8.450000000000000000e+02 1.960257911341958703e+00
8.460000000000000000e+02 1.960286130903032165e+00
8.470000000000000000e+02 1.960314346405085617e+00
8.480000000000000000e+02 1.960342557848462119e+00
8.490000000000000000e+02 1.960370765233504287e+00
8.500000000000000000e+02 1.960398968560554955e+00
8.510000000000000000e+02 1.960427167829956963e+00
8.520000000000000000e+02 1.960455363042052923e+00
8.530000000000000000e+02 1.960483554197185674e+00
8.540000000000000000e+02 1.960511741295698052e+00
8.550000000000000000e+02 1.960539924337932893e+00
8.560000000000000000e+02 1.960568103324232814e+00
8.570000000000000000e+02 1.960596278254940428e+00
8.580000000000000000e+02 1.960624449130399016e+00
8.590000000000000000e+02 1.960652615950950972e+00
8.600000000000000000e+02 1.960680778716939132e+00
8.610000000000000000e+02 1.960708937428706555e+00
8.620000000000000000e+02 1.960737092086595412e+00
8.630000000000000000e+02 1.960765242690949206e+00
8.640000000000000000e+02 1.960793389242110107e+00
8.650000000000000000e+02 1.960821531740421175e+00
8.660000000000000000e+02 1.960849670186225246e+00
8.670000000000000000e+02 1.960877804579864936e+00
8.680000000000000000e+02 1.960905934921683080e+00
8.690000000000000000e+02 1.960934061212022517e+00
8.700000000000000000e+02 1.960962183451225860e+00
8.710000000000000000e+02 1.960990301639636169e+00
8.720000000000000000e+02 1.961018415777596058e+00
8.730000000000000000e+02 1.961046525865448142e+00
8.740000000000000000e+02 1.961074631903535259e+00
8.750000000000000000e+02 1.961102733892200467e+00
8.760000000000000000e+02 1.961130831831786381e+00
8.770000000000000000e+02 1.961158925722635615e+00
8.780000000000000000e+02 1.961187015565091007e+00
8.790000000000000000e+02 1.961215101359495616e+00
8.800000000000000000e+02 1.961243183106191834e+00
8.810000000000000000e+02 1.961271260805522720e+00
8.820000000000000000e+02 1.961299334457830890e+00
8.830000000000000000e+02 1.961327404063459179e+00
8.840000000000000000e+02 1.961355469622750425e+00
8.850000000000000000e+02 1.961383531136047242e+00
8.860000000000000000e+02 1.961411588603692691e+00
8.870000000000000000e+02 1.961439642026029162e+00
8.880000000000000000e+02 1.961467691403399716e+00
8.890000000000000000e+02 1.961495736736146966e+00
8.900000000000000000e+02 1.961523778024613751e+00
8.910000000000000000e+02 1.961551815269142907e+00
8.920000000000000000e+02 1.961579848470077048e+00
8.930000000000000000e+02 1.961607877627759233e+00
8.940000000000000000e+02 1.961635902742532078e+00
8.950000000000000000e+02 1.961663923814738197e+00
8.960000000000000000e+02 1.961691940844720650e+00
8.970000000000000000e+02 1.961719953832822050e+00
8.980000000000000000e+02 1.961747962779385235e+00
8.990000000000000000e+02 1.961775967684753041e+00
9.000000000000000000e+02 1.961803968549268085e+00
9.010000000000000000e+02 1.961831965373273201e+00
9.020000000000000000e+02 1.961859958157111228e+00
9.030000000000000000e+02 1.961887946901124780e+00
9.040000000000000000e+02 1.961915931605656915e+00
9.050000000000000000e+02 1.961943912271050028e+00
9.060000000000000000e+02 1.961971888897647398e+00
9.070000000000000000e+02 1.961999861485791419e+00
9.080000000000000000e+02 1.962027830035824927e+00
9.090000000000000000e+02 1.962055794548090537e+00
9.100000000000000000e+02 1.962083755022931530e+00
9.110000000000000000e+02 1.962111711460690300e+00
9.120000000000000000e+02 1.962139663861709682e+00
9.130000000000000000e+02 1.962167612226332514e+00
9.140000000000000000e+02 1.962195556554901410e+00
9.150000000000000000e+02 1.962223496847759430e+00
9.160000000000000000e+02 1.962251433105249188e+00
9.170000000000000000e+02 1.962279365327713299e+00
9.180000000000000000e+02 1.962307293515494822e+00
9.190000000000000000e+02 1.962335217668936371e+00
9.200000000000000000e+02 1.962363137788380785e+00
9.210000000000000000e+02 1.962391053874170899e+00
9.220000000000000000e+02 1.962418965926649328e+00
9.230000000000000000e+02 1.962446873946158910e+00
9.240000000000000000e+02 1.962474777933042480e+00
9.250000000000000000e+02 1.962502677887642877e+00
9.260000000000000000e+02 1.962530573810302714e+00
9.270000000000000000e+02 1.962558465701364829e+00
9.280000000000000000e+02 1.962586353561171837e+00
9.290000000000000000e+02 1.962614237390067018e+00
9.300000000000000000e+02 1.962642117188392543e+00
9.310000000000000000e+02 1.962669992956491472e+00
9.320000000000000000e+02 1.962697864694706640e+00
9.330000000000000000e+02 1.962725732403380885e+00
9.340000000000000000e+02 1.962753596082856600e+00
9.350000000000000000e+02 1.962781455733477065e+00
9.360000000000000000e+02 1.962809311355584674e+00
9.370000000000000000e+02 1.962837162949522263e+00
9.380000000000000000e+02 1.962865010515632891e+00
9.390000000000000000e+02 1.962892854054258951e+00
9.400000000000000000e+02 1.962920693565743280e+00
9.410000000000000000e+02 1.962948529050428936e+00
9.420000000000000000e+02 1.962976360508658535e+00
9.430000000000000000e+02 1.963004187940774914e+00
9.440000000000000000e+02 1.963032011347120687e+00
9.450000000000000000e+02 1.963059830728038690e+00
9.460000000000000000e+02 1.963087646083871762e+00
9.470000000000000000e+02 1.963115457414962517e+00
9.480000000000000000e+02 1.963143264721654013e+00
9.490000000000000000e+02 1.963171068004288866e+00
9.500000000000000000e+02 1.963198867263209912e+00
9.510000000000000000e+02 1.963226662498759767e+00
9.520000000000000000e+02 1.963254453711281489e+00
9.530000000000000000e+02 1.963282240901117692e+00
9.540000000000000000e+02 1.963310024068610993e+00
9.550000000000000000e+02 1.963337803214104227e+00
9.560000000000000000e+02 1.963365578337940454e+00
9.570000000000000000e+02 1.963393349440462288e+00
9.580000000000000000e+02 1.963421116522012344e+00
9.590000000000000000e+02 1.963448879582933682e+00
9.600000000000000000e+02 1.963476638623568915e+00
9.610000000000000000e+02 1.963504393644260659e+00
9.620000000000000000e+02 1.963532144645352195e+00
9.630000000000000000e+02 1.963559891627185694e+00
9.640000000000000000e+02 1.963587634590104214e+00
9.650000000000000000e+02 1.963615373534450814e+00
9.660000000000000000e+02 1.963643108460567666e+00
9.670000000000000000e+02 1.963670839368798049e+00
9.680000000000000000e+02 1.963698566259484579e+00
9.690000000000000000e+02 1.963726289132969871e+00
9.700000000000000000e+02 1.963754007989596984e+00
9.710000000000000000e+02 1.963781722829708309e+00
9.720000000000000000e+02 1.963809433653647130e+00
9.730000000000000000e+02 1.963837140461755837e+00
9.740000000000000000e+02 1.963864843254377490e+00
9.750000000000000000e+02 1.963892542031854482e+00
9.760000000000000000e+02 1.963920236794529872e+00
9.770000000000000000e+02 1.963947927542746497e+00
9.780000000000000000e+02 1.963975614276846970e+00
9.790000000000000000e+02 1.964003296997173909e+00
9.800000000000000000e+02 1.964030975704070592e+00
9.810000000000000000e+02 1.964058650397879413e+00
9.820000000000000000e+02 1.964086321078943209e+00
9.830000000000000000e+02 1.964113987747604595e+00
9.840000000000000000e+02 1.964141650404206851e+00
9.850000000000000000e+02 1.964169309049092149e+00
9.860000000000000000e+02 1.964196963682603769e+00
9.870000000000000000e+02 1.964224614305084327e+00
9.880000000000000000e+02 1.964252260916876214e+00
9.890000000000000000e+02 1.964279903518322934e+00
9.900000000000000000e+02 1.964307542109766658e+00
9.910000000000000000e+02 1.964335176691550222e+00
9.920000000000000000e+02 1.964362807264016908e+00
9.930000000000000000e+02 1.964390433827508886e+00
9.940000000000000000e+02 1.964418056382369215e+00
9.950000000000000000e+02 1.964445674928940733e+00
9.960000000000000000e+02 1.964473289467566053e+00
9.970000000000000000e+02 1.964500899998588013e+00
9.980000000000000000e+02 1.964528506522349449e+00
9.990000000000000000e+02 1.964556109039192977e+00
1.000000000000000000e+03 1.964583707549461655e+00
1.001000000000000000e+03 1.964611302053497877e+00
1.002000000000000000e+03 1.964638892551644922e+00
1.003000000000000000e+03 1.964666479044244962e+00
1.004000000000000000e+03 1.964694061531641278e+00
1.005000000000000000e+03 1.964721640014176485e+00
1.006000000000000000e+03 1.964749214492193197e+00
1.007000000000000000e+03 1.964776784966034473e+00
1.008000000000000000e+03 1.964804351436042706e+00
1.009000000000000000e+03 1.964831913902561178e+00
1.010000000000000000e+03 1.964859472365932280e+00
1.011000000000000000e+03 1.964887026826498850e+00
