# order=8: data_wav [pixel], data_wavsolution [micron]
3.000000000000000000e+00 1.460874303595439461e+00
4.000000000000000000e+00 1.460900151782834167e+00
5.000000000000000000e+00 1.460925995381453735e+00
6.000000000000000000e+00 1.460951834391297943e+00
7.000000000000000000e+00 1.460977668812367014e+00
8.000000000000000000e+00 1.461003498644660947e+00
9.000000000000000000e+00 1.461029323888179521e+00
1.000000000000000000e+01 1.461055144542922735e+00
1.100000000000000000e+01 1.461080960608890811e+00
1.200000000000000000e+01 1.461106772086083749e+00
1.300000000000000000e+01 1.461132578974501550e+00
1.400000000000000000e+01 1.461158381274143991e+00
1.500000000000000000e+01 1.461184178985011073e+00
1.600000000000000000e+01 1.461209972107103017e+00
1.700000000000000000e+01 1.461235760640419823e+00
1.800000000000000000e+01 1.461261544584961491e+00
1.900000000000000000e+01 1.461287323940727800e+00
2.000000000000000000e+01 1.461313098707718749e+00
2.100000000000000000e+01 1.461338868885934561e+00
2.200000000000000000e+01 1.461364634475375235e+00
2.300000000000000000e+01 1.461390395476040771e+00
2.400000000000000000e+01 1.461416151887930948e+00
2.500000000000000000e+01 1.461441903711045764e+00
2.600000000000000000e+01 1.461467650945385444e+00
2.700000000000000000e+01 1.461493393590949985e+00
2.800000000000000000e+01 1.461519131647739389e+00
2.900000000000000000e+01 1.461544865115753433e+00
3.000000000000000000e+01 1.461570593994992118e+00
3.100000000000000000e+01 1.461596318285455665e+00
3.200000000000000000e+01 1.461622037987144074e+00
3.300000000000000000e+01 1.461647753100057123e+00
3.400000000000000000e+01 1.461673463624195035e+00
3.500000000000000000e+01 1.461699169559557809e+00
3.600000000000000000e+01 1.461724870906145224e+00
3.700000000000000000e+01 1.461750567663957501e+00
3.800000000000000000e+01 1.461776259832994418e+00
3.900000000000000000e+01 1.461801947413256197e+00
4.000000000000000000e+01 1.461827630404742839e+00
4.100000000000000000e+01 1.461853308807454122e+00
4.200000000000000000e+01 1.461878982621390266e+00
4.300000000000000000e+01 1.461904651846551051e+00
4.400000000000000000e+01 1.461930316482936698e+00
4.500000000000000000e+01 1.461955976530547208e+00
4.600000000000000000e+01 1.461981631989382358e+00
4.700000000000000000e+01 1.462007282859442370e+00
4.800000000000000000e+01 1.462032929140727022e+00
4.900000000000000000e+01 1.462058570833236537e+00
5.000000000000000000e+01 1.462084207936970914e+00
5.100000000000000000e+01 1.462109840451929932e+00
5.200000000000000000e+01 1.462135468378113812e+00
5.300000000000000000e+01 1.462161091715522332e+00
5.400000000000000000e+01 1.462186710464155714e+00
5.500000000000000000e+01 1.462212324624013959e+00
5.600000000000000000e+01 1.462237934195096845e+00
5.700000000000000000e+01 1.462263539177404592e+00
5.800000000000000000e+01 1.462289139570936980e+00
5.900000000000000000e+01 1.462314735375694230e+00
6.000000000000000000e+01 1.462340326591676343e+00
6.100000000000000000e+01 1.462365913218883096e+00
6.200000000000000000e+01 1.462391495257314489e+00
6.300000000000000000e+01 1.462417072706970966e+00
6.400000000000000000e+01 1.462442645567852084e+00
6.500000000000000000e+01 1.462468213839957842e+00
6.600000000000000000e+01 1.462493777523288685e+00
6.700000000000000000e+01 1.462519336617843946e+00
6.800000000000000000e+01 1.462544891123624291e+00
6.900000000000000000e+01 1.462570441040629277e+00
7.000000000000000000e+01 1.462595986368858902e+00
7.100000000000000000e+01 1.462621527108313391e+00
7.200000000000000000e+01 1.462647063258992741e+00
7.300000000000000000e+01 1.462672594820896732e+00
7.400000000000000000e+01 1.462698121794025585e+00
7.500000000000000000e+01 1.462723644178379301e+00
7.600000000000000000e+01 1.462749161973957657e+00
7.700000000000000000e+01 1.462774675180760875e+00
7.800000000000000000e+01 1.462800183798788733e+00
7.900000000000000000e+01 1.462825687828041454e+00
8.000000000000000000e+01 1.462851187268519038e+00
8.100000000000000000e+01 1.462876682120221261e+00
8.200000000000000000e+01 1.462902172383148347e+00
8.300000000000000000e+01 1.462927658057300073e+00
8.400000000000000000e+01 1.462953139142676662e+00
8.500000000000000000e+01 1.462978615639277891e+00
8.600000000000000000e+01 1.463004087547104204e+00
8.700000000000000000e+01 1.463029554866154935e+00
8.800000000000000000e+01 1.463055017596430751e+00
8.900000000000000000e+01 1.463080475737931208e+00
9.000000000000000000e+01 1.463105929290656304e+00
9.100000000000000000e+01 1.463131378254606263e+00
9.200000000000000000e+01 1.463156822629781084e+00
9.300000000000000000e+01 1.463182262416180546e+00
9.400000000000000000e+01 1.463207697613804870e+00
9.500000000000000000e+01 1.463233128222654056e+00
9.600000000000000000e+01 1.463258554242727882e+00
9.700000000000000000e+01 1.463283975674026571e+00
9.800000000000000000e+01 1.463309392516549901e+00
9.900000000000000000e+01 1.463334804770298092e+00
1.000000000000000000e+02 1.463360212435271146e+00
1.010000000000000000e+02 1.463385615511468840e+00
1.020000000000000000e+02 1.463411013998891175e+00
1.030000000000000000e+02 1.463436407897538594e+00
1.040000000000000000e+02 1.463461797207410653e+00
1.050000000000000000e+02 1.463487181928507352e+00
1.060000000000000000e+02 1.463512562060828914e+00
1.070000000000000000e+02 1.463537937604375339e+00
1.080000000000000000e+02 1.463563308559146403e+00
1.090000000000000000e+02 1.463588674925142330e+00
1.100000000000000000e+02 1.463614036702363119e+00
1.110000000000000000e+02 1.463639393890808549e+00
1.120000000000000000e+02 1.463664746490478841e+00
1.130000000000000000e+02 1.463690094501373773e+00
1.140000000000000000e+02 1.463715437923493567e+00
1.150000000000000000e+02 1.463740776756838224e+00
1.160000000000000000e+02 1.463766111001407522e+00
1.170000000000000000e+02 1.463791440657201459e+00
1.180000000000000000e+02 1.463816765724220481e+00
1.190000000000000000e+02 1.463842086202464143e+00
1.200000000000000000e+02 1.463867402091932446e+00
1.210000000000000000e+02 1.463892713392625611e+00
1.220000000000000000e+02 1.463918020104543638e+00
1.230000000000000000e+02 1.463943322227686306e+00
1.240000000000000000e+02 1.463968619762053835e+00
1.250000000000000000e+02 1.463993912707646228e+00
1.260000000000000000e+02 1.464019201064463260e+00
1.270000000000000000e+02 1.464044484832505155e+00
1.280000000000000000e+02 1.464069764011771690e+00
1.290000000000000000e+02 1.464095038602263088e+00
1.300000000000000000e+02 1.464120308603979126e+00
1.310000000000000000e+02 1.464145574016920026e+00
1.320000000000000000e+02 1.464170834841085789e+00
1.330000000000000000e+02 1.464196091076476192e+00
1.340000000000000000e+02 1.464221342723091457e+00
1.350000000000000000e+02 1.464246589780931584e+00
1.360000000000000000e+02 1.464271832249996352e+00
1.370000000000000000e+02 1.464297070130285983e+00
1.380000000000000000e+02 1.464322303421800253e+00
1.390000000000000000e+02 1.464347532124539386e+00
1.400000000000000000e+02 1.464372756238503159e+00
1.410000000000000000e+02 1.464397975763691795e+00
1.420000000000000000e+02 1.464423190700105293e+00
1.430000000000000000e+02 1.464448401047743431e+00
1.440000000000000000e+02 1.464473606806606432e+00
1.450000000000000000e+02 1.464498807976694295e+00
1.460000000000000000e+02 1.464524004558006798e+00
1.470000000000000000e+02 1.464549196550544163e+00
1.480000000000000000e+02 1.464574383954306169e+00
1.490000000000000000e+02 1.464599566769293038e+00
1.500000000000000000e+02 1.464624744995504546e+00
1.510000000000000000e+02 1.464649918632940917e+00
1.520000000000000000e+02 1.464675087681602150e+00
1.530000000000000000e+02 1.464700252141488024e+00
1.540000000000000000e+02 1.464725412012598760e+00
1.550000000000000000e+02 1.464750567294934358e+00
1.560000000000000000e+02 1.464775717988494597e+00
1.570000000000000000e+02 1.464800864093279698e+00
1.580000000000000000e+02 1.464826005609289439e+00
1.590000000000000000e+02 1.464851142536524042e+00
1.600000000000000000e+02 1.464876274874983286e+00
1.610000000000000000e+02 1.464901402624667393e+00
1.620000000000000000e+02 1.464926525785576361e+00
1.630000000000000000e+02 1.464951644357709970e+00
1.640000000000000000e+02 1.464976758341068441e+00
1.650000000000000000e+02 1.465001867735651775e+00
1.660000000000000000e+02 1.465026972541459749e+00
1.670000000000000000e+02 1.465052072758492363e+00
1.680000000000000000e+02 1.465077168386750062e+00
1.690000000000000000e+02 1.465102259426232401e+00
1.700000000000000000e+02 1.465127345876939380e+00
1.710000000000000000e+02 1.465152427738871221e+00
1.720000000000000000e+02 1.465177505012027925e+00
1.730000000000000000e+02 1.465202577696409270e+00
1.740000000000000000e+02 1.465227645792015476e+00
1.750000000000000000e+02 1.465252709298846323e+00
1.760000000000000000e+02 1.465277768216902254e+00
1.770000000000000000e+02 1.465302822546182604e+00
1.780000000000000000e+02 1.465327872286687816e+00
1.790000000000000000e+02 1.465352917438417890e+00
1.800000000000000000e+02 1.465377958001372827e+00
1.810000000000000000e+02 1.465402993975552404e+00
1.820000000000000000e+02 1.465428025360956843e+00
1.830000000000000000e+02 1.465453052157585923e+00
1.840000000000000000e+02 1.465478074365439864e+00
1.850000000000000000e+02 1.465503091984518447e+00
1.860000000000000000e+02 1.465528105014821891e+00
1.870000000000000000e+02 1.465553113456350198e+00
1.880000000000000000e+02 1.465578117309103146e+00
1.890000000000000000e+02 1.465603116573080955e+00
1.900000000000000000e+02 1.465628111248283405e+00
1.910000000000000000e+02 1.465653101334710939e+00
1.920000000000000000e+02 1.465678086832362892e+00
1.930000000000000000e+02 1.465703067741239707e+00
1.940000000000000000e+02 1.465728044061341384e+00
1.950000000000000000e+02 1.465753015792667924e+00
1.960000000000000000e+02 1.465777982935219104e+00
1.970000000000000000e+02 1.465802945488995146e+00
1.980000000000000000e+02 1.465827903453995829e+00
1.990000000000000000e+02 1.465852856830221373e+00
2.000000000000000000e+02 1.465877805617671559e+00
2.010000000000000000e+02 1.465902749816346606e+00
2.020000000000000000e+02 1.465927689426246516e+00
2.030000000000000000e+02 1.465952624447371067e+00
2.040000000000000000e+02 1.465977554879720479e+00
2.050000000000000000e+02 1.466002480723294532e+00
2.060000000000000000e+02 1.466027401978093447e+00
2.070000000000000000e+02 1.466052318644117225e+00
2.080000000000000000e+02 1.466077230721365643e+00
2.090000000000000000e+02 1.466102138209838923e+00
2.100000000000000000e+02 1.466127041109537066e+00
2.110000000000000000e+02 1.466151939420459849e+00
2.120000000000000000e+02 1.466176833142607272e+00
2.130000000000000000e+02 1.466201722275979780e+00
2.140000000000000000e+02 1.466226606820576706e+00
2.150000000000000000e+02 1.466251486776398716e+00
2.160000000000000000e+02 1.466276362143445366e+00
2.170000000000000000e+02 1.466301232921716657e+00
2.180000000000000000e+02 1.466326099111213033e+00
2.190000000000000000e+02 1.466350960711934048e+00
2.200000000000000000e+02 1.466375817723879704e+00
2.210000000000000000e+02 1.466400670147050223e+00
2.220000000000000000e+02 1.466425517981445603e+00
2.230000000000000000e+02 1.466450361227065624e+00
2.240000000000000000e+02 1.466475199883910507e+00
2.250000000000000000e+02 1.466500033951980031e+00
2.260000000000000000e+02 1.466524863431274417e+00
2.270000000000000000e+02 1.466549688321793665e+00
2.280000000000000000e+02 1.466574508623537554e+00
2.290000000000000000e+02 1.466599324336506305e+00
2.300000000000000000e+02 1.466624135460699696e+00
2.310000000000000000e+02 1.466648941996117950e+00
2.320000000000000000e+02 1.466673743942761066e+00
2.330000000000000000e+02 1.466698541300628822e+00
2.340000000000000000e+02 1.466723334069721441e+00
2.350000000000000000e+02 1.466748122250038699e+00
2.360000000000000000e+02 1.466772905841581043e+00
2.370000000000000000e+02 1.466797684844347804e+00
2.380000000000000000e+02 1.466822459258339428e+00
2.390000000000000000e+02 1.466847229083555915e+00
2.400000000000000000e+02 1.466871994319997263e+00
2.410000000000000000e+02 1.466896754967663252e+00
2.420000000000000000e+02 1.466921511026553882e+00
2.430000000000000000e+02 1.466946262496669373e+00
2.440000000000000000e+02 1.466971009378009727e+00
2.450000000000000000e+02 1.466995751670574943e+00
2.460000000000000000e+02 1.467020489374364800e+00
2.470000000000000000e+02 1.467045222489379297e+00
2.480000000000000000e+02 1.467069951015618878e+00
2.490000000000000000e+02 1.467094674953082878e+00
2.500000000000000000e+02 1.467119394301771962e+00
2.510000000000000000e+02 1.467144109061685686e+00
2.520000000000000000e+02 1.467168819232824051e+00
2.530000000000000000e+02 1.467193524815187500e+00
2.540000000000000000e+02 1.467218225808775367e+00
2.550000000000000000e+02 1.467242922213588319e+00
2.560000000000000000e+02 1.467267614029625911e+00
2.570000000000000000e+02 1.467292301256888143e+00
2.580000000000000000e+02 1.467316983895375460e+00
2.590000000000000000e+02 1.467341661945087194e+00
2.600000000000000000e+02 1.467366335406024014e+00
2.610000000000000000e+02 1.467391004278185473e+00
2.620000000000000000e+02 1.467415668561571573e+00
2.630000000000000000e+02 1.467440328256182758e+00
2.640000000000000000e+02 1.467464983362018360e+00
2.650000000000000000e+02 1.467489633879079047e+00
2.660000000000000000e+02 1.467514279807364375e+00
2.670000000000000000e+02 1.467538921146874564e+00
2.680000000000000000e+02 1.467563557897609394e+00
2.690000000000000000e+02 1.467588190059569087e+00
2.700000000000000000e+02 1.467612817632753419e+00
2.710000000000000000e+02 1.467637440617162614e+00
2.720000000000000000e+02 1.467662059012796449e+00
2.730000000000000000e+02 1.467686672819655369e+00
2.740000000000000000e+02 1.467711282037738707e+00
2.750000000000000000e+02 1.467735886667047129e+00
2.760000000000000000e+02 1.467760486707580192e+00
2.770000000000000000e+02 1.467785082159337895e+00
2.780000000000000000e+02 1.467809673022320682e+00
2.790000000000000000e+02 1.467834259296527888e+00
2.800000000000000000e+02 1.467858840981960178e+00
2.810000000000000000e+02 1.467883418078617108e+00
2.820000000000000000e+02 1.467907990586498679e+00
2.830000000000000000e+02 1.467932558505605334e+00
2.840000000000000000e+02 1.467957121835936407e+00
2.850000000000000000e+02 1.467981680577492565e+00
2.860000000000000000e+02 1.468006234730273363e+00
2.870000000000000000e+02 1.468030784294278801e+00
2.880000000000000000e+02 1.468055329269509324e+00
2.890000000000000000e+02 1.468079869655964265e+00
2.900000000000000000e+02 1.468104405453644290e+00
2.910000000000000000e+02 1.468128936662548956e+00
2.920000000000000000e+02 1.468153463282678262e+00
2.930000000000000000e+02 1.468177985314032430e+00
2.940000000000000000e+02 1.468202502756611461e+00
2.950000000000000000e+02 1.468227015610415354e+00
2.960000000000000000e+02 1.468251523875443887e+00
2.970000000000000000e+02 1.468276027551697061e+00
2.980000000000000000e+02 1.468300526639175096e+00
2.990000000000000000e+02 1.468325021137877995e+00
3.000000000000000000e+02 1.468349511047805533e+00
3.010000000000000000e+02 1.468373996368957934e+00
3.020000000000000000e+02 1.468398477101335198e+00
3.030000000000000000e+02 1.468422953244937101e+00
3.040000000000000000e+02 1.468447424799763867e+00
3.050000000000000000e+02 1.468471891765815274e+00
3.060000000000000000e+02 1.468496354143091542e+00
3.070000000000000000e+02 1.468520811931592673e+00
3.080000000000000000e+02 1.468545265131318445e+00
3.090000000000000000e+02 1.468569713742269078e+00
3.100000000000000000e+02 1.468594157764444352e+00
3.110000000000000000e+02 1.468618597197844489e+00
3.120000000000000000e+02 1.468643032042469487e+00
3.130000000000000000e+02 1.468667462298319126e+00
3.140000000000000000e+02 1.468691887965393628e+00
3.150000000000000000e+02 1.468716309043692769e+00
3.160000000000000000e+02 1.468740725533216773e+00
3.170000000000000000e+02 1.468765137433965418e+00
3.180000000000000000e+02 1.468789544745939146e+00
3.190000000000000000e+02 1.468813947469137293e+00
3.200000000000000000e+02 1.468838345603560525e+00
3.210000000000000000e+02 1.468862739149208396e+00
3.220000000000000000e+02 1.468887128106080908e+00
3.230000000000000000e+02 1.468911512474178283e+00
3.240000000000000000e+02 1.468935892253500519e+00
3.250000000000000000e+02 1.468960267444047618e+00
3.260000000000000000e+02 1.468984638045819135e+00
3.270000000000000000e+02 1.469009004058815737e+00
3.280000000000000000e+02 1.469033365483036979e+00
3.290000000000000000e+02 1.469057722318483084e+00
3.300000000000000000e+02 1.469082074565153828e+00
3.310000000000000000e+02 1.469106422223049435e+00
3.320000000000000000e+02 1.469130765292169905e+00
3.330000000000000000e+02 1.469155103772515014e+00
3.340000000000000000e+02 1.469179437664084986e+00
3.350000000000000000e+02 1.469203766966879598e+00
3.360000000000000000e+02 1.469228091680899073e+00
3.370000000000000000e+02 1.469252411806143410e+00
3.380000000000000000e+02 1.469276727342612388e+00
3.390000000000000000e+02 1.469301038290306005e+00
3.400000000000000000e+02 1.469325344649224707e+00
3.410000000000000000e+02 1.469349646419368050e+00
3.420000000000000000e+02 1.469373943600736032e+00
3.430000000000000000e+02 1.469398236193328877e+00
3.440000000000000000e+02 1.469422524197146585e+00
3.450000000000000000e+02 1.469446807612188932e+00
3.460000000000000000e+02 1.469471086438456142e+00
3.470000000000000000e+02 1.469495360675948215e+00
3.480000000000000000e+02 1.469519630324664927e+00
3.490000000000000000e+02 1.469543895384606502e+00
3.500000000000000000e+02 1.469568155855772718e+00
3.510000000000000000e+02 1.469592411738163795e+00
3.520000000000000000e+02 1.469616663031779735e+00
3.530000000000000000e+02 1.469640909736620316e+00
3.540000000000000000e+02 1.469665151852685536e+00
3.550000000000000000e+02 1.469689389379975841e+00
3.560000000000000000e+02 1.469713622318490787e+00
3.570000000000000000e+02 1.469737850668230372e+00
3.580000000000000000e+02 1.469762074429194820e+00
3.590000000000000000e+02 1.469786293601384131e+00
3.600000000000000000e+02 1.469810508184798081e+00
3.610000000000000000e+02 1.469834718179436894e+00
3.620000000000000000e+02 1.469858923585300570e+00
3.630000000000000000e+02 1.469883124402388885e+00
3.640000000000000000e+02 1.469907320630702063e+00
3.650000000000000000e+02 1.469931512270239882e+00
3.660000000000000000e+02 1.469955699321002562e+00
3.670000000000000000e+02 1.469979881782989883e+00
3.680000000000000000e+02 1.470004059656202289e+00
3.690000000000000000e+02 1.470028232940639112e+00
3.700000000000000000e+02 1.470052401636301020e+00
3.710000000000000000e+02 1.470076565743187569e+00
3.720000000000000000e+02 1.470100725261298757e+00
3.730000000000000000e+02 1.470124880190634808e+00
3.740000000000000000e+02 1.470149030531195722e+00
3.750000000000000000e+02 1.470173176282981276e+00
3.760000000000000000e+02 1.470197317445991692e+00
3.770000000000000000e+02 1.470221454020226970e+00
3.780000000000000000e+02 1.470245586005686889e+00
3.790000000000000000e+02 1.470269713402371448e+00
3.800000000000000000e+02 1.470293836210281091e+00
3.810000000000000000e+02 1.470317954429415375e+00
3.820000000000000000e+02 1.470342068059774299e+00
3.830000000000000000e+02 1.470366177101358085e+00
3.840000000000000000e+02 1.470390281554166734e+00
3.850000000000000000e+02 1.470414381418200023e+00
3.860000000000000000e+02 1.470438476693458174e+00
3.870000000000000000e+02 1.470462567379941188e+00
3.880000000000000000e+02 1.470486653477648842e+00
3.890000000000000000e+02 1.470510734986581136e+00
3.900000000000000000e+02 1.470534811906738515e+00
3.910000000000000000e+02 1.470558884238120534e+00
3.920000000000000000e+02 1.470582951980727193e+00
3.930000000000000000e+02 1.470607015134558715e+00
3.940000000000000000e+02 1.470631073699615099e+00
3.950000000000000000e+02 1.470655127675896123e+00
3.960000000000000000e+02 1.470679177063402010e+00
3.970000000000000000e+02 1.470703221862132759e+00
3.980000000000000000e+02 1.470727262072088148e+00
3.990000000000000000e+02 1.470751297693268178e+00
4.000000000000000000e+02 1.470775328725673292e+00
4.010000000000000000e+02 1.470799355169303047e+00
4.020000000000000000e+02 1.470823377024157441e+00
4.030000000000000000e+02 1.470847394290236698e+00
4.040000000000000000e+02 1.470871406967540818e+00
4.050000000000000000e+02 1.470895415056069577e+00
4.060000000000000000e+02 1.470919418555823199e+00
4.070000000000000000e+02 1.470943417466801684e+00
4.080000000000000000e+02 1.470967411789004808e+00
4.090000000000000000e+02 1.470991401522432573e+00
4.100000000000000000e+02 1.471015386667085423e+00
4.110000000000000000e+02 1.471039367222962913e+00
4.120000000000000000e+02 1.471063343190065043e+00
4.130000000000000000e+02 1.471087314568392035e+00
4.140000000000000000e+02 1.471111281357943890e+00
4.150000000000000000e+02 1.471135243558720385e+00
4.160000000000000000e+02 1.471159201170721742e+00
4.170000000000000000e+02 1.471183154193947740e+00
4.180000000000000000e+02 1.471207102628398600e+00
4.190000000000000000e+02 1.471231046474074322e+00
4.200000000000000000e+02 1.471254985730974685e+00
4.210000000000000000e+02 1.471278920399099910e+00
4.220000000000000000e+02 1.471302850478449997e+00
4.230000000000000000e+02 1.471326775969024725e+00
4.240000000000000000e+02 1.471350696870824315e+00
4.250000000000000000e+02 1.471374613183848545e+00
4.260000000000000000e+02 1.471398524908097638e+00
4.270000000000000000e+02 1.471422432043571371e+00
4.280000000000000000e+02 1.471446334590269966e+00
4.290000000000000000e+02 1.471470232548193424e+00
4.300000000000000000e+02 1.471494125917341522e+00
4.310000000000000000e+02 1.471518014697714483e+00
4.320000000000000000e+02 1.471541898889312305e+00
4.330000000000000000e+02 1.471565778492134768e+00
4.340000000000000000e+02 1.471589653506181872e+00
4.350000000000000000e+02 1.471613523931453837e+00
4.360000000000000000e+02 1.471637389767950665e+00
4.370000000000000000e+02 1.471661251015672356e+00
4.380000000000000000e+02 1.471685107674618687e+00
4.390000000000000000e+02 1.471708959744789880e+00
4.400000000000000000e+02 1.471732807226185713e+00
4.410000000000000000e+02 1.471756650118806409e+00
4.420000000000000000e+02 1.471780488422651745e+00
4.430000000000000000e+02 1.471804322137721943e+00
4.440000000000000000e+02 1.471828151264017004e+00
4.450000000000000000e+02 1.471851975801536705e+00
4.460000000000000000e+02 1.471875795750281268e+00
4.470000000000000000e+02 1.471899611110250472e+00
4.480000000000000000e+02 1.471923421881444538e+00
4.490000000000000000e+02 1.471947228063863466e+00
4.500000000000000000e+02 1.471971029657507035e+00
4.510000000000000000e+02 1.471994826662375466e+00
4.520000000000000000e+02 1.472018619078468760e+00
4.530000000000000000e+02 1.472042406905786693e+00
4.540000000000000000e+02 1.472066190144329267e+00
4.550000000000000000e+02 1.472089968794096926e+00
4.560000000000000000e+02 1.472113742855089003e+00
4.570000000000000000e+02 1.472137512327306164e+00
4.580000000000000000e+02 1.472161277210747965e+00
4.590000000000000000e+02 1.472185037505414629e+00
4.600000000000000000e+02 1.472208793211305933e+00
4.610000000000000000e+02 1.472232544328422099e+00
4.620000000000000000e+02 1.472256290856762906e+00
4.630000000000000000e+02 1.472280032796328575e+00
4.640000000000000000e+02 1.472303770147119106e+00
4.650000000000000000e+02 1.472327502909134278e+00
4.660000000000000000e+02 1.472351231082374312e+00
4.670000000000000000e+02 1.472374954666838986e+00
4.680000000000000000e+02 1.472398673662528523e+00
4.690000000000000000e+02 1.472422388069442922e+00
4.700000000000000000e+02 1.472446097887581962e+00
4.710000000000000000e+02 1.472469803116945863e+00
4.720000000000000000e+02 1.472493503757534627e+00
4.730000000000000000e+02 1.472517199809348032e+00
4.740000000000000000e+02 1.472540891272386077e+00
4.750000000000000000e+02 1.472564578146648984e+00
4.760000000000000000e+02 1.472588260432136753e+00
4.770000000000000000e+02 1.472611938128849385e+00
4.780000000000000000e+02 1.472635611236786657e+00
4.790000000000000000e+02 1.472659279755948569e+00
4.800000000000000000e+02 1.472682943686335566e+00
4.810000000000000000e+02 1.472706603027946981e+00
4.820000000000000000e+02 1.472730257780783480e+00
4.830000000000000000e+02 1.472753907944844620e+00
4.840000000000000000e+02 1.472777553520130400e+00
4.850000000000000000e+02 1.472801194506641265e+00
4.860000000000000000e+02 1.472824830904376769e+00
4.870000000000000000e+02 1.472848462713336914e+00
4.880000000000000000e+02 1.472872089933521922e+00
4.890000000000000000e+02 1.472895712564931792e+00
4.900000000000000000e+02 1.472919330607566302e+00
4.910000000000000000e+02 1.472942944061425674e+00
4.920000000000000000e+02 1.472966552926509687e+00
4.930000000000000000e+02 1.472990157202818562e+00
4.940000000000000000e+02 1.473013756890352299e+00
4.950000000000000000e+02 1.473037351989110677e+00
4.960000000000000000e+02 1.473060942499093917e+00
4.970000000000000000e+02 1.473084528420301798e+00
4.980000000000000000e+02 1.473108109752734540e+00
4.990000000000000000e+02 1.473131686496392145e+00
5.000000000000000000e+02 1.473155258651274391e+00
5.010000000000000000e+02 1.473178826217381499e+00
5.020000000000000000e+02 1.473202389194713247e+00
5.030000000000000000e+02 1.473225947583269857e+00
5.040000000000000000e+02 1.473249501383051330e+00
5.050000000000000000e+02 1.473273050594057443e+00
5.060000000000000000e+02 1.473296595216288418e+00
5.070000000000000000e+02 1.473320135249744034e+00
5.080000000000000000e+02 1.473343670694424512e+00
5.090000000000000000e+02 1.473367201550329852e+00
5.100000000000000000e+02 1.473390727817459833e+00
5.110000000000000000e+02 1.473414249495814676e+00
5.120000000000000000e+02 1.473437766585394160e+00
5.130000000000000000e+02 1.473461279086198505e+00
5.140000000000000000e+02 1.473484786998227714e+00
5.150000000000000000e+02 1.473508290321481562e+00
5.160000000000000000e+02 1.473531789055960273e+00
5.170000000000000000e+02 1.473555283201663624e+00
5.180000000000000000e+02 1.473578772758591837e+00
5.190000000000000000e+02 1.473602257726744913e+00
5.200000000000000000e+02 1.473625738106122629e+00
5.210000000000000000e+02 1.473649213896725207e+00
5.220000000000000000e+02 1.473672685098552426e+00
5.230000000000000000e+02 1.473696151711604507e+00
5.240000000000000000e+02 1.473719613735881451e+00
5.250000000000000000e+02 1.473743071171383034e+00
5.260000000000000000e+02 1.473766524018109481e+00
5.270000000000000000e+02 1.473789972276060567e+00
5.280000000000000000e+02 1.473813415945236516e+00
5.290000000000000000e+02 1.473836855025637327e+00
5.300000000000000000e+02 1.473860289517262778e+00
5.310000000000000000e+02 1.473883719420113092e+00
5.320000000000000000e+02 1.473907144734188046e+00
5.330000000000000000e+02 1.473930565459487863e+00
5.340000000000000000e+02 1.473953981596012541e+00
5.350000000000000000e+02 1.473977393143761860e+00
5.360000000000000000e+02 1.474000800102736042e+00
5.370000000000000000e+02 1.474024202472934864e+00
5.380000000000000000e+02 1.474047600254358548e+00
5.390000000000000000e+02 1.474070993447007094e+00
5.400000000000000000e+02 1.474094382050880281e+00
5.410000000000000000e+02 1.474117766065978330e+00
5.420000000000000000e+02 1.474141145492301019e+00
5.430000000000000000e+02 1.474164520329848571e+00
5.440000000000000000e+02 1.474187890578620763e+00
5.450000000000000000e+02 1.474211256238618040e+00
5.460000000000000000e+02 1.474234617309839734e+00
5.470000000000000000e+02 1.474257973792286514e+00
5.480000000000000000e+02 1.474281325685957933e+00
5.490000000000000000e+02 1.474304672990853993e+00
5.500000000000000000e+02 1.474328015706975137e+00
5.510000000000000000e+02 1.474351353834320699e+00
5.520000000000000000e+02 1.474374687372891346e+00
5.530000000000000000e+02 1.474398016322686633e+00
5.540000000000000000e+02 1.474421340683706561e+00
5.550000000000000000e+02 1.474444660455951350e+00
5.560000000000000000e+02 1.474467975639421002e+00
5.570000000000000000e+02 1.474491286234115517e+00
5.580000000000000000e+02 1.474514592240034450e+00
5.590000000000000000e+02 1.474537893657178467e+00
5.600000000000000000e+02 1.474561190485547124e+00
5.610000000000000000e+02 1.474584482725140644e+00
5.620000000000000000e+02 1.474607770375958804e+00
5.630000000000000000e+02 1.474631053438001826e+00
5.640000000000000000e+02 1.474654331911269711e+00
5.650000000000000000e+02 1.474677605795762236e+00
5.660000000000000000e+02 1.474700875091479624e+00
5.670000000000000000e+02 1.474724139798421652e+00
5.680000000000000000e+02 1.474747399916588542e+00
5.690000000000000000e+02 1.474770655445980294e+00
5.700000000000000000e+02 1.474793906386596687e+00
5.710000000000000000e+02 1.474817152738437942e+00
5.720000000000000000e+02 1.474840394501503837e+00
5.730000000000000000e+02 1.474863631675794595e+00
5.740000000000000000e+02 1.474886864261309993e+00
5.750000000000000000e+02 1.474910092258050476e+00
5.760000000000000000e+02 1.474933315666015377e+00
5.770000000000000000e+02 1.474956534485205362e+00
5.780000000000000000e+02 1.474979748715619987e+00
5.790000000000000000e+02 1.475002958357259253e+00
5.800000000000000000e+02 1.475026163410123381e+00
5.810000000000000000e+02 1.475049363874212371e+00
5.820000000000000000e+02 1.475072559749526002e+00
5.830000000000000000e+02 1.475095751036064495e+00
5.840000000000000000e+02 1.475118937733827851e+00
5.850000000000000000e+02 1.475142119842815847e+00
5.860000000000000000e+02 1.475165297363028705e+00
5.870000000000000000e+02 1.475188470294466203e+00
5.880000000000000000e+02 1.475211638637128564e+00
5.890000000000000000e+02 1.475234802391015787e+00
5.900000000000000000e+02 1.475257961556127650e+00
5.910000000000000000e+02 1.475281116132464154e+00
5.920000000000000000e+02 1.475304266120025742e+00
5.930000000000000000e+02 1.475327411518811971e+00
5.940000000000000000e+02 1.475350552328822840e+00
5.950000000000000000e+02 1.475373688550058571e+00
5.960000000000000000e+02 1.475396820182519164e+00
5.970000000000000000e+02 1.475419947226204398e+00
5.980000000000000000e+02 1.475443069681114494e+00
5.990000000000000000e+02 1.475466187547249453e+00
6.000000000000000000e+02 1.475489300824609051e+00
6.010000000000000000e+02 1.475512409513193512e+00
6.020000000000000000e+02 1.475535513613002614e+00
6.030000000000000000e+02 1.475558613124036578e+00
6.040000000000000000e+02 1.475581708046295404e+00
6.050000000000000000e+02 1.475604798379778870e+00
6.060000000000000000e+02 1.475627884124486977e+00
6.070000000000000000e+02 1.475650965280420168e+00
6.080000000000000000e+02 1.475674041847578000e+00
6.090000000000000000e+02 1.475697113825960471e+00
6.100000000000000000e+02 1.475720181215567806e+00
6.110000000000000000e+02 1.475743244016400002e+00
6.120000000000000000e+02 1.475766302228456839e+00
6.130000000000000000e+02 1.475789355851738538e+00
6.140000000000000000e+02 1.475812404886245099e+00
6.150000000000000000e+02 1.475835449331976301e+00
6.160000000000000000e+02 1.475858489188932365e+00
6.170000000000000000e+02 1.475881524457113070e+00
6.180000000000000000e+02 1.475904555136518637e+00
6.190000000000000000e+02 1.475927581227148844e+00
6.200000000000000000e+02 1.475950602729004135e+00
6.210000000000000000e+02 1.475973619642083845e+00
6.220000000000000000e+02 1.475996631966388639e+00
6.230000000000000000e+02 1.476019639701917852e+00
6.240000000000000000e+02 1.476042642848672148e+00
6.250000000000000000e+02 1.476065641406651086e+00
6.260000000000000000e+02 1.476088635375854885e+00
6.270000000000000000e+02 1.476111624756283325e+00
6.280000000000000000e+02 1.476134609547936627e+00
6.290000000000000000e+02 1.476157589750814791e+00
6.300000000000000000e+02 1.476180565364917596e+00
6.310000000000000000e+02 1.476203536390245041e+00
6.320000000000000000e+02 1.476226502826797571e+00
6.330000000000000000e+02 1.476249464674574741e+00
6.340000000000000000e+02 1.476272421933576551e+00
6.350000000000000000e+02 1.476295374603803223e+00
6.360000000000000000e+02 1.476318322685254758e+00
6.370000000000000000e+02 1.476341266177930933e+00
6.380000000000000000e+02 1.476364205081831971e+00
6.390000000000000000e+02 1.476387139396957870e+00
6.400000000000000000e+02 1.476410069123308411e+00
6.410000000000000000e+02 1.476432994260883591e+00
6.420000000000000000e+02 1.476455914809683856e+00
6.430000000000000000e+02 1.476478830769708761e+00
6.440000000000000000e+02 1.476501742140958306e+00
6.450000000000000000e+02 1.476524648923432714e+00
6.460000000000000000e+02 1.476547551117131984e+00
6.470000000000000000e+02 1.476570448722055895e+00
6.480000000000000000e+02 1.476593341738204668e+00
6.490000000000000000e+02 1.476616230165578081e+00
6.500000000000000000e+02 1.476639114004176578e+00
6.510000000000000000e+02 1.476661993253999494e+00
6.520000000000000000e+02 1.476684867915047494e+00
6.530000000000000000e+02 1.476707737987319913e+00
6.540000000000000000e+02 1.476730603470817416e+00
6.550000000000000000e+02 1.476753464365539559e+00
6.560000000000000000e+02 1.476776320671486564e+00
6.570000000000000000e+02 1.476799172388658210e+00
6.580000000000000000e+02 1.476822019517054718e+00
6.590000000000000000e+02 1.476844862056675867e+00
6.600000000000000000e+02 1.476867700007521877e+00
6.610000000000000000e+02 1.476890533369592751e+00
6.620000000000000000e+02 1.476913362142888264e+00
6.630000000000000000e+02 1.476936186327408640e+00
6.640000000000000000e+02 1.476959005923153878e+00
6.650000000000000000e+02 1.476981820930123757e+00
6.660000000000000000e+02 1.477004631348318497e+00
6.670000000000000000e+02 1.477027437177737879e+00
6.680000000000000000e+02 1.477050238418382122e+00
6.690000000000000000e+02 1.477073035070251006e+00
6.700000000000000000e+02 1.477095827133344752e+00
6.710000000000000000e+02 1.477118614607663361e+00
6.720000000000000000e+02 1.477141397493206609e+00
6.730000000000000000e+02 1.477164175789974720e+00
6.740000000000000000e+02 1.477186949497967694e+00
6.750000000000000000e+02 1.477209718617185308e+00
6.760000000000000000e+02 1.477232483147627562e+00
6.770000000000000000e+02 1.477255243089294900e+00
6.780000000000000000e+02 1.477277998442186657e+00
6.790000000000000000e+02 1.477300749206303498e+00
6.800000000000000000e+02 1.477323495381644980e+00
6.810000000000000000e+02 1.477346236968211324e+00
6.820000000000000000e+02 1.477368973966002308e+00
6.830000000000000000e+02 1.477391706375018154e+00
6.840000000000000000e+02 1.477414434195258641e+00
6.850000000000000000e+02 1.477437157426723990e+00
6.860000000000000000e+02 1.477459876069414202e+00
6.870000000000000000e+02 1.477482590123329054e+00
6.880000000000000000e+02 1.477505299588468768e+00
6.890000000000000000e+02 1.477528004464833122e+00
6.900000000000000000e+02 1.477550704752422561e+00
6.910000000000000000e+02 1.477573400451236418e+00
6.920000000000000000e+02 1.477596091561275138e+00
6.930000000000000000e+02 1.477618778082538720e+00
6.940000000000000000e+02 1.477641460015027164e+00
6.950000000000000000e+02 1.477664137358740248e+00
6.960000000000000000e+02 1.477686810113677973e+00
6.970000000000000000e+02 1.477709478279840782e+00
6.980000000000000000e+02 1.477732141857228232e+00
6.990000000000000000e+02 1.477754800845840322e+00
7.000000000000000000e+02 1.477777455245677274e+00
7.010000000000000000e+02 1.477800105056739088e+00
7.020000000000000000e+02 1.477822750279025543e+00
7.030000000000000000e+02 1.477845390912536860e+00
7.040000000000000000e+02 1.477868026957272818e+00
7.050000000000000000e+02 1.477890658413233638e+00
7.060000000000000000e+02 1.477913285280419320e+00
7.070000000000000000e+02 1.477935907558829642e+00
7.080000000000000000e+02 1.477958525248464827e+00
7.090000000000000000e+02 1.477981138349324652e+00
7.100000000000000000e+02 1.478003746861409562e+00
7.110000000000000000e+02 1.478026350784718890e+00
7.120000000000000000e+02 1.478048950119253080e+00
7.130000000000000000e+02 1.478071544865012132e+00
7.140000000000000000e+02 1.478094135021996047e+00
7.150000000000000000e+02 1.478116720590204602e+00
7.160000000000000000e+02 1.478139301569637798e+00
7.170000000000000000e+02 1.478161877960296078e+00
7.180000000000000000e+02 1.478184449762178776e+00
7.190000000000000000e+02 1.478207016975286558e+00
7.200000000000000000e+02 1.478229579599618981e+00
7.210000000000000000e+02 1.478252137635176267e+00
7.220000000000000000e+02 1.478274691081958192e+00
7.230000000000000000e+02 1.478297239939964980e+00
7.240000000000000000e+02 1.478319784209196408e+00
7.250000000000000000e+02 1.478342323889652699e+00
7.260000000000000000e+02 1.478364858981333851e+00
7.270000000000000000e+02 1.478387389484239645e+00
7.280000000000000000e+02 1.478409915398370300e+00
7.290000000000000000e+02 1.478432436723725596e+00
7.300000000000000000e+02 1.478454953460305754e+00
7.310000000000000000e+02 1.478477465608110775e+00
7.320000000000000000e+02 1.478499973167140435e+00
7.330000000000000000e+02 1.478522476137394959e+00
7.340000000000000000e+02 1.478544974518874122e+00
7.350000000000000000e+02 1.478567468311578148e+00
7.360000000000000000e+02 1.478589957515507036e+00
7.370000000000000000e+02 1.478612442130660565e+00
7.380000000000000000e+02 1.478634922157038956e+00
7.390000000000000000e+02 1.478657397594641987e+00
7.400000000000000000e+02 1.478679868443469880e+00
7.410000000000000000e+02 1.478702334703522636e+00
7.420000000000000000e+02 1.478724796374800032e+00
7.430000000000000000e+02 1.478747253457302291e+00
7.440000000000000000e+02 1.478769705951029190e+00
7.450000000000000000e+02 1.478792153855980951e+00
7.460000000000000000e+02 1.478814597172157574e+00
7.470000000000000000e+02 1.478837035899558838e+00
7.480000000000000000e+02 1.478859470038184964e+00
7.490000000000000000e+02 1.478881899588035953e+00
7.500000000000000000e+02 1.478904324549111582e+00
7.510000000000000000e+02 1.478926744921411851e+00
7.520000000000000000e+02 1.478949160704936983e+00
7.530000000000000000e+02 1.478971571899686976e+00
7.540000000000000000e+02 1.478993978505661833e+00
7.550000000000000000e+02 1.479016380522861329e+00
7.560000000000000000e+02 1.479038777951285466e+00
7.570000000000000000e+02 1.479061170790934465e+00
7.580000000000000000e+02 1.479083559041808327e+00
7.590000000000000000e+02 1.479105942703907051e+00
7.600000000000000000e+02 1.479128321777230415e+00
7.610000000000000000e+02 1.479150696261778419e+00
7.620000000000000000e+02 1.479173066157551286e+00
7.630000000000000000e+02 1.479195431464549015e+00
7.640000000000000000e+02 1.479217792182771607e+00
7.650000000000000000e+02 1.479240148312218839e+00
7.660000000000000000e+02 1.479262499852890711e+00
7.670000000000000000e+02 1.479284846804787446e+00
7.680000000000000000e+02 1.479307189167909042e+00
7.690000000000000000e+02 1.479329526942255502e+00
7.700000000000000000e+02 1.479351860127826601e+00
7.710000000000000000e+02 1.479374188724622341e+00
7.720000000000000000e+02 1.479396512732642943e+00
7.730000000000000000e+02 1.479418832151888408e+00
7.740000000000000000e+02 1.479441146982358735e+00
7.750000000000000000e+02 1.479463457224053702e+00
7.760000000000000000e+02 1.479485762876973309e+00
7.770000000000000000e+02 1.479508063941117779e+00
7.780000000000000000e+02 1.479530360416487111e+00
7.790000000000000000e+02 1.479552652303081084e+00
7.800000000000000000e+02 1.479574939600899919e+00
7.810000000000000000e+02 1.479597222309943616e+00
7.820000000000000000e+02 1.479619500430211954e+00
7.830000000000000000e+02 1.479641773961705153e+00
7.840000000000000000e+02 1.479664042904422994e+00
7.850000000000000000e+02 1.479686307258365696e+00
7.860000000000000000e+02 1.479708567023533261e+00
7.870000000000000000e+02 1.479730822199925466e+00
7.880000000000000000e+02 1.479753072787542534e+00
7.890000000000000000e+02 1.479775318786384242e+00
7.900000000000000000e+02 1.479797560196450812e+00
7.910000000000000000e+02 1.479819797017742244e+00
7.920000000000000000e+02 1.479842029250258317e+00
7.930000000000000000e+02 1.479864256893999253e+00
7.940000000000000000e+02 1.479886479948964828e+00
7.950000000000000000e+02 1.479908698415155266e+00
7.960000000000000000e+02 1.479930912292570566e+00
7.970000000000000000e+02 1.479953121581210507e+00
7.980000000000000000e+02 1.479975326281075310e+00
7.990000000000000000e+02 1.479997526392164753e+00
8.000000000000000000e+02 1.480019721914479058e+00
8.010000000000000000e+02 1.480041912848018226e+00
8.020000000000000000e+02 1.480064099192782034e+00
8.030000000000000000e+02 1.480086280948770483e+00
8.040000000000000000e+02 1.480108458115984016e+00
8.050000000000000000e+02 1.480130630694422189e+00
8.060000000000000000e+02 1.480152798684085003e+00
8.070000000000000000e+02 1.480174962084972901e+00
8.080000000000000000e+02 1.480197120897085217e+00
8.090000000000000000e+02 1.480219275120422617e+00
8.100000000000000000e+02 1.480241424754984658e+00
8.110000000000000000e+02 1.480263569800771339e+00
8.120000000000000000e+02 1.480285710257782883e+00
8.130000000000000000e+02 1.480307846126019289e+00
8.140000000000000000e+02 1.480329977405480335e+00
8.150000000000000000e+02 1.480352104096166244e+00
8.160000000000000000e+02 1.480374226198077015e+00
8.170000000000000000e+02 1.480396343711212426e+00
8.180000000000000000e+02 1.480418456635572699e+00
8.190000000000000000e+02 1.480440564971157613e+00
8.200000000000000000e+02 1.480462668717967389e+00
8.210000000000000000e+02 1.480484767876002028e+00
8.220000000000000000e+02 1.480506862445261307e+00
8.230000000000000000e+02 1.480528952425745448e+00
8.240000000000000000e+02 1.480551037817454230e+00
8.250000000000000000e+02 1.480573118620387874e+00
8.260000000000000000e+02 1.480595194834546380e+00
8.270000000000000000e+02 1.480617266459929526e+00
8.280000000000000000e+02 1.480639333496537313e+00
8.290000000000000000e+02 1.480661395944370184e+00
8.300000000000000000e+02 1.480683453803427696e+00
8.310000000000000000e+02 1.480705507073709848e+00
8.320000000000000000e+02 1.480727555755216862e+00
8.330000000000000000e+02 1.480749599847948739e+00
8.340000000000000000e+02 1.480771639351905256e+00
8.350000000000000000e+02 1.480793674267086635e+00
8.360000000000000000e+02 1.480815704593492876e+00
8.370000000000000000e+02 1.480837730331123758e+00
8.380000000000000000e+02 1.480859751479979503e+00
8.390000000000000000e+02 1.480881768040059887e+00
8.400000000000000000e+02 1.480903780011365134e+00
8.410000000000000000e+02 1.480925787393895243e+00
8.420000000000000000e+02 1.480947790187649993e+00
8.430000000000000000e+02 1.480969788392629383e+00
8.440000000000000000e+02 1.480991782008833857e+00
8.450000000000000000e+02 1.481013771036262971e+00
8.460000000000000000e+02 1.481035755474916726e+00
8.470000000000000000e+02 1.481057735324795344e+00
8.480000000000000000e+02 1.481079710585898823e+00
8.490000000000000000e+02 1.481101681258226943e+00
8.500000000000000000e+02 1.481123647341779925e+00
8.510000000000000000e+02 1.481145608836557770e+00
8.520000000000000000e+02 1.481167565742560255e+00
8.530000000000000000e+02 1.481189518059787602e+00
8.540000000000000000e+02 1.481211465788239590e+00
8.550000000000000000e+02 1.481233408927916440e+00
8.560000000000000000e+02 1.481255347478818152e+00
8.570000000000000000e+02 1.481277281440944504e+00
8.580000000000000000e+02 1.481299210814295497e+00
8.590000000000000000e+02 1.481321135598871575e+00
8.600000000000000000e+02 1.481343055794672292e+00
8.610000000000000000e+02 1.481364971401697650e+00
8.620000000000000000e+02 1.481386882419947870e+00
8.630000000000000000e+02 1.481408788849422953e+00
8.640000000000000000e+02 1.481430690690122676e+00
8.650000000000000000e+02 1.481452587942047261e+00
8.660000000000000000e+02 1.481474480605196709e+00
8.670000000000000000e+02 1.481496368679570796e+00
8.680000000000000000e+02 1.481518252165169747e+00
8.690000000000000000e+02 1.481540131061993337e+00
8.700000000000000000e+02 1.481562005370041790e+00
8.710000000000000000e+02 1.481583875089314883e+00
8.720000000000000000e+02 1.481605740219812839e+00
8.730000000000000000e+02 1.481627600761535657e+00
8.740000000000000000e+02 1.481649456714483115e+00
8.750000000000000000e+02 1.481671308078655436e+00
8.760000000000000000e+02 1.481693154854052619e+00
8.770000000000000000e+02 1.481714997040674442e+00
8.780000000000000000e+02 1.481736834638521128e+00
8.790000000000000000e+02 1.481758667647592453e+00
8.800000000000000000e+02 1.481780496067888642e+00
8.810000000000000000e+02 1.481802319899409470e+00
8.820000000000000000e+02 1.481824139142155161e+00
8.830000000000000000e+02 1.481845953796125714e+00
8.840000000000000000e+02 1.481867763861321130e+00
8.850000000000000000e+02 1.481889569337740964e+00
8.860000000000000000e+02 1.481911370225385882e+00
8.870000000000000000e+02 1.481933166524255441e+00
8.880000000000000000e+02 1.481954958234349862e+00
8.890000000000000000e+02 1.481976745355668923e+00
8.900000000000000000e+02 1.481998527888212847e+00
8.910000000000000000e+02 1.482020305831981410e+00
8.920000000000000000e+02 1.482042079186974837e+00
8.930000000000000000e+02 1.482063847953193125e+00
8.940000000000000000e+02 1.482085612130636054e+00
8.950000000000000000e+02 1.482107371719303845e+00
8.960000000000000000e+02 1.482129126719196499e+00
8.970000000000000000e+02 1.482150877130313793e+00
8.980000000000000000e+02 1.482172622952655949e+00
8.990000000000000000e+02 1.482194364186222746e+00
9.000000000000000000e+02 1.482216100831014405e+00
9.010000000000000000e+02 1.482237832887030704e+00
9.020000000000000000e+02 1.482259560354271866e+00
9.030000000000000000e+02 1.482281283232737890e+00
9.040000000000000000e+02 1.482303001522428554e+00
9.050000000000000000e+02 1.482324715223344080e+00
9.060000000000000000e+02 1.482346424335484469e+00
9.070000000000000000e+02 1.482368128858849499e+00
9.080000000000000000e+02 1.482389828793439168e+00
9.090000000000000000e+02 1.482411524139253922e+00
9.100000000000000000e+02 1.482433214896293316e+00
9.110000000000000000e+02 1.482454901064557351e+00
9.120000000000000000e+02 1.482476582644046248e+00
9.130000000000000000e+02 1.482498259634760007e+00
9.140000000000000000e+02 1.482519932036698407e+00
9.150000000000000000e+02 1.482541599849861669e+00
9.160000000000000000e+02 1.482563263074249793e+00
9.170000000000000000e+02 1.482584921709862558e+00
9.180000000000000000e+02 1.482606575756699963e+00
9.190000000000000000e+02 1.482628225214762452e+00
9.200000000000000000e+02 1.482649870084049359e+00
9.210000000000000000e+02 1.482671510364561351e+00
9.220000000000000000e+02 1.482693146056297984e+00
9.230000000000000000e+02 1.482714777159259478e+00
9.240000000000000000e+02 1.482736403673445613e+00
9.250000000000000000e+02 1.482758025598856610e+00
9.260000000000000000e+02 1.482779642935492248e+00
9.270000000000000000e+02 1.482801255683352748e+00
9.280000000000000000e+02 1.482822863842438110e+00
9.290000000000000000e+02 1.482844467412748113e+00
9.300000000000000000e+02 1.482866066394282978e+00
9.310000000000000000e+02 1.482887660787042705e+00
9.320000000000000000e+02 1.482909250591027073e+00
9.330000000000000000e+02 1.482930835806236081e+00
9.340000000000000000e+02 1.482952416432670173e+00
9.350000000000000000e+02 1.482973992470328684e+00
9.360000000000000000e+02 1.482995563919212278e+00
9.370000000000000000e+02 1.483017130779320514e+00
9.380000000000000000e+02 1.483038693050653611e+00
9.390000000000000000e+02 1.483060250733211349e+00
9.400000000000000000e+02 1.483081803826993950e+00
9.410000000000000000e+02 1.483103352332001190e+00
9.420000000000000000e+02 1.483124896248233293e+00
9.430000000000000000e+02 1.483146435575690258e+00
9.440000000000000000e+02 1.483167970314371864e+00
9.450000000000000000e+02 1.483189500464278332e+00
9.460000000000000000e+02 1.483211026025409440e+00
9.470000000000000000e+02 1.483232546997765411e+00
9.480000000000000000e+02 1.483254063381346244e+00
9.490000000000000000e+02 1.483275575176151717e+00
9.500000000000000000e+02 1.483297082382182053e+00
9.510000000000000000e+02 1.483318584999437251e+00
9.520000000000000000e+02 1.483340083027917089e+00
9.530000000000000000e+02 1.483361576467621568e+00
9.540000000000000000e+02 1.483383065318551131e+00
9.550000000000000000e+02 1.483404549580705112e+00
9.560000000000000000e+02 1.483426029254084177e+00
9.570000000000000000e+02 1.483447504338687883e+00
9.580000000000000000e+02 1.483468974834516452e+00
9.590000000000000000e+02 1.483490440741569660e+00
9.600000000000000000e+02 1.483511902059847731e+00
9.610000000000000000e+02 1.483533358789350443e+00
9.620000000000000000e+02 1.483554810930078016e+00
9.630000000000000000e+02 1.483576258482030452e+00
9.640000000000000000e+02 1.483597701445207528e+00
9.650000000000000000e+02 1.483619139819609467e+00
9.660000000000000000e+02 1.483640573605236046e+00
9.670000000000000000e+02 1.483662002802087487e+00
9.680000000000000000e+02 1.483683427410163791e+00
9.690000000000000000e+02 1.483704847429464735e+00
9.700000000000000000e+02 1.483726262859990541e+00
9.710000000000000000e+02 1.483747673701740988e+00
9.720000000000000000e+02 1.483769079954716297e+00
9.730000000000000000e+02 1.483790481618916468e+00
9.740000000000000000e+02 1.483811878694341280e+00
9.750000000000000000e+02 1.483833271180990954e+00
9.760000000000000000e+02 1.483854659078865490e+00
9.770000000000000000e+02 1.483876042387964667e+00
9.780000000000000000e+02 1.483897421108288484e+00
9.790000000000000000e+02 1.483918795239837163e+00
9.800000000000000000e+02 1.483940164782610704e+00
9.810000000000000000e+02 1.483961529736609108e+00
9.820000000000000000e+02 1.483982890101832153e+00
9.830000000000000000e+02 1.484004245878279837e+00
9.840000000000000000e+02 1.484025597065952606e+00
9.850000000000000000e+02 1.484046943664849794e+00
9.860000000000000000e+02 1.484068285674972065e+00
9.870000000000000000e+02 1.484089623096318977e+00
9.880000000000000000e+02 1.484110955928890530e+00
9.890000000000000000e+02 1.484132284172687166e+00
9.900000000000000000e+02 1.484153607827708221e+00
9.910000000000000000e+02 1.484174926893954360e+00
9.920000000000000000e+02 1.484196241371425140e+00
9.930000000000000000e+02 1.484217551260120560e+00
9.940000000000000000e+02 1.484238856560041064e+00
9.950000000000000000e+02 1.484260157271185987e+00
9.960000000000000000e+02 1.484281453393555994e+00
9.970000000000000000e+02 1.484302744927150641e+00
9.980000000000000000e+02 1.484324031871969929e+00
9.990000000000000000e+02 1.484345314228014301e+00
1.000000000000000000e+03 1.484366591995283313e+00
1.001000000000000000e+03 1.484387865173776966e+00
1.002000000000000000e+03 1.484409133763495481e+00
1.003000000000000000e+03 1.484430397764438858e+00
1.004000000000000000e+03 1.484451657176606876e+00
1.005000000000000000e+03 1.484472911999999756e+00
1.006000000000000000e+03 1.484494162234617276e+00
1.007000000000000000e+03 1.484515407880459659e+00
1.008000000000000000e+03 1.484536648937526904e+00
1.009000000000000000e+03 1.484557885405818789e+00
1.010000000000000000e+03 1.484579117285335537e+00
1.011000000000000000e+03 1.484600344576076925e+00
1.012000000000000000e+03 1.484621567278043175e+00
1.013000000000000000e+03 1.484642785391234288e+00
1.014000000000000000e+03 1.484663998915650041e+00
1.015000000000000000e+03 1.484685207851290656e+00
1.016000000000000000e+03 1.484706412198155911e+00
1.017000000000000000e+03 1.484727611956246029e+00
1.018000000000000000e+03 1.484748807125561010e+00
1.019000000000000000e+03 1.484769997706100630e+00
1.020000000000000000e+03 1.484791183697864891e+00
1.021000000000000000e+03 1.484812365100854237e+00
