# order=19: data_wav [pixel], data_wavsolution [micron]
1.200000000000000000e+01 2.039578105358803572e+00
1.300000000000000000e+01 2.039611235244815468e+00
1.400000000000000000e+01 2.039644361592265032e+00
1.500000000000000000e+01 2.039677484399475382e+00
1.600000000000000000e+01 2.039710603664770527e+00
1.700000000000000000e+01 2.039743719386473142e+00
1.800000000000000000e+01 2.039776831562907677e+00
1.900000000000000000e+01 2.039809940192396365e+00
2.000000000000000000e+01 2.039843045273263211e+00
2.100000000000000000e+01 2.039876146803831336e+00
2.200000000000000000e+01 2.039909244782424746e+00
2.300000000000000000e+01 2.039942339207366118e+00
2.400000000000000000e+01 2.039975430076979457e+00
2.500000000000000000e+01 2.040008517389587439e+00
2.600000000000000000e+01 2.040041601143514072e+00
2.700000000000000000e+01 2.040074681337082474e+00
2.800000000000000000e+01 2.040107757968616209e+00
2.900000000000000000e+01 2.040140831036438396e+00
3.000000000000000000e+01 2.040173900538872598e+00
3.100000000000000000e+01 2.040206966474242378e+00
3.200000000000000000e+01 2.040240028840870856e+00
3.300000000000000000e+01 2.040273087637081151e+00
3.400000000000000000e+01 2.040306142861197714e+00
3.500000000000000000e+01 2.040339194511542775e+00
3.600000000000000000e+01 2.040372242586440343e+00
3.700000000000000000e+01 2.040405287084213537e+00
3.800000000000000000e+01 2.040438328003186363e+00
3.900000000000000000e+01 2.040471365341681498e+00
4.000000000000000000e+01 2.040504399098022503e+00
4.100000000000000000e+01 2.040537429270532943e+00
4.200000000000000000e+01 2.040570455857535936e+00
4.300000000000000000e+01 2.040603478857355046e+00
4.400000000000000000e+01 2.040636498268313836e+00
4.500000000000000000e+01 2.040669514088735870e+00
4.600000000000000000e+01 2.040702526316943821e+00
4.700000000000000000e+01 2.040735534951261698e+00
4.800000000000000000e+01 2.040768539990012620e+00
4.900000000000000000e+01 2.040801541431519706e+00
5.000000000000000000e+01 2.040834539274107406e+00
5.100000000000000000e+01 2.040867533516097954e+00
5.200000000000000000e+01 2.040900524155814910e+00
5.300000000000000000e+01 2.040933511191582284e+00
5.400000000000000000e+01 2.040966494621723193e+00
5.500000000000000000e+01 2.040999474444560757e+00
5.600000000000000000e+01 2.041032450658418984e+00
5.700000000000000000e+01 2.041065423261620548e+00
5.800000000000000000e+01 2.041098392252489457e+00
5.900000000000000000e+01 2.041131357629348386e+00
6.000000000000000000e+01 2.041164319390521342e+00
6.100000000000000000e+01 2.041197277534331445e+00
6.200000000000000000e+01 2.041230232059102256e+00
6.300000000000000000e+01 2.041263182963157341e+00
6.400000000000000000e+01 2.041296130244819818e+00
6.500000000000000000e+01 2.041329073902412805e+00
6.600000000000000000e+01 2.041362013934260311e+00
6.700000000000000000e+01 2.041394950338685010e+00
6.800000000000000000e+01 2.041427883114010911e+00
6.900000000000000000e+01 2.041460812258561131e+00
7.000000000000000000e+01 2.041493737770659234e+00
7.100000000000000000e+01 2.041526659648628783e+00
7.200000000000000000e+01 2.041559577890792454e+00
7.300000000000000000e+01 2.041592492495474254e+00
7.400000000000000000e+01 2.041625403460997745e+00
7.500000000000000000e+01 2.041658310785685604e+00
7.600000000000000000e+01 2.041691214467861837e+00
7.700000000000000000e+01 2.041724114505849563e+00
7.800000000000000000e+01 2.041757010897972346e+00
7.900000000000000000e+01 2.041789903642553305e+00
8.000000000000000000e+01 2.041822792737916004e+00
8.100000000000000000e+01 2.041855678182383560e+00
8.200000000000000000e+01 2.041888559974279982e+00
8.300000000000000000e+01 2.041921438111928389e+00
8.400000000000000000e+01 2.041954312593651899e+00
8.500000000000000000e+01 2.041987183417774077e+00
8.600000000000000000e+01 2.042020050582618484e+00
8.700000000000000000e+01 2.042052914086508242e+00
8.800000000000000000e+01 2.042085773927767356e+00
8.900000000000000000e+01 2.042118630104718058e+00
9.000000000000000000e+01 2.042151482615684799e+00
9.100000000000000000e+01 2.042184331458990698e+00
9.200000000000000000e+01 2.042217176632958875e+00
9.300000000000000000e+01 2.042250018135913336e+00
9.400000000000000000e+01 2.042282855966176314e+00
9.500000000000000000e+01 2.042315690122072702e+00
9.600000000000000000e+01 2.042348520601924733e+00
9.700000000000000000e+01 2.042381347404055969e+00
9.800000000000000000e+01 2.042414170526790418e+00
9.900000000000000000e+01 2.042446989968451199e+00
1.000000000000000000e+02 2.042479805727361430e+00
1.010000000000000000e+02 2.042512617801844677e+00
1.020000000000000000e+02 2.042545426190224056e+00
1.030000000000000000e+02 2.042578230890823576e+00
1.040000000000000000e+02 2.042611031901966356e+00
1.050000000000000000e+02 2.042643829221975516e+00
1.060000000000000000e+02 2.042676622849174617e+00
1.070000000000000000e+02 2.042709412781887224e+00
1.080000000000000000e+02 2.042742199018436899e+00
1.090000000000000000e+02 2.042774981557146319e+00
1.100000000000000000e+02 2.042807760396339489e+00
1.110000000000000000e+02 2.042840535534339530e+00
1.120000000000000000e+02 2.042873306969470004e+00
1.130000000000000000e+02 2.042906074700054031e+00
1.140000000000000000e+02 2.042938838724415618e+00
1.150000000000000000e+02 2.042971599040877440e+00
1.160000000000000000e+02 2.043004355647763060e+00
1.170000000000000000e+02 2.043037108543396041e+00
1.180000000000000000e+02 2.043069857726099947e+00
1.190000000000000000e+02 2.043102603194197897e+00
1.200000000000000000e+02 2.043135344946013454e+00
1.210000000000000000e+02 2.043168082979869737e+00
1.220000000000000000e+02 2.043200817294090754e+00
1.230000000000000000e+02 2.043233547886999180e+00
1.240000000000000000e+02 2.043266274756918577e+00
1.250000000000000000e+02 2.043298997902172509e+00
1.260000000000000000e+02 2.043331717321084540e+00
1.270000000000000000e+02 2.043364433011977344e+00
1.280000000000000000e+02 2.043397144973175372e+00
1.290000000000000000e+02 2.043429853203000857e+00
1.300000000000000000e+02 2.043462557699778248e+00
1.310000000000000000e+02 2.043495258461830666e+00
1.320000000000000000e+02 2.043527955487480785e+00
1.330000000000000000e+02 2.043560648775053057e+00
1.340000000000000000e+02 2.043593338322870157e+00
1.350000000000000000e+02 2.043626024129255647e+00
1.360000000000000000e+02 2.043658706192532648e+00
1.370000000000000000e+02 2.043691384511025166e+00
1.380000000000000000e+02 2.043724059083056321e+00
1.390000000000000000e+02 2.043756729906949676e+00
1.400000000000000000e+02 2.043789396981028350e+00
1.410000000000000000e+02 2.043822060303615462e+00
1.420000000000000000e+02 2.043854719873035020e+00
1.430000000000000000e+02 2.043887375687610142e+00
1.440000000000000000e+02 2.043920027745664392e+00
1.450000000000000000e+02 2.043952676045520889e+00
1.460000000000000000e+02 2.043985320585503196e+00
1.470000000000000000e+02 2.044017961363934432e+00
1.480000000000000000e+02 2.044050598379138606e+00
1.490000000000000000e+02 2.044083231629438391e+00
1.500000000000000000e+02 2.044115861113157795e+00
1.510000000000000000e+02 2.044148486828619493e+00
1.520000000000000000e+02 2.044181108774147937e+00
1.530000000000000000e+02 2.044213726948065357e+00
1.540000000000000000e+02 2.044246341348696205e+00
1.550000000000000000e+02 2.044278951974362712e+00
1.560000000000000000e+02 2.044311558823389330e+00
1.570000000000000000e+02 2.044344161894099177e+00
1.580000000000000000e+02 2.044376761184815372e+00
1.590000000000000000e+02 2.044409356693861479e+00
1.600000000000000000e+02 2.044441948419561061e+00
1.610000000000000000e+02 2.044474536360237238e+00
1.620000000000000000e+02 2.044507120514213128e+00
1.630000000000000000e+02 2.044539700879812738e+00
1.640000000000000000e+02 2.044572277455359632e+00
1.650000000000000000e+02 2.044604850239176042e+00
1.660000000000000000e+02 2.044637419229586417e+00
1.670000000000000000e+02 2.044669984424914322e+00
1.680000000000000000e+02 2.044702545823481987e+00
1.690000000000000000e+02 2.044735103423613864e+00
1.700000000000000000e+02 2.044767657223632629e+00
1.710000000000000000e+02 2.044800207221862287e+00
1.720000000000000000e+02 2.044832753416625959e+00
1.730000000000000000e+02 2.044865295806247207e+00
1.740000000000000000e+02 2.044897834389049152e+00
1.750000000000000000e+02 2.044930369163355355e+00
1.760000000000000000e+02 2.044962900127488936e+00
1.770000000000000000e+02 2.044995427279773459e+00
1.780000000000000000e+02 2.045027950618532486e+00
1.790000000000000000e+02 2.045060470142089581e+00
1.800000000000000000e+02 2.045092985848767420e+00
1.810000000000000000e+02 2.045125497736890008e+00
1.820000000000000000e+02 2.045158005804780910e+00
1.830000000000000000e+02 2.045190510050762800e+00
1.840000000000000000e+02 2.045223010473159242e+00
1.850000000000000000e+02 2.045255507070294243e+00
1.860000000000000000e+02 2.045287999840490478e+00
1.870000000000000000e+02 2.045320488782071955e+00
1.880000000000000000e+02 2.045352973893361792e+00
1.890000000000000000e+02 2.045385455172683109e+00
1.900000000000000000e+02 2.045417932618359469e+00
1.910000000000000000e+02 2.045450406228714435e+00
1.920000000000000000e+02 2.045482876002071571e+00
1.930000000000000000e+02 2.045515341936753995e+00
1.940000000000000000e+02 2.045547804031084826e+00
1.950000000000000000e+02 2.045580262283388073e+00
1.960000000000000000e+02 2.045612716691986410e+00
1.970000000000000000e+02 2.045645167255203845e+00
1.980000000000000000e+02 2.045677613971363495e+00
1.990000000000000000e+02 2.045710056838788926e+00
2.000000000000000000e+02 2.045742495855803256e+00
2.010000000000000000e+02 2.045774931020730492e+00
2.020000000000000000e+02 2.045807362331893309e+00
2.030000000000000000e+02 2.045839789787615270e+00
2.040000000000000000e+02 2.045872213386219940e+00
2.050000000000000000e+02 2.045904633126030436e+00
2.060000000000000000e+02 2.045937049005370767e+00
2.070000000000000000e+02 2.045969461022563607e+00
2.080000000000000000e+02 2.046001869175932963e+00
2.090000000000000000e+02 2.046034273463801512e+00
2.100000000000000000e+02 2.046066673884493703e+00
2.110000000000000000e+02 2.046099070436331768e+00
2.120000000000000000e+02 2.046131463117639715e+00
2.130000000000000000e+02 2.046163851926741106e+00
2.140000000000000000e+02 2.046196236861959061e+00
2.150000000000000000e+02 2.046228617921616699e+00
2.160000000000000000e+02 2.046260995104038027e+00
2.170000000000000000e+02 2.046293368407545721e+00
2.180000000000000000e+02 2.046325737830464231e+00
2.190000000000000000e+02 2.046358103371115789e+00
2.200000000000000000e+02 2.046390465027824401e+00
2.210000000000000000e+02 2.046422822798913188e+00
2.220000000000000000e+02 2.046455176682706156e+00
2.230000000000000000e+02 2.046487526677525981e+00
2.240000000000000000e+02 2.046519872781696670e+00
2.250000000000000000e+02 2.046552214993540897e+00
2.260000000000000000e+02 2.046584553311382670e+00
2.270000000000000000e+02 2.046616887733545109e+00
2.280000000000000000e+02 2.046649218258351333e+00
2.290000000000000000e+02 2.046681544884125348e+00
2.300000000000000000e+02 2.046713867609190274e+00
2.310000000000000000e+02 2.046746186431869674e+00
2.320000000000000000e+02 2.046778501350486668e+00
2.330000000000000000e+02 2.046810812363364374e+00
2.340000000000000000e+02 2.046843119468827243e+00
2.350000000000000000e+02 2.046875422665197508e+00
2.360000000000000000e+02 2.046907721950799175e+00
2.370000000000000000e+02 2.046940017323955363e+00
2.380000000000000000e+02 2.046972308782989636e+00
2.390000000000000000e+02 2.047004596326225556e+00
2.400000000000000000e+02 2.047036879951986243e+00
2.410000000000000000e+02 2.047069159658594817e+00
2.420000000000000000e+02 2.047101435444375284e+00
2.430000000000000000e+02 2.047133707307651207e+00
2.440000000000000000e+02 2.047165975246744818e+00
2.450000000000000000e+02 2.047198239259981012e+00
2.460000000000000000e+02 2.047230499345682020e+00
2.470000000000000000e+02 2.047262755502171405e+00
2.480000000000000000e+02 2.047295007727773175e+00
2.490000000000000000e+02 2.047327256020810005e+00
2.500000000000000000e+02 2.047359500379605901e+00
2.510000000000000000e+02 2.047391740802483984e+00
2.520000000000000000e+02 2.047423977287767372e+00
2.530000000000000000e+02 2.047456209833780072e+00
2.540000000000000000e+02 2.047488438438844760e+00
2.550000000000000000e+02 2.047520663101285443e+00
2.560000000000000000e+02 2.047552883819425240e+00
2.570000000000000000e+02 2.047585100591587715e+00
2.580000000000000000e+02 2.047617313416095985e+00
2.590000000000000000e+02 2.047649522291273616e+00
2.600000000000000000e+02 2.047681727215444170e+00
2.610000000000000000e+02 2.047713928186930765e+00
2.620000000000000000e+02 2.047746125204056966e+00
2.630000000000000000e+02 2.047778318265145892e+00
2.640000000000000000e+02 2.047810507368521105e+00
2.650000000000000000e+02 2.047842692512506169e+00
2.660000000000000000e+02 2.047874873695424203e+00
2.670000000000000000e+02 2.047907050915598770e+00
2.680000000000000000e+02 2.047939224171353434e+00
2.690000000000000000e+02 2.047971393461010869e+00
2.700000000000000000e+02 2.048003558782895528e+00
2.710000000000000000e+02 2.048035720135330084e+00
2.720000000000000000e+02 2.048067877516638102e+00
2.730000000000000000e+02 2.048100030925143145e+00
2.740000000000000000e+02 2.048132180359167887e+00
2.750000000000000000e+02 2.048164325817036779e+00
2.760000000000000000e+02 2.048196467297072498e+00
2.770000000000000000e+02 2.048228604797599051e+00
2.780000000000000000e+02 2.048260738316939111e+00
2.790000000000000000e+02 2.048292867853416244e+00
2.800000000000000000e+02 2.048324993405354455e+00
2.810000000000000000e+02 2.048357114971076420e+00
2.820000000000000000e+02 2.048389232548905703e+00
2.830000000000000000e+02 2.048421346137165866e+00
2.840000000000000000e+02 2.048453455734180473e+00
2.850000000000000000e+02 2.048485561338272198e+00
2.860000000000000000e+02 2.048517662947765494e+00
2.870000000000000000e+02 2.048549760560982591e+00
2.880000000000000000e+02 2.048581854176247941e+00
2.890000000000000000e+02 2.048613943791884218e+00
2.900000000000000000e+02 2.048646029406214986e+00
2.910000000000000000e+02 2.048678111017563808e+00
2.920000000000000000e+02 2.048710188624254247e+00
2.930000000000000000e+02 2.048742262224608979e+00
2.940000000000000000e+02 2.048774331816952454e+00
2.950000000000000000e+02 2.048806397399606904e+00
2.960000000000000000e+02 2.048838458970896781e+00
2.970000000000000000e+02 2.048870516529144314e+00
2.980000000000000000e+02 2.048902570072673957e+00
2.990000000000000000e+02 2.048934619599808826e+00
3.000000000000000000e+02 2.048966665108872043e+00
3.010000000000000000e+02 2.048998706598187614e+00
3.020000000000000000e+02 2.049030744066077769e+00
3.030000000000000000e+02 2.049062777510866962e+00
3.040000000000000000e+02 2.049094806930878310e+00
3.050000000000000000e+02 2.049126832324435377e+00
3.060000000000000000e+02 2.049158853689860837e+00
3.070000000000000000e+02 2.049190871025478700e+00
3.080000000000000000e+02 2.049222884329612526e+00
3.090000000000000000e+02 2.049254893600584992e+00
3.100000000000000000e+02 2.049286898836720106e+00
3.110000000000000000e+02 2.049318900036340985e+00
3.120000000000000000e+02 2.049350897197771637e+00
3.130000000000000000e+02 2.049382890319334294e+00
3.140000000000000000e+02 2.049414879399353406e+00
3.150000000000000000e+02 2.049446864436151650e+00
3.160000000000000000e+02 2.049478845428052587e+00
3.170000000000000000e+02 2.049510822373380226e+00
3.180000000000000000e+02 2.049542795270457241e+00
3.190000000000000000e+02 2.049574764117607195e+00
3.200000000000000000e+02 2.049606728913153653e+00
3.210000000000000000e+02 2.049638689655419732e+00
3.220000000000000000e+02 2.049670646342728997e+00
3.230000000000000000e+02 2.049702598973405010e+00
3.240000000000000000e+02 2.049734547545770891e+00
3.250000000000000000e+02 2.049766492058150202e+00
3.260000000000000000e+02 2.049798432508866508e+00
3.270000000000000000e+02 2.049830368896242927e+00
3.280000000000000000e+02 2.049862301218602578e+00
3.290000000000000000e+02 2.049894229474269469e+00
3.300000000000000000e+02 2.049926153661566719e+00
3.310000000000000000e+02 2.049958073778817447e+00
3.320000000000000000e+02 2.049989989824345216e+00
3.330000000000000000e+02 2.050021901796474033e+00
3.340000000000000000e+02 2.050053809693526574e+00
3.350000000000000000e+02 2.050085713513826402e+00
3.360000000000000000e+02 2.050117613255696636e+00
3.370000000000000000e+02 2.050149508917461283e+00
3.380000000000000000e+02 2.050181400497443462e+00
3.390000000000000000e+02 2.050213287993966293e+00
3.400000000000000000e+02 2.050245171405353783e+00
3.410000000000000000e+02 2.050277050729928607e+00
3.420000000000000000e+02 2.050308925966014773e+00
3.430000000000000000e+02 2.050340797111935398e+00
3.440000000000000000e+02 2.050372664166014047e+00
3.450000000000000000e+02 2.050404527126573395e+00
3.460000000000000000e+02 2.050436385991937893e+00
3.470000000000000000e+02 2.050468240760430216e+00
3.480000000000000000e+02 2.050500091430373928e+00
3.490000000000000000e+02 2.050531938000092591e+00
3.500000000000000000e+02 2.050563780467909769e+00
3.510000000000000000e+02 2.050595618832148137e+00
3.520000000000000000e+02 2.050627453091131702e+00
3.530000000000000000e+02 2.050659283243184028e+00
3.540000000000000000e+02 2.050691109286627789e+00
3.550000000000000000e+02 2.050722931219786549e+00
3.560000000000000000e+02 2.050754749040984315e+00
3.570000000000000000e+02 2.050786562748543762e+00
3.580000000000000000e+02 2.050818372340788898e+00
3.590000000000000000e+02 2.050850177816042841e+00
3.600000000000000000e+02 2.050881979172628711e+00
3.610000000000000000e+02 2.050913776408870515e+00
3.620000000000000000e+02 2.050945569523090928e+00
3.630000000000000000e+02 2.050977358513613957e+00
3.640000000000000000e+02 2.051009143378762278e+00
3.650000000000000000e+02 2.051040924116860342e+00
3.660000000000000000e+02 2.051072700726230824e+00
3.670000000000000000e+02 2.051104473205196843e+00
3.680000000000000000e+02 2.051136241552082407e+00
3.690000000000000000e+02 2.051168005765211078e+00
3.700000000000000000e+02 2.051199765842905531e+00
3.710000000000000000e+02 2.051231521783489331e+00
3.720000000000000000e+02 2.051263273585286484e+00
3.730000000000000000e+02 2.051295021246619665e+00
3.740000000000000000e+02 2.051326764765812438e+00
3.750000000000000000e+02 2.051358504141188810e+00
3.760000000000000000e+02 2.051390239371071011e+00
3.770000000000000000e+02 2.051421970453783494e+00
3.780000000000000000e+02 2.051453697387649378e+00
3.790000000000000000e+02 2.051485420170991780e+00
3.800000000000000000e+02 2.051517138802134266e+00
3.810000000000000000e+02 2.051548853279399953e+00
3.820000000000000000e+02 2.051580563601112850e+00
3.830000000000000000e+02 2.051612269765596075e+00
3.840000000000000000e+02 2.051643971771172748e+00
3.850000000000000000e+02 2.051675669616166431e+00
3.860000000000000000e+02 2.051707363298900688e+00
3.870000000000000000e+02 2.051739052817698639e+00
3.880000000000000000e+02 2.051770738170883845e+00
3.890000000000000000e+02 2.051802419356779428e+00
3.900000000000000000e+02 2.051834096373709393e+00
3.910000000000000000e+02 2.051865769219996860e+00
3.920000000000000000e+02 2.051897437893964504e+00
3.930000000000000000e+02 2.051929102393936777e+00
3.940000000000000000e+02 2.051960762718236797e+00
3.950000000000000000e+02 2.051992418865187684e+00
3.960000000000000000e+02 2.052024070833113001e+00
3.970000000000000000e+02 2.052055718620335867e+00
3.980000000000000000e+02 2.052087362225180289e+00
3.990000000000000000e+02 2.052119001645968943e+00
4.000000000000000000e+02 2.052150636881025392e+00
4.010000000000000000e+02 2.052182267928673642e+00
4.020000000000000000e+02 2.052213894787236370e+00
4.030000000000000000e+02 2.052245517455037582e+00
4.040000000000000000e+02 2.052277135930399954e+00
4.050000000000000000e+02 2.052308750211647492e+00
4.060000000000000000e+02 2.052340360297102873e+00
4.070000000000000000e+02 2.052371966185090546e+00
4.080000000000000000e+02 2.052403567873933188e+00
4.090000000000000000e+02 2.052435165361954361e+00
4.100000000000000000e+02 2.052466758647477185e+00
4.110000000000000000e+02 2.052498347728825667e+00
4.120000000000000000e+02 2.052529932604322482e+00
4.130000000000000000e+02 2.052561513272291638e+00
4.140000000000000000e+02 2.052593089731056253e+00
4.150000000000000000e+02 2.052624661978939447e+00
4.160000000000000000e+02 2.052656230014265226e+00
4.170000000000000000e+02 2.052687793835356711e+00
4.180000000000000000e+02 2.052719353440537020e+00
4.190000000000000000e+02 2.052750908828129717e+00
4.200000000000000000e+02 2.052782459996458808e+00
4.210000000000000000e+02 2.052814006943846525e+00
4.220000000000000000e+02 2.052845549668617320e+00
4.230000000000000000e+02 2.052877088169093867e+00
4.240000000000000000e+02 2.052908622443600173e+00
4.250000000000000000e+02 2.052940152490458914e+00
4.260000000000000000e+02 2.052971678307994097e+00
4.270000000000000000e+02 2.053003199894528841e+00
4.280000000000000000e+02 2.053034717248386265e+00
4.290000000000000000e+02 2.053066230367890377e+00
4.300000000000000000e+02 2.053097739251364295e+00
4.310000000000000000e+02 2.053129243897131584e+00
4.320000000000000000e+02 2.053160744303515362e+00
4.330000000000000000e+02 2.053192240468838747e+00
4.340000000000000000e+02 2.053223732391426193e+00
4.350000000000000000e+02 2.053255220069599929e+00
4.360000000000000000e+02 2.053286703501683963e+00
4.370000000000000000e+02 2.053318182686001414e+00
4.380000000000000000e+02 2.053349657620875846e+00
4.390000000000000000e+02 2.053381128304630376e+00
4.400000000000000000e+02 2.053412594735589014e+00
4.410000000000000000e+02 2.053444056912074878e+00
4.420000000000000000e+02 2.053475514832411086e+00
4.430000000000000000e+02 2.053506968494921203e+00
4.440000000000000000e+02 2.053538417897928792e+00
4.450000000000000000e+02 2.053569863039756971e+00
4.460000000000000000e+02 2.053601303918728860e+00
4.470000000000000000e+02 2.053632740533168910e+00
4.480000000000000000e+02 2.053664172881399352e+00
4.490000000000000000e+02 2.053695600961744194e+00
4.500000000000000000e+02 2.053727024772526999e+00
4.510000000000000000e+02 2.053758444312070885e+00
4.520000000000000000e+02 2.053789859578698973e+00
4.530000000000000000e+02 2.053821270570734825e+00
4.540000000000000000e+02 2.053852677286502448e+00
4.550000000000000000e+02 2.053884079724324074e+00
4.560000000000000000e+02 2.053915477882524154e+00
4.570000000000000000e+02 2.053946871759425807e+00
4.580000000000000000e+02 2.053978261353352153e+00
4.590000000000000000e+02 2.054009646662626309e+00
4.600000000000000000e+02 2.054041027685572729e+00
4.610000000000000000e+02 2.054072404420513642e+00
4.620000000000000000e+02 2.054103776865773501e+00
4.630000000000000000e+02 2.054135145019674535e+00
4.640000000000000000e+02 2.054166508880541198e+00
4.650000000000000000e+02 2.054197868446696607e+00
4.660000000000000000e+02 2.054229223716463881e+00
4.670000000000000000e+02 2.054260574688166141e+00
4.680000000000000000e+02 2.054291921360127837e+00
4.690000000000000000e+02 2.054323263730671201e+00
4.700000000000000000e+02 2.054354601798120239e+00
4.710000000000000000e+02 2.054385935560798515e+00
4.720000000000000000e+02 2.054417265017028704e+00
4.730000000000000000e+02 2.054448590165135258e+00
4.740000000000000000e+02 2.054479911003440407e+00
4.750000000000000000e+02 2.054511227530268158e+00
4.760000000000000000e+02 2.054542539743942076e+00
4.770000000000000000e+02 2.054573847642785278e+00
4.780000000000000000e+02 2.054605151225121329e+00
4.790000000000000000e+02 2.054636450489273347e+00
4.800000000000000000e+02 2.054667745433564896e+00
4.810000000000000000e+02 2.054699036056319095e+00
4.820000000000000000e+02 2.054730322355859951e+00
4.830000000000000000e+02 2.054761604330510583e+00
4.840000000000000000e+02 2.054792881978594110e+00
4.850000000000000000e+02 2.054824155298434096e+00
4.860000000000000000e+02 2.054855424288353660e+00
4.870000000000000000e+02 2.054886688946677253e+00
4.880000000000000000e+02 2.054917949271727107e+00
4.890000000000000000e+02 2.054949205261826783e+00
4.900000000000000000e+02 2.054980456915300291e+00
4.910000000000000000e+02 2.055011704230470304e+00
4.920000000000000000e+02 2.055042947205660830e+00
4.930000000000000000e+02 2.055074185839194989e+00
4.940000000000000000e+02 2.055105420129396343e+00
4.950000000000000000e+02 2.055136650074588012e+00
4.960000000000000000e+02 2.055167875673093558e+00
4.970000000000000000e+02 2.055199096923236102e+00
4.980000000000000000e+02 2.055230313823339205e+00
4.990000000000000000e+02 2.055261526371726433e+00
5.000000000000000000e+02 2.055292734566721347e+00
5.010000000000000000e+02 2.055323938406646622e+00
5.020000000000000000e+02 2.055355137889826267e+00
5.030000000000000000e+02 2.055386333014583844e+00
5.040000000000000000e+02 2.055417523779242028e+00
5.050000000000000000e+02 2.055448710182124827e+00
5.060000000000000000e+02 2.055479892221554916e+00
5.070000000000000000e+02 2.055511069895856746e+00
5.080000000000000000e+02 2.055542243203352548e+00
5.090000000000000000e+02 2.055573412142366774e+00
5.100000000000000000e+02 2.055604576711222098e+00
5.110000000000000000e+02 2.055635736908242528e+00
5.120000000000000000e+02 2.055666892731750739e+00
5.130000000000000000e+02 2.055698044180070738e+00
5.140000000000000000e+02 2.055729191251525645e+00
5.150000000000000000e+02 2.055760333944438578e+00
5.160000000000000000e+02 2.055791472257133545e+00
5.170000000000000000e+02 2.055822606187933221e+00
5.180000000000000000e+02 2.055853735735161614e+00
5.190000000000000000e+02 2.055884860897142286e+00
5.200000000000000000e+02 2.055915981672197912e+00
5.210000000000000000e+02 2.055947098058652056e+00
5.220000000000000000e+02 2.055978210054828725e+00
5.230000000000000000e+02 2.056009317659050595e+00
5.240000000000000000e+02 2.056040420869641228e+00
5.250000000000000000e+02 2.056071519684924187e+00
5.260000000000000000e+02 2.056102614103223036e+00
5.270000000000000000e+02 2.056133704122860451e+00
5.280000000000000000e+02 2.056164789742160881e+00
5.290000000000000000e+02 2.056195870959447003e+00
5.300000000000000000e+02 2.056226947773042379e+00
5.310000000000000000e+02 2.056258020181270130e+00
5.320000000000000000e+02 2.056289088182453817e+00
5.330000000000000000e+02 2.056320151774917449e+00
5.340000000000000000e+02 2.056351210956983699e+00
5.350000000000000000e+02 2.056382265726976133e+00
5.360000000000000000e+02 2.056413316083217868e+00
5.370000000000000000e+02 2.056444362024032912e+00
5.380000000000000000e+02 2.056475403547744385e+00
5.390000000000000000e+02 2.056506440652675405e+00
5.400000000000000000e+02 2.056537473337149979e+00
5.410000000000000000e+02 2.056568501599490784e+00
5.420000000000000000e+02 2.056599525438021825e+00
5.430000000000000000e+02 2.056630544851066222e+00
5.440000000000000000e+02 2.056661559836947095e+00
5.450000000000000000e+02 2.056692570393988451e+00
5.460000000000000000e+02 2.056723576520512964e+00
5.470000000000000000e+02 2.056754578214844642e+00
5.480000000000000000e+02 2.056785575475307049e+00
5.490000000000000000e+02 2.056816568300222858e+00
5.500000000000000000e+02 2.056847556687915635e+00
5.510000000000000000e+02 2.056878540636708941e+00
5.520000000000000000e+02 2.056909520144926340e+00
5.530000000000000000e+02 2.056940495210890951e+00
5.540000000000000000e+02 2.056971465832926338e+00
5.550000000000000000e+02 2.057002432009355619e+00
5.560000000000000000e+02 2.057033393738502802e+00
5.570000000000000000e+02 2.057064351018690562e+00
5.580000000000000000e+02 2.057095303848242906e+00
5.590000000000000000e+02 2.057126252225482510e+00
5.600000000000000000e+02 2.057157196148733380e+00
5.610000000000000000e+02 2.057188135616318636e+00
5.620000000000000000e+02 2.057219070626561841e+00
5.630000000000000000e+02 2.057250001177786558e+00
5.640000000000000000e+02 2.057280927268315462e+00
5.650000000000000000e+02 2.057311848896472561e+00
5.660000000000000000e+02 2.057342766060581418e+00
5.670000000000000000e+02 2.057373678758964708e+00
5.680000000000000000e+02 2.057404586989946438e+00
5.690000000000000000e+02 2.057435490751849727e+00
5.700000000000000000e+02 2.057466390042998139e+00
5.710000000000000000e+02 2.057497284861714792e+00
5.720000000000000000e+02 2.057528175206323251e+00
5.730000000000000000e+02 2.057559061075147078e+00
5.740000000000000000e+02 2.057589942466509392e+00
5.750000000000000000e+02 2.057620819378733756e+00
5.760000000000000000e+02 2.057651691810143291e+00
5.770000000000000000e+02 2.057682559759062002e+00
5.780000000000000000e+02 2.057713423223812566e+00
5.790000000000000000e+02 2.057744282202718988e+00
5.800000000000000000e+02 2.057775136694103946e+00
5.810000000000000000e+02 2.057805986696291445e+00
5.820000000000000000e+02 2.057836832207604605e+00
5.830000000000000000e+02 2.057867673226367433e+00
5.840000000000000000e+02 2.057898509750902161e+00
5.850000000000000000e+02 2.057929341779533239e+00
5.860000000000000000e+02 2.057960169310583343e+00
5.870000000000000000e+02 2.057990992342376479e+00
5.880000000000000000e+02 2.058021810873235324e+00
5.890000000000000000e+02 2.058052624901483885e+00
5.900000000000000000e+02 2.058083434425445279e+00
5.910000000000000000e+02 2.058114239443443072e+00
5.920000000000000000e+02 2.058145039953800826e+00
5.930000000000000000e+02 2.058175835954841215e+00
5.940000000000000000e+02 2.058206627444888248e+00
5.950000000000000000e+02 2.058237414422265488e+00
5.960000000000000000e+02 2.058268196885295609e+00
5.970000000000000000e+02 2.058298974832302619e+00
5.980000000000000000e+02 2.058329748261609637e+00
5.990000000000000000e+02 2.058360517171539783e+00
6.000000000000000000e+02 2.058391281560417063e+00
6.010000000000000000e+02 2.058422041426564597e+00
6.020000000000000000e+02 2.058452796768305948e+00
6.030000000000000000e+02 2.058483547583963791e+00
6.040000000000000000e+02 2.058514293871862577e+00
6.050000000000000000e+02 2.058545035630324982e+00
6.060000000000000000e+02 2.058575772857674568e+00
6.070000000000000000e+02 2.058606505552234900e+00
6.080000000000000000e+02 2.058637233712329095e+00
6.090000000000000000e+02 2.058667957336280718e+00
6.100000000000000000e+02 2.058698676422413332e+00
6.110000000000000000e+02 2.058729390969050055e+00
6.120000000000000000e+02 2.058760100974514451e+00
6.130000000000000000e+02 2.058790806437129639e+00
6.140000000000000000e+02 2.058821507355219183e+00
6.150000000000000000e+02 2.058852203727106644e+00
6.160000000000000000e+02 2.058882895551115144e+00
6.170000000000000000e+02 2.058913582825568245e+00
6.180000000000000000e+02 2.058944265548789065e+00
6.190000000000000000e+02 2.058974943719101613e+00
6.200000000000000000e+02 2.059005617334828564e+00
6.210000000000000000e+02 2.059036286394293924e+00
6.220000000000000000e+02 2.059066950895820813e+00
6.230000000000000000e+02 2.059097610837732351e+00
6.240000000000000000e+02 2.059128266218352543e+00
6.250000000000000000e+02 2.059158917036004066e+00
6.260000000000000000e+02 2.059189563289010927e+00
6.270000000000000000e+02 2.059220204975696245e+00
6.280000000000000000e+02 2.059250842094383582e+00
6.290000000000000000e+02 2.059281474643396059e+00
6.300000000000000000e+02 2.059312102621057239e+00
6.310000000000000000e+02 2.059342726025690684e+00
6.320000000000000000e+02 2.059373344855619514e+00
6.330000000000000000e+02 2.059403959109167292e+00
6.340000000000000000e+02 2.059434568784657138e+00
6.350000000000000000e+02 2.059465173880412614e+00
6.360000000000000000e+02 2.059495774394757284e+00
6.370000000000000000e+02 2.059526370326014266e+00
6.380000000000000000e+02 2.059556961672507125e+00
6.390000000000000000e+02 2.059587548432559423e+00
6.400000000000000000e+02 2.059618130604493835e+00
6.410000000000000000e+02 2.059648708186634813e+00
6.420000000000000000e+02 2.059679281177305032e+00
6.430000000000000000e+02 2.059709849574828056e+00
6.440000000000000000e+02 2.059740413377527446e+00
6.450000000000000000e+02 2.059770972583726323e+00
6.460000000000000000e+02 2.059801527191747805e+00
6.470000000000000000e+02 2.059832077199916345e+00
6.480000000000000000e+02 2.059862622606554172e+00
6.490000000000000000e+02 2.059893163409985295e+00
6.500000000000000000e+02 2.059923699608533276e+00
6.510000000000000000e+02 2.059954231200520791e+00
6.520000000000000000e+02 2.059984758184271847e+00
6.530000000000000000e+02 2.060015280558110007e+00
6.540000000000000000e+02 2.060045798320357946e+00
6.550000000000000000e+02 2.060076311469339228e+00
6.560000000000000000e+02 2.060106820003377859e+00
6.570000000000000000e+02 2.060137323920796515e+00
6.580000000000000000e+02 2.060167823219919203e+00
6.590000000000000000e+02 2.060198317899069043e+00
6.600000000000000000e+02 2.060228807956569153e+00
6.610000000000000000e+02 2.060259293390743096e+00
6.620000000000000000e+02 2.060289774199914881e+00
6.630000000000000000e+02 2.060320250382406737e+00
6.640000000000000000e+02 2.060350721936543117e+00
6.650000000000000000e+02 2.060381188860646695e+00
6.660000000000000000e+02 2.060411651153041479e+00
6.670000000000000000e+02 2.060442108812050144e+00
6.680000000000000000e+02 2.060472561835996697e+00
6.690000000000000000e+02 2.060503010223204257e+00
6.700000000000000000e+02 2.060533453971996387e+00
6.710000000000000000e+02 2.060563893080696207e+00
6.720000000000000000e+02 2.060594327547627724e+00
6.730000000000000000e+02 2.060624757371113613e+00
6.740000000000000000e+02 2.060655182549477438e+00
6.750000000000000000e+02 2.060685603081042760e+00
6.760000000000000000e+02 2.060716018964132701e+00
6.770000000000000000e+02 2.060746430197071266e+00
6.780000000000000000e+02 2.060776836778181131e+00
6.790000000000000000e+02 2.060807238705786304e+00
6.800000000000000000e+02 2.060837635978209459e+00
6.810000000000000000e+02 2.060868028593774604e+00
6.820000000000000000e+02 2.060898416550805301e+00
6.830000000000000000e+02 2.060928799847624227e+00
6.840000000000000000e+02 2.060959178482555387e+00
6.850000000000000000e+02 2.060989552453921458e+00
6.860000000000000000e+02 2.061019921760046891e+00
6.870000000000000000e+02 2.061050286399253917e+00
6.880000000000000000e+02 2.061080646369866987e+00
6.890000000000000000e+02 2.061111001670208775e+00
6.900000000000000000e+02 2.061141352298602847e+00
6.910000000000000000e+02 2.061171698253372764e+00
6.920000000000000000e+02 2.061202039532842090e+00
6.930000000000000000e+02 2.061232376135333499e+00
6.940000000000000000e+02 2.061262708059171000e+00
6.950000000000000000e+02 2.061293035302678156e+00
6.960000000000000000e+02 2.061323357864177641e+00
6.970000000000000000e+02 2.061353675741993019e+00
6.980000000000000000e+02 2.061383988934448297e+00
6.990000000000000000e+02 2.061414297439866594e+00
7.000000000000000000e+02 2.061444601256571030e+00
7.010000000000000000e+02 2.061474900382885167e+00
7.020000000000000000e+02 2.061505194817132125e+00
7.030000000000000000e+02 2.061535484557635911e+00
7.040000000000000000e+02 2.061565769602719644e+00
7.050000000000000000e+02 2.061596049950706444e+00
7.060000000000000000e+02 2.061626325599919873e+00
7.070000000000000000e+02 2.061656596548683051e+00
7.080000000000000000e+02 2.061686862795320430e+00
7.090000000000000000e+02 2.061717124338154239e+00
7.100000000000000000e+02 2.061747381175508043e+00
7.110000000000000000e+02 2.061777633305705848e+00
7.120000000000000000e+02 2.061807880727070774e+00
7.130000000000000000e+02 2.061838123437925940e+00
7.140000000000000000e+02 2.061868361436594910e+00
7.150000000000000000e+02 2.061898594721400801e+00
7.160000000000000000e+02 2.061928823290667623e+00
7.170000000000000000e+02 2.061959047142718493e+00
7.180000000000000000e+02 2.061989266275876975e+00
7.190000000000000000e+02 2.062019480688465745e+00
7.200000000000000000e+02 2.062049690378808808e+00
7.210000000000000000e+02 2.062079895345229730e+00
7.220000000000000000e+02 2.062110095586051628e+00
7.230000000000000000e+02 2.062140291099597622e+00
7.240000000000000000e+02 2.062170481884191275e+00
7.250000000000000000e+02 2.062200667938156595e+00
7.260000000000000000e+02 2.062230849259816257e+00
7.270000000000000000e+02 2.062261025847493823e+00
7.280000000000000000e+02 2.062291197699512413e+00
7.290000000000000000e+02 2.062321364814196034e+00
7.300000000000000000e+02 2.062351527189867806e+00
7.310000000000000000e+02 2.062381684824851291e+00
7.320000000000000000e+02 2.062411837717469165e+00
7.330000000000000000e+02 2.062441985866045879e+00
7.340000000000000000e+02 2.062472129268904109e+00
7.350000000000000000e+02 2.062502267924367416e+00
7.360000000000000000e+02 2.062532401830759365e+00
7.370000000000000000e+02 2.062562530986403075e+00
7.380000000000000000e+02 2.062592655389621665e+00
7.390000000000000000e+02 2.062622775038739587e+00
7.400000000000000000e+02 2.062652889932079070e+00
7.410000000000000000e+02 2.062683000067964567e+00
7.420000000000000000e+02 2.062713105444718753e+00
7.430000000000000000e+02 2.062743206060664747e+00
7.440000000000000000e+02 2.062773301914127000e+00
7.450000000000000000e+02 2.062803393003427743e+00
7.460000000000000000e+02 2.062833479326891428e+00
7.470000000000000000e+02 2.062863560882840730e+00
7.480000000000000000e+02 2.062893637669599212e+00
7.490000000000000000e+02 2.062923709685490437e+00
7.500000000000000000e+02 2.062953776928837524e+00
7.510000000000000000e+02 2.062983839397964481e+00
7.520000000000000000e+02 2.063013897091193538e+00
7.530000000000000000e+02 2.063043950006849148e+00
7.540000000000000000e+02 2.063073998143254428e+00
7.550000000000000000e+02 2.063104041498732943e+00
7.560000000000000000e+02 2.063134080071607368e+00
7.570000000000000000e+02 2.063164113860201709e+00
7.580000000000000000e+02 2.063194142862839531e+00
7.590000000000000000e+02 2.063224167077843507e+00
7.600000000000000000e+02 2.063254186503537646e+00
7.610000000000000000e+02 2.063284201138245066e+00
7.620000000000000000e+02 2.063314210980289332e+00
7.630000000000000000e+02 2.063344216027993561e+00
7.640000000000000000e+02 2.063374216279681317e+00
7.650000000000000000e+02 2.063404211733676163e+00
7.660000000000000000e+02 2.063434202388301664e+00
7.670000000000000000e+02 2.063464188241880493e+00
7.680000000000000000e+02 2.063494169292736213e+00
7.690000000000000000e+02 2.063524145539192833e+00
7.700000000000000000e+02 2.063554116979573472e+00
7.710000000000000000e+02 2.063584083612201248e+00
7.720000000000000000e+02 2.063614045435399280e+00
7.730000000000000000e+02 2.063644002447492021e+00
7.740000000000000000e+02 2.063673954646802144e+00
7.750000000000000000e+02 2.063703902031652770e+00
7.760000000000000000e+02 2.063733844600367906e+00
7.770000000000000000e+02 2.063763782351271114e+00
7.780000000000000000e+02 2.063793715282685071e+00
7.790000000000000000e+02 2.063823643392933338e+00
7.800000000000000000e+02 2.063853566680339480e+00
7.810000000000000000e+02 2.063883485143227059e+00
7.820000000000000000e+02 2.063913398779919195e+00
7.830000000000000000e+02 2.063943307588739007e+00
7.840000000000000000e+02 2.063973211568010946e+00
7.850000000000000000e+02 2.064003110716057243e+00
7.860000000000000000e+02 2.064033005031201906e+00
7.870000000000000000e+02 2.064062894511768054e+00
7.880000000000000000e+02 2.064092779156079249e+00
7.890000000000000000e+02 2.064122658962459056e+00
7.900000000000000000e+02 2.064152533929230593e+00
7.910000000000000000e+02 2.064182404054716979e+00
7.920000000000000000e+02 2.064212269337242223e+00
7.930000000000000000e+02 2.064242129775129442e+00
7.940000000000000000e+02 2.064271985366702200e+00
7.950000000000000000e+02 2.064301836110283617e+00
7.960000000000000000e+02 2.064331682004196811e+00
7.970000000000000000e+02 2.064361523046766234e+00
7.980000000000000000e+02 2.064391359236314116e+00
7.990000000000000000e+02 2.064421190571164466e+00
8.000000000000000000e+02 2.064451017049640402e+00
8.010000000000000000e+02 2.064480838670065932e+00
8.020000000000000000e+02 2.064510655430763730e+00
8.030000000000000000e+02 2.064540467330057361e+00
8.040000000000000000e+02 2.064570274366270386e+00
8.050000000000000000e+02 2.064600076537726370e+00
8.060000000000000000e+02 2.064629873842747987e+00
8.070000000000000000e+02 2.064659666279659689e+00
8.080000000000000000e+02 2.064689453846783707e+00
8.090000000000000000e+02 2.064719236542444492e+00
8.100000000000000000e+02 2.064749014364964719e+00
8.110000000000000000e+02 2.064778787312667951e+00
8.120000000000000000e+02 2.064808555383877753e+00
8.130000000000000000e+02 2.064838318576917242e+00
8.140000000000000000e+02 2.064868076890110427e+00
8.150000000000000000e+02 2.064897830321779981e+00
8.160000000000000000e+02 2.064927578870249469e+00
8.170000000000000000e+02 2.064957322533842898e+00
8.180000000000000000e+02 2.064987061310882499e+00
8.190000000000000000e+02 2.065016795199692723e+00
8.200000000000000000e+02 2.065046524198596689e+00
8.210000000000000000e+02 2.065076248305917517e+00
8.220000000000000000e+02 2.065105967519978769e+00
8.230000000000000000e+02 2.065135681839104009e+00
8.240000000000000000e+02 2.065165391261616357e+00
8.250000000000000000e+02 2.065195095785838930e+00
8.260000000000000000e+02 2.065224795410096181e+00
8.270000000000000000e+02 2.065254490132710341e+00
8.280000000000000000e+02 2.065284179952005417e+00
8.290000000000000000e+02 2.065313864866304527e+00
8.300000000000000000e+02 2.065343544873931680e+00
8.310000000000000000e+02 2.065373219973209551e+00
8.320000000000000000e+02 2.065402890162461702e+00
8.330000000000000000e+02 2.065432555440011253e+00
8.340000000000000000e+02 2.065462215804182655e+00
8.350000000000000000e+02 2.065491871253298140e+00
8.360000000000000000e+02 2.065521521785681713e+00
8.370000000000000000e+02 2.065551167399656496e+00
8.380000000000000000e+02 2.065580808093546494e+00
8.390000000000000000e+02 2.065610443865673940e+00
8.400000000000000000e+02 2.065640074714363283e+00
8.410000000000000000e+02 2.065669700637937645e+00
8.420000000000000000e+02 2.065699321634720143e+00
8.430000000000000000e+02 2.065728937703034340e+00
8.440000000000000000e+02 2.065758548841203801e+00
8.450000000000000000e+02 2.065788155047551644e+00
8.460000000000000000e+02 2.065817756320401433e+00
8.470000000000000000e+02 2.065847352658076286e+00
8.480000000000000000e+02 2.065876944058899767e+00
8.490000000000000000e+02 2.065906530521195883e+00
8.500000000000000000e+02 2.065936112043286865e+00
8.510000000000000000e+02 2.065965688623497165e+00
8.520000000000000000e+02 2.065995260260149458e+00
8.530000000000000000e+02 2.066024826951567306e+00
8.540000000000000000e+02 2.066054388696074273e+00
8.550000000000000000e+02 2.066083945491993923e+00
8.560000000000000000e+02 2.066113497337648930e+00
8.570000000000000000e+02 2.066143044231363746e+00
8.580000000000000000e+02 2.066172586171460601e+00
8.590000000000000000e+02 2.066202123156263948e+00
8.600000000000000000e+02 2.066231655184096461e+00
8.610000000000000000e+02 2.066261182253281703e+00
8.620000000000000000e+02 2.066290704362143238e+00
8.630000000000000000e+02 2.066320221509004629e+00
8.640000000000000000e+02 2.066349733692188551e+00
8.650000000000000000e+02 2.066379240910019455e+00
8.660000000000000000e+02 2.066408743160819572e+00
8.670000000000000000e+02 2.066438240442912910e+00
8.680000000000000000e+02 2.066467732754623032e+00
8.690000000000000000e+02 2.066497220094273057e+00
8.700000000000000000e+02 2.066526702460186549e+00
8.710000000000000000e+02 2.066556179850686625e+00
8.720000000000000000e+02 2.066585652264096851e+00
8.730000000000000000e+02 2.066615119698740788e+00
8.740000000000000000e+02 2.066644582152941112e+00
8.750000000000000000e+02 2.066674039625022274e+00
8.760000000000000000e+02 2.066703492113306950e+00
8.770000000000000000e+02 2.066732939616119147e+00
8.780000000000000000e+02 2.066762382131781539e+00
8.790000000000000000e+02 2.066791819658617690e+00
8.800000000000000000e+02 2.066821252194951164e+00
8.810000000000000000e+02 2.066850679739105523e+00
8.820000000000000000e+02 2.066880102289403887e+00
8.830000000000000000e+02 2.066909519844169818e+00
8.840000000000000000e+02 2.066938932401726881e+00
8.850000000000000000e+02 2.066968339960397749e+00
8.860000000000000000e+02 2.066997742518506431e+00
8.870000000000000000e+02 2.067027140074376046e+00
8.880000000000000000e+02 2.067056532626330156e+00
8.890000000000000000e+02 2.067085920172692326e+00
8.900000000000000000e+02 2.067115302711785674e+00
8.910000000000000000e+02 2.067144680241933763e+00
8.920000000000000000e+02 2.067174052761459713e+00
8.930000000000000000e+02 2.067203420268687086e+00
8.940000000000000000e+02 2.067232782761939447e+00
8.950000000000000000e+02 2.067262140239539470e+00
8.960000000000000000e+02 2.067291492699811606e+00
8.970000000000000000e+02 2.067320840141078975e+00
8.980000000000000000e+02 2.067350182561664251e+00
8.990000000000000000e+02 2.067379519959891443e+00
9.000000000000000000e+02 2.067408852334084113e+00
9.010000000000000000e+02 2.067438179682564936e+00
9.020000000000000000e+02 2.067467502003657920e+00
9.030000000000000000e+02 2.067496819295686183e+00
9.040000000000000000e+02 2.067526131556973290e+00
9.050000000000000000e+02 2.067555438785842803e+00
9.060000000000000000e+02 2.067584740980617397e+00
9.070000000000000000e+02 2.067614038139621524e+00
9.080000000000000000e+02 2.067643330261177415e+00
9.090000000000000000e+02 2.067672617343609520e+00
9.100000000000000000e+02 2.067701899385240516e+00
9.110000000000000000e+02 2.067731176384393965e+00
9.120000000000000000e+02 2.067760448339393431e+00
9.130000000000000000e+02 2.067789715248562032e+00
9.140000000000000000e+02 2.067818977110223777e+00
9.150000000000000000e+02 2.067848233922701340e+00
9.160000000000000000e+02 2.067877485684318284e+00
9.170000000000000000e+02 2.067906732393398173e+00
9.180000000000000000e+02 2.067935974048264569e+00
9.190000000000000000e+02 2.067965210647240593e+00
9.200000000000000000e+02 2.067994442188649806e+00
9.210000000000000000e+02 2.068023668670815329e+00
9.220000000000000000e+02 2.068052890092060725e+00
9.230000000000000000e+02 2.068082106450709112e+00
9.240000000000000000e+02 2.068111317745084499e+00
9.250000000000000000e+02 2.068140523973510003e+00
9.260000000000000000e+02 2.068169725134308745e+00
9.270000000000000000e+02 2.068198921225804288e+00
9.280000000000000000e+02 2.068228112246320194e+00
9.290000000000000000e+02 2.068257298194179583e+00
9.300000000000000000e+02 2.068286479067706018e+00
9.310000000000000000e+02 2.068315654865223063e+00
9.320000000000000000e+02 2.068344825585053837e+00
9.330000000000000000e+02 2.068373991225521902e+00
9.340000000000000000e+02 2.068403151784950378e+00
9.350000000000000000e+02 2.068432307261662828e+00
9.360000000000000000e+02 2.068461457653982816e+00
9.370000000000000000e+02 2.068490602960233460e+00
9.380000000000000000e+02 2.068519743178738324e+00
9.390000000000000000e+02 2.068548878307820971e+00
9.400000000000000000e+02 2.068578008345804520e+00
9.410000000000000000e+02 2.068607133291012090e+00
9.420000000000000000e+02 2.068636253141767689e+00
9.430000000000000000e+02 2.068665367896394436e+00
9.440000000000000000e+02 2.068694477553215894e+00
9.450000000000000000e+02 2.068723582110554737e+00
9.460000000000000000e+02 2.068752681566735419e+00
9.470000000000000000e+02 2.068781775920080612e+00
9.480000000000000000e+02 2.068810865168913882e+00
9.490000000000000000e+02 2.068839949311558790e+00
9.500000000000000000e+02 2.068869028346338901e+00
9.510000000000000000e+02 2.068898102271576889e+00
9.520000000000000000e+02 2.068927171085596761e+00
9.530000000000000000e+02 2.068956234786721637e+00
9.540000000000000000e+02 2.068985293373275081e+00
9.550000000000000000e+02 2.069014346843580210e+00
9.560000000000000000e+02 2.069043395195960588e+00
9.570000000000000000e+02 2.069072438428739780e+00
9.580000000000000000e+02 2.069101476540241347e+00
9.590000000000000000e+02 2.069130509528787965e+00
9.600000000000000000e+02 2.069159537392703641e+00
9.610000000000000000e+02 2.069188560130311494e+00
9.620000000000000000e+02 2.069217577739935088e+00
9.630000000000000000e+02 2.069246590219897541e+00
9.640000000000000000e+02 2.069275597568522418e+00
9.650000000000000000e+02 2.069304599784133281e+00
9.660000000000000000e+02 2.069333596865053249e+00
9.670000000000000000e+02 2.069362588809605885e+00
9.680000000000000000e+02 2.069391575616114753e+00
9.690000000000000000e+02 2.069420557282902973e+00
9.700000000000000000e+02 2.069449533808293662e+00
9.710000000000000000e+02 2.069478505190610829e+00
9.720000000000000000e+02 2.069507471428177592e+00
9.730000000000000000e+02 2.069536432519317071e+00
9.740000000000000000e+02 2.069565388462352828e+00
9.750000000000000000e+02 2.069594339255608872e+00
9.760000000000000000e+02 2.069623284897407878e+00
9.770000000000000000e+02 2.069652225386073408e+00
9.780000000000000000e+02 2.069681160719928581e+00
9.790000000000000000e+02 2.069710090897297405e+00
9.800000000000000000e+02 2.069739015916503000e+00
9.810000000000000000e+02 2.069767935775868928e+00
9.820000000000000000e+02 2.069796850473718308e+00
9.830000000000000000e+02 2.069825760008374260e+00
9.840000000000000000e+02 2.069854664378160791e+00
9.850000000000000000e+02 2.069883563581401020e+00
9.860000000000000000e+02 2.069912457616418511e+00
9.870000000000000000e+02 2.069941346481536382e+00
9.880000000000000000e+02 2.069970230175077752e+00
9.890000000000000000e+02 2.069999108695367074e+00
9.900000000000000000e+02 2.070027982040726577e+00
9.910000000000000000e+02 2.070056850209480714e+00
9.920000000000000000e+02 2.070085713199951716e+00
9.930000000000000000e+02 2.070114571010464033e+00
9.940000000000000000e+02 2.070143423639340341e+00
9.950000000000000000e+02 2.070172271084904647e+00
9.960000000000000000e+02 2.070201113345479627e+00
9.970000000000000000e+02 2.070229950419389287e+00
9.980000000000000000e+02 2.070258782304956746e+00
9.990000000000000000e+02 2.070287609000505125e+00
1.000000000000000000e+03 2.070316430504358429e+00
1.001000000000000000e+03 2.070345246814839779e+00
1.002000000000000000e+03 2.070374057930272738e+00
1.003000000000000000e+03 2.070402863848980424e+00
1.004000000000000000e+03 2.070431664569285957e+00
1.005000000000000000e+03 2.070460460089513344e+00
1.006000000000000000e+03 2.070489250407986148e+00
1.007000000000000000e+03 2.070518035523026601e+00
1.008000000000000000e+03 2.070546815432959153e+00
1.009000000000000000e+03 2.070575590136106925e+00
1.010000000000000000e+03 2.070604359630793478e+00
1.011000000000000000e+03 2.070633123915341933e+00
