# order, lines [pixel]
1 67,138,265,376
2 20,293,415,415
3 200,245,277,300,320,796,809,953
4 874,818,582,481,306
5 412,571,586,641,687,843
6 849,615,664,718,366,421
7 116,171,308,585
8 575,528,291,347
9 283,505,787,830,261
10 305,410,518,631,746,866
11 879,534,521,394,270,152
12 230,363,502,776,344
13 221,293,538,782,736,867
14 345,175,249,461
15 663,717,862,238,444
16 631,930,775,689
17 256,358,534,857,726
18 737,773,822,916,337,357,190
19 236,194,420,690,807,880
20 881,727,423,317,121
21 80,362,592,481,834,836
22 907,704,337,194,441
23 64,80,87,147,215,377,708,889,965
24 265,344,441,506,597,795,874,966
25 349,220,586,710,793,912
26 849,542,315,119,167,161,223
