# order=7: data_wav [pixel], data_wavsolution [micron]
3.000000000000000000e+00 1.459261893992841008e+00
4.000000000000000000e+00 1.459261876556107396e+00
5.000000000000000000e+00 1.459262240950501832e+00
6.000000000000000000e+00 1.459262987176024096e+00
7.000000000000000000e+00 1.459264115232674630e+00
8.000000000000000000e+00 1.459265625120452992e+00
9.000000000000000000e+00 1.459267516839359624e+00
1.000000000000000000e+01 1.459269790389394084e+00
1.100000000000000000e+01 1.459272445770556592e+00
1.200000000000000000e+01 1.459275482982846928e+00
1.300000000000000000e+01 1.459278902026265534e+00
1.400000000000000000e+01 1.459282702900812190e+00
1.500000000000000000e+01 1.459286885606486672e+00
1.600000000000000000e+01 1.459291450143289204e+00
1.700000000000000000e+01 1.459296396511219784e+00
1.800000000000000000e+01 1.459301724710278414e+00
1.900000000000000000e+01 1.459307434740465093e+00
2.000000000000000000e+01 1.459313526601779598e+00
2.100000000000000000e+01 1.459320000294222375e+00
2.200000000000000000e+01 1.459326855817792978e+00
2.300000000000000000e+01 1.459334093172491631e+00
2.400000000000000000e+01 1.459341712358318333e+00
2.500000000000000000e+01 1.459349713375273083e+00
2.600000000000000000e+01 1.459358096223355883e+00
2.700000000000000000e+01 1.459366860902566509e+00
2.800000000000000000e+01 1.459376007412905185e+00
2.900000000000000000e+01 1.459385535754372132e+00
3.000000000000000000e+01 1.459395445926966906e+00
3.100000000000000000e+01 1.459405737930689728e+00
3.200000000000000000e+01 1.459416411765540378e+00
3.300000000000000000e+01 1.459427467431519299e+00
3.400000000000000000e+01 1.459438904928626046e+00
3.500000000000000000e+01 1.459450724256861065e+00
3.600000000000000000e+01 1.459462925416223911e+00
3.700000000000000000e+01 1.459475508406714805e+00
3.800000000000000000e+01 1.459488473228333749e+00
3.900000000000000000e+01 1.459501819881080520e+00
4.000000000000000000e+01 1.459515548364955562e+00
4.100000000000000000e+01 1.459529658679958430e+00
4.200000000000000000e+01 1.459544150826089348e+00
4.300000000000000000e+01 1.459559024803348537e+00
4.400000000000000000e+01 1.459574280611735331e+00
4.500000000000000000e+01 1.459589918251250396e+00
4.600000000000000000e+01 1.459605937721893509e+00
4.700000000000000000e+01 1.459622339023664450e+00
4.800000000000000000e+01 1.459639122156563662e+00
4.900000000000000000e+01 1.459656287120590701e+00
5.000000000000000000e+01 1.459673833915745789e+00
5.100000000000000000e+01 1.459691762542028926e+00
5.200000000000000000e+01 1.459710072999439889e+00
5.300000000000000000e+01 1.459728765287979124e+00
5.400000000000000000e+01 1.459747839407646186e+00
5.500000000000000000e+01 1.459767295358441519e+00
5.600000000000000000e+01 1.459787133140364679e+00
5.700000000000000000e+01 1.459807352753415888e+00
5.800000000000000000e+01 1.459827954197595146e+00
5.900000000000000000e+01 1.459848937472902231e+00
6.000000000000000000e+01 1.459870302579337586e+00
6.100000000000000000e+01 1.459892049516900769e+00
6.200000000000000000e+01 1.459914178285592001e+00
6.300000000000000000e+01 1.459936688885411282e+00
6.400000000000000000e+01 1.459959581316358612e+00
6.500000000000000000e+01 1.459982855578433991e+00
6.600000000000000000e+01 1.460006511671637419e+00
6.700000000000000000e+01 1.460030549595968674e+00
6.800000000000000000e+01 1.460054969351427978e+00
6.900000000000000000e+01 1.460079770938015331e+00
7.000000000000000000e+01 1.460104954355730733e+00
7.100000000000000000e+01 1.460130519604574184e+00
7.200000000000000000e+01 1.460156466684545684e+00
7.300000000000000000e+01 1.460182795595645011e+00
7.400000000000000000e+01 1.460209506337872609e+00
7.500000000000000000e+01 1.460236598911228034e+00
7.600000000000000000e+01 1.460264073315711508e+00
7.700000000000000000e+01 1.460291929551323031e+00
7.800000000000000000e+01 1.460320167618062603e+00
7.900000000000000000e+01 1.460348787515930002e+00
8.000000000000000000e+01 1.460377789244925673e+00
8.100000000000000000e+01 1.460407172805049170e+00
8.200000000000000000e+01 1.460436938196300716e+00
8.300000000000000000e+01 1.460467085418680311e+00
8.400000000000000000e+01 1.460497614472187955e+00
8.500000000000000000e+01 1.460528525356823648e+00
8.600000000000000000e+01 1.460559818072587390e+00
8.700000000000000000e+01 1.460591492619478959e+00
8.800000000000000000e+01 1.460623548997498578e+00
8.900000000000000000e+01 1.460655987206646245e+00
9.000000000000000000e+01 1.460688807246921961e+00
9.100000000000000000e+01 1.460722009118325726e+00
9.200000000000000000e+01 1.460755592820857540e+00
9.300000000000000000e+01 1.460789558354517181e+00
9.400000000000000000e+01 1.460823905719305094e+00
9.500000000000000000e+01 1.460858634915220833e+00
9.600000000000000000e+01 1.460893745942264621e+00
9.700000000000000000e+01 1.460929238800436458e+00
9.800000000000000000e+01 1.460965113489736122e+00
9.900000000000000000e+01 1.461001370010164058e+00
1.000000000000000000e+02 1.461038008361719820e+00
1.010000000000000000e+02 1.461075028544403853e+00
1.020000000000000000e+02 1.461112430558215713e+00
1.030000000000000000e+02 1.461150214403155623e+00
1.040000000000000000e+02 1.461188380079223581e+00
1.050000000000000000e+02 1.461226927586419366e+00
1.060000000000000000e+02 1.461265856924743423e+00
1.070000000000000000e+02 1.461305168094195306e+00
1.080000000000000000e+02 1.461344861094775238e+00
1.090000000000000000e+02 1.461384935926483220e+00
1.100000000000000000e+02 1.461425392589319250e+00
1.110000000000000000e+02 1.461466231083283329e+00
1.120000000000000000e+02 1.461507451408375458e+00
1.130000000000000000e+02 1.461549053564595413e+00
1.140000000000000000e+02 1.461591037551943639e+00
1.150000000000000000e+02 1.461633403370419693e+00
1.160000000000000000e+02 1.461676151020023795e+00
1.170000000000000000e+02 1.461719280500755946e+00
1.180000000000000000e+02 1.461762791812615925e+00
1.190000000000000000e+02 1.461806684955604174e+00
1.200000000000000000e+02 1.461850959929720251e+00
1.210000000000000000e+02 1.461895616734964376e+00
1.220000000000000000e+02 1.461940655371336772e+00
1.230000000000000000e+02 1.461986075838836774e+00
1.240000000000000000e+02 1.462031878137465046e+00
1.250000000000000000e+02 1.462078062267221368e+00
1.260000000000000000e+02 1.462124628228105516e+00
1.270000000000000000e+02 1.462171576020117936e+00
1.280000000000000000e+02 1.462218905643258182e+00
1.290000000000000000e+02 1.462266617097526478e+00
1.300000000000000000e+02 1.462314710382922822e+00
1.310000000000000000e+02 1.462363185499447216e+00
1.320000000000000000e+02 1.462412042447099436e+00
1.330000000000000000e+02 1.462461281225879928e+00
1.340000000000000000e+02 1.462510901835788246e+00
1.350000000000000000e+02 1.462560904276824614e+00
1.360000000000000000e+02 1.462611288548989030e+00
1.370000000000000000e+02 1.462662054652281496e+00
1.380000000000000000e+02 1.462713202586701788e+00
1.390000000000000000e+02 1.462764732352250352e+00
1.400000000000000000e+02 1.462816643948926743e+00
1.410000000000000000e+02 1.462868937376731404e+00
1.420000000000000000e+02 1.462921612635663893e+00
1.430000000000000000e+02 1.462974669725724208e+00
1.440000000000000000e+02 1.463028108646912795e+00
1.450000000000000000e+02 1.463081929399229431e+00
1.460000000000000000e+02 1.463136131982673893e+00
1.470000000000000000e+02 1.463190716397246627e+00
1.480000000000000000e+02 1.463245682642947187e+00
1.490000000000000000e+02 1.463301030719775797e+00
1.500000000000000000e+02 1.463356760627732456e+00
1.510000000000000000e+02 1.463412872366816941e+00
1.520000000000000000e+02 1.463469365937029698e+00
1.530000000000000000e+02 1.463526241338370282e+00
1.540000000000000000e+02 1.463583498570838914e+00
1.550000000000000000e+02 1.463641137634435818e+00
1.560000000000000000e+02 1.463699158529160327e+00
1.570000000000000000e+02 1.463757561255013107e+00
1.580000000000000000e+02 1.463816345811993935e+00
1.590000000000000000e+02 1.463875512200102591e+00
1.600000000000000000e+02 1.463935060419339518e+00
1.610000000000000000e+02 1.463994990469704272e+00
1.620000000000000000e+02 1.464055302351197074e+00
1.630000000000000000e+02 1.464115996063817926e+00
1.640000000000000000e+02 1.464177071607566827e+00
1.650000000000000000e+02 1.464238528982443555e+00
1.660000000000000000e+02 1.464300368188448553e+00
1.670000000000000000e+02 1.464362589225581379e+00
1.680000000000000000e+02 1.464425192093842254e+00
1.690000000000000000e+02 1.464488176793231178e+00
1.700000000000000000e+02 1.464551543323748151e+00
1.710000000000000000e+02 1.464615291685392950e+00
1.720000000000000000e+02 1.464679421878166021e+00
1.730000000000000000e+02 1.464743933902066919e+00
1.740000000000000000e+02 1.464808827757095866e+00
1.750000000000000000e+02 1.464874103443252862e+00
1.760000000000000000e+02 1.464939760960537907e+00
1.770000000000000000e+02 1.465005800308951001e+00
1.780000000000000000e+02 1.465072221488492143e+00
1.790000000000000000e+02 1.465139024499161113e+00
1.800000000000000000e+02 1.465206209340958132e+00
1.810000000000000000e+02 1.465273776013883422e+00
1.820000000000000000e+02 1.465341724517936539e+00
1.830000000000000000e+02 1.465410054853117483e+00
1.840000000000000000e+02 1.465478767019426698e+00
1.850000000000000000e+02 1.465547861016863962e+00
1.860000000000000000e+02 1.465617336845429053e+00
1.870000000000000000e+02 1.465687194505122193e+00
1.880000000000000000e+02 1.465757433995943382e+00
1.890000000000000000e+02 1.465828055317892620e+00
1.900000000000000000e+02 1.465899058470969907e+00
1.910000000000000000e+02 1.465970443455175243e+00
1.920000000000000000e+02 1.466042210270508406e+00
1.930000000000000000e+02 1.466114358916969618e+00
1.940000000000000000e+02 1.466186889394559101e+00
1.950000000000000000e+02 1.466259801703276411e+00
1.960000000000000000e+02 1.466333095843121770e+00
1.970000000000000000e+02 1.466406771814094956e+00
1.980000000000000000e+02 1.466480829616196413e+00
1.990000000000000000e+02 1.466555269249425697e+00
2.000000000000000000e+02 1.466630090713783030e+00
2.010000000000000000e+02 1.466705294009268634e+00
2.020000000000000000e+02 1.466780879135882065e+00
2.030000000000000000e+02 1.466856846093623323e+00
2.040000000000000000e+02 1.466933194882492852e+00
2.050000000000000000e+02 1.467009925502490209e+00
2.060000000000000000e+02 1.467087037953615836e+00
2.070000000000000000e+02 1.467164532235869290e+00
2.080000000000000000e+02 1.467242408349250793e+00
2.090000000000000000e+02 1.467320666293760345e+00
2.100000000000000000e+02 1.467399306069397946e+00
2.110000000000000000e+02 1.467478327676163374e+00
2.120000000000000000e+02 1.467557731114057074e+00
2.130000000000000000e+02 1.467637516383078600e+00
2.140000000000000000e+02 1.467717683483228175e+00
2.150000000000000000e+02 1.467798232414505799e+00
2.160000000000000000e+02 1.467879163176911472e+00
2.170000000000000000e+02 1.467960475770445194e+00
2.180000000000000000e+02 1.468042170195106744e+00
2.190000000000000000e+02 1.468124246450896564e+00
2.200000000000000000e+02 1.468206704537814211e+00
2.210000000000000000e+02 1.468289544455859907e+00
2.220000000000000000e+02 1.468372766205033653e+00
2.230000000000000000e+02 1.468456369785335447e+00
2.240000000000000000e+02 1.468540355196765068e+00
2.250000000000000000e+02 1.468624722439322960e+00
2.260000000000000000e+02 1.468709471513008680e+00
2.270000000000000000e+02 1.468794602417822448e+00
2.280000000000000000e+02 1.468880115153764265e+00
2.290000000000000000e+02 1.468966009720834132e+00
2.300000000000000000e+02 1.469052286119032047e+00
2.310000000000000000e+02 1.469138944348357789e+00
2.320000000000000000e+02 1.469225984408811803e+00
2.330000000000000000e+02 1.469313406300393643e+00
2.340000000000000000e+02 1.469401210023103532e+00
2.350000000000000000e+02 1.469489395576941471e+00
2.360000000000000000e+02 1.469577962961907458e+00
2.370000000000000000e+02 1.469666912178001272e+00
2.380000000000000000e+02 1.469756243225223358e+00
2.390000000000000000e+02 1.469845956103573270e+00
2.400000000000000000e+02 1.469936050813051232e+00
2.410000000000000000e+02 1.470026527353657242e+00
2.420000000000000000e+02 1.470117385725391301e+00
2.430000000000000000e+02 1.470208625928253410e+00
2.440000000000000000e+02 1.470300247962243567e+00
2.450000000000000000e+02 1.470392251827361552e+00
2.460000000000000000e+02 1.470484637523607585e+00
2.470000000000000000e+02 1.470577405050981890e+00
2.480000000000000000e+02 1.470670554409484021e+00
2.490000000000000000e+02 1.470764085599113979e+00
2.500000000000000000e+02 1.470857998619872209e+00
2.510000000000000000e+02 1.470952293471758487e+00
2.520000000000000000e+02 1.471046970154772593e+00
2.530000000000000000e+02 1.471142028668914747e+00
2.540000000000000000e+02 1.471237469014184951e+00
2.550000000000000000e+02 1.471333291190583203e+00
2.560000000000000000e+02 1.471429495198109505e+00
2.570000000000000000e+02 1.471526081036763633e+00
2.580000000000000000e+02 1.471623048706546033e+00
2.590000000000000000e+02 1.471720398207456260e+00
2.600000000000000000e+02 1.471818129539494535e+00
2.610000000000000000e+02 1.471916242702660860e+00
2.620000000000000000e+02 1.472014737696955233e+00
2.630000000000000000e+02 1.472113614522377656e+00
2.640000000000000000e+02 1.472212873178928128e+00
2.650000000000000000e+02 1.472312513666606426e+00
2.660000000000000000e+02 1.472412535985412774e+00
2.670000000000000000e+02 1.472512940135347170e+00
2.680000000000000000e+02 1.472613726116409616e+00
2.690000000000000000e+02 1.472714893928600111e+00
2.700000000000000000e+02 1.472816443571918654e+00
2.710000000000000000e+02 1.472918375046365025e+00
2.720000000000000000e+02 1.473020688351939445e+00
2.730000000000000000e+02 1.473123383488642135e+00
2.740000000000000000e+02 1.473226460456472653e+00
2.750000000000000000e+02 1.473329919255431220e+00
2.760000000000000000e+02 1.473433759885517613e+00
2.770000000000000000e+02 1.473537982346732278e+00
2.780000000000000000e+02 1.473642586639074770e+00
2.790000000000000000e+02 1.473747572762545532e+00
2.800000000000000000e+02 1.473852940717144122e+00
2.810000000000000000e+02 1.473958690502870761e+00
2.820000000000000000e+02 1.474064822119725227e+00
2.830000000000000000e+02 1.474171335567707963e+00
2.840000000000000000e+02 1.474278230846818749e+00
2.850000000000000000e+02 1.474385507957057362e+00
2.860000000000000000e+02 1.474493166898424024e+00
2.870000000000000000e+02 1.474601207670918734e+00
2.880000000000000000e+02 1.474709630274541494e+00
2.890000000000000000e+02 1.474818434709292303e+00
2.900000000000000000e+02 1.474927620975171161e+00
2.910000000000000000e+02 1.475037189072177846e+00
2.920000000000000000e+02 1.475147139000312579e+00
2.930000000000000000e+02 1.475257470759575362e+00
2.940000000000000000e+02 1.475368184349966194e+00
2.950000000000000000e+02 1.475479279771485075e+00
2.960000000000000000e+02 1.475590757024132005e+00
2.970000000000000000e+02 1.475702616107906984e+00
2.980000000000000000e+02 1.475814857022809790e+00
2.990000000000000000e+02 1.475927479768840644e+00
3.000000000000000000e+02 1.476040484345999548e+00
3.010000000000000000e+02 1.476153870754286501e+00
3.020000000000000000e+02 1.476267638993701503e+00
3.030000000000000000e+02 1.476381789064244554e+00
3.040000000000000000e+02 1.476496320965915432e+00
3.050000000000000000e+02 1.476611234698714359e+00
3.060000000000000000e+02 1.476726530262641557e+00
3.070000000000000000e+02 1.476842207657696582e+00
3.080000000000000000e+02 1.476958266883879434e+00
3.090000000000000000e+02 1.477074707941190557e+00
3.100000000000000000e+02 1.477191530829629729e+00
3.110000000000000000e+02 1.477308735549196728e+00
3.120000000000000000e+02 1.477426322099891776e+00
3.130000000000000000e+02 1.477544290481715095e+00
3.140000000000000000e+02 1.477662640694666241e+00
3.150000000000000000e+02 1.477781372738745214e+00
3.160000000000000000e+02 1.477900486613952458e+00
3.170000000000000000e+02 1.478019982320287529e+00
3.180000000000000000e+02 1.478139859857750871e+00
3.190000000000000000e+02 1.478260119226342040e+00
3.200000000000000000e+02 1.478380760426061258e+00
3.210000000000000000e+02 1.478501783456908525e+00
3.220000000000000000e+02 1.478623188318883841e+00
3.230000000000000000e+02 1.478744975011986984e+00
3.240000000000000000e+02 1.478867143536218398e+00
3.250000000000000000e+02 1.478989693891577639e+00
3.260000000000000000e+02 1.479112626078064929e+00
3.270000000000000000e+02 1.479235940095680268e+00
3.280000000000000000e+02 1.479359635944423657e+00
3.290000000000000000e+02 1.479483713624295094e+00
3.300000000000000000e+02 1.479608173135294358e+00
3.310000000000000000e+02 1.479733014477421893e+00
3.320000000000000000e+02 1.479858237650677255e+00
3.330000000000000000e+02 1.479983842655060666e+00
3.340000000000000000e+02 1.480109829490572126e+00
3.350000000000000000e+02 1.480236198157211636e+00
3.360000000000000000e+02 1.480362948654978972e+00
3.370000000000000000e+02 1.480490080983874579e+00
3.380000000000000000e+02 1.480617595143898013e+00
3.390000000000000000e+02 1.480745491135049496e+00
3.400000000000000000e+02 1.480873768957329029e+00
3.410000000000000000e+02 1.481002428610736610e+00
3.420000000000000000e+02 1.481131470095272240e+00
3.430000000000000000e+02 1.481260893410935697e+00
3.440000000000000000e+02 1.481390698557727426e+00
3.450000000000000000e+02 1.481520885535646981e+00
3.460000000000000000e+02 1.481651454344694585e+00
3.470000000000000000e+02 1.481782404984870238e+00
3.480000000000000000e+02 1.481913737456173941e+00
3.490000000000000000e+02 1.482045451758605692e+00
3.500000000000000000e+02 1.482177547892165270e+00
3.510000000000000000e+02 1.482310025856852898e+00
3.520000000000000000e+02 1.482442885652668796e+00
3.530000000000000000e+02 1.482576127279612521e+00
3.540000000000000000e+02 1.482709750737684296e+00
3.550000000000000000e+02 1.482843756026883897e+00
3.560000000000000000e+02 1.482978143147211769e+00
3.570000000000000000e+02 1.483112912098667469e+00
3.580000000000000000e+02 1.483248062881251439e+00
3.590000000000000000e+02 1.483383595494963236e+00
3.600000000000000000e+02 1.483519509939803083e+00
3.610000000000000000e+02 1.483655806215770978e+00
3.620000000000000000e+02 1.483792484322866700e+00
3.630000000000000000e+02 1.483929544261090694e+00
3.640000000000000000e+02 1.484066986030442514e+00
3.650000000000000000e+02 1.484204809630922384e+00
3.660000000000000000e+02 1.484343015062530302e+00
3.670000000000000000e+02 1.484481602325266270e+00
3.680000000000000000e+02 1.484620571419130286e+00
3.690000000000000000e+02 1.484759922344122351e+00
3.700000000000000000e+02 1.484899655100242244e+00
3.710000000000000000e+02 1.485039769687490407e+00
3.720000000000000000e+02 1.485180266105866398e+00
3.730000000000000000e+02 1.485321144355370437e+00
3.740000000000000000e+02 1.485462404436002526e+00
3.750000000000000000e+02 1.485604046347762441e+00
3.760000000000000000e+02 1.485746070090650628e+00
3.770000000000000000e+02 1.485888475664666641e+00
3.780000000000000000e+02 1.486031263069810704e+00
3.790000000000000000e+02 1.486174432306083038e+00
3.800000000000000000e+02 1.486317983373483198e+00
3.810000000000000000e+02 1.486461916272011186e+00
3.820000000000000000e+02 1.486606231001667444e+00
3.830000000000000000e+02 1.486750927562451530e+00
3.840000000000000000e+02 1.486896005954363886e+00
3.850000000000000000e+02 1.487041466177404070e+00
3.860000000000000000e+02 1.487187308231572302e+00
3.870000000000000000e+02 1.487333532116868584e+00
3.880000000000000000e+02 1.487480137833292915e+00
3.890000000000000000e+02 1.487627125380845072e+00
3.900000000000000000e+02 1.487774494759525501e+00
3.910000000000000000e+02 1.487922245969333757e+00
3.920000000000000000e+02 1.488070379010270061e+00
3.930000000000000000e+02 1.488218893882334415e+00
3.940000000000000000e+02 1.488367790585526818e+00
3.950000000000000000e+02 1.488517069119847269e+00
3.960000000000000000e+02 1.488666729485295548e+00
3.970000000000000000e+02 1.488816771681871876e+00
3.980000000000000000e+02 1.488967195709576474e+00
3.990000000000000000e+02 1.489118001568408900e+00
4.000000000000000000e+02 1.489269189258369375e+00
4.010000000000000000e+02 1.489420758779457676e+00
4.020000000000000000e+02 1.489572710131674249e+00
4.030000000000000000e+02 1.489725043315018649e+00
4.040000000000000000e+02 1.489877758329491320e+00
4.050000000000000000e+02 1.490030855175091817e+00
4.060000000000000000e+02 1.490184333851820364e+00
4.070000000000000000e+02 1.490338194359676960e+00
4.080000000000000000e+02 1.490492436698661383e+00
4.090000000000000000e+02 1.490647060868774076e+00
4.100000000000000000e+02 1.490802066870014597e+00
4.110000000000000000e+02 1.490957454702383389e+00
4.120000000000000000e+02 1.491113224365880008e+00
4.130000000000000000e+02 1.491269375860504676e+00
4.140000000000000000e+02 1.491425909186257392e+00
4.150000000000000000e+02 1.491582824343137936e+00
4.160000000000000000e+02 1.491740121331146751e+00
4.170000000000000000e+02 1.491897800150283393e+00
4.180000000000000000e+02 1.492055860800548084e+00
4.190000000000000000e+02 1.492214303281940824e+00
4.200000000000000000e+02 1.492373127594461613e+00
4.210000000000000000e+02 1.492532333738110450e+00
4.220000000000000000e+02 1.492691921712887115e+00
4.230000000000000000e+02 1.492851891518792051e+00
4.240000000000000000e+02 1.493012243155824814e+00
4.250000000000000000e+02 1.493172976623985626e+00
4.260000000000000000e+02 1.493334091923274487e+00
4.270000000000000000e+02 1.493495589053691397e+00
4.280000000000000000e+02 1.493657468015236356e+00
4.290000000000000000e+02 1.493819728807909142e+00
4.300000000000000000e+02 1.493982371431710199e+00
4.310000000000000000e+02 1.494145395886639083e+00
4.320000000000000000e+02 1.494308802172696016e+00
4.330000000000000000e+02 1.494472590289880998e+00
4.340000000000000000e+02 1.494636760238193807e+00
4.350000000000000000e+02 1.494801312017634887e+00
4.360000000000000000e+02 1.494966245628203794e+00
4.370000000000000000e+02 1.495131561069900972e+00
4.380000000000000000e+02 1.495297258342725977e+00
4.390000000000000000e+02 1.495463337446679031e+00
4.400000000000000000e+02 1.495629798381760134e+00
4.410000000000000000e+02 1.495796641147969064e+00
4.420000000000000000e+02 1.495963865745306265e+00
4.430000000000000000e+02 1.496131472173771293e+00
4.440000000000000000e+02 1.496299460433364592e+00
4.450000000000000000e+02 1.496467830524085718e+00
4.460000000000000000e+02 1.496636582445934893e+00
4.470000000000000000e+02 1.496805716198911895e+00
4.480000000000000000e+02 1.496975231783017168e+00
4.490000000000000000e+02 1.497145129198250491e+00
4.500000000000000000e+02 1.497315408444611640e+00
4.510000000000000000e+02 1.497486069522100838e+00
4.520000000000000000e+02 1.497657112430718085e+00
4.530000000000000000e+02 1.497828537170463381e+00
4.540000000000000000e+02 1.498000343741336726e+00
4.550000000000000000e+02 1.498172532143337898e+00
4.560000000000000000e+02 1.498345102376467342e+00
4.570000000000000000e+02 1.498518054440724612e+00
4.580000000000000000e+02 1.498691388336109931e+00
4.590000000000000000e+02 1.498865104062623299e+00
4.600000000000000000e+02 1.499039201620264716e+00
4.610000000000000000e+02 1.499213681009033960e+00
4.620000000000000000e+02 1.499388542228931476e+00
4.630000000000000000e+02 1.499563785279956818e+00
4.640000000000000000e+02 1.499739410162110431e+00
4.650000000000000000e+02 1.499915416875391871e+00
4.660000000000000000e+02 1.500091805419801139e+00
4.670000000000000000e+02 1.500268575795338677e+00
4.680000000000000000e+02 1.500445728002004264e+00
4.690000000000000000e+02 1.500623262039797678e+00
4.700000000000000000e+02 1.500801177908719364e+00
4.710000000000000000e+02 1.500979475608768876e+00
4.720000000000000000e+02 1.501158155139946437e+00
4.730000000000000000e+02 1.501337216502252048e+00
4.740000000000000000e+02 1.501516659695685485e+00
4.750000000000000000e+02 1.501696484720247193e+00
4.760000000000000000e+02 1.501876691575936729e+00
4.770000000000000000e+02 1.502057280262754313e+00
4.780000000000000000e+02 1.502238250780699946e+00
4.790000000000000000e+02 1.502419603129773629e+00
4.800000000000000000e+02 1.502601337309975360e+00
4.810000000000000000e+02 1.502783453321305140e+00
4.820000000000000000e+02 1.502965951163762748e+00
4.830000000000000000e+02 1.503148830837348626e+00
4.840000000000000000e+02 1.503332092342062332e+00
4.850000000000000000e+02 1.503515735677904086e+00
4.860000000000000000e+02 1.503699760844873889e+00
4.870000000000000000e+02 1.503884167842971520e+00
4.880000000000000000e+02 1.504068956672197421e+00
4.890000000000000000e+02 1.504254127332551150e+00
4.900000000000000000e+02 1.504439679824033149e+00
4.910000000000000000e+02 1.504625614146642976e+00
4.920000000000000000e+02 1.504811930300380851e+00
4.930000000000000000e+02 1.504998628285246554e+00
4.940000000000000000e+02 1.505185708101240527e+00
4.950000000000000000e+02 1.505373169748362550e+00
4.960000000000000000e+02 1.505561013226612399e+00
4.970000000000000000e+02 1.505749238535990298e+00
4.980000000000000000e+02 1.505937845676496245e+00
4.990000000000000000e+02 1.506126834648130242e+00
5.000000000000000000e+02 1.506316205450892287e+00
5.010000000000000000e+02 1.506505958084782160e+00
5.020000000000000000e+02 1.506696092549800303e+00
5.030000000000000000e+02 1.506886608845946274e+00
5.040000000000000000e+02 1.507077506973220293e+00
5.050000000000000000e+02 1.507268786931622362e+00
5.060000000000000000e+02 1.507460448721152479e+00
5.070000000000000000e+02 1.507652492341810646e+00
5.080000000000000000e+02 1.507844917793596640e+00
5.090000000000000000e+02 1.508037725076510904e+00
5.100000000000000000e+02 1.508230914190552996e+00
5.110000000000000000e+02 1.508424485135723137e+00
5.120000000000000000e+02 1.508618437912021326e+00
5.130000000000000000e+02 1.508812772519447565e+00
5.140000000000000000e+02 1.509007488958001630e+00
5.150000000000000000e+02 1.509202587227683967e+00
5.160000000000000000e+02 1.509398067328494131e+00
5.170000000000000000e+02 1.509593929260432343e+00
5.180000000000000000e+02 1.509790173023498605e+00
5.190000000000000000e+02 1.509986798617692916e+00
5.200000000000000000e+02 1.510183806043015275e+00
5.210000000000000000e+02 1.510381195299465462e+00
5.220000000000000000e+02 1.510578966387043920e+00
5.230000000000000000e+02 1.510777119305750205e+00
5.240000000000000000e+02 1.510975654055584538e+00
5.250000000000000000e+02 1.511174570636546921e+00
5.260000000000000000e+02 1.511373869048637353e+00
5.270000000000000000e+02 1.511573549291855612e+00
5.280000000000000000e+02 1.511773611366202141e+00
5.290000000000000000e+02 1.511974055271676498e+00
5.300000000000000000e+02 1.512174881008278904e+00
5.310000000000000000e+02 1.512376088576009359e+00
5.320000000000000000e+02 1.512577677974867862e+00
5.330000000000000000e+02 1.512779649204854415e+00
5.340000000000000000e+02 1.512982002265969017e+00
5.350000000000000000e+02 1.513184737158211446e+00
5.360000000000000000e+02 1.513387853881581924e+00
5.370000000000000000e+02 1.513591352436080451e+00
5.380000000000000000e+02 1.513795232821707026e+00
5.390000000000000000e+02 1.513999495038461651e+00
5.400000000000000000e+02 1.514204139086344325e+00
5.410000000000000000e+02 1.514409164965354826e+00
5.420000000000000000e+02 1.514614572675493598e+00
5.430000000000000000e+02 1.514820362216760197e+00
5.440000000000000000e+02 1.515026533589154845e+00
5.450000000000000000e+02 1.515233086792677542e+00
5.460000000000000000e+02 1.515440021827328287e+00
5.470000000000000000e+02 1.515647338693106860e+00
5.480000000000000000e+02 1.515855037390013704e+00
5.490000000000000000e+02 1.516063117918048375e+00
5.500000000000000000e+02 1.516271580277211095e+00
5.510000000000000000e+02 1.516480424467501864e+00
5.520000000000000000e+02 1.516689650488920682e+00
5.530000000000000000e+02 1.516899258341467549e+00
5.540000000000000000e+02 1.517109248025142243e+00
5.550000000000000000e+02 1.517319619539945208e+00
5.560000000000000000e+02 1.517530372885876000e+00
5.570000000000000000e+02 1.517741508062934841e+00
5.580000000000000000e+02 1.517953025071121731e+00
5.590000000000000000e+02 1.518164923910436670e+00
5.600000000000000000e+02 1.518377204580879436e+00
5.610000000000000000e+02 1.518589867082450473e+00
5.620000000000000000e+02 1.518802911415149337e+00
5.630000000000000000e+02 1.519016337578976250e+00
5.640000000000000000e+02 1.519230145573931434e+00
5.650000000000000000e+02 1.519444335400014223e+00
5.660000000000000000e+02 1.519658907057225283e+00
5.670000000000000000e+02 1.519873860545564392e+00
5.680000000000000000e+02 1.520089195865031328e+00
5.690000000000000000e+02 1.520304913015626314e+00
5.700000000000000000e+02 1.520521011997349348e+00
5.710000000000000000e+02 1.520737492810200431e+00
5.720000000000000000e+02 1.520954355454179563e+00
5.730000000000000000e+02 1.521171599929286744e+00
5.740000000000000000e+02 1.521389226235521752e+00
5.750000000000000000e+02 1.521607234372885031e+00
5.760000000000000000e+02 1.521825624341376137e+00
5.770000000000000000e+02 1.522044396140995293e+00
5.780000000000000000e+02 1.522263549771742497e+00
5.790000000000000000e+02 1.522483085233617750e+00
5.800000000000000000e+02 1.522703002526620830e+00
5.810000000000000000e+02 1.522923301650752181e+00
5.820000000000000000e+02 1.523143982606011360e+00
5.830000000000000000e+02 1.523365045392398587e+00
5.840000000000000000e+02 1.523586490009913863e+00
5.850000000000000000e+02 1.523808316458557188e+00
5.860000000000000000e+02 1.524030524738328563e+00
5.870000000000000000e+02 1.524253114849227764e+00
5.880000000000000000e+02 1.524476086791255236e+00
5.890000000000000000e+02 1.524699440564410535e+00
5.900000000000000000e+02 1.524923176168693884e+00
5.910000000000000000e+02 1.525147293604105281e+00
5.920000000000000000e+02 1.525371792870644727e+00
5.930000000000000000e+02 1.525596673968312000e+00
5.940000000000000000e+02 1.525821936897107545e+00
5.950000000000000000e+02 1.526047581657030916e+00
5.960000000000000000e+02 1.526273608248082336e+00
5.970000000000000000e+02 1.526500016670261806e+00
5.980000000000000000e+02 1.526726806923569324e+00
5.990000000000000000e+02 1.526953979008004891e+00
6.000000000000000000e+02 1.527181532923568508e+00
6.010000000000000000e+02 1.527409468670259951e+00
6.020000000000000000e+02 1.527637786248079443e+00
6.030000000000000000e+02 1.527866485657026985e+00
6.040000000000000000e+02 1.528095566897102575e+00
6.050000000000000000e+02 1.528325029968306215e+00
6.060000000000000000e+02 1.528554874870637903e+00
6.070000000000000000e+02 1.528785101604097418e+00
6.080000000000000000e+02 1.529015710168685205e+00
6.090000000000000000e+02 1.529246700564400818e+00
6.100000000000000000e+02 1.529478072791244481e+00
6.110000000000000000e+02 1.529709826849216192e+00
6.120000000000000000e+02 1.529941962738315731e+00
6.130000000000000000e+02 1.530174480458543540e+00
6.140000000000000000e+02 1.530407380009899398e+00
6.150000000000000000e+02 1.530640661392383084e+00
6.160000000000000000e+02 1.530874324605994818e+00
6.170000000000000000e+02 1.531108369650734602e+00
6.180000000000000000e+02 1.531342796526602434e+00
6.190000000000000000e+02 1.531577605233598094e+00
6.200000000000000000e+02 1.531812795771722024e+00
6.210000000000000000e+02 1.532048368140973782e+00
6.220000000000000000e+02 1.532284322341353811e+00
6.230000000000000000e+02 1.532520658372861666e+00
6.240000000000000000e+02 1.532757376235497571e+00
6.250000000000000000e+02 1.532994475929261302e+00
6.260000000000000000e+02 1.533231957454153305e+00
6.270000000000000000e+02 1.533469820810173134e+00
6.280000000000000000e+02 1.533708065997321235e+00
6.290000000000000000e+02 1.533946693015597162e+00
6.300000000000000000e+02 1.534185701865001139e+00
6.310000000000000000e+02 1.534425092545533165e+00
6.320000000000000000e+02 1.534664865057193239e+00
6.330000000000000000e+02 1.534905019399981141e+00
6.340000000000000000e+02 1.535145555573897092e+00
6.350000000000000000e+02 1.535386473578941313e+00
6.360000000000000000e+02 1.535627773415113362e+00
6.370000000000000000e+02 1.535869455082413459e+00
6.380000000000000000e+02 1.536111518580841606e+00
6.390000000000000000e+02 1.536353963910397580e+00
6.400000000000000000e+02 1.536596791071081824e+00
6.410000000000000000e+02 1.536840000062893896e+00
6.420000000000000000e+02 1.537083590885834017e+00
6.430000000000000000e+02 1.537327563539902187e+00
6.440000000000000000e+02 1.537571918025098405e+00
6.450000000000000000e+02 1.537816654341422673e+00
6.460000000000000000e+02 1.538061772488874990e+00
6.470000000000000000e+02 1.538307272467455133e+00
6.480000000000000000e+02 1.538553154277163326e+00
6.490000000000000000e+02 1.538799417917999568e+00
6.500000000000000000e+02 1.539046063389963859e+00
6.510000000000000000e+02 1.539293090693056199e+00
6.520000000000000000e+02 1.539540499827276587e+00
6.530000000000000000e+02 1.539788290792624803e+00
6.540000000000000000e+02 1.540036463589101290e+00
6.550000000000000000e+02 1.540285018216705604e+00
6.560000000000000000e+02 1.540533954675437966e+00
6.570000000000000000e+02 1.540783272965298378e+00
6.580000000000000000e+02 1.541032973086286839e+00
6.590000000000000000e+02 1.541283055038403127e+00
6.600000000000000000e+02 1.541533518821647686e+00
6.610000000000000000e+02 1.541784364436020072e+00
6.620000000000000000e+02 1.542035591881520507e+00
6.630000000000000000e+02 1.542287201158148990e+00
6.640000000000000000e+02 1.542539192265905523e+00
6.650000000000000000e+02 1.542791565204790105e+00
6.660000000000000000e+02 1.543044319974802514e+00
6.670000000000000000e+02 1.543297456575943194e+00
6.680000000000000000e+02 1.543550975008211701e+00
6.690000000000000000e+02 1.543804875271608257e+00
6.700000000000000000e+02 1.544059157366132862e+00
6.710000000000000000e+02 1.544313821291785516e+00
6.720000000000000000e+02 1.544568867048566219e+00
6.730000000000000000e+02 1.544824294636474749e+00
6.740000000000000000e+02 1.545080104055511327e+00
6.750000000000000000e+02 1.545336295305676177e+00
6.760000000000000000e+02 1.545592868386968854e+00
6.770000000000000000e+02 1.545849823299389358e+00
6.780000000000000000e+02 1.546107160042938133e+00
6.790000000000000000e+02 1.546364878617614957e+00
6.800000000000000000e+02 1.546622979023419608e+00
6.810000000000000000e+02 1.546881461260352530e+00
6.820000000000000000e+02 1.547140325328413279e+00
6.830000000000000000e+02 1.547399571227602078e+00
6.840000000000000000e+02 1.547659198957918703e+00
6.850000000000000000e+02 1.547919208519363599e+00
6.860000000000000000e+02 1.548179599911936544e+00
6.870000000000000000e+02 1.548440373135637316e+00
6.880000000000000000e+02 1.548701528190466137e+00
6.890000000000000000e+02 1.548963065076423007e+00
6.900000000000000000e+02 1.549224983793507926e+00
6.910000000000000000e+02 1.549487284341720894e+00
6.920000000000000000e+02 1.549749966721061911e+00
6.930000000000000000e+02 1.550013030931530755e+00
6.940000000000000000e+02 1.550276476973127648e+00
6.950000000000000000e+02 1.550540304845852813e+00
6.960000000000000000e+02 1.550804514549705582e+00
6.970000000000000000e+02 1.551069106084686622e+00
6.980000000000000000e+02 1.551334079450795711e+00
6.990000000000000000e+02 1.551599434648032849e+00
7.000000000000000000e+02 1.551865171676397814e+00
7.010000000000000000e+02 1.552131290535890829e+00
7.020000000000000000e+02 1.552397791226511892e+00
7.030000000000000000e+02 1.552664673748261004e+00
7.040000000000000000e+02 1.552931938101138165e+00
7.050000000000000000e+02 1.553199584285143375e+00
7.060000000000000000e+02 1.553467612300276413e+00
7.070000000000000000e+02 1.553736022146537721e+00
7.080000000000000000e+02 1.554004813823926856e+00
7.090000000000000000e+02 1.554273987332444040e+00
7.100000000000000000e+02 1.554543542672089274e+00
7.110000000000000000e+02 1.554813479842862334e+00
7.120000000000000000e+02 1.555083798844763665e+00
7.130000000000000000e+02 1.555354499677792823e+00
7.140000000000000000e+02 1.555625582341950253e+00
7.150000000000000000e+02 1.555897046837235509e+00
7.160000000000000000e+02 1.556168893163648814e+00
7.170000000000000000e+02 1.556441121321189947e+00
7.180000000000000000e+02 1.556713731309859350e+00
7.190000000000000000e+02 1.556986723129656802e+00
7.200000000000000000e+02 1.557260096780582082e+00
7.210000000000000000e+02 1.557533852262635410e+00
7.220000000000000000e+02 1.557807989575816787e+00
7.230000000000000000e+02 1.558082508720126214e+00
7.240000000000000000e+02 1.558357409695563689e+00
7.250000000000000000e+02 1.558632692502129213e+00
7.260000000000000000e+02 1.558908357139822565e+00
7.270000000000000000e+02 1.559184403608643965e+00
7.280000000000000000e+02 1.559460831908593414e+00
7.290000000000000000e+02 1.559737642039670913e+00
7.300000000000000000e+02 1.560014834001876460e+00
7.310000000000000000e+02 1.560292407795210057e+00
7.320000000000000000e+02 1.560570363419671480e+00
7.330000000000000000e+02 1.560848700875261175e+00
7.340000000000000000e+02 1.561127420161978696e+00
7.350000000000000000e+02 1.561406521279824267e+00
7.360000000000000000e+02 1.561686004228797886e+00
7.370000000000000000e+02 1.561965869008899555e+00
7.380000000000000000e+02 1.562246115620129050e+00
7.390000000000000000e+02 1.562526744062486816e+00
7.400000000000000000e+02 1.562807754335972410e+00
7.410000000000000000e+02 1.563089146440586052e+00
7.420000000000000000e+02 1.563370920376327744e+00
7.430000000000000000e+02 1.563653076143197485e+00
7.440000000000000000e+02 1.563935613741195274e+00
7.450000000000000000e+02 1.564218533170321113e+00
7.460000000000000000e+02 1.564501834430574778e+00
7.470000000000000000e+02 1.564785517521956493e+00
7.480000000000000000e+02 1.565069582444466256e+00
7.490000000000000000e+02 1.565354029198104069e+00
7.500000000000000000e+02 1.565638857782869930e+00
7.510000000000000000e+02 1.565924068198763841e+00
7.520000000000000000e+02 1.566209660445785579e+00
7.530000000000000000e+02 1.566495634523935587e+00
7.540000000000000000e+02 1.566781990433213423e+00
7.550000000000000000e+02 1.567068728173619307e+00
7.560000000000000000e+02 1.567355847745153241e+00
7.570000000000000000e+02 1.567643349147815224e+00
7.580000000000000000e+02 1.567931232381605033e+00
7.590000000000000000e+02 1.568219497446523114e+00
7.600000000000000000e+02 1.568508144342569022e+00
7.610000000000000000e+02 1.568797173069742978e+00
7.620000000000000000e+02 1.569086583628044984e+00
7.630000000000000000e+02 1.569376376017475039e+00
7.640000000000000000e+02 1.569666550238033143e+00
7.650000000000000000e+02 1.569957106289719073e+00
7.660000000000000000e+02 1.570248044172533053e+00
7.670000000000000000e+02 1.570539363886475304e+00
7.680000000000000000e+02 1.570831065431545381e+00
7.690000000000000000e+02 1.571123148807743508e+00
7.700000000000000000e+02 1.571415614015069462e+00
7.710000000000000000e+02 1.571708461053523687e+00
7.720000000000000000e+02 1.572001689923105960e+00
7.730000000000000000e+02 1.572295300623816061e+00
7.740000000000000000e+02 1.572589293155654211e+00
7.750000000000000000e+02 1.572883667518620410e+00
7.760000000000000000e+02 1.573178423712714658e+00
7.770000000000000000e+02 1.573473561737936954e+00
7.780000000000000000e+02 1.573769081594287078e+00
7.790000000000000000e+02 1.574064983281765473e+00
7.800000000000000000e+02 1.574361266800371695e+00
7.810000000000000000e+02 1.574657932150105966e+00
7.820000000000000000e+02 1.574954979330968285e+00
7.830000000000000000e+02 1.575252408342958654e+00
7.840000000000000000e+02 1.575550219186076850e+00
7.850000000000000000e+02 1.575848411860323317e+00
7.860000000000000000e+02 1.576146986365697611e+00
7.870000000000000000e+02 1.576445942702199954e+00
7.880000000000000000e+02 1.576745280869830346e+00
7.890000000000000000e+02 1.577045000868588787e+00
7.900000000000000000e+02 1.577345102698475277e+00
7.910000000000000000e+02 1.577645586359489815e+00
7.920000000000000000e+02 1.577946451851632181e+00
7.930000000000000000e+02 1.578247699174902596e+00
7.940000000000000000e+02 1.578549328329301060e+00
7.950000000000000000e+02 1.578851339314827573e+00
7.960000000000000000e+02 1.579153732131482135e+00
7.970000000000000000e+02 1.579456506779264746e+00
7.980000000000000000e+02 1.579759663258175184e+00
7.990000000000000000e+02 1.580063201568213893e+00
8.000000000000000000e+02 1.580367121709380429e+00
8.010000000000000000e+02 1.580671423681675014e+00
8.020000000000000000e+02 1.580976107485097648e+00
8.030000000000000000e+02 1.581281173119648331e+00
8.040000000000000000e+02 1.581586620585326841e+00
8.050000000000000000e+02 1.581892449882133622e+00
8.060000000000000000e+02 1.582198661010068230e+00
8.070000000000000000e+02 1.582505253969130887e+00
8.080000000000000000e+02 1.582812228759321593e+00
8.090000000000000000e+02 1.583119585380640348e+00
8.100000000000000000e+02 1.583427323833087152e+00
8.110000000000000000e+02 1.583735444116662006e+00
8.120000000000000000e+02 1.584043946231364686e+00
8.130000000000000000e+02 1.584352830177195415e+00
8.140000000000000000e+02 1.584662095954154193e+00
8.150000000000000000e+02 1.584971743562241020e+00
8.160000000000000000e+02 1.585281773001455896e+00
8.170000000000000000e+02 1.585592184271798821e+00
8.180000000000000000e+02 1.585902977373269573e+00
8.190000000000000000e+02 1.586214152305868375e+00
8.200000000000000000e+02 1.586525709069595447e+00
8.210000000000000000e+02 1.586837647664450346e+00
8.220000000000000000e+02 1.587149968090433294e+00
8.230000000000000000e+02 1.587462670347544069e+00
8.240000000000000000e+02 1.587775754435783115e+00
8.250000000000000000e+02 1.588089220355149989e+00
8.260000000000000000e+02 1.588403068105645133e+00
8.270000000000000000e+02 1.588717297687268104e+00
8.280000000000000000e+02 1.589031909100019124e+00
8.290000000000000000e+02 1.589346902343898194e+00
8.300000000000000000e+02 1.589662277418905090e+00
8.310000000000000000e+02 1.589978034325040257e+00
8.320000000000000000e+02 1.590294173062303251e+00
8.330000000000000000e+02 1.590610693630694294e+00
8.340000000000000000e+02 1.590927596030213387e+00
8.350000000000000000e+02 1.591244880260860528e+00
8.360000000000000000e+02 1.591562546322635718e+00
8.370000000000000000e+02 1.591880594215538736e+00
8.380000000000000000e+02 1.592199023939570024e+00
8.390000000000000000e+02 1.592517835494729139e+00
8.400000000000000000e+02 1.592837028881016304e+00
8.410000000000000000e+02 1.593156604098431739e+00
8.420000000000000000e+02 1.593476561146974779e+00
8.430000000000000000e+02 1.593796900026646091e+00
8.440000000000000000e+02 1.594117620737445229e+00
8.450000000000000000e+02 1.594438723279372638e+00
8.460000000000000000e+02 1.594760207652427875e+00
8.470000000000000000e+02 1.595082073856611160e+00
8.480000000000000000e+02 1.595404321891922494e+00
8.490000000000000000e+02 1.595726951758361878e+00
8.500000000000000000e+02 1.596049963455929088e+00
8.510000000000000000e+02 1.596373356984624570e+00
8.520000000000000000e+02 1.596697132344447878e+00
8.530000000000000000e+02 1.597021289535399458e+00
8.540000000000000000e+02 1.597345828557478864e+00
8.550000000000000000e+02 1.597670749410686319e+00
8.560000000000000000e+02 1.597996052095021602e+00
8.570000000000000000e+02 1.598321736610485155e+00
8.580000000000000000e+02 1.598647802957076536e+00
8.590000000000000000e+02 1.598974251134796187e+00
8.600000000000000000e+02 1.599301081143643666e+00
8.610000000000000000e+02 1.599628292983619193e+00
8.620000000000000000e+02 1.599955886654722548e+00
8.630000000000000000e+02 1.600283862156954173e+00
8.640000000000000000e+02 1.600612219490313848e+00
8.650000000000000000e+02 1.600940958654801349e+00
8.660000000000000000e+02 1.601270079650416900e+00
8.670000000000000000e+02 1.601599582477160499e+00
8.680000000000000000e+02 1.601929467135032148e+00
8.690000000000000000e+02 1.602259733624031846e+00
8.700000000000000000e+02 1.602590381944159592e+00
8.710000000000000000e+02 1.602921412095415166e+00
8.720000000000000000e+02 1.603252824077798788e+00
8.730000000000000000e+02 1.603584617891310460e+00
8.740000000000000000e+02 1.603916793535950180e+00
8.750000000000000000e+02 1.604249351011717950e+00
8.760000000000000000e+02 1.604582290318613769e+00
8.770000000000000000e+02 1.604915611456637414e+00
8.780000000000000000e+02 1.605249314425789331e+00
8.790000000000000000e+02 1.605583399226069075e+00
8.800000000000000000e+02 1.605917865857476867e+00
8.810000000000000000e+02 1.606252714320012709e+00
8.820000000000000000e+02 1.606587944613676600e+00
8.830000000000000000e+02 1.606923556738468317e+00
8.840000000000000000e+02 1.607259550694388306e+00
8.850000000000000000e+02 1.607595926481436122e+00
8.860000000000000000e+02 1.607932684099611986e+00
8.870000000000000000e+02 1.608269823548915900e+00
8.880000000000000000e+02 1.608607344829347863e+00
8.890000000000000000e+02 1.608945247940907874e+00
8.900000000000000000e+02 1.609283532883595935e+00
8.910000000000000000e+02 1.609622199657411823e+00
8.920000000000000000e+02 1.609961248262355760e+00
8.930000000000000000e+02 1.610300678698427745e+00
8.940000000000000000e+02 1.610640490965627780e+00
8.950000000000000000e+02 1.610980685063955864e+00
8.960000000000000000e+02 1.611321260993411997e+00
8.970000000000000000e+02 1.611662218753995957e+00
8.980000000000000000e+02 1.612003558345708187e+00
8.990000000000000000e+02 1.612345279768548245e+00
9.000000000000000000e+02 1.612687383022516352e+00
9.010000000000000000e+02 1.613029868107612508e+00
9.020000000000000000e+02 1.613372735023836491e+00
9.030000000000000000e+02 1.613715983771188744e+00
9.040000000000000000e+02 1.614059614349669047e+00
9.050000000000000000e+02 1.614403626759277177e+00
9.060000000000000000e+02 1.614748021000013356e+00
9.070000000000000000e+02 1.615092797071877584e+00
9.080000000000000000e+02 1.615437954974869861e+00
9.090000000000000000e+02 1.615783494708989965e+00
9.100000000000000000e+02 1.616129416274238340e+00
9.110000000000000000e+02 1.616475719670614541e+00
9.120000000000000000e+02 1.616822404898119014e+00
9.130000000000000000e+02 1.617169471956751314e+00
9.140000000000000000e+02 1.617516920846511663e+00
9.150000000000000000e+02 1.617864751567399839e+00
9.160000000000000000e+02 1.618212964119416286e+00
9.170000000000000000e+02 1.618561558502560560e+00
9.180000000000000000e+02 1.618910534716833105e+00
9.190000000000000000e+02 1.619259892762233477e+00
9.200000000000000000e+02 1.619609632638761898e+00
9.210000000000000000e+02 1.619959754346418368e+00
9.220000000000000000e+02 1.620310257885202887e+00
9.230000000000000000e+02 1.620661143255115233e+00
9.240000000000000000e+02 1.621012410456155628e+00
9.250000000000000000e+02 1.621364059488324294e+00
9.260000000000000000e+02 1.621716090351620787e+00
9.270000000000000000e+02 1.622068503046045329e+00
9.280000000000000000e+02 1.622421297571597920e+00
9.290000000000000000e+02 1.622774473928278338e+00
9.300000000000000000e+02 1.623128032116087027e+00
9.310000000000000000e+02 1.623481972135023543e+00
9.320000000000000000e+02 1.623836293985088108e+00
9.330000000000000000e+02 1.624190997666280722e+00
9.340000000000000000e+02 1.624546083178601386e+00
9.350000000000000000e+02 1.624901550522050098e+00
9.360000000000000000e+02 1.625257399696626859e+00
9.370000000000000000e+02 1.625613630702331447e+00
9.380000000000000000e+02 1.625970243539164084e+00
9.390000000000000000e+02 1.626327238207124770e+00
9.400000000000000000e+02 1.626684614706213505e+00
9.410000000000000000e+02 1.627042373036430289e+00
9.420000000000000000e+02 1.627400513197775123e+00
9.430000000000000000e+02 1.627759035190247783e+00
9.440000000000000000e+02 1.628117939013848714e+00
9.450000000000000000e+02 1.628477224668577472e+00
9.460000000000000000e+02 1.628836892154434279e+00
9.470000000000000000e+02 1.629196941471419136e+00
9.480000000000000000e+02 1.629557372619532041e+00
9.490000000000000000e+02 1.629918185598772773e+00
9.500000000000000000e+02 1.630279380409141776e+00
9.510000000000000000e+02 1.630640957050638606e+00
9.520000000000000000e+02 1.631002915523263486e+00
9.530000000000000000e+02 1.631365255827016414e+00
9.540000000000000000e+02 1.631727977961897391e+00
9.550000000000000000e+02 1.632091081927906417e+00
9.560000000000000000e+02 1.632454567725043271e+00
9.570000000000000000e+02 1.632818435353308395e+00
9.580000000000000000e+02 1.633182684812701346e+00
9.590000000000000000e+02 1.633547316103222347e+00
9.600000000000000000e+02 1.633912329224871396e+00
9.610000000000000000e+02 1.634277724177648494e+00
9.620000000000000000e+02 1.634643500961553642e+00
9.630000000000000000e+02 1.635009659576586616e+00
9.640000000000000000e+02 1.635376200022747639e+00
9.650000000000000000e+02 1.635743122300036712e+00
9.660000000000000000e+02 1.636110426408453833e+00
9.670000000000000000e+02 1.636478112347999003e+00
9.680000000000000000e+02 1.636846180118672223e+00
9.690000000000000000e+02 1.637214629720473491e+00
9.700000000000000000e+02 1.637583461153402586e+00
9.710000000000000000e+02 1.637952674417459731e+00
9.720000000000000000e+02 1.638322269512645146e+00
9.730000000000000000e+02 1.638692246438958167e+00
9.740000000000000000e+02 1.639062605196399458e+00
9.750000000000000000e+02 1.639433345784968798e+00
9.760000000000000000e+02 1.639804468204665966e+00
9.770000000000000000e+02 1.640175972455491404e+00
9.780000000000000000e+02 1.640547858537444670e+00
9.790000000000000000e+02 1.640920126450525984e+00
9.800000000000000000e+02 1.641292776194735348e+00
9.810000000000000000e+02 1.641665807770072760e+00
9.820000000000000000e+02 1.642039221176538000e+00
9.830000000000000000e+02 1.642413016414131510e+00
9.840000000000000000e+02 1.642787193482852848e+00
9.850000000000000000e+02 1.643161752382702234e+00
9.860000000000000000e+02 1.643536693113679670e+00
9.870000000000000000e+02 1.643912015675785154e+00
9.880000000000000000e+02 1.644287720069018688e+00
9.890000000000000000e+02 1.644663806293380048e+00
9.900000000000000000e+02 1.645040274348869680e+00
9.910000000000000000e+02 1.645417124235487139e+00
9.920000000000000000e+02 1.645794355953232646e+00
9.930000000000000000e+02 1.646171969502106203e+00
9.940000000000000000e+02 1.646549964882107808e+00
9.950000000000000000e+02 1.646928342093237241e+00
9.960000000000000000e+02 1.647307101135494944e+00
9.970000000000000000e+02 1.647686242008880475e+00
9.980000000000000000e+02 1.648065764713394055e+00
9.990000000000000000e+02 1.648445669249035683e+00
1.000000000000000000e+03 1.648825955615805361e+00
1.001000000000000000e+03 1.649206623813703088e+00
1.002000000000000000e+03 1.649587673842728863e+00
1.003000000000000000e+03 1.649969105702882466e+00
1.004000000000000000e+03 1.650350919394164118e+00
1.005000000000000000e+03 1.650733114916573818e+00
1.006000000000000000e+03 1.651115692270111568e+00
1.007000000000000000e+03 1.651498651454777367e+00
1.008000000000000000e+03 1.651881992470571214e+00
1.009000000000000000e+03 1.652265715317492889e+00
1.010000000000000000e+03 1.652649819995542835e+00
1.011000000000000000e+03 1.653034306504720607e+00
1.012000000000000000e+03 1.653419174845026429e+00
1.013000000000000000e+03 1.653804425016460300e+00
1.014000000000000000e+03 1.654190057019022220e+00
1.015000000000000000e+03 1.654576070852711966e+00
1.016000000000000000e+03 1.654962466517529984e+00
1.017000000000000000e+03 1.655349244013475829e+00
1.018000000000000000e+03 1.655736403340549723e+00
1.019000000000000000e+03 1.656123944498751666e+00
1.020000000000000000e+03 1.656511867488081657e+00
1.021000000000000000e+03 1.656900172308539698e+00
