# order=14: data_wav [pixel], data_wavsolution [micron]
5.200000000000000000e+01 1.802659157217363806e+00
5.300000000000000000e+01 1.802688614530091327e+00
5.400000000000000000e+01 1.802718068153209341e+00
5.500000000000000000e+01 1.802747518086718070e+00
5.600000000000000000e+01 1.802776964330617515e+00
5.700000000000000000e+01 1.802806406884907231e+00
5.800000000000000000e+01 1.802835845749587884e+00
5.900000000000000000e+01 1.802865280924658808e+00
6.000000000000000000e+01 1.802894712410120448e+00
6.100000000000000000e+01 1.802924140205972581e+00
6.200000000000000000e+01 1.802953564312215429e+00
6.300000000000000000e+01 1.802982984728848770e+00
6.400000000000000000e+01 1.803012401455872826e+00
6.500000000000000000e+01 1.803041814493287376e+00
6.600000000000000000e+01 1.803071223841092419e+00
6.700000000000000000e+01 1.803100629499288177e+00
6.800000000000000000e+01 1.803130031467874428e+00
6.900000000000000000e+01 1.803159429746851394e+00
7.000000000000000000e+01 1.803188824336218854e+00
7.100000000000000000e+01 1.803218215235976807e+00
7.200000000000000000e+01 1.803247602446125475e+00
7.300000000000000000e+01 1.803276985966664636e+00
7.400000000000000000e+01 1.803306365797594513e+00
7.500000000000000000e+01 1.803335741938914882e+00
7.600000000000000000e+01 1.803365114390625745e+00
7.700000000000000000e+01 1.803394483152727323e+00
7.800000000000000000e+01 1.803423848225219395e+00
7.900000000000000000e+01 1.803453209608102181e+00
8.000000000000000000e+01 1.803482567301375461e+00
8.100000000000000000e+01 1.803511921305039234e+00
8.200000000000000000e+01 1.803541271619093722e+00
8.300000000000000000e+01 1.803570618243538703e+00
8.400000000000000000e+01 1.803599961178374400e+00
8.500000000000000000e+01 1.803629300423600590e+00
8.600000000000000000e+01 1.803658635979217273e+00
8.700000000000000000e+01 1.803687967845224671e+00
8.800000000000000000e+01 1.803717296021622563e+00
8.900000000000000000e+01 1.803746620508411169e+00
9.000000000000000000e+01 1.803775941305590269e+00
9.100000000000000000e+01 1.803805258413159862e+00
9.200000000000000000e+01 1.803834571831120170e+00
9.300000000000000000e+01 1.803863881559470972e+00
9.400000000000000000e+01 1.803893187598212489e+00
9.500000000000000000e+01 1.803922489947344499e+00
9.600000000000000000e+01 1.803951788606867002e+00
9.700000000000000000e+01 1.803981083576780220e+00
9.800000000000000000e+01 1.804010374857083931e+00
9.900000000000000000e+01 1.804039662447778358e+00
1.000000000000000000e+02 1.804068946348863278e+00
1.010000000000000000e+02 1.804098226560338691e+00
1.020000000000000000e+02 1.804127503082204820e+00
1.030000000000000000e+02 1.804156775914461441e+00
1.040000000000000000e+02 1.804186045057108778e+00
1.050000000000000000e+02 1.804215310510146608e+00
1.060000000000000000e+02 1.804244572273574931e+00
1.070000000000000000e+02 1.804273830347393970e+00
1.080000000000000000e+02 1.804303084731603501e+00
1.090000000000000000e+02 1.804332335426203748e+00
1.100000000000000000e+02 1.804361582431194488e+00
1.110000000000000000e+02 1.804390825746575722e+00
1.120000000000000000e+02 1.804420065372347670e+00
1.130000000000000000e+02 1.804449301308510112e+00
1.140000000000000000e+02 1.804478533555063269e+00
1.150000000000000000e+02 1.804507762112006919e+00
1.160000000000000000e+02 1.804536986979341062e+00
1.170000000000000000e+02 1.804566208157065921e+00
1.180000000000000000e+02 1.804595425645181273e+00
1.190000000000000000e+02 1.804624639443687339e+00
1.200000000000000000e+02 1.804653849552583900e+00
1.210000000000000000e+02 1.804683055971870953e+00
1.220000000000000000e+02 1.804712258701548722e+00
1.230000000000000000e+02 1.804741457741617205e+00
1.240000000000000000e+02 1.804770653092075960e+00
1.250000000000000000e+02 1.804799844752925431e+00
1.260000000000000000e+02 1.804829032724165616e+00
1.270000000000000000e+02 1.804858217005796295e+00
1.280000000000000000e+02 1.804887397597817467e+00
1.290000000000000000e+02 1.804916574500229132e+00
1.300000000000000000e+02 1.804945747713031512e+00
1.310000000000000000e+02 1.804974917236224607e+00
1.320000000000000000e+02 1.805004083069808196e+00
1.330000000000000000e+02 1.805033245213782278e+00
1.340000000000000000e+02 1.805062403668147075e+00
1.350000000000000000e+02 1.805091558432902366e+00
1.360000000000000000e+02 1.805120709508048149e+00
1.370000000000000000e+02 1.805149856893584648e+00
1.380000000000000000e+02 1.805179000589511640e+00
1.390000000000000000e+02 1.805208140595829347e+00
1.400000000000000000e+02 1.805237276912537547e+00
1.410000000000000000e+02 1.805266409539636241e+00
1.420000000000000000e+02 1.805295538477125650e+00
1.430000000000000000e+02 1.805324663725005552e+00
1.440000000000000000e+02 1.805353785283276169e+00
1.450000000000000000e+02 1.805382903151937279e+00
1.460000000000000000e+02 1.805412017330989105e+00
1.470000000000000000e+02 1.805441127820431424e+00
1.480000000000000000e+02 1.805470234620264236e+00
1.490000000000000000e+02 1.805499337730487541e+00
1.500000000000000000e+02 1.805528437151101784e+00
1.510000000000000000e+02 1.805557532882106297e+00
1.520000000000000000e+02 1.805586624923501526e+00
1.530000000000000000e+02 1.805615713275287249e+00
1.540000000000000000e+02 1.805644797937463686e+00
1.550000000000000000e+02 1.805673878910030616e+00
1.560000000000000000e+02 1.805702956192988040e+00
1.570000000000000000e+02 1.805732029786336179e+00
1.580000000000000000e+02 1.805761099690074811e+00
1.590000000000000000e+02 1.805790165904204159e+00
1.600000000000000000e+02 1.805819228428723999e+00
1.610000000000000000e+02 1.805848287263634555e+00
1.620000000000000000e+02 1.805877342408935604e+00
1.630000000000000000e+02 1.805906393864627146e+00
1.640000000000000000e+02 1.805935441630709404e+00
1.650000000000000000e+02 1.805964485707182154e+00
1.660000000000000000e+02 1.805993526094045398e+00
1.670000000000000000e+02 1.806022562791299357e+00
1.680000000000000000e+02 1.806051595798943810e+00
1.690000000000000000e+02 1.806080625116978977e+00
1.700000000000000000e+02 1.806109650745404638e+00
1.710000000000000000e+02 1.806138672684220792e+00
1.720000000000000000e+02 1.806167690933427661e+00
1.730000000000000000e+02 1.806196705493025245e+00
1.740000000000000000e+02 1.806225716363013101e+00
1.750000000000000000e+02 1.806254723543391671e+00
1.760000000000000000e+02 1.806283727034160957e+00
1.770000000000000000e+02 1.806312726835320737e+00
1.780000000000000000e+02 1.806341722946871009e+00
1.790000000000000000e+02 1.806370715368811997e+00
1.800000000000000000e+02 1.806399704101143477e+00
1.810000000000000000e+02 1.806428689143865451e+00
1.820000000000000000e+02 1.806457670496978141e+00
1.830000000000000000e+02 1.806486648160481545e+00
1.840000000000000000e+02 1.806515622134375221e+00
1.850000000000000000e+02 1.806544592418659612e+00
1.860000000000000000e+02 1.806573559013334718e+00
1.870000000000000000e+02 1.806602521918400317e+00
1.880000000000000000e+02 1.806631481133856409e+00
1.890000000000000000e+02 1.806660436659703217e+00
1.900000000000000000e+02 1.806689388495940518e+00
1.910000000000000000e+02 1.806718336642568312e+00
1.920000000000000000e+02 1.806747281099586822e+00
1.930000000000000000e+02 1.806776221866996046e+00
1.940000000000000000e+02 1.806805158944795542e+00
1.950000000000000000e+02 1.806834092332985753e+00
1.960000000000000000e+02 1.806863022031566679e+00
1.970000000000000000e+02 1.806891948040538098e+00
1.980000000000000000e+02 1.806920870359900011e+00
1.990000000000000000e+02 1.806949788989652639e+00
2.000000000000000000e+02 1.806978703929795760e+00
2.010000000000000000e+02 1.807007615180329596e+00
2.020000000000000000e+02 1.807036522741253926e+00
2.030000000000000000e+02 1.807065426612568748e+00
2.040000000000000000e+02 1.807094326794274286e+00
2.050000000000000000e+02 1.807123223286370317e+00
2.060000000000000000e+02 1.807152116088856841e+00
2.070000000000000000e+02 1.807181005201734081e+00
2.080000000000000000e+02 1.807209890625001814e+00
2.090000000000000000e+02 1.807238772358660261e+00
2.100000000000000000e+02 1.807267650402709203e+00
2.110000000000000000e+02 1.807296524757148859e+00
2.120000000000000000e+02 1.807325395421979009e+00
2.130000000000000000e+02 1.807354262397199651e+00
2.140000000000000000e+02 1.807383125682811009e+00
2.150000000000000000e+02 1.807411985278812860e+00
2.160000000000000000e+02 1.807440841185205205e+00
2.170000000000000000e+02 1.807469693401988264e+00
2.180000000000000000e+02 1.807498541929162039e+00
2.190000000000000000e+02 1.807527386766726085e+00
2.200000000000000000e+02 1.807556227914681068e+00
2.210000000000000000e+02 1.807585065373026323e+00
2.220000000000000000e+02 1.807613899141762293e+00
2.230000000000000000e+02 1.807642729220888755e+00
2.240000000000000000e+02 1.807671555610405933e+00
2.250000000000000000e+02 1.807700378310313605e+00
2.260000000000000000e+02 1.807729197320611991e+00
2.270000000000000000e+02 1.807758012641300871e+00
2.280000000000000000e+02 1.807786824272380244e+00
2.290000000000000000e+02 1.807815632213850332e+00
2.300000000000000000e+02 1.807844436465710913e+00
2.310000000000000000e+02 1.807873237027962210e+00
2.320000000000000000e+02 1.807902033900604000e+00
2.330000000000000000e+02 1.807930827083636283e+00
2.340000000000000000e+02 1.807959616577059281e+00
2.350000000000000000e+02 1.807988402380872772e+00
2.360000000000000000e+02 1.808017184495076757e+00
2.370000000000000000e+02 1.808045962919671457e+00
2.380000000000000000e+02 1.808074737654656872e+00
2.390000000000000000e+02 1.808103508700032558e+00
2.400000000000000000e+02 1.808132276055799181e+00
2.410000000000000000e+02 1.808161039721956076e+00
2.420000000000000000e+02 1.808189799698503686e+00
2.430000000000000000e+02 1.808218555985442011e+00
2.440000000000000000e+02 1.808247308582770607e+00
2.450000000000000000e+02 1.808276057490489919e+00
2.460000000000000000e+02 1.808304802708599945e+00
2.470000000000000000e+02 1.808333544237100465e+00
2.480000000000000000e+02 1.808362282075991478e+00
2.490000000000000000e+02 1.808391016225273207e+00
2.500000000000000000e+02 1.808419746684945428e+00
2.510000000000000000e+02 1.808448473455008365e+00
2.520000000000000000e+02 1.808477196535461795e+00
2.530000000000000000e+02 1.808505915926305718e+00
2.540000000000000000e+02 1.808534631627540357e+00
2.550000000000000000e+02 1.808563343639165488e+00
2.560000000000000000e+02 1.808592051961181335e+00
2.570000000000000000e+02 1.808620756593587675e+00
2.580000000000000000e+02 1.808649457536384508e+00
2.590000000000000000e+02 1.808678154789572057e+00
2.600000000000000000e+02 1.808706848353150098e+00
2.610000000000000000e+02 1.808735538227118855e+00
2.620000000000000000e+02 1.808764224411478105e+00
2.630000000000000000e+02 1.808792906906227849e+00
2.640000000000000000e+02 1.808821585711368307e+00
2.650000000000000000e+02 1.808850260826899259e+00
2.660000000000000000e+02 1.808878932252820926e+00
2.670000000000000000e+02 1.808907599989133086e+00
2.680000000000000000e+02 1.808936264035835739e+00
2.690000000000000000e+02 1.808964924392929108e+00
2.700000000000000000e+02 1.808993581060412970e+00
2.710000000000000000e+02 1.809022234038287547e+00
2.720000000000000000e+02 1.809050883326552617e+00
2.730000000000000000e+02 1.809079528925208180e+00
2.740000000000000000e+02 1.809108170834254459e+00
2.750000000000000000e+02 1.809136809053691231e+00
2.760000000000000000e+02 1.809165443583518718e+00
2.770000000000000000e+02 1.809194074423736698e+00
2.780000000000000000e+02 1.809222701574345171e+00
2.790000000000000000e+02 1.809251325035344360e+00
2.800000000000000000e+02 1.809279944806734042e+00
2.810000000000000000e+02 1.809308560888514439e+00
2.820000000000000000e+02 1.809337173280685329e+00
2.830000000000000000e+02 1.809365781983246713e+00
2.840000000000000000e+02 1.809394386996198811e+00
2.850000000000000000e+02 1.809422988319541403e+00
2.860000000000000000e+02 1.809451585953274710e+00
2.870000000000000000e+02 1.809480179897398511e+00
2.880000000000000000e+02 1.809508770151912804e+00
2.890000000000000000e+02 1.809537356716817813e+00
2.900000000000000000e+02 1.809565939592113315e+00
2.910000000000000000e+02 1.809594518777799532e+00
2.920000000000000000e+02 1.809623094273876243e+00
2.930000000000000000e+02 1.809651666080343446e+00
2.940000000000000000e+02 1.809680234197201365e+00
2.950000000000000000e+02 1.809708798624449777e+00
2.960000000000000000e+02 1.809737359362088904e+00
2.970000000000000000e+02 1.809765916410118525e+00
2.980000000000000000e+02 1.809794469768538638e+00
2.990000000000000000e+02 1.809823019437349467e+00
3.000000000000000000e+02 1.809851565416550789e+00
3.010000000000000000e+02 1.809880107706142827e+00
3.020000000000000000e+02 1.809908646306125357e+00
3.030000000000000000e+02 1.809937181216498381e+00
3.040000000000000000e+02 1.809965712437262120e+00
3.050000000000000000e+02 1.809994239968416352e+00
3.060000000000000000e+02 1.810022763809961299e+00
3.070000000000000000e+02 1.810051283961896740e+00
3.080000000000000000e+02 1.810079800424222896e+00
3.090000000000000000e+02 1.810108313196939323e+00
3.100000000000000000e+02 1.810136822280046687e+00
3.110000000000000000e+02 1.810165327673544322e+00
3.120000000000000000e+02 1.810193829377432673e+00
3.130000000000000000e+02 1.810222327391711739e+00
3.140000000000000000e+02 1.810250821716381298e+00
3.150000000000000000e+02 1.810279312351441350e+00
3.160000000000000000e+02 1.810307799296891895e+00
3.170000000000000000e+02 1.810336282552733156e+00
3.180000000000000000e+02 1.810364762118965132e+00
3.190000000000000000e+02 1.810393237995587601e+00
3.200000000000000000e+02 1.810421710182600563e+00
3.210000000000000000e+02 1.810450178680004241e+00
3.220000000000000000e+02 1.810478643487798411e+00
3.230000000000000000e+02 1.810507104605983075e+00
3.240000000000000000e+02 1.810535562034558454e+00
3.250000000000000000e+02 1.810564015773524327e+00
3.260000000000000000e+02 1.810592465822880914e+00
3.270000000000000000e+02 1.810620912182627995e+00
3.280000000000000000e+02 1.810649354852765569e+00
3.290000000000000000e+02 1.810677793833293858e+00
3.300000000000000000e+02 1.810706229124212863e+00
3.310000000000000000e+02 1.810734660725522138e+00
3.320000000000000000e+02 1.810763088637222129e+00
3.330000000000000000e+02 1.810791512859312835e+00
3.340000000000000000e+02 1.810819933391794034e+00
3.350000000000000000e+02 1.810848350234665727e+00
3.360000000000000000e+02 1.810876763387928134e+00
3.370000000000000000e+02 1.810905172851581035e+00
3.380000000000000000e+02 1.810933578625624429e+00
3.390000000000000000e+02 1.810961980710058539e+00
3.400000000000000000e+02 1.810990379104883141e+00
3.410000000000000000e+02 1.811018773810098459e+00
3.420000000000000000e+02 1.811047164825704270e+00
3.430000000000000000e+02 1.811075552151700574e+00
3.440000000000000000e+02 1.811103935788087593e+00
3.450000000000000000e+02 1.811132315734865328e+00
3.460000000000000000e+02 1.811160691992033334e+00
3.470000000000000000e+02 1.811189064559592055e+00
3.480000000000000000e+02 1.811217433437541491e+00
3.490000000000000000e+02 1.811245798625881420e+00
3.500000000000000000e+02 1.811274160124611843e+00
3.510000000000000000e+02 1.811302517933732981e+00
3.520000000000000000e+02 1.811330872053244612e+00
3.530000000000000000e+02 1.811359222483146736e+00
3.540000000000000000e+02 1.811387569223439575e+00
3.550000000000000000e+02 1.811415912274122908e+00
3.560000000000000000e+02 1.811444251635196956e+00
3.570000000000000000e+02 1.811472587306661497e+00
3.580000000000000000e+02 1.811500919288516753e+00
3.590000000000000000e+02 1.811529247580762281e+00
3.600000000000000000e+02 1.811557572183398745e+00
3.610000000000000000e+02 1.811585893096425481e+00
3.620000000000000000e+02 1.811614210319843155e+00
3.630000000000000000e+02 1.811642523853651099e+00
3.640000000000000000e+02 1.811670833697849758e+00
3.650000000000000000e+02 1.811699139852438911e+00
3.660000000000000000e+02 1.811727442317418779e+00
3.670000000000000000e+02 1.811755741092789140e+00
3.680000000000000000e+02 1.811784036178550217e+00
3.690000000000000000e+02 1.811812327574701564e+00
3.700000000000000000e+02 1.811840615281243849e+00
3.710000000000000000e+02 1.811868899298176405e+00
3.720000000000000000e+02 1.811897179625499898e+00
3.730000000000000000e+02 1.811925456263213663e+00
3.740000000000000000e+02 1.811953729211318143e+00
3.750000000000000000e+02 1.811981998469813115e+00
3.760000000000000000e+02 1.812010264038698804e+00
3.770000000000000000e+02 1.812038525917974985e+00
3.780000000000000000e+02 1.812066784107641881e+00
3.790000000000000000e+02 1.812095038607699049e+00
3.800000000000000000e+02 1.812123289418147154e+00
3.810000000000000000e+02 1.812151536538985752e+00
3.820000000000000000e+02 1.812179779970214843e+00
3.830000000000000000e+02 1.812208019711834428e+00
3.840000000000000000e+02 1.812236255763844728e+00
3.850000000000000000e+02 1.812264488126245521e+00
3.860000000000000000e+02 1.812292716799037029e+00
3.870000000000000000e+02 1.812320941782219030e+00
3.880000000000000000e+02 1.812349163075791747e+00
3.890000000000000000e+02 1.812377380679754957e+00
3.900000000000000000e+02 1.812405594594108660e+00
3.910000000000000000e+02 1.812433804818853078e+00
3.920000000000000000e+02 1.812462011353987990e+00
3.930000000000000000e+02 1.812490214199513394e+00
3.940000000000000000e+02 1.812518413355429514e+00
3.950000000000000000e+02 1.812546608821736349e+00
3.960000000000000000e+02 1.812574800598433455e+00
3.970000000000000000e+02 1.812602988685521277e+00
3.980000000000000000e+02 1.812631173082999814e+00
3.990000000000000000e+02 1.812659353790868844e+00
4.000000000000000000e+02 1.812687530809128367e+00
4.010000000000000000e+02 1.812715704137778605e+00
4.020000000000000000e+02 1.812743873776819337e+00
4.030000000000000000e+02 1.812772039726250783e+00
4.040000000000000000e+02 1.812800201986072723e+00
4.050000000000000000e+02 1.812828360556285157e+00
4.060000000000000000e+02 1.812856515436888305e+00
4.070000000000000000e+02 1.812884666627881947e+00
4.080000000000000000e+02 1.812912814129266081e+00
4.090000000000000000e+02 1.812940957941040931e+00
4.100000000000000000e+02 1.812969098063206497e+00
4.110000000000000000e+02 1.812997234495762333e+00
4.120000000000000000e+02 1.813025367238709107e+00
4.130000000000000000e+02 1.813053496292046152e+00
4.140000000000000000e+02 1.813081621655773912e+00
4.150000000000000000e+02 1.813109743329892165e+00
4.160000000000000000e+02 1.813137861314401134e+00
4.170000000000000000e+02 1.813165975609300595e+00
4.180000000000000000e+02 1.813194086214590772e+00
4.190000000000000000e+02 1.813222193130271442e+00
4.200000000000000000e+02 1.813250296356342606e+00
4.210000000000000000e+02 1.813278395892804484e+00
4.220000000000000000e+02 1.813306491739656856e+00
4.230000000000000000e+02 1.813334583896899943e+00
4.240000000000000000e+02 1.813362672364533523e+00
4.250000000000000000e+02 1.813390757142557597e+00
4.260000000000000000e+02 1.813418838230972385e+00
4.270000000000000000e+02 1.813446915629777667e+00
4.280000000000000000e+02 1.813474989338973442e+00
4.290000000000000000e+02 1.813503059358559932e+00
4.300000000000000000e+02 1.813531125688537138e+00
4.310000000000000000e+02 1.813559188328904836e+00
4.320000000000000000e+02 1.813587247279663028e+00
4.330000000000000000e+02 1.813615302540811713e+00
4.340000000000000000e+02 1.813643354112351114e+00
4.350000000000000000e+02 1.813671401994281229e+00
4.360000000000000000e+02 1.813699446186601616e+00
4.370000000000000000e+02 1.813727486689312940e+00
4.380000000000000000e+02 1.813755523502414535e+00
4.390000000000000000e+02 1.813783556625906845e+00
4.400000000000000000e+02 1.813811586059789871e+00
4.410000000000000000e+02 1.813839611804063168e+00
4.420000000000000000e+02 1.813867633858727180e+00
4.430000000000000000e+02 1.813895652223781907e+00
4.440000000000000000e+02 1.813923666899227127e+00
4.450000000000000000e+02 1.813951677885062841e+00
4.460000000000000000e+02 1.813979685181289270e+00
4.470000000000000000e+02 1.814007688787906192e+00
4.480000000000000000e+02 1.814035688704913829e+00
4.490000000000000000e+02 1.814063684932311959e+00
4.500000000000000000e+02 1.814091677470100583e+00
4.510000000000000000e+02 1.814119666318279922e+00
4.520000000000000000e+02 1.814147651476849754e+00
4.530000000000000000e+02 1.814175632945810301e+00
4.540000000000000000e+02 1.814203610725161342e+00
4.550000000000000000e+02 1.814231584814902876e+00
4.560000000000000000e+02 1.814259555215035125e+00
4.570000000000000000e+02 1.814287521925557867e+00
4.580000000000000000e+02 1.814315484946471324e+00
4.590000000000000000e+02 1.814343444277775275e+00
4.600000000000000000e+02 1.814371399919469718e+00
4.610000000000000000e+02 1.814399351871554877e+00
4.620000000000000000e+02 1.814427300134030530e+00
4.630000000000000000e+02 1.814455244706896897e+00
4.640000000000000000e+02 1.814483185590153758e+00
4.650000000000000000e+02 1.814511122783801111e+00
4.660000000000000000e+02 1.814539056287839180e+00
4.670000000000000000e+02 1.814566986102267743e+00
4.680000000000000000e+02 1.814594912227087020e+00
4.690000000000000000e+02 1.814622834662296791e+00
4.700000000000000000e+02 1.814650753407897055e+00
4.710000000000000000e+02 1.814678668463888034e+00
4.720000000000000000e+02 1.814706579830269506e+00
4.730000000000000000e+02 1.814734487507041694e+00
4.740000000000000000e+02 1.814762391494204374e+00
4.750000000000000000e+02 1.814790291791757548e+00
4.760000000000000000e+02 1.814818188399701437e+00
4.770000000000000000e+02 1.814846081318035820e+00
4.780000000000000000e+02 1.814873970546760917e+00
4.790000000000000000e+02 1.814901856085876508e+00
4.800000000000000000e+02 1.814929737935382592e+00
4.810000000000000000e+02 1.814957616095279391e+00
4.820000000000000000e+02 1.814985490565566684e+00
4.830000000000000000e+02 1.815013361346244691e+00
4.840000000000000000e+02 1.815041228437313192e+00
4.850000000000000000e+02 1.815069091838772408e+00
4.860000000000000000e+02 1.815096951550621895e+00
4.870000000000000000e+02 1.815124807572862320e+00
4.880000000000000000e+02 1.815152659905493016e+00
4.890000000000000000e+02 1.815180508548514426e+00
4.900000000000000000e+02 1.815208353501926553e+00
4.910000000000000000e+02 1.815236194765729172e+00
4.920000000000000000e+02 1.815264032339922284e+00
4.930000000000000000e+02 1.815291866224505890e+00
4.940000000000000000e+02 1.815319696419480211e+00
4.950000000000000000e+02 1.815347522924845247e+00
4.960000000000000000e+02 1.815375345740600777e+00
4.970000000000000000e+02 1.815403164866746799e+00
4.980000000000000000e+02 1.815430980303283537e+00
4.990000000000000000e+02 1.815458792050210768e+00
5.000000000000000000e+02 1.815486600107528492e+00
5.010000000000000000e+02 1.815514404475236931e+00
5.020000000000000000e+02 1.815542205153335864e+00
5.030000000000000000e+02 1.815570002141825512e+00
5.040000000000000000e+02 1.815597795440705653e+00
5.050000000000000000e+02 1.815625585049976287e+00
5.060000000000000000e+02 1.815653370969637637e+00
5.070000000000000000e+02 1.815681153199689479e+00
5.080000000000000000e+02 1.815708931740132037e+00
5.090000000000000000e+02 1.815736706590965088e+00
5.100000000000000000e+02 1.815764477752188855e+00
5.110000000000000000e+02 1.815792245223802892e+00
5.120000000000000000e+02 1.815820009005807867e+00
5.130000000000000000e+02 1.815847769098203113e+00
5.140000000000000000e+02 1.815875525500989074e+00
5.150000000000000000e+02 1.815903278214165750e+00
5.160000000000000000e+02 1.815931027237732920e+00
5.170000000000000000e+02 1.815958772571690583e+00
5.180000000000000000e+02 1.815986514216038961e+00
5.190000000000000000e+02 1.816014252170777832e+00
5.200000000000000000e+02 1.816041986435907196e+00
5.210000000000000000e+02 1.816069717011427276e+00
5.220000000000000000e+02 1.816097443897337849e+00
5.230000000000000000e+02 1.816125167093639137e+00
5.240000000000000000e+02 1.816152886600330918e+00
5.250000000000000000e+02 1.816180602417413192e+00
5.260000000000000000e+02 1.816208314544886182e+00
5.270000000000000000e+02 1.816236022982749887e+00
5.280000000000000000e+02 1.816263727731003863e+00
5.290000000000000000e+02 1.816291428789648554e+00
5.300000000000000000e+02 1.816319126158683961e+00
5.310000000000000000e+02 1.816346819838109861e+00
5.320000000000000000e+02 1.816374509827926254e+00
5.330000000000000000e+02 1.816402196128133362e+00
5.340000000000000000e+02 1.816429878738730963e+00
5.350000000000000000e+02 1.816457557659719058e+00
5.360000000000000000e+02 1.816485232891097867e+00
5.370000000000000000e+02 1.816512904432867170e+00
5.380000000000000000e+02 1.816540572285027189e+00
5.390000000000000000e+02 1.816568236447577700e+00
5.400000000000000000e+02 1.816595896920518927e+00
5.410000000000000000e+02 1.816623553703850424e+00
5.420000000000000000e+02 1.816651206797572859e+00
5.430000000000000000e+02 1.816678856201685566e+00
5.440000000000000000e+02 1.816706501916189209e+00
5.450000000000000000e+02 1.816734143941083124e+00
5.460000000000000000e+02 1.816761782276367754e+00
5.470000000000000000e+02 1.816789416922042877e+00
5.480000000000000000e+02 1.816817047878108715e+00
5.490000000000000000e+02 1.816844675144565047e+00
5.500000000000000000e+02 1.816872298721412093e+00
5.510000000000000000e+02 1.816899918608649411e+00
5.520000000000000000e+02 1.816927534806277666e+00
5.530000000000000000e+02 1.816955147314296193e+00
5.540000000000000000e+02 1.816982756132705656e+00
5.550000000000000000e+02 1.817010361261505391e+00
5.560000000000000000e+02 1.817037962700695841e+00
5.570000000000000000e+02 1.817065560450276784e+00
5.580000000000000000e+02 1.817093154510248443e+00
5.590000000000000000e+02 1.817120744880610594e+00
5.600000000000000000e+02 1.817148331561363461e+00
5.610000000000000000e+02 1.817175914552506599e+00
5.620000000000000000e+02 1.817203493854040675e+00
5.630000000000000000e+02 1.817231069465965021e+00
5.640000000000000000e+02 1.817258641388280305e+00
5.650000000000000000e+02 1.817286209620985860e+00
5.660000000000000000e+02 1.817313774164082130e+00
5.670000000000000000e+02 1.817341335017568893e+00
5.680000000000000000e+02 1.817368892181446371e+00
5.690000000000000000e+02 1.817396445655714343e+00
5.700000000000000000e+02 1.817423995440373030e+00
5.710000000000000000e+02 1.817451541535422210e+00
5.720000000000000000e+02 1.817479083940861884e+00
5.730000000000000000e+02 1.817506622656692272e+00
5.740000000000000000e+02 1.817534157682913154e+00
5.750000000000000000e+02 1.817561689019524529e+00
5.760000000000000000e+02 1.817589216666526619e+00
5.770000000000000000e+02 1.817616740623919203e+00
5.780000000000000000e+02 1.817644260891702501e+00
5.790000000000000000e+02 1.817671777469876293e+00
5.800000000000000000e+02 1.817699290358440800e+00
5.810000000000000000e+02 1.817726799557395800e+00
5.820000000000000000e+02 1.817754305066741294e+00
5.830000000000000000e+02 1.817781806886477503e+00
5.840000000000000000e+02 1.817809305016604204e+00
5.850000000000000000e+02 1.817836799457121622e+00
5.860000000000000000e+02 1.817864290208029310e+00
5.870000000000000000e+02 1.817891777269327935e+00
5.880000000000000000e+02 1.817919260641017054e+00
5.890000000000000000e+02 1.817946740323096666e+00
5.900000000000000000e+02 1.817974216315566771e+00
5.910000000000000000e+02 1.818001688618427591e+00
5.920000000000000000e+02 1.818029157231678905e+00
5.930000000000000000e+02 1.818056622155320934e+00
5.940000000000000000e+02 1.818084083389353456e+00
5.950000000000000000e+02 1.818111540933776693e+00
5.960000000000000000e+02 1.818138994788590423e+00
5.970000000000000000e+02 1.818166444953794647e+00
5.980000000000000000e+02 1.818193891429389586e+00
5.990000000000000000e+02 1.818221334215375018e+00
6.000000000000000000e+02 1.818248773311751165e+00
6.010000000000000000e+02 1.818276208718517806e+00
6.020000000000000000e+02 1.818303640435674939e+00
6.030000000000000000e+02 1.818331068463222788e+00
6.040000000000000000e+02 1.818358492801161130e+00
6.050000000000000000e+02 1.818385913449489966e+00
6.060000000000000000e+02 1.818413330408209516e+00
6.070000000000000000e+02 1.818440743677319782e+00
6.080000000000000000e+02 1.818468153256820319e+00
6.090000000000000000e+02 1.818495559146711793e+00
6.100000000000000000e+02 1.818522961346993538e+00
6.110000000000000000e+02 1.818550359857665999e+00
6.120000000000000000e+02 1.818577754678729175e+00
6.130000000000000000e+02 1.818605145810182622e+00
6.140000000000000000e+02 1.818632533252026784e+00
6.150000000000000000e+02 1.818659917004261661e+00
6.160000000000000000e+02 1.818687297066887032e+00
6.170000000000000000e+02 1.818714673439902896e+00
6.180000000000000000e+02 1.818742046123309475e+00
6.190000000000000000e+02 1.818769415117106547e+00
6.200000000000000000e+02 1.818796780421294335e+00
6.210000000000000000e+02 1.818824142035872615e+00
6.220000000000000000e+02 1.818851499960841389e+00
6.230000000000000000e+02 1.818878854196200878e+00
6.240000000000000000e+02 1.818906204741950861e+00
6.250000000000000000e+02 1.818933551598091558e+00
6.260000000000000000e+02 1.818960894764622749e+00
6.270000000000000000e+02 1.818988234241544433e+00
6.280000000000000000e+02 1.819015570028856832e+00
6.290000000000000000e+02 1.819042902126559724e+00
6.300000000000000000e+02 1.819070230534653332e+00
6.310000000000000000e+02 1.819097555253137433e+00
6.320000000000000000e+02 1.819124876282012027e+00
6.330000000000000000e+02 1.819152193621277336e+00
6.340000000000000000e+02 1.819179507270933138e+00
6.350000000000000000e+02 1.819206817230979656e+00
6.360000000000000000e+02 1.819234123501416667e+00
6.370000000000000000e+02 1.819261426082244171e+00
6.380000000000000000e+02 1.819288724973462390e+00
6.390000000000000000e+02 1.819316020175071102e+00
6.400000000000000000e+02 1.819343311687070308e+00
6.410000000000000000e+02 1.819370599509460229e+00
6.420000000000000000e+02 1.819397883642240865e+00
6.430000000000000000e+02 1.819425164085411994e+00
6.440000000000000000e+02 1.819452440838973617e+00
6.450000000000000000e+02 1.819479713902925733e+00
6.460000000000000000e+02 1.819506983277268564e+00
6.470000000000000000e+02 1.819534248962002110e+00
6.480000000000000000e+02 1.819561510957126149e+00
6.490000000000000000e+02 1.819588769262640682e+00
6.500000000000000000e+02 1.819616023878545708e+00
6.510000000000000000e+02 1.819643274804841448e+00
6.520000000000000000e+02 1.819670522041527905e+00
6.530000000000000000e+02 1.819697765588604854e+00
6.540000000000000000e+02 1.819725005446072297e+00
6.550000000000000000e+02 1.819752241613930455e+00
6.560000000000000000e+02 1.819779474092179106e+00
6.570000000000000000e+02 1.819806702880818250e+00
6.580000000000000000e+02 1.819833927979848109e+00
6.590000000000000000e+02 1.819861149389268462e+00
6.600000000000000000e+02 1.819888367109079530e+00
6.610000000000000000e+02 1.819915581139281091e+00
6.620000000000000000e+02 1.819942791479873145e+00
6.630000000000000000e+02 1.819969998130855915e+00
6.640000000000000000e+02 1.819997201092229178e+00
6.650000000000000000e+02 1.820024400363993156e+00
6.660000000000000000e+02 1.820051595946147627e+00
6.670000000000000000e+02 1.820078787838692591e+00
6.680000000000000000e+02 1.820105976041628271e+00
6.690000000000000000e+02 1.820133160554954443e+00
6.700000000000000000e+02 1.820160341378671331e+00
6.710000000000000000e+02 1.820187518512778713e+00
6.720000000000000000e+02 1.820214691957276587e+00
6.730000000000000000e+02 1.820241861712165177e+00
6.740000000000000000e+02 1.820269027777444260e+00
6.750000000000000000e+02 1.820296190153114058e+00
6.760000000000000000e+02 1.820323348839174349e+00
6.770000000000000000e+02 1.820350503835625133e+00
6.780000000000000000e+02 1.820377655142466633e+00
6.790000000000000000e+02 1.820404802759698626e+00
6.800000000000000000e+02 1.820431946687321334e+00
6.810000000000000000e+02 1.820459086925334535e+00
6.820000000000000000e+02 1.820486223473738452e+00
6.830000000000000000e+02 1.820513356332532640e+00
6.840000000000000000e+02 1.820540485501717765e+00
6.850000000000000000e+02 1.820567610981293161e+00
6.860000000000000000e+02 1.820594732771259272e+00
6.870000000000000000e+02 1.820621850871616099e+00
6.880000000000000000e+02 1.820648965282363418e+00
6.890000000000000000e+02 1.820676076003501231e+00
6.900000000000000000e+02 1.820703183035029538e+00
6.910000000000000000e+02 1.820730286376948781e+00
6.920000000000000000e+02 1.820757386029258296e+00
6.930000000000000000e+02 1.820784481991958526e+00
6.940000000000000000e+02 1.820811574265049249e+00
6.950000000000000000e+02 1.820838662848530687e+00
6.960000000000000000e+02 1.820865747742402618e+00
6.970000000000000000e+02 1.820892828946665043e+00
6.980000000000000000e+02 1.820919906461318183e+00
6.990000000000000000e+02 1.820946980286361816e+00
7.000000000000000000e+02 1.820974050421796164e+00
7.010000000000000000e+02 1.821001116867621006e+00
7.020000000000000000e+02 1.821028179623836563e+00
7.030000000000000000e+02 1.821055238690442390e+00
7.040000000000000000e+02 1.821082294067439156e+00
7.050000000000000000e+02 1.821109345754826192e+00
7.060000000000000000e+02 1.821136393752603944e+00
7.070000000000000000e+02 1.821163438060772410e+00
7.080000000000000000e+02 1.821190478679331370e+00
7.090000000000000000e+02 1.821217515608280824e+00
7.100000000000000000e+02 1.821244548847620992e+00
7.110000000000000000e+02 1.821271578397351654e+00
7.120000000000000000e+02 1.821298604257472808e+00
7.130000000000000000e+02 1.821325626427984679e+00
7.140000000000000000e+02 1.821352644908887042e+00
7.150000000000000000e+02 1.821379659700180120e+00
7.160000000000000000e+02 1.821406670801863692e+00
7.170000000000000000e+02 1.821433678213937979e+00
7.180000000000000000e+02 1.821460681936402537e+00
7.190000000000000000e+02 1.821487681969258032e+00
7.200000000000000000e+02 1.821514678312503799e+00
7.210000000000000000e+02 1.821541670966140281e+00
7.220000000000000000e+02 1.821568659930167478e+00
7.230000000000000000e+02 1.821595645204585168e+00
7.240000000000000000e+02 1.821622626789393351e+00
7.250000000000000000e+02 1.821649604684592250e+00
7.260000000000000000e+02 1.821676578890181641e+00
7.270000000000000000e+02 1.821703549406161526e+00
7.280000000000000000e+02 1.821730516232532127e+00
7.290000000000000000e+02 1.821757479369293442e+00
7.300000000000000000e+02 1.821784438816445029e+00
7.310000000000000000e+02 1.821811394573987331e+00
7.320000000000000000e+02 1.821838346641920348e+00
7.330000000000000000e+02 1.821865295020243858e+00
7.340000000000000000e+02 1.821892239708957861e+00
7.350000000000000000e+02 1.821919180708062580e+00
7.360000000000000000e+02 1.821946118017557792e+00
7.370000000000000000e+02 1.821973051637443497e+00
7.380000000000000000e+02 1.821999981567719917e+00
7.390000000000000000e+02 1.822026907808386831e+00
7.400000000000000000e+02 1.822053830359444460e+00
7.410000000000000000e+02 1.822080749220892582e+00
7.420000000000000000e+02 1.822107664392731419e+00
7.430000000000000000e+02 1.822134575874960749e+00
7.440000000000000000e+02 1.822161483667580573e+00
7.450000000000000000e+02 1.822188387770591111e+00
7.460000000000000000e+02 1.822215288183992143e+00
7.470000000000000000e+02 1.822242184907783669e+00
7.480000000000000000e+02 1.822269077941965909e+00
7.490000000000000000e+02 1.822295967286538865e+00
7.500000000000000000e+02 1.822322852941502092e+00
7.510000000000000000e+02 1.822349734906856034e+00
7.520000000000000000e+02 1.822376613182600691e+00
7.530000000000000000e+02 1.822403487768735841e+00
7.540000000000000000e+02 1.822430358665261485e+00
7.550000000000000000e+02 1.822457225872177844e+00
7.560000000000000000e+02 1.822484089389484696e+00
7.570000000000000000e+02 1.822510949217182041e+00
7.580000000000000000e+02 1.822537805355270102e+00
7.590000000000000000e+02 1.822564657803748878e+00
7.600000000000000000e+02 1.822591506562617925e+00
7.610000000000000000e+02 1.822618351631877909e+00
7.620000000000000000e+02 1.822645193011528164e+00
7.630000000000000000e+02 1.822672030701569135e+00
7.640000000000000000e+02 1.822698864702000598e+00
7.650000000000000000e+02 1.822725695012822777e+00
7.660000000000000000e+02 1.822752521634035450e+00
7.670000000000000000e+02 1.822779344565638837e+00
7.680000000000000000e+02 1.822806163807632718e+00
7.690000000000000000e+02 1.822832979360017092e+00
7.700000000000000000e+02 1.822859791222792181e+00
7.710000000000000000e+02 1.822886599395957763e+00
7.720000000000000000e+02 1.822913403879513838e+00
7.730000000000000000e+02 1.822940204673460629e+00
7.740000000000000000e+02 1.822967001777798135e+00
7.750000000000000000e+02 1.822993795192525912e+00
7.760000000000000000e+02 1.823020584917644626e+00
7.770000000000000000e+02 1.823047370953153612e+00
7.780000000000000000e+02 1.823074153299053313e+00
7.790000000000000000e+02 1.823100931955343507e+00
7.800000000000000000e+02 1.823127706922024416e+00
7.810000000000000000e+02 1.823154478199095818e+00
7.820000000000000000e+02 1.823181245786557936e+00
7.830000000000000000e+02 1.823208009684410547e+00
7.840000000000000000e+02 1.823234769892653651e+00
7.850000000000000000e+02 1.823261526411287470e+00
7.860000000000000000e+02 1.823288279240311782e+00
7.870000000000000000e+02 1.823315028379726810e+00
7.880000000000000000e+02 1.823341773829532109e+00
7.890000000000000000e+02 1.823368515589728345e+00
7.900000000000000000e+02 1.823395253660315074e+00
7.910000000000000000e+02 1.823421988041292297e+00
7.920000000000000000e+02 1.823448718732660012e+00
7.930000000000000000e+02 1.823475445734418443e+00
7.940000000000000000e+02 1.823502169046567589e+00
7.950000000000000000e+02 1.823528888669107006e+00
7.960000000000000000e+02 1.823555604602037361e+00
7.970000000000000000e+02 1.823582316845357987e+00
7.980000000000000000e+02 1.823609025399069328e+00
7.990000000000000000e+02 1.823635730263171162e+00
8.000000000000000000e+02 1.823662431437663711e+00
8.010000000000000000e+02 1.823689128922546754e+00
8.020000000000000000e+02 1.823715822717820512e+00
8.030000000000000000e+02 1.823742512823484763e+00
8.040000000000000000e+02 1.823769199239539507e+00
8.050000000000000000e+02 1.823795881965984966e+00
8.060000000000000000e+02 1.823822561002820919e+00
8.070000000000000000e+02 1.823849236350047587e+00
8.080000000000000000e+02 1.823875908007664748e+00
8.090000000000000000e+02 1.823902575975672402e+00
8.100000000000000000e+02 1.823929240254070772e+00
8.110000000000000000e+02 1.823955900842859634e+00
8.120000000000000000e+02 1.823982557742039212e+00
8.130000000000000000e+02 1.824009210951609283e+00
8.140000000000000000e+02 1.824035860471569848e+00
8.150000000000000000e+02 1.824062506301921127e+00
8.160000000000000000e+02 1.824089148442662900e+00
8.170000000000000000e+02 1.824115786893795388e+00
8.180000000000000000e+02 1.824142421655318369e+00
8.190000000000000000e+02 1.824169052727231843e+00
8.200000000000000000e+02 1.824195680109536033e+00
8.210000000000000000e+02 1.824222303802230716e+00
8.220000000000000000e+02 1.824248923805315892e+00
8.230000000000000000e+02 1.824275540118791783e+00
8.240000000000000000e+02 1.824302152742658389e+00
8.250000000000000000e+02 1.824328761676915489e+00
8.260000000000000000e+02 1.824355366921563082e+00
8.270000000000000000e+02 1.824381968476601168e+00
8.280000000000000000e+02 1.824408566342029969e+00
8.290000000000000000e+02 1.824435160517849486e+00
8.300000000000000000e+02 1.824461751004059495e+00
8.310000000000000000e+02 1.824488337800659998e+00
8.320000000000000000e+02 1.824514920907650994e+00
8.330000000000000000e+02 1.824541500325032706e+00
8.340000000000000000e+02 1.824568076052805132e+00
8.350000000000000000e+02 1.824594648090968052e+00
8.360000000000000000e+02 1.824621216439521465e+00
8.370000000000000000e+02 1.824647781098465371e+00
8.380000000000000000e+02 1.824674342067799993e+00
8.390000000000000000e+02 1.824700899347525329e+00
8.400000000000000000e+02 1.824727452937641159e+00
8.410000000000000000e+02 1.824754002838147482e+00
8.420000000000000000e+02 1.824780549049044298e+00
8.430000000000000000e+02 1.824807091570331830e+00
8.440000000000000000e+02 1.824833630402010076e+00
8.450000000000000000e+02 1.824860165544078816e+00
8.460000000000000000e+02 1.824886696996538049e+00
8.470000000000000000e+02 1.824913224759387997e+00
8.480000000000000000e+02 1.824939748832628439e+00
8.490000000000000000e+02 1.824966269216259374e+00
8.500000000000000000e+02 1.824992785910281023e+00
8.510000000000000000e+02 1.825019298914693167e+00
8.520000000000000000e+02 1.825045808229496025e+00
8.530000000000000000e+02 1.825072313854689376e+00
8.540000000000000000e+02 1.825098815790273221e+00
8.550000000000000000e+02 1.825125314036247781e+00
8.560000000000000000e+02 1.825151808592612834e+00
8.570000000000000000e+02 1.825178299459368603e+00
8.580000000000000000e+02 1.825204786636514864e+00
8.590000000000000000e+02 1.825231270124051619e+00
8.600000000000000000e+02 1.825257749921979089e+00
8.610000000000000000e+02 1.825284226030297052e+00
8.620000000000000000e+02 1.825310698449005731e+00
8.630000000000000000e+02 1.825337167178104902e+00
8.640000000000000000e+02 1.825363632217594567e+00
8.650000000000000000e+02 1.825390093567474947e+00
8.660000000000000000e+02 1.825416551227745821e+00
8.670000000000000000e+02 1.825443005198407409e+00
8.680000000000000000e+02 1.825469455479459491e+00
8.690000000000000000e+02 1.825495902070902288e+00
8.700000000000000000e+02 1.825522344972735356e+00
8.710000000000000000e+02 1.825548784184959361e+00
8.720000000000000000e+02 1.825575219707573638e+00
8.730000000000000000e+02 1.825601651540578629e+00
8.740000000000000000e+02 1.825628079683974336e+00
8.750000000000000000e+02 1.825654504137760537e+00
8.760000000000000000e+02 1.825680924901937230e+00
8.770000000000000000e+02 1.825707341976504638e+00
8.780000000000000000e+02 1.825733755361462540e+00
8.790000000000000000e+02 1.825760165056810935e+00
8.800000000000000000e+02 1.825786571062550045e+00
8.810000000000000000e+02 1.825812973378679649e+00
8.820000000000000000e+02 1.825839372005199968e+00
8.830000000000000000e+02 1.825865766942110779e+00
8.840000000000000000e+02 1.825892158189412084e+00
8.850000000000000000e+02 1.825918545747104105e+00
8.860000000000000000e+02 1.825944929615186618e+00
8.870000000000000000e+02 1.825971309793659847e+00
8.880000000000000000e+02 1.825997686282523569e+00
8.890000000000000000e+02 1.826024059081778006e+00
8.900000000000000000e+02 1.826050428191422714e+00
8.910000000000000000e+02 1.826076793611458360e+00
8.920000000000000000e+02 1.826103155341884277e+00
8.930000000000000000e+02 1.826129513382700909e+00
8.940000000000000000e+02 1.826155867733908256e+00
8.950000000000000000e+02 1.826182218395506096e+00
8.960000000000000000e+02 1.826208565367494430e+00
8.970000000000000000e+02 1.826234908649873478e+00
8.980000000000000000e+02 1.826261248242643020e+00
8.990000000000000000e+02 1.826287584145803056e+00
9.000000000000000000e+02 1.826313916359353806e+00
9.010000000000000000e+02 1.826340244883295050e+00
9.020000000000000000e+02 1.826366569717627009e+00
9.030000000000000000e+02 1.826392890862349461e+00
9.040000000000000000e+02 1.826419208317462628e+00
9.050000000000000000e+02 1.826445522082966288e+00
9.060000000000000000e+02 1.826471832158860442e+00
9.070000000000000000e+02 1.826498138545145089e+00
9.080000000000000000e+02 1.826524441241820673e+00
9.090000000000000000e+02 1.826550740248886529e+00
9.100000000000000000e+02 1.826577035566343099e+00
9.110000000000000000e+02 1.826603327194190163e+00
9.120000000000000000e+02 1.826629615132427942e+00
9.130000000000000000e+02 1.826655899381056214e+00
9.140000000000000000e+02 1.826682179940074979e+00
9.150000000000000000e+02 1.826708456809484460e+00
9.160000000000000000e+02 1.826734729989284656e+00
9.170000000000000000e+02 1.826760999479475123e+00
9.180000000000000000e+02 1.826787265280056305e+00
9.190000000000000000e+02 1.826813527391028202e+00
9.200000000000000000e+02 1.826839785812390593e+00
9.210000000000000000e+02 1.826866040544143477e+00
9.220000000000000000e+02 1.826892291586287076e+00
9.230000000000000000e+02 1.826918538938821168e+00
9.240000000000000000e+02 1.826944782601745754e+00
9.250000000000000000e+02 1.826971022575061054e+00
9.260000000000000000e+02 1.826997258858767070e+00
9.270000000000000000e+02 1.827023491452863357e+00
9.280000000000000000e+02 1.827049720357350360e+00
9.290000000000000000e+02 1.827075945572228077e+00
9.300000000000000000e+02 1.827102167097496288e+00
9.310000000000000000e+02 1.827128384933154992e+00
9.320000000000000000e+02 1.827154599079204411e+00
9.330000000000000000e+02 1.827180809535644324e+00
9.340000000000000000e+02 1.827207016302474729e+00
9.350000000000000000e+02 1.827233219379695850e+00
9.360000000000000000e+02 1.827259418767307686e+00
9.370000000000000000e+02 1.827285614465309793e+00
9.380000000000000000e+02 1.827311806473702616e+00
9.390000000000000000e+02 1.827337994792486153e+00
9.400000000000000000e+02 1.827364179421660184e+00
9.410000000000000000e+02 1.827390360361224708e+00
9.420000000000000000e+02 1.827416537611179947e+00
9.430000000000000000e+02 1.827442711171525680e+00
9.440000000000000000e+02 1.827468881042262128e+00
9.450000000000000000e+02 1.827495047223389069e+00
9.460000000000000000e+02 1.827521209714906503e+00
9.470000000000000000e+02 1.827547368516814652e+00
9.480000000000000000e+02 1.827573523629113295e+00
9.490000000000000000e+02 1.827599675051802430e+00
9.500000000000000000e+02 1.827625822784882281e+00
9.510000000000000000e+02 1.827651966828352625e+00
9.520000000000000000e+02 1.827678107182213685e+00
9.530000000000000000e+02 1.827704243846465237e+00
9.540000000000000000e+02 1.827730376821107505e+00
9.550000000000000000e+02 1.827756506106140266e+00
9.560000000000000000e+02 1.827782631701563520e+00
9.570000000000000000e+02 1.827808753607377490e+00
9.580000000000000000e+02 1.827834871823581953e+00
9.590000000000000000e+02 1.827860986350177130e+00
9.600000000000000000e+02 1.827887097187162579e+00
9.610000000000000000e+02 1.827913204334538966e+00
9.620000000000000000e+02 1.827939307792305845e+00
9.630000000000000000e+02 1.827965407560463218e+00
9.640000000000000000e+02 1.827991503639011084e+00
9.650000000000000000e+02 1.828017596027949665e+00
9.660000000000000000e+02 1.828043684727278961e+00
9.670000000000000000e+02 1.828069769736998529e+00
9.680000000000000000e+02 1.828095851057108812e+00
9.690000000000000000e+02 1.828121928687609810e+00
9.700000000000000000e+02 1.828148002628501301e+00
9.710000000000000000e+02 1.828174072879783285e+00
9.720000000000000000e+02 1.828200139441455985e+00
9.730000000000000000e+02 1.828226202313519178e+00
