# order=16: data_wav [pixel], data_wavsolution [micron]
3.000000000000000000e+00 1.886587118459946533e+00
4.000000000000000000e+00 1.886618152547143934e+00
5.000000000000000000e+00 1.886649182522788459e+00
6.000000000000000000e+00 1.886680208386880109e+00
7.000000000000000000e+00 1.886711230139418660e+00
8.000000000000000000e+00 1.886742247780404558e+00
9.000000000000000000e+00 1.886773261309837357e+00
1.000000000000000000e+01 1.886804270727717281e+00
1.100000000000000000e+01 1.886835276034044551e+00
1.200000000000000000e+01 1.886866277228818722e+00
1.300000000000000000e+01 1.886897274312039796e+00
1.400000000000000000e+01 1.886928267283708216e+00
1.500000000000000000e+01 1.886959256143823760e+00
1.600000000000000000e+01 1.886990240892386206e+00
1.700000000000000000e+01 1.887021221529395776e+00
1.800000000000000000e+01 1.887052198054852692e+00
1.900000000000000000e+01 1.887083170468756510e+00
2.000000000000000000e+01 1.887114138771107230e+00
2.100000000000000000e+01 1.887145102961905296e+00
2.200000000000000000e+01 1.887176063041150487e+00
2.300000000000000000e+01 1.887207019008842579e+00
2.400000000000000000e+01 1.887237970864982017e+00
2.500000000000000000e+01 1.887268918609568358e+00
2.600000000000000000e+01 1.887299862242601822e+00
2.700000000000000000e+01 1.887330801764082411e+00
2.800000000000000000e+01 1.887361737174010123e+00
2.900000000000000000e+01 1.887392668472384960e+00
3.000000000000000000e+01 1.887423595659206699e+00
3.100000000000000000e+01 1.887454518734475784e+00
3.200000000000000000e+01 1.887485437698191770e+00
3.300000000000000000e+01 1.887516352550354881e+00
3.400000000000000000e+01 1.887547263290965116e+00
3.500000000000000000e+01 1.887578169920022475e+00
3.600000000000000000e+01 1.887609072437526958e+00
3.700000000000000000e+01 1.887639970843478343e+00
3.800000000000000000e+01 1.887670865137877074e+00
3.900000000000000000e+01 1.887701755320722707e+00
4.000000000000000000e+01 1.887732641392015465e+00
4.100000000000000000e+01 1.887763523351755346e+00
4.200000000000000000e+01 1.887794401199942351e+00
4.300000000000000000e+01 1.887825274936576481e+00
4.400000000000000000e+01 1.887856144561657734e+00
4.500000000000000000e+01 1.887887010075185890e+00
4.600000000000000000e+01 1.887917871477161391e+00
4.700000000000000000e+01 1.887948728767583795e+00
4.800000000000000000e+01 1.887979581946453322e+00
4.900000000000000000e+01 1.888010431013769974e+00
5.000000000000000000e+01 1.888041275969533750e+00
5.100000000000000000e+01 1.888072116813744650e+00
5.200000000000000000e+01 1.888102953546402674e+00
5.300000000000000000e+01 1.888133786167507600e+00
5.400000000000000000e+01 1.888164614677059649e+00
5.500000000000000000e+01 1.888195439075059046e+00
5.600000000000000000e+01 1.888226259361505344e+00
5.700000000000000000e+01 1.888257075536398766e+00
5.800000000000000000e+01 1.888287887599739090e+00
5.900000000000000000e+01 1.888318695551526760e+00
6.000000000000000000e+01 1.888349499391761555e+00
6.100000000000000000e+01 1.888380299120443251e+00
6.200000000000000000e+01 1.888411094737572071e+00
6.300000000000000000e+01 1.888441886243148016e+00
6.400000000000000000e+01 1.888472673637171084e+00
6.500000000000000000e+01 1.888503456919641277e+00
6.600000000000000000e+01 1.888534236090558593e+00
6.700000000000000000e+01 1.888565011149923034e+00
6.800000000000000000e+01 1.888595782097734377e+00
6.900000000000000000e+01 1.888626548933993066e+00
7.000000000000000000e+01 1.888657311658698656e+00
7.100000000000000000e+01 1.888688070271851371e+00
7.200000000000000000e+01 1.888718824773451210e+00
7.300000000000000000e+01 1.888749575163498173e+00
7.400000000000000000e+01 1.888780321441992038e+00
7.500000000000000000e+01 1.888811063608933249e+00
7.600000000000000000e+01 1.888841801664321363e+00
7.700000000000000000e+01 1.888872535608156600e+00
7.800000000000000000e+01 1.888903265440439183e+00
7.900000000000000000e+01 1.888933991161168668e+00
8.000000000000000000e+01 1.888964712770345056e+00
8.100000000000000000e+01 1.888995430267968789e+00
8.200000000000000000e+01 1.889026143654039647e+00
8.300000000000000000e+01 1.889056852928557406e+00
8.400000000000000000e+01 1.889087558091522512e+00
8.500000000000000000e+01 1.889118259142934519e+00
8.600000000000000000e+01 1.889148956082793651e+00
8.700000000000000000e+01 1.889179648911099907e+00
8.800000000000000000e+01 1.889210337627853287e+00
8.900000000000000000e+01 1.889241022233053569e+00
9.000000000000000000e+01 1.889271702726701196e+00
9.100000000000000000e+01 1.889302379108795726e+00
9.200000000000000000e+01 1.889333051379337380e+00
9.300000000000000000e+01 1.889363719538326158e+00
9.400000000000000000e+01 1.889394383585762061e+00
9.500000000000000000e+01 1.889425043521645087e+00
9.600000000000000000e+01 1.889455699345975237e+00
9.700000000000000000e+01 1.889486351058752511e+00
9.800000000000000000e+01 1.889516998659976688e+00
9.900000000000000000e+01 1.889547642149647988e+00
1.000000000000000000e+02 1.889578281527766634e+00
1.010000000000000000e+02 1.889608916794332183e+00
1.020000000000000000e+02 1.889639547949344855e+00
1.030000000000000000e+02 1.889670174992804430e+00
1.040000000000000000e+02 1.889700797924711351e+00
1.050000000000000000e+02 1.889731416745065395e+00
1.060000000000000000e+02 1.889762031453866342e+00
1.070000000000000000e+02 1.889792642051114413e+00
1.080000000000000000e+02 1.889823248536809608e+00
1.090000000000000000e+02 1.889853850910951927e+00
1.100000000000000000e+02 1.889884449173541370e+00
1.110000000000000000e+02 1.889915043324577937e+00
1.120000000000000000e+02 1.889945633364061406e+00
1.130000000000000000e+02 1.889976219291992221e+00
1.140000000000000000e+02 1.890006801108369938e+00
1.150000000000000000e+02 1.890037378813194779e+00
1.160000000000000000e+02 1.890067952406466745e+00
1.170000000000000000e+02 1.890098521888185834e+00
1.180000000000000000e+02 1.890129087258352047e+00
1.190000000000000000e+02 1.890159648516965385e+00
1.200000000000000000e+02 1.890190205664025624e+00
1.210000000000000000e+02 1.890220758699533210e+00
1.220000000000000000e+02 1.890251307623487698e+00
1.230000000000000000e+02 1.890281852435889309e+00
1.240000000000000000e+02 1.890312393136738045e+00
1.250000000000000000e+02 1.890342929726033905e+00
1.260000000000000000e+02 1.890373462203776667e+00
1.270000000000000000e+02 1.890403990569966775e+00
1.280000000000000000e+02 1.890434514824603784e+00
1.290000000000000000e+02 1.890465034967688140e+00
1.300000000000000000e+02 1.890495550999219398e+00
1.310000000000000000e+02 1.890526062919197781e+00
1.320000000000000000e+02 1.890556570727623287e+00
1.330000000000000000e+02 1.890587074424495917e+00
1.340000000000000000e+02 1.890617574009815449e+00
1.350000000000000000e+02 1.890648069483582328e+00
1.360000000000000000e+02 1.890678560845796108e+00
1.370000000000000000e+02 1.890709048096457012e+00
1.380000000000000000e+02 1.890739531235565041e+00
1.390000000000000000e+02 1.890770010263120193e+00
1.400000000000000000e+02 1.890800485179122470e+00
1.410000000000000000e+02 1.890830955983571871e+00
1.420000000000000000e+02 1.890861422676468173e+00
1.430000000000000000e+02 1.890891885257811822e+00
1.440000000000000000e+02 1.890922343727602373e+00
1.450000000000000000e+02 1.890952798085840048e+00
1.460000000000000000e+02 1.890983248332524846e+00
1.470000000000000000e+02 1.891013694467656769e+00
1.480000000000000000e+02 1.891044136491235816e+00
1.490000000000000000e+02 1.891074574403261987e+00
1.500000000000000000e+02 1.891105008203735061e+00
1.510000000000000000e+02 1.891135437892655480e+00
1.520000000000000000e+02 1.891165863470022801e+00
1.530000000000000000e+02 1.891196284935837246e+00
1.540000000000000000e+02 1.891226702290098816e+00
1.550000000000000000e+02 1.891257115532807509e+00
1.560000000000000000e+02 1.891287524663963104e+00
1.570000000000000000e+02 1.891317929683566046e+00
1.580000000000000000e+02 1.891348330591615889e+00
1.590000000000000000e+02 1.891378727388113079e+00
1.600000000000000000e+02 1.891409120073057171e+00
1.610000000000000000e+02 1.891439508646448386e+00
1.620000000000000000e+02 1.891469893108286726e+00
1.630000000000000000e+02 1.891500273458571968e+00
1.640000000000000000e+02 1.891530649697304556e+00
1.650000000000000000e+02 1.891561021824484046e+00
1.660000000000000000e+02 1.891591389840110882e+00
1.670000000000000000e+02 1.891621753744184620e+00
1.680000000000000000e+02 1.891652113536705482e+00
1.690000000000000000e+02 1.891682469217673468e+00
1.700000000000000000e+02 1.891712820787088578e+00
1.710000000000000000e+02 1.891743168244950812e+00
1.720000000000000000e+02 1.891773511591259949e+00
1.730000000000000000e+02 1.891803850826016209e+00
1.740000000000000000e+02 1.891834185949219815e+00
1.750000000000000000e+02 1.891864516960870324e+00
1.760000000000000000e+02 1.891894843860967956e+00
1.770000000000000000e+02 1.891925166649512713e+00
1.780000000000000000e+02 1.891955485326504594e+00
1.790000000000000000e+02 1.891985799891943376e+00
1.800000000000000000e+02 1.892016110345829505e+00
1.810000000000000000e+02 1.892046416688162536e+00
1.820000000000000000e+02 1.892076718918942690e+00
1.830000000000000000e+02 1.892107017038169969e+00
1.840000000000000000e+02 1.892137311045844372e+00
1.850000000000000000e+02 1.892167600941965899e+00
1.860000000000000000e+02 1.892197886726534550e+00
1.870000000000000000e+02 1.892228168399550103e+00
1.880000000000000000e+02 1.892258445961013003e+00
1.890000000000000000e+02 1.892288719410922804e+00
1.900000000000000000e+02 1.892318988749279729e+00
1.910000000000000000e+02 1.892349253976083778e+00
1.920000000000000000e+02 1.892379515091334952e+00
1.930000000000000000e+02 1.892409772095033249e+00
1.940000000000000000e+02 1.892440024987178449e+00
1.950000000000000000e+02 1.892470273767770994e+00
1.960000000000000000e+02 1.892500518436810442e+00
1.970000000000000000e+02 1.892530758994297013e+00
1.980000000000000000e+02 1.892560995440230709e+00
1.990000000000000000e+02 1.892591227774611529e+00
2.000000000000000000e+02 1.892621455997439472e+00
2.010000000000000000e+02 1.892651680108714540e+00
2.020000000000000000e+02 1.892681900108436510e+00
2.030000000000000000e+02 1.892712115996605826e+00
2.040000000000000000e+02 1.892742327773222044e+00
2.050000000000000000e+02 1.892772535438285386e+00
2.060000000000000000e+02 1.892802738991795852e+00
2.070000000000000000e+02 1.892832938433753442e+00
2.080000000000000000e+02 1.892863133764157935e+00
2.090000000000000000e+02 1.892893324983009773e+00
2.100000000000000000e+02 1.892923512090308513e+00
2.110000000000000000e+02 1.892953695086054600e+00
2.120000000000000000e+02 1.892983873970247588e+00
2.130000000000000000e+02 1.893014048742887701e+00
2.140000000000000000e+02 1.893044219403974937e+00
2.150000000000000000e+02 1.893074385953509298e+00
2.160000000000000000e+02 1.893104548391490560e+00
2.170000000000000000e+02 1.893134706717919169e+00
2.180000000000000000e+02 1.893164860932794680e+00
2.190000000000000000e+02 1.893195011036117537e+00
2.200000000000000000e+02 1.893225157027887295e+00
2.210000000000000000e+02 1.893255298908104178e+00
2.220000000000000000e+02 1.893285436676768185e+00
2.230000000000000000e+02 1.893315570333879094e+00
2.240000000000000000e+02 1.893345699879437349e+00
2.250000000000000000e+02 1.893375825313442506e+00
2.260000000000000000e+02 1.893405946635895010e+00
2.270000000000000000e+02 1.893436063846794415e+00
2.280000000000000000e+02 1.893466176946140944e+00
2.290000000000000000e+02 1.893496285933934598e+00
2.300000000000000000e+02 1.893526390810175153e+00
2.310000000000000000e+02 1.893556491574863054e+00
2.320000000000000000e+02 1.893586588227998080e+00
2.330000000000000000e+02 1.893616680769580007e+00
2.340000000000000000e+02 1.893646769199609059e+00
2.350000000000000000e+02 1.893676853518085235e+00
2.360000000000000000e+02 1.893706933725008534e+00
2.370000000000000000e+02 1.893737009820378958e+00
2.380000000000000000e+02 1.893767081804196506e+00
2.390000000000000000e+02 1.893797149676460956e+00
2.400000000000000000e+02 1.893827213437172752e+00
2.410000000000000000e+02 1.893857273086331450e+00
2.420000000000000000e+02 1.893887328623937272e+00
2.430000000000000000e+02 1.893917380049990218e+00
2.440000000000000000e+02 1.893947427364490288e+00
2.450000000000000000e+02 1.893977470567437482e+00
2.460000000000000000e+02 1.894007509658831800e+00
2.470000000000000000e+02 1.894037544638673021e+00
2.480000000000000000e+02 1.894067575506961587e+00
2.490000000000000000e+02 1.894097602263697055e+00
2.500000000000000000e+02 1.894127624908879648e+00
2.510000000000000000e+02 1.894157643442509364e+00
2.520000000000000000e+02 1.894187657864586205e+00
2.530000000000000000e+02 1.894217668175109948e+00
2.540000000000000000e+02 1.894247674374081036e+00
2.550000000000000000e+02 1.894277676461499027e+00
2.560000000000000000e+02 1.894307674437364364e+00
2.570000000000000000e+02 1.894337668301676603e+00
2.580000000000000000e+02 1.894367658054435966e+00
2.590000000000000000e+02 1.894397643695642452e+00
2.600000000000000000e+02 1.894427625225295841e+00
2.610000000000000000e+02 1.894457602643396577e+00
2.620000000000000000e+02 1.894487575949944436e+00
2.630000000000000000e+02 1.894517545144939197e+00
2.640000000000000000e+02 1.894547510228381082e+00
2.650000000000000000e+02 1.894577471200270091e+00
2.660000000000000000e+02 1.894607428060606225e+00
2.670000000000000000e+02 1.894637380809389482e+00
2.680000000000000000e+02 1.894667329446619863e+00
2.690000000000000000e+02 1.894697273972297147e+00
2.700000000000000000e+02 1.894727214386421776e+00
2.710000000000000000e+02 1.894757150688993308e+00
2.720000000000000000e+02 1.894787082880011964e+00
2.730000000000000000e+02 1.894817010959477743e+00
2.740000000000000000e+02 1.894846934927390647e+00
2.750000000000000000e+02 1.894876854783750675e+00
2.760000000000000000e+02 1.894906770528557605e+00
2.770000000000000000e+02 1.894936682161811881e+00
2.780000000000000000e+02 1.894966589683513059e+00
2.790000000000000000e+02 1.894996493093661361e+00
2.800000000000000000e+02 1.895026392392257009e+00
2.810000000000000000e+02 1.895056287579299337e+00
2.820000000000000000e+02 1.895086178654789011e+00
2.830000000000000000e+02 1.895116065618725809e+00
2.840000000000000000e+02 1.895145948471109731e+00
2.850000000000000000e+02 1.895175827211940556e+00
2.860000000000000000e+02 1.895205701841218504e+00
2.870000000000000000e+02 1.895235572358943577e+00
2.880000000000000000e+02 1.895265438765115773e+00
2.890000000000000000e+02 1.895295301059735094e+00
2.900000000000000000e+02 1.895325159242801538e+00
2.910000000000000000e+02 1.895355013314315107e+00
2.920000000000000000e+02 1.895384863274275578e+00
2.930000000000000000e+02 1.895414709122683172e+00
2.940000000000000000e+02 1.895444550859538113e+00
2.950000000000000000e+02 1.895474388484839956e+00
2.960000000000000000e+02 1.895504221998588923e+00
2.970000000000000000e+02 1.895534051400784792e+00
2.980000000000000000e+02 1.895563876691428007e+00
2.990000000000000000e+02 1.895593697870518346e+00
3.000000000000000000e+02 1.895623514938055587e+00
3.010000000000000000e+02 1.895653327894039952e+00
3.020000000000000000e+02 1.895683136738471442e+00
3.030000000000000000e+02 1.895712941471350055e+00
3.040000000000000000e+02 1.895742742092675792e+00
3.050000000000000000e+02 1.895772538602448654e+00
3.060000000000000000e+02 1.895802331000668639e+00
3.070000000000000000e+02 1.895832119287335527e+00
3.080000000000000000e+02 1.895861903462449538e+00
3.090000000000000000e+02 1.895891683526010896e+00
3.100000000000000000e+02 1.895921459478019155e+00
3.110000000000000000e+02 1.895951231318474539e+00
3.120000000000000000e+02 1.895980999047376825e+00
3.130000000000000000e+02 1.896010762664726457e+00
3.140000000000000000e+02 1.896040522170523213e+00
3.150000000000000000e+02 1.896070277564766871e+00
3.160000000000000000e+02 1.896100028847457653e+00
3.170000000000000000e+02 1.896129776018595559e+00
3.180000000000000000e+02 1.896159519078180589e+00
3.190000000000000000e+02 1.896189258026212743e+00
3.200000000000000000e+02 1.896218992862692021e+00
3.210000000000000000e+02 1.896248723587618423e+00
3.220000000000000000e+02 1.896278450200991728e+00
3.230000000000000000e+02 1.896308172702812156e+00
3.240000000000000000e+02 1.896337891093079708e+00
3.250000000000000000e+02 1.896367605371794607e+00
3.260000000000000000e+02 1.896397315538956185e+00
3.270000000000000000e+02 1.896427021594565110e+00
3.280000000000000000e+02 1.896456723538621159e+00
3.290000000000000000e+02 1.896486421371124109e+00
3.300000000000000000e+02 1.896516115092074406e+00
3.310000000000000000e+02 1.896545804701471605e+00
3.320000000000000000e+02 1.896575490199315928e+00
3.330000000000000000e+02 1.896605171585607374e+00
3.340000000000000000e+02 1.896634848860345945e+00
3.350000000000000000e+02 1.896664522023531640e+00
3.360000000000000000e+02 1.896694191075164238e+00
3.370000000000000000e+02 1.896723856015244181e+00
3.380000000000000000e+02 1.896753516843771026e+00
3.390000000000000000e+02 1.896783173560744995e+00
3.400000000000000000e+02 1.896812826166166088e+00
3.410000000000000000e+02 1.896842474660034306e+00
3.420000000000000000e+02 1.896872119042349647e+00
3.430000000000000000e+02 1.896901759313112112e+00
3.440000000000000000e+02 1.896931395472321480e+00
3.450000000000000000e+02 1.896961027519977971e+00
3.460000000000000000e+02 1.896990655456081809e+00
3.470000000000000000e+02 1.897020279280632549e+00
3.480000000000000000e+02 1.897049898993630412e+00
3.490000000000000000e+02 1.897079514595075400e+00
3.500000000000000000e+02 1.897109126084967290e+00
3.510000000000000000e+02 1.897138733463306526e+00
3.520000000000000000e+02 1.897168336730092664e+00
3.530000000000000000e+02 1.897197935885326148e+00
3.540000000000000000e+02 1.897227530929006534e+00
3.550000000000000000e+02 1.897257121861134044e+00
3.560000000000000000e+02 1.897286708681708678e+00
3.570000000000000000e+02 1.897316291390730436e+00
3.580000000000000000e+02 1.897345869988199096e+00
3.590000000000000000e+02 1.897375444474115103e+00
3.600000000000000000e+02 1.897405014848478011e+00
3.610000000000000000e+02 1.897434581111288043e+00
3.620000000000000000e+02 1.897464143262545200e+00
3.630000000000000000e+02 1.897493701302249480e+00
3.640000000000000000e+02 1.897523255230400885e+00
3.650000000000000000e+02 1.897552805046999413e+00
3.660000000000000000e+02 1.897582350752044844e+00
3.670000000000000000e+02 1.897611892345537621e+00
3.680000000000000000e+02 1.897641429827477300e+00
3.690000000000000000e+02 1.897670963197864102e+00
3.700000000000000000e+02 1.897700492456698029e+00
3.710000000000000000e+02 1.897730017603979080e+00
3.720000000000000000e+02 1.897759538639707255e+00
3.730000000000000000e+02 1.897789055563882554e+00
3.740000000000000000e+02 1.897818568376504755e+00
3.750000000000000000e+02 1.897848077077574080e+00
3.760000000000000000e+02 1.897877581667090752e+00
3.770000000000000000e+02 1.897907082145054325e+00
3.780000000000000000e+02 1.897936578511465022e+00
3.790000000000000000e+02 1.897966070766322844e+00
3.800000000000000000e+02 1.897995558909627567e+00
3.810000000000000000e+02 1.898025042941379636e+00
3.820000000000000000e+02 1.898054522861578608e+00
3.830000000000000000e+02 1.898083998670224704e+00
3.840000000000000000e+02 1.898113470367318145e+00
3.850000000000000000e+02 1.898142937952858489e+00
3.860000000000000000e+02 1.898172401426845957e+00
3.870000000000000000e+02 1.898201860789280326e+00
3.880000000000000000e+02 1.898231316040162042e+00
3.890000000000000000e+02 1.898260767179490660e+00
3.900000000000000000e+02 1.898290214207266624e+00
3.910000000000000000e+02 1.898319657123489490e+00
3.920000000000000000e+02 1.898349095928159480e+00
3.930000000000000000e+02 1.898378530621276594e+00
3.940000000000000000e+02 1.898407961202840832e+00
3.950000000000000000e+02 1.898437387672851973e+00
3.960000000000000000e+02 1.898466810031310459e+00
3.970000000000000000e+02 1.898496228278215847e+00
3.980000000000000000e+02 1.898525642413568582e+00
3.990000000000000000e+02 1.898555052437368218e+00
4.000000000000000000e+02 1.898584458349614978e+00
4.010000000000000000e+02 1.898613860150308863e+00
4.020000000000000000e+02 1.898643257839449650e+00
4.030000000000000000e+02 1.898672651417037782e+00
4.040000000000000000e+02 1.898702040883073039e+00
4.050000000000000000e+02 1.898731426237555198e+00
4.060000000000000000e+02 1.898760807480484480e+00
4.070000000000000000e+02 1.898790184611860887e+00
4.080000000000000000e+02 1.898819557631684418e+00
4.090000000000000000e+02 1.898848926539955073e+00
4.100000000000000000e+02 1.898878291336672852e+00
4.110000000000000000e+02 1.898907652021837533e+00
4.120000000000000000e+02 1.898937008595449560e+00
4.130000000000000000e+02 1.898966361057508490e+00
4.140000000000000000e+02 1.898995709408014543e+00
4.150000000000000000e+02 1.899025053646967720e+00
4.160000000000000000e+02 1.899054393774368021e+00
4.170000000000000000e+02 1.899083729790215447e+00
4.180000000000000000e+02 1.899113061694509774e+00
4.190000000000000000e+02 1.899142389487251448e+00
4.200000000000000000e+02 1.899171713168440023e+00
4.210000000000000000e+02 1.899201032738075723e+00
4.220000000000000000e+02 1.899230348196158547e+00
4.230000000000000000e+02 1.899259659542688494e+00
4.240000000000000000e+02 1.899288966777665566e+00
4.250000000000000000e+02 1.899318269901089762e+00
4.260000000000000000e+02 1.899347568912960860e+00
4.270000000000000000e+02 1.899376863813279082e+00
4.280000000000000000e+02 1.899406154602044650e+00
4.290000000000000000e+02 1.899435441279257120e+00
4.300000000000000000e+02 1.899464723844916714e+00
4.310000000000000000e+02 1.899494002299023432e+00
4.320000000000000000e+02 1.899523276641577052e+00
4.330000000000000000e+02 1.899552546872578018e+00
4.340000000000000000e+02 1.899581812992025887e+00
4.350000000000000000e+02 1.899611074999921101e+00
4.360000000000000000e+02 1.899640332896263217e+00
4.370000000000000000e+02 1.899669586681052458e+00
4.380000000000000000e+02 1.899698836354288822e+00
4.390000000000000000e+02 1.899728081915972311e+00
4.400000000000000000e+02 1.899757323366102701e+00
4.410000000000000000e+02 1.899786560704680438e+00
4.420000000000000000e+02 1.899815793931705077e+00
4.430000000000000000e+02 1.899845023047177062e+00
4.440000000000000000e+02 1.899874248051095948e+00
4.450000000000000000e+02 1.899903468943461959e+00
4.460000000000000000e+02 1.899932685724274872e+00
4.470000000000000000e+02 1.899961898393535131e+00
4.480000000000000000e+02 1.899991106951242514e+00
4.490000000000000000e+02 1.900020311397396799e+00
4.500000000000000000e+02 1.900049511731998431e+00
4.510000000000000000e+02 1.900078707955046964e+00
4.520000000000000000e+02 1.900107900066542621e+00
4.530000000000000000e+02 1.900137088066485402e+00
4.540000000000000000e+02 1.900166271954875086e+00
4.550000000000000000e+02 1.900195451731712115e+00
4.560000000000000000e+02 1.900224627396996269e+00
4.570000000000000000e+02 1.900253798950727324e+00
4.580000000000000000e+02 1.900282966392905504e+00
4.590000000000000000e+02 1.900312129723530807e+00
4.600000000000000000e+02 1.900341288942603235e+00
4.610000000000000000e+02 1.900370444050122787e+00
4.620000000000000000e+02 1.900399595046089463e+00
4.630000000000000000e+02 1.900428741930503040e+00
4.640000000000000000e+02 1.900457884703363964e+00
4.650000000000000000e+02 1.900487023364671790e+00
4.660000000000000000e+02 1.900516157914426740e+00
4.670000000000000000e+02 1.900545288352628814e+00
4.680000000000000000e+02 1.900574414679278012e+00
4.690000000000000000e+02 1.900603536894374335e+00
4.700000000000000000e+02 1.900632654997917781e+00
4.710000000000000000e+02 1.900661768989908129e+00
4.720000000000000000e+02 1.900690878870345824e+00
4.730000000000000000e+02 1.900719984639230420e+00
4.740000000000000000e+02 1.900749086296562140e+00
4.750000000000000000e+02 1.900778183842340985e+00
4.760000000000000000e+02 1.900807277276566953e+00
4.770000000000000000e+02 1.900836366599239824e+00
4.780000000000000000e+02 1.900865451810360041e+00
4.790000000000000000e+02 1.900894532909927159e+00
4.800000000000000000e+02 1.900923609897941624e+00
4.810000000000000000e+02 1.900952682774402991e+00
4.820000000000000000e+02 1.900981751539311482e+00
4.830000000000000000e+02 1.901010816192667097e+00
4.840000000000000000e+02 1.901039876734469614e+00
4.850000000000000000e+02 1.901068933164719477e+00
4.860000000000000000e+02 1.901097985483416464e+00
4.870000000000000000e+02 1.901127033690560353e+00
4.880000000000000000e+02 1.901156077786151366e+00
4.890000000000000000e+02 1.901185117770189503e+00
4.900000000000000000e+02 1.901214153642674765e+00
4.910000000000000000e+02 1.901243185403607150e+00
4.920000000000000000e+02 1.901272213052986659e+00
4.930000000000000000e+02 1.901301236590813071e+00
4.940000000000000000e+02 1.901330256017086828e+00
4.950000000000000000e+02 1.901359271331807488e+00
4.960000000000000000e+02 1.901388282534975271e+00
4.970000000000000000e+02 1.901417289626590179e+00
4.980000000000000000e+02 1.901446292606652211e+00
4.990000000000000000e+02 1.901475291475161367e+00
5.000000000000000000e+02 1.901504286232117424e+00
5.010000000000000000e+02 1.901533276877520828e+00
5.020000000000000000e+02 1.901562263411371134e+00
5.030000000000000000e+02 1.901591245833668564e+00
5.040000000000000000e+02 1.901620224144413340e+00
5.050000000000000000e+02 1.901649198343605018e+00
5.060000000000000000e+02 1.901678168431243598e+00
5.070000000000000000e+02 1.901707134407329525e+00
5.080000000000000000e+02 1.901736096271862575e+00
5.090000000000000000e+02 1.901765054024842527e+00
5.100000000000000000e+02 1.901794007666269604e+00
5.110000000000000000e+02 1.901822957196143804e+00
5.120000000000000000e+02 1.901851902614465128e+00
5.130000000000000000e+02 1.901880843921233577e+00
5.140000000000000000e+02 1.901909781116449150e+00
5.150000000000000000e+02 1.901938714200111846e+00
5.160000000000000000e+02 1.901967643172221445e+00
5.170000000000000000e+02 1.901996568032778168e+00
5.180000000000000000e+02 1.902025488781782236e+00
5.190000000000000000e+02 1.902054405419233207e+00
5.200000000000000000e+02 1.902083317945131302e+00
5.210000000000000000e+02 1.902112226359476299e+00
5.220000000000000000e+02 1.902141130662268642e+00
5.230000000000000000e+02 1.902170030853508109e+00
5.240000000000000000e+02 1.902198926933194478e+00
5.250000000000000000e+02 1.902227818901327971e+00
5.260000000000000000e+02 1.902256706757908589e+00
5.270000000000000000e+02 1.902285590502936330e+00
5.280000000000000000e+02 1.902314470136411195e+00
5.290000000000000000e+02 1.902343345658333185e+00
5.300000000000000000e+02 1.902372217068702298e+00
5.310000000000000000e+02 1.902401084367518314e+00
5.320000000000000000e+02 1.902429947554781453e+00
5.330000000000000000e+02 1.902458806630491939e+00
5.340000000000000000e+02 1.902487661594649326e+00
5.350000000000000000e+02 1.902516512447253838e+00
5.360000000000000000e+02 1.902545359188305252e+00
5.370000000000000000e+02 1.902574201817804012e+00
5.380000000000000000e+02 1.902603040335749895e+00
5.390000000000000000e+02 1.902631874742142681e+00
5.400000000000000000e+02 1.902660705036982591e+00
5.410000000000000000e+02 1.902689531220269625e+00
5.420000000000000000e+02 1.902718353292003783e+00
5.430000000000000000e+02 1.902747171252185066e+00
5.440000000000000000e+02 1.902775985100813472e+00
5.450000000000000000e+02 1.902804794837889002e+00
5.460000000000000000e+02 1.902833600463411434e+00
5.470000000000000000e+02 1.902862401977380991e+00
5.480000000000000000e+02 1.902891199379797893e+00
5.490000000000000000e+02 1.902919992670661697e+00
5.500000000000000000e+02 1.902948781849972626e+00
5.510000000000000000e+02 1.902977566917730456e+00
5.520000000000000000e+02 1.903006347873935633e+00
5.530000000000000000e+02 1.903035124718587712e+00
5.540000000000000000e+02 1.903063897451687136e+00
5.550000000000000000e+02 1.903092666073233463e+00
5.560000000000000000e+02 1.903121430583226914e+00
5.570000000000000000e+02 1.903150190981667489e+00
5.580000000000000000e+02 1.903178947268555188e+00
5.590000000000000000e+02 1.903207699443890011e+00
5.600000000000000000e+02 1.903236447507671736e+00
5.610000000000000000e+02 1.903265191459900807e+00
5.620000000000000000e+02 1.903293931300576780e+00
5.630000000000000000e+02 1.903322667029699877e+00
5.640000000000000000e+02 1.903351398647270099e+00
5.650000000000000000e+02 1.903380126153287444e+00
5.660000000000000000e+02 1.903408849547751913e+00
5.670000000000000000e+02 1.903437568830663507e+00
5.680000000000000000e+02 1.903466284002022002e+00
5.690000000000000000e+02 1.903494995061827844e+00
5.700000000000000000e+02 1.903523702010080587e+00
5.710000000000000000e+02 1.903552404846780455e+00
5.720000000000000000e+02 1.903581103571927446e+00
5.730000000000000000e+02 1.903609798185521562e+00
5.740000000000000000e+02 1.903638488687562580e+00
5.750000000000000000e+02 1.903667175078050944e+00
5.760000000000000000e+02 1.903695857356986210e+00
5.770000000000000000e+02 1.903724535524368822e+00
5.780000000000000000e+02 1.903753209580198336e+00
5.790000000000000000e+02 1.903781879524474974e+00
5.800000000000000000e+02 1.903810545357198736e+00
5.810000000000000000e+02 1.903839207078369622e+00
5.820000000000000000e+02 1.903867864687987410e+00
5.830000000000000000e+02 1.903896518186052544e+00
5.840000000000000000e+02 1.903925167572564581e+00
5.850000000000000000e+02 1.903953812847523741e+00
5.860000000000000000e+02 1.903982454010930025e+00
5.870000000000000000e+02 1.904011091062783434e+00
5.880000000000000000e+02 1.904039724003083967e+00
5.890000000000000000e+02 1.904068352831831623e+00
5.900000000000000000e+02 1.904096977549026182e+00
5.910000000000000000e+02 1.904125598154668086e+00
5.920000000000000000e+02 1.904154214648756893e+00
5.930000000000000000e+02 1.904182827031292824e+00
5.940000000000000000e+02 1.904211435302275879e+00
5.950000000000000000e+02 1.904240039461706058e+00
5.960000000000000000e+02 1.904268639509583361e+00
5.970000000000000000e+02 1.904297235445907788e+00
5.980000000000000000e+02 1.904325827270679117e+00
5.990000000000000000e+02 1.904354414983897792e+00
6.000000000000000000e+02 1.904382998585563369e+00
6.010000000000000000e+02 1.904411578075676070e+00
6.020000000000000000e+02 1.904440153454235896e+00
6.030000000000000000e+02 1.904468724721242845e+00
6.040000000000000000e+02 1.904497291876696696e+00
6.050000000000000000e+02 1.904525854920597894e+00
6.060000000000000000e+02 1.904554413852945993e+00
6.070000000000000000e+02 1.904582968673741439e+00
6.080000000000000000e+02 1.904611519382983786e+00
6.090000000000000000e+02 1.904640065980673258e+00
6.100000000000000000e+02 1.904668608466809854e+00
6.110000000000000000e+02 1.904697146841393351e+00
6.120000000000000000e+02 1.904725681104424195e+00
6.130000000000000000e+02 1.904754211255901941e+00
6.140000000000000000e+02 1.904782737295827033e+00
6.150000000000000000e+02 1.904811259224199027e+00
6.160000000000000000e+02 1.904839777041018145e+00
6.170000000000000000e+02 1.904868290746284387e+00
6.180000000000000000e+02 1.904896800339997753e+00
6.190000000000000000e+02 1.904925305822158244e+00
6.200000000000000000e+02 1.904953807192765636e+00
6.210000000000000000e+02 1.904982304451820374e+00
6.220000000000000000e+02 1.905010797599322014e+00
6.230000000000000000e+02 1.905039286635270779e+00
6.240000000000000000e+02 1.905067771559666667e+00
6.250000000000000000e+02 1.905096252372509680e+00
6.260000000000000000e+02 1.905124729073799816e+00
6.270000000000000000e+02 1.905153201663536855e+00
6.280000000000000000e+02 1.905181670141721240e+00
6.290000000000000000e+02 1.905210134508352526e+00
6.300000000000000000e+02 1.905238594763430937e+00
6.310000000000000000e+02 1.905267050906956472e+00
6.320000000000000000e+02 1.905295502938929131e+00
6.330000000000000000e+02 1.905323950859348914e+00
6.340000000000000000e+02 1.905352394668215821e+00
6.350000000000000000e+02 1.905380834365529630e+00
6.360000000000000000e+02 1.905409269951290785e+00
6.370000000000000000e+02 1.905437701425498842e+00
6.380000000000000000e+02 1.905466128788154023e+00
6.390000000000000000e+02 1.905494552039256329e+00
6.400000000000000000e+02 1.905522971178805758e+00
6.410000000000000000e+02 1.905551386206802311e+00
6.420000000000000000e+02 1.905579797123245767e+00
6.430000000000000000e+02 1.905608203928136568e+00
6.440000000000000000e+02 1.905636606621474272e+00
6.450000000000000000e+02 1.905665005203259099e+00
6.460000000000000000e+02 1.905693399673491051e+00
6.470000000000000000e+02 1.905721790032170126e+00
6.480000000000000000e+02 1.905750176279296326e+00
6.490000000000000000e+02 1.905778558414869650e+00
6.500000000000000000e+02 1.905806936438889876e+00
6.510000000000000000e+02 1.905835310351357448e+00
6.520000000000000000e+02 1.905863680152271922e+00
6.530000000000000000e+02 1.905892045841633520e+00
6.540000000000000000e+02 1.905920407419442242e+00
6.550000000000000000e+02 1.905948764885698088e+00
6.560000000000000000e+02 1.905977118240401058e+00
6.570000000000000000e+02 1.906005467483550930e+00
6.580000000000000000e+02 1.906033812615148149e+00
6.590000000000000000e+02 1.906062153635192269e+00
6.600000000000000000e+02 1.906090490543683513e+00
6.610000000000000000e+02 1.906118823340621882e+00
6.620000000000000000e+02 1.906147152026007374e+00
6.630000000000000000e+02 1.906175476599839991e+00
6.640000000000000000e+02 1.906203797062119731e+00
6.650000000000000000e+02 1.906232113412846374e+00
6.660000000000000000e+02 1.906260425652020141e+00
6.670000000000000000e+02 1.906288733779641253e+00
6.680000000000000000e+02 1.906317037795709268e+00
6.690000000000000000e+02 1.906345337700224407e+00
6.700000000000000000e+02 1.906373633493186670e+00
6.710000000000000000e+02 1.906401925174595835e+00
6.720000000000000000e+02 1.906430212744452346e+00
6.730000000000000000e+02 1.906458496202755759e+00
6.740000000000000000e+02 1.906486775549506518e+00
6.750000000000000000e+02 1.906515050784704179e+00
6.760000000000000000e+02 1.906543321908348965e+00
6.770000000000000000e+02 1.906571588920440874e+00
6.780000000000000000e+02 1.906599851820979907e+00
6.790000000000000000e+02 1.906628110609965843e+00
6.800000000000000000e+02 1.906656365287399124e+00
6.810000000000000000e+02 1.906684615853279308e+00
6.820000000000000000e+02 1.906712862307606615e+00
6.830000000000000000e+02 1.906741104650381047e+00
6.840000000000000000e+02 1.906769342881602602e+00
6.850000000000000000e+02 1.906797577001271282e+00
6.860000000000000000e+02 1.906825807009387086e+00
6.870000000000000000e+02 1.906854032905950014e+00
6.880000000000000000e+02 1.906882254690959844e+00
6.890000000000000000e+02 1.906910472364416798e+00
6.900000000000000000e+02 1.906938685926321098e+00
6.910000000000000000e+02 1.906966895376672300e+00
6.920000000000000000e+02 1.906995100715470404e+00
6.930000000000000000e+02 1.907023301942715854e+00
6.940000000000000000e+02 1.907051499058408428e+00
6.950000000000000000e+02 1.907079692062547904e+00
6.960000000000000000e+02 1.907107880955134727e+00
6.970000000000000000e+02 1.907136065736168451e+00
6.980000000000000000e+02 1.907164246405649299e+00
6.990000000000000000e+02 1.907192422963577272e+00
7.000000000000000000e+02 1.907220595409952368e+00
7.010000000000000000e+02 1.907248763744774589e+00
7.020000000000000000e+02 1.907276927968043712e+00
7.030000000000000000e+02 1.907305088079760180e+00
7.040000000000000000e+02 1.907333244079923551e+00
7.050000000000000000e+02 1.907361395968534046e+00
7.060000000000000000e+02 1.907389543745591665e+00
7.070000000000000000e+02 1.907417687411096408e+00
7.080000000000000000e+02 1.907445826965048274e+00
7.090000000000000000e+02 1.907473962407447043e+00
7.100000000000000000e+02 1.907502093738293159e+00
7.110000000000000000e+02 1.907530220957586176e+00
7.120000000000000000e+02 1.907558344065326317e+00
7.130000000000000000e+02 1.907586463061513582e+00
7.140000000000000000e+02 1.907614577946147971e+00
7.150000000000000000e+02 1.907642688719229485e+00
7.160000000000000000e+02 1.907670795380758122e+00
7.170000000000000000e+02 1.907698897930733661e+00
7.180000000000000000e+02 1.907726996369156547e+00
7.190000000000000000e+02 1.907755090696026334e+00
7.200000000000000000e+02 1.907783180911343246e+00
7.210000000000000000e+02 1.907811267015107282e+00
7.220000000000000000e+02 1.907839349007318441e+00
7.230000000000000000e+02 1.907867426887976725e+00
7.240000000000000000e+02 1.907895500657082133e+00
7.250000000000000000e+02 1.907923570314634443e+00
7.260000000000000000e+02 1.907951635860633877e+00
7.270000000000000000e+02 1.907979697295080657e+00
7.280000000000000000e+02 1.908007754617974339e+00
7.290000000000000000e+02 1.908035807829315145e+00
7.300000000000000000e+02 1.908063856929103075e+00
7.310000000000000000e+02 1.908091901917337907e+00
7.320000000000000000e+02 1.908119942794020085e+00
7.330000000000000000e+02 1.908147979559149165e+00
7.340000000000000000e+02 1.908176012212725370e+00
7.350000000000000000e+02 1.908204040754748920e+00
7.360000000000000000e+02 1.908232065185219373e+00
7.370000000000000000e+02 1.908260085504136727e+00
7.380000000000000000e+02 1.908288101711501428e+00
7.390000000000000000e+02 1.908316113807313252e+00
7.400000000000000000e+02 1.908344121791571979e+00
7.410000000000000000e+02 1.908372125664278052e+00
7.420000000000000000e+02 1.908400125425431026e+00
7.430000000000000000e+02 1.908428121075031125e+00
7.440000000000000000e+02 1.908456112613078348e+00
7.450000000000000000e+02 1.908484100039572695e+00
7.460000000000000000e+02 1.908512083354513944e+00
7.470000000000000000e+02 1.908540062557902539e+00
7.480000000000000000e+02 1.908568037649738036e+00
7.490000000000000000e+02 1.908596008630020879e+00
7.500000000000000000e+02 1.908623975498750625e+00
7.510000000000000000e+02 1.908651938255927494e+00
7.520000000000000000e+02 1.908679896901551487e+00
7.530000000000000000e+02 1.908707851435622382e+00
7.540000000000000000e+02 1.908735801858140624e+00
7.550000000000000000e+02 1.908763748169105767e+00
7.560000000000000000e+02 1.908791690368518257e+00
7.570000000000000000e+02 1.908819628456377648e+00
7.580000000000000000e+02 1.908847562432684164e+00
7.590000000000000000e+02 1.908875492297437804e+00
7.600000000000000000e+02 1.908903418050638567e+00
7.610000000000000000e+02 1.908931339692286233e+00
7.620000000000000000e+02 1.908959257222381245e+00
7.630000000000000000e+02 1.908987170640923159e+00
7.640000000000000000e+02 1.909015079947912419e+00
7.650000000000000000e+02 1.909042985143348581e+00
7.660000000000000000e+02 1.909070886227231867e+00
7.670000000000000000e+02 1.909098783199562055e+00
7.680000000000000000e+02 1.909126676060339589e+00
7.690000000000000000e+02 1.909154564809564247e+00
7.700000000000000000e+02 1.909182449447235808e+00
7.710000000000000000e+02 1.909210329973354714e+00
7.720000000000000000e+02 1.909238206387920522e+00
7.730000000000000000e+02 1.909266078690933455e+00
7.740000000000000000e+02 1.909293946882393511e+00
7.750000000000000000e+02 1.909321810962300692e+00
7.760000000000000000e+02 1.909349670930654774e+00
7.770000000000000000e+02 1.909377526787456203e+00
7.780000000000000000e+02 1.909405378532704534e+00
7.790000000000000000e+02 1.909433226166399988e+00
7.800000000000000000e+02 1.909461069688542567e+00
7.810000000000000000e+02 1.909488909099132270e+00
7.820000000000000000e+02 1.909516744398169097e+00
7.830000000000000000e+02 1.909544575585653048e+00
7.840000000000000000e+02 1.909572402661584123e+00
7.850000000000000000e+02 1.909600225625962100e+00
7.860000000000000000e+02 1.909628044478787201e+00
7.870000000000000000e+02 1.909655859220059648e+00
7.880000000000000000e+02 1.909683669849778997e+00
7.890000000000000000e+02 1.909711476367945249e+00
7.900000000000000000e+02 1.909739278774558846e+00
7.910000000000000000e+02 1.909767077069619567e+00
7.920000000000000000e+02 1.909794871253127191e+00
7.930000000000000000e+02 1.909822661325082160e+00
7.940000000000000000e+02 1.909850447285484032e+00
7.950000000000000000e+02 1.909878229134333028e+00
7.960000000000000000e+02 1.909906006871629147e+00
7.970000000000000000e+02 1.909933780497372391e+00
7.980000000000000000e+02 1.909961550011562759e+00
7.990000000000000000e+02 1.909989315414200028e+00
8.000000000000000000e+02 1.910017076705284644e+00
8.010000000000000000e+02 1.910044833884816162e+00
8.020000000000000000e+02 1.910072586952794804e+00
8.030000000000000000e+02 1.910100335909220570e+00
8.040000000000000000e+02 1.910128080754093460e+00
8.050000000000000000e+02 1.910155821487413474e+00
8.060000000000000000e+02 1.910183558109180613e+00
8.070000000000000000e+02 1.910211290619394653e+00
8.080000000000000000e+02 1.910239019018055817e+00
8.090000000000000000e+02 1.910266743305164328e+00
8.100000000000000000e+02 1.910294463480719740e+00
8.110000000000000000e+02 1.910322179544722276e+00
8.120000000000000000e+02 1.910349891497171937e+00
8.130000000000000000e+02 1.910377599338068499e+00
8.140000000000000000e+02 1.910405303067412408e+00
8.150000000000000000e+02 1.910433002685203219e+00
8.160000000000000000e+02 1.910460698191441153e+00
8.170000000000000000e+02 1.910488389586126434e+00
8.180000000000000000e+02 1.910516076869258617e+00
8.190000000000000000e+02 1.910543760040837924e+00
8.200000000000000000e+02 1.910571439100864133e+00
8.210000000000000000e+02 1.910599114049337688e+00
8.220000000000000000e+02 1.910626784886258145e+00
8.230000000000000000e+02 1.910654451611625948e+00
8.240000000000000000e+02 1.910682114225440653e+00
8.250000000000000000e+02 1.910709772727702482e+00
8.260000000000000000e+02 1.910737427118411436e+00
8.270000000000000000e+02 1.910765077397567513e+00
8.280000000000000000e+02 1.910792723565170714e+00
8.290000000000000000e+02 1.910820365621220818e+00
8.300000000000000000e+02 1.910848003565718267e+00
8.310000000000000000e+02 1.910875637398662619e+00
8.320000000000000000e+02 1.910903267120054094e+00
8.330000000000000000e+02 1.910930892729892694e+00
8.340000000000000000e+02 1.910958514228178418e+00
8.350000000000000000e+02 1.910986131614911265e+00
8.360000000000000000e+02 1.911013744890091015e+00
8.370000000000000000e+02 1.911041354053718111e+00
8.380000000000000000e+02 1.911068959105792109e+00
8.390000000000000000e+02 1.911096560046313231e+00
8.400000000000000000e+02 1.911124156875281477e+00
8.410000000000000000e+02 1.911151749592696847e+00
8.420000000000000000e+02 1.911179338198559341e+00
8.430000000000000000e+02 1.911206922692868959e+00
8.440000000000000000e+02 1.911234503075625479e+00
8.450000000000000000e+02 1.911262079346829346e+00
8.460000000000000000e+02 1.911289651506480114e+00
8.470000000000000000e+02 1.911317219554578006e+00
8.480000000000000000e+02 1.911344783491123023e+00
8.490000000000000000e+02 1.911372343316115163e+00
8.500000000000000000e+02 1.911399899029554428e+00
8.510000000000000000e+02 1.911427450631440816e+00
8.520000000000000000e+02 1.911454998121774107e+00
8.530000000000000000e+02 1.911482541500554522e+00
8.540000000000000000e+02 1.911510080767782283e+00
8.550000000000000000e+02 1.911537615923456945e+00
8.560000000000000000e+02 1.911565146967578732e+00
8.570000000000000000e+02 1.911592673900147421e+00
8.580000000000000000e+02 1.911620196721163456e+00
8.590000000000000000e+02 1.911647715430626615e+00
8.600000000000000000e+02 1.911675230028536676e+00
8.610000000000000000e+02 1.911702740514893861e+00
8.620000000000000000e+02 1.911730246889698170e+00
8.630000000000000000e+02 1.911757749152949604e+00
8.640000000000000000e+02 1.911785247304648161e+00
8.650000000000000000e+02 1.911812741344793842e+00
8.660000000000000000e+02 1.911840231273386648e+00
8.670000000000000000e+02 1.911867717090426355e+00
8.680000000000000000e+02 1.911895198795913187e+00
8.690000000000000000e+02 1.911922676389847364e+00
8.700000000000000000e+02 1.911950149872228444e+00
8.710000000000000000e+02 1.911977619243056647e+00
8.720000000000000000e+02 1.912005084502331753e+00
8.730000000000000000e+02 1.912032545650054205e+00
8.740000000000000000e+02 1.912060002686223781e+00
8.750000000000000000e+02 1.912087455610840259e+00
8.760000000000000000e+02 1.912114904423903861e+00
8.770000000000000000e+02 1.912142349125414587e+00
8.780000000000000000e+02 1.912169789715372437e+00
8.790000000000000000e+02 1.912197226193777411e+00
8.800000000000000000e+02 1.912224658560629509e+00
8.810000000000000000e+02 1.912252086815928509e+00
8.820000000000000000e+02 1.912279510959674855e+00
8.830000000000000000e+02 1.912306930991868104e+00
8.840000000000000000e+02 1.912334346912508476e+00
8.850000000000000000e+02 1.912361758721596194e+00
8.860000000000000000e+02 1.912389166419130593e+00
8.870000000000000000e+02 1.912416570005112337e+00
8.880000000000000000e+02 1.912443969479541206e+00
8.890000000000000000e+02 1.912471364842416977e+00
8.900000000000000000e+02 1.912498756093740093e+00
8.910000000000000000e+02 1.912526143233510112e+00
8.920000000000000000e+02 1.912553526261727255e+00
8.930000000000000000e+02 1.912580905178391522e+00
8.940000000000000000e+02 1.912608279983502912e+00
8.950000000000000000e+02 1.912635650677061427e+00
8.960000000000000000e+02 1.912663017259066844e+00
8.970000000000000000e+02 1.912690379729519607e+00
8.980000000000000000e+02 1.912717738088419273e+00
8.990000000000000000e+02 1.912745092335766062e+00
9.000000000000000000e+02 1.912772442471559975e+00
9.010000000000000000e+02 1.912799788495801012e+00
9.020000000000000000e+02 1.912827130408489174e+00
9.030000000000000000e+02 1.912854468209624459e+00
9.040000000000000000e+02 1.912881801899206646e+00
9.050000000000000000e+02 1.912909131477236180e+00
9.060000000000000000e+02 1.912936456943712615e+00
9.070000000000000000e+02 1.912963778298636175e+00
9.080000000000000000e+02 1.912991095542006859e+00
9.090000000000000000e+02 1.913018408673824666e+00
9.100000000000000000e+02 1.913045717694089376e+00
9.110000000000000000e+02 1.913073022602801432e+00
9.120000000000000000e+02 1.913100323399960390e+00
9.130000000000000000e+02 1.913127620085566694e+00
9.140000000000000000e+02 1.913154912659619900e+00
9.150000000000000000e+02 1.913182201122120230e+00
9.160000000000000000e+02 1.913209485473067684e+00
9.170000000000000000e+02 1.913236765712462262e+00
9.180000000000000000e+02 1.913264041840303742e+00
9.190000000000000000e+02 1.913291313856592568e+00
9.200000000000000000e+02 1.913318581761328296e+00
9.210000000000000000e+02 1.913345845554511149e+00
9.220000000000000000e+02 1.913373105236141125e+00
9.230000000000000000e+02 1.913400360806218226e+00
9.240000000000000000e+02 1.913427612264742450e+00
9.250000000000000000e+02 1.913454859611713799e+00
9.260000000000000000e+02 1.913482102847132049e+00
9.270000000000000000e+02 1.913509341970997646e+00
9.280000000000000000e+02 1.913536576983310145e+00
9.290000000000000000e+02 1.913563807884069767e+00
9.300000000000000000e+02 1.913591034673276514e+00
9.310000000000000000e+02 1.913618257350930385e+00
9.320000000000000000e+02 1.913645475917031380e+00
9.330000000000000000e+02 1.913672690371579499e+00
9.340000000000000000e+02 1.913699900714574520e+00
9.350000000000000000e+02 1.913727106946016887e+00
9.360000000000000000e+02 1.913754309065906156e+00
9.370000000000000000e+02 1.913781507074242549e+00
9.380000000000000000e+02 1.913808700971026067e+00
9.390000000000000000e+02 1.913835890756256708e+00
9.400000000000000000e+02 1.913863076429934251e+00
9.410000000000000000e+02 1.913890257992059141e+00
9.420000000000000000e+02 1.913917435442630932e+00
9.430000000000000000e+02 1.913944608781650070e+00
9.440000000000000000e+02 1.913971778009116109e+00
9.450000000000000000e+02 1.913998943125029273e+00
9.460000000000000000e+02 1.914026104129389561e+00
9.470000000000000000e+02 1.914053261022196750e+00
9.480000000000000000e+02 1.914080413803451286e+00
9.490000000000000000e+02 1.914107562473152724e+00
9.500000000000000000e+02 1.914134707031301508e+00
9.510000000000000000e+02 1.914161847477897194e+00
9.520000000000000000e+02 1.914188983812940004e+00
9.530000000000000000e+02 1.914216116036429938e+00
9.540000000000000000e+02 1.914243244148366996e+00
9.550000000000000000e+02 1.914270368148751178e+00
9.560000000000000000e+02 1.914297488037582262e+00
9.570000000000000000e+02 1.914324603814860692e+00
9.580000000000000000e+02 1.914351715480586025e+00
9.590000000000000000e+02 1.914378823034758481e+00
9.600000000000000000e+02 1.914405926477378062e+00
9.610000000000000000e+02 1.914433025808444766e+00
9.620000000000000000e+02 1.914460121027958595e+00
9.630000000000000000e+02 1.914487212135919325e+00
9.640000000000000000e+02 1.914514299132327402e+00
9.650000000000000000e+02 1.914541382017182380e+00
9.660000000000000000e+02 1.914568460790484483e+00
9.670000000000000000e+02 1.914595535452233710e+00
9.680000000000000000e+02 1.914622606002430061e+00
9.690000000000000000e+02 1.914649672441073536e+00
9.700000000000000000e+02 1.914676734768164135e+00
9.710000000000000000e+02 1.914703792983701636e+00
9.720000000000000000e+02 1.914730847087686483e+00
9.730000000000000000e+02 1.914757897080118232e+00
9.740000000000000000e+02 1.914784942960997105e+00
9.750000000000000000e+02 1.914811984730323102e+00
9.760000000000000000e+02 1.914839022388096224e+00
9.770000000000000000e+02 1.914866055934316469e+00
9.780000000000000000e+02 1.914893085368983616e+00
9.790000000000000000e+02 1.914920110692098110e+00
9.800000000000000000e+02 1.914947131903659505e+00
9.810000000000000000e+02 1.914974149003668025e+00
9.820000000000000000e+02 1.915001161992123668e+00
9.830000000000000000e+02 1.915028170869026436e+00
9.840000000000000000e+02 1.915055175634376328e+00
9.850000000000000000e+02 1.915082176288173343e+00
9.860000000000000000e+02 1.915109172830417261e+00
9.870000000000000000e+02 1.915136165261108525e+00
9.880000000000000000e+02 1.915163153580246691e+00
9.890000000000000000e+02 1.915190137787831981e+00
9.900000000000000000e+02 1.915217117883864395e+00
9.910000000000000000e+02 1.915244093868343933e+00
9.920000000000000000e+02 1.915271065741270595e+00
9.930000000000000000e+02 1.915298033502644159e+00
9.940000000000000000e+02 1.915324997152465070e+00
9.950000000000000000e+02 1.915351956690732882e+00
9.960000000000000000e+02 1.915378912117447818e+00
9.970000000000000000e+02 1.915405863432609879e+00
9.980000000000000000e+02 1.915432810636219063e+00
9.990000000000000000e+02 1.915459753728275372e+00
1.000000000000000000e+03 1.915486692708778804e+00
1.001000000000000000e+03 1.915513627577729139e+00
1.002000000000000000e+03 1.915540558335126820e+00
1.003000000000000000e+03 1.915567484980971402e+00
1.004000000000000000e+03 1.915594407515263109e+00
1.005000000000000000e+03 1.915621325938001940e+00
1.006000000000000000e+03 1.915648240249187895e+00
1.007000000000000000e+03 1.915675150448820752e+00
1.008000000000000000e+03 1.915702056536900955e+00
1.009000000000000000e+03 1.915728958513428060e+00
1.010000000000000000e+03 1.915755856378402511e+00
1.011000000000000000e+03 1.915782750131823864e+00
1.012000000000000000e+03 1.915809639773692341e+00
1.013000000000000000e+03 1.915836525304007942e+00
1.014000000000000000e+03 1.915863406722770668e+00
1.015000000000000000e+03 1.915890284029980295e+00
1.016000000000000000e+03 1.915917157225637268e+00
1.017000000000000000e+03 1.915944026309741144e+00
1.018000000000000000e+03 1.915970891282292143e+00
1.019000000000000000e+03 1.915997752143290489e+00
1.020000000000000000e+03 1.916024608892735737e+00
1.021000000000000000e+03 1.916051461530627886e+00
