# order=2: data_wav [pixel], data_wavsolution [micron]
3.000000000000000000e+00 1.396595106460354119e+00
4.000000000000000000e+00 1.396618417448590499e+00
5.000000000000000000e+00 1.396641725351847052e+00
6.000000000000000000e+00 1.396665030170123556e+00
7.000000000000000000e+00 1.396688331903420011e+00
8.000000000000000000e+00 1.396711630551736638e+00
9.000000000000000000e+00 1.396734926115073216e+00
1.000000000000000000e+01 1.396758218593429968e+00
1.100000000000000000e+01 1.396781507986806670e+00
1.200000000000000000e+01 1.396804794295203322e+00
1.300000000000000000e+01 1.396828077518620148e+00
1.400000000000000000e+01 1.396851357657056925e+00
1.500000000000000000e+01 1.396874634710513652e+00
1.600000000000000000e+01 1.396897908678990552e+00
1.700000000000000000e+01 1.396921179562487625e+00
1.800000000000000000e+01 1.396944447361004427e+00
1.900000000000000000e+01 1.396967712074541401e+00
2.000000000000000000e+01 1.396990973703098549e+00
2.100000000000000000e+01 1.397014232246675647e+00
2.200000000000000000e+01 1.397037487705272696e+00
2.300000000000000000e+01 1.397060740078889696e+00
2.400000000000000000e+01 1.397083989367526868e+00
2.500000000000000000e+01 1.397107235571184214e+00
2.600000000000000000e+01 1.397130478689861288e+00
2.700000000000000000e+01 1.397153718723558535e+00
2.800000000000000000e+01 1.397176955672275955e+00
2.900000000000000000e+01 1.397200189536013326e+00
3.000000000000000000e+01 1.397223420314770648e+00
3.100000000000000000e+01 1.397246648008548142e+00
3.200000000000000000e+01 1.397269872617345587e+00
3.300000000000000000e+01 1.397293094141162983e+00
3.400000000000000000e+01 1.397316312580000552e+00
3.500000000000000000e+01 1.397339527933858072e+00
3.600000000000000000e+01 1.397362740202735765e+00
3.700000000000000000e+01 1.397385949386633408e+00
3.800000000000000000e+01 1.397409155485551002e+00
3.900000000000000000e+01 1.397432358499488769e+00
4.000000000000000000e+01 1.397455558428446487e+00
4.100000000000000000e+01 1.397478755272424156e+00
4.200000000000000000e+01 1.397501949031421997e+00
4.300000000000000000e+01 1.397525139705439789e+00
4.400000000000000000e+01 1.397548327294477755e+00
4.500000000000000000e+01 1.397571511798535671e+00
4.600000000000000000e+01 1.397594693217613537e+00
4.700000000000000000e+01 1.397617871551711577e+00
4.800000000000000000e+01 1.397641046800829567e+00
4.900000000000000000e+01 1.397664218964967731e+00
5.000000000000000000e+01 1.397687388044125623e+00
5.100000000000000000e+01 1.397710554038303910e+00
5.200000000000000000e+01 1.397733716947501925e+00
5.300000000000000000e+01 1.397756876771720114e+00
5.400000000000000000e+01 1.397780033510958475e+00
5.500000000000000000e+01 1.397803187165216787e+00
5.600000000000000000e+01 1.397826337734495050e+00
5.700000000000000000e+01 1.397849485218793264e+00
5.800000000000000000e+01 1.397872629618111651e+00
5.900000000000000000e+01 1.397895770932450210e+00
6.000000000000000000e+01 1.397918909161808720e+00
6.100000000000000000e+01 1.397942044306187181e+00
6.200000000000000000e+01 1.397965176365585593e+00
6.300000000000000000e+01 1.397988305340004178e+00
6.400000000000000000e+01 1.398011431229442714e+00
6.500000000000000000e+01 1.398034554033901422e+00
6.600000000000000000e+01 1.398057673753380081e+00
6.700000000000000000e+01 1.398080790387878691e+00
6.800000000000000000e+01 1.398103903937397474e+00
6.900000000000000000e+01 1.398127014401936208e+00
7.000000000000000000e+01 1.398150121781495114e+00
7.100000000000000000e+01 1.398173226076073972e+00
7.200000000000000000e+01 1.398196327285672780e+00
7.300000000000000000e+01 1.398219425410291761e+00
7.400000000000000000e+01 1.398242520449930693e+00
7.500000000000000000e+01 1.398265612404589575e+00
7.600000000000000000e+01 1.398288701274268631e+00
7.700000000000000000e+01 1.398311787058967637e+00
7.800000000000000000e+01 1.398334869758686816e+00
7.900000000000000000e+01 1.398357949373425946e+00
8.000000000000000000e+01 1.398381025903185026e+00
8.100000000000000000e+01 1.398404099347964280e+00
8.200000000000000000e+01 1.398427169707763484e+00
8.300000000000000000e+01 1.398450236982582862e+00
8.400000000000000000e+01 1.398473301172422190e+00
8.500000000000000000e+01 1.398496362277281468e+00
8.600000000000000000e+01 1.398519420297160920e+00
8.700000000000000000e+01 1.398542475232060323e+00
8.800000000000000000e+01 1.398565527081979676e+00
8.900000000000000000e+01 1.398588575846919202e+00
9.000000000000000000e+01 1.398611621526878679e+00
9.100000000000000000e+01 1.398634664121858329e+00
9.200000000000000000e+01 1.398657703631857929e+00
9.300000000000000000e+01 1.398680740056877481e+00
9.400000000000000000e+01 1.398703773396917205e+00
9.500000000000000000e+01 1.398726803651976880e+00
9.600000000000000000e+01 1.398749830822056728e+00
9.700000000000000000e+01 1.398772854907156526e+00
9.800000000000000000e+01 1.398795875907276276e+00
9.900000000000000000e+01 1.398818893822415976e+00
1.000000000000000000e+02 1.398841908652576072e+00
1.010000000000000000e+02 1.398864920397755895e+00
1.020000000000000000e+02 1.398887929057955892e+00
1.030000000000000000e+02 1.398910934633175840e+00
1.040000000000000000e+02 1.398933937123415960e+00
1.050000000000000000e+02 1.398956936528675810e+00
1.060000000000000000e+02 1.398979932848956054e+00
1.070000000000000000e+02 1.399002926084256249e+00
1.080000000000000000e+02 1.399025916234576394e+00
1.090000000000000000e+02 1.399048903299916491e+00
1.100000000000000000e+02 1.399071887280276760e+00
1.110000000000000000e+02 1.399094868175656980e+00
1.120000000000000000e+02 1.399117845986057374e+00
1.130000000000000000e+02 1.399140820711477717e+00
1.140000000000000000e+02 1.399163792351918012e+00
1.150000000000000000e+02 1.399186760907378480e+00
1.160000000000000000e+02 1.399209726377858898e+00
1.170000000000000000e+02 1.399232688763359489e+00
1.180000000000000000e+02 1.399255648063880031e+00
1.190000000000000000e+02 1.399278604279420524e+00
1.200000000000000000e+02 1.399301557409981189e+00
1.210000000000000000e+02 1.399324507455561806e+00
1.220000000000000000e+02 1.399347454416162373e+00
1.230000000000000000e+02 1.399370398291783113e+00
1.240000000000000000e+02 1.399393339082423804e+00
1.250000000000000000e+02 1.399416276788084668e+00
1.260000000000000000e+02 1.399439211408765482e+00
1.270000000000000000e+02 1.399462142944466247e+00
1.280000000000000000e+02 1.399485071395187186e+00
1.290000000000000000e+02 1.399507996760928075e+00
1.300000000000000000e+02 1.399530919041689137e+00
1.310000000000000000e+02 1.399553838237469927e+00
1.320000000000000000e+02 1.399576754348271113e+00
1.330000000000000000e+02 1.399599667374092027e+00
1.340000000000000000e+02 1.399622577314933114e+00
1.350000000000000000e+02 1.399645484170794374e+00
1.360000000000000000e+02 1.399668387941675585e+00
1.370000000000000000e+02 1.399691288627576746e+00
1.380000000000000000e+02 1.399714186228498081e+00
1.390000000000000000e+02 1.399737080744439144e+00
1.400000000000000000e+02 1.399759972175400602e+00
1.410000000000000000e+02 1.399782860521382011e+00
1.420000000000000000e+02 1.399805745782383370e+00
1.430000000000000000e+02 1.399828627958404681e+00
1.440000000000000000e+02 1.399851507049446164e+00
1.450000000000000000e+02 1.399874383055507598e+00
1.460000000000000000e+02 1.399897255976589205e+00
1.470000000000000000e+02 1.399920125812690763e+00
1.480000000000000000e+02 1.399942992563812272e+00
1.490000000000000000e+02 1.399965856229953953e+00
1.500000000000000000e+02 1.399988716811115586e+00
1.510000000000000000e+02 1.400011574307297391e+00
1.520000000000000000e+02 1.400034428718499147e+00
1.530000000000000000e+02 1.400057280044720853e+00
1.540000000000000000e+02 1.400080128285962733e+00
1.550000000000000000e+02 1.400102973442224563e+00
1.560000000000000000e+02 1.400125815513506344e+00
1.570000000000000000e+02 1.400148654499808298e+00
1.580000000000000000e+02 1.400171490401130203e+00
1.590000000000000000e+02 1.400194323217472281e+00
1.600000000000000000e+02 1.400217152948834309e+00
1.610000000000000000e+02 1.400239979595216289e+00
1.620000000000000000e+02 1.400262803156618441e+00
1.630000000000000000e+02 1.400285623633040544e+00
1.640000000000000000e+02 1.400308441024482820e+00
1.650000000000000000e+02 1.400331255330945046e+00
1.660000000000000000e+02 1.400354066552427224e+00
1.670000000000000000e+02 1.400376874688929574e+00
1.680000000000000000e+02 1.400399679740451875e+00
1.690000000000000000e+02 1.400422481706994127e+00
1.700000000000000000e+02 1.400445280588556551e+00
1.710000000000000000e+02 1.400468076385138927e+00
1.720000000000000000e+02 1.400490869096741475e+00
1.730000000000000000e+02 1.400513658723363974e+00
1.740000000000000000e+02 1.400536445265006424e+00
1.750000000000000000e+02 1.400559228721669047e+00
1.760000000000000000e+02 1.400582009093351621e+00
1.770000000000000000e+02 1.400604786380054367e+00
1.780000000000000000e+02 1.400627560581776843e+00
1.790000000000000000e+02 1.400650331698519713e+00
1.800000000000000000e+02 1.400673099730282312e+00
1.810000000000000000e+02 1.400695864677065083e+00
1.820000000000000000e+02 1.400718626538868028e+00
1.830000000000000000e+02 1.400741385315690923e+00
1.840000000000000000e+02 1.400764141007533770e+00
1.850000000000000000e+02 1.400786893614396567e+00
1.860000000000000000e+02 1.400809643136279536e+00
1.870000000000000000e+02 1.400832389573182679e+00
1.880000000000000000e+02 1.400855132925105551e+00
1.890000000000000000e+02 1.400877873192048595e+00
1.900000000000000000e+02 1.400900610374011812e+00
1.910000000000000000e+02 1.400923344470994980e+00
1.920000000000000000e+02 1.400946075482998099e+00
1.930000000000000000e+02 1.400968803410021390e+00
1.940000000000000000e+02 1.400991528252064633e+00
1.950000000000000000e+02 1.401014250009127826e+00
1.960000000000000000e+02 1.401036968681211192e+00
1.970000000000000000e+02 1.401059684268314509e+00
1.980000000000000000e+02 1.401082396770437999e+00
1.990000000000000000e+02 1.401105106187581217e+00
2.000000000000000000e+02 1.401127812519744831e+00
2.010000000000000000e+02 1.401150515766928173e+00
2.020000000000000000e+02 1.401173215929131910e+00
2.030000000000000000e+02 1.401195913006355376e+00
2.040000000000000000e+02 1.401218606998599014e+00
2.050000000000000000e+02 1.401241297905862604e+00
2.060000000000000000e+02 1.401263985728146366e+00
2.070000000000000000e+02 1.401286670465450079e+00
2.080000000000000000e+02 1.401309352117773743e+00
2.090000000000000000e+02 1.401332030685117580e+00
2.100000000000000000e+02 1.401354706167481368e+00
2.110000000000000000e+02 1.401377378564865106e+00
2.120000000000000000e+02 1.401400047877269017e+00
2.130000000000000000e+02 1.401422714104693101e+00
2.140000000000000000e+02 1.401445377247136914e+00
2.150000000000000000e+02 1.401468037304600900e+00
2.160000000000000000e+02 1.401490694277085058e+00
2.170000000000000000e+02 1.401513348164588946e+00
2.180000000000000000e+02 1.401535998967113228e+00
2.190000000000000000e+02 1.401558646684657239e+00
2.200000000000000000e+02 1.401581291317221423e+00
2.210000000000000000e+02 1.401603932864805779e+00
2.220000000000000000e+02 1.401626571327409865e+00
2.230000000000000000e+02 1.401649206705034123e+00
2.240000000000000000e+02 1.401671838997678554e+00
2.250000000000000000e+02 1.401694468205342936e+00
2.260000000000000000e+02 1.401717094328027269e+00
2.270000000000000000e+02 1.401739717365731774e+00
2.280000000000000000e+02 1.401762337318456231e+00
2.290000000000000000e+02 1.401784954186200638e+00
2.300000000000000000e+02 1.401807567968965218e+00
2.310000000000000000e+02 1.401830178666749749e+00
2.320000000000000000e+02 1.401852786279554453e+00
2.330000000000000000e+02 1.401875390807378885e+00
2.340000000000000000e+02 1.401897992250223712e+00
2.350000000000000000e+02 1.401920590608088268e+00
2.360000000000000000e+02 1.401943185880973219e+00
2.370000000000000000e+02 1.401965778068877899e+00
2.380000000000000000e+02 1.401988367171802752e+00
2.390000000000000000e+02 1.402010953189747555e+00
2.400000000000000000e+02 1.402033536122712531e+00
2.410000000000000000e+02 1.402056115970697459e+00
2.420000000000000000e+02 1.402078692733702336e+00
2.430000000000000000e+02 1.402101266411727387e+00
2.440000000000000000e+02 1.402123837004772389e+00
2.450000000000000000e+02 1.402146404512837341e+00
2.460000000000000000e+02 1.402168968935922466e+00
2.470000000000000000e+02 1.402191530274027764e+00
2.480000000000000000e+02 1.402214088527152791e+00
2.490000000000000000e+02 1.402236643695297991e+00
2.500000000000000000e+02 1.402259195778463363e+00
2.510000000000000000e+02 1.402281744776648686e+00
2.520000000000000000e+02 1.402304290689853961e+00
2.530000000000000000e+02 1.402326833518079185e+00
2.540000000000000000e+02 1.402349373261324583e+00
2.550000000000000000e+02 1.402371909919590154e+00
2.560000000000000000e+02 1.402394443492875675e+00
2.570000000000000000e+02 1.402416973981181147e+00
2.580000000000000000e+02 1.402439501384506571e+00
2.590000000000000000e+02 1.402462025702852166e+00
2.600000000000000000e+02 1.402484546936217713e+00
2.610000000000000000e+02 1.402507065084603433e+00
2.620000000000000000e+02 1.402529580148009103e+00
2.630000000000000000e+02 1.402552092126434724e+00
2.640000000000000000e+02 1.402574601019880518e+00
2.650000000000000000e+02 1.402597106828346263e+00
2.660000000000000000e+02 1.402619609551832180e+00
2.670000000000000000e+02 1.402642109190338049e+00
2.680000000000000000e+02 1.402664605743863868e+00
2.690000000000000000e+02 1.402687099212409860e+00
2.700000000000000000e+02 1.402709589595975803e+00
2.710000000000000000e+02 1.402732076894561697e+00
2.720000000000000000e+02 1.402754561108167763e+00
2.730000000000000000e+02 1.402777042236794003e+00
2.740000000000000000e+02 1.402799520280439971e+00
2.750000000000000000e+02 1.402821995239106112e+00
2.760000000000000000e+02 1.402844467112792426e+00
2.770000000000000000e+02 1.402866935901498469e+00
2.780000000000000000e+02 1.402889401605224684e+00
2.790000000000000000e+02 1.402911864223971072e+00
2.800000000000000000e+02 1.402934323757737411e+00
2.810000000000000000e+02 1.402956780206523701e+00
2.820000000000000000e+02 1.402979233570330164e+00
2.830000000000000000e+02 1.403001683849156578e+00
2.840000000000000000e+02 1.403024131043002942e+00
2.850000000000000000e+02 1.403046575151869479e+00
2.860000000000000000e+02 1.403069016175755968e+00
2.870000000000000000e+02 1.403091454114662628e+00
2.880000000000000000e+02 1.403113888968589240e+00
2.890000000000000000e+02 1.403136320737535803e+00
2.900000000000000000e+02 1.403158749421502538e+00
2.910000000000000000e+02 1.403181175020489224e+00
2.920000000000000000e+02 1.403203597534496083e+00
2.930000000000000000e+02 1.403226016963522893e+00
2.940000000000000000e+02 1.403248433307569654e+00
2.950000000000000000e+02 1.403270846566636587e+00
2.960000000000000000e+02 1.403293256740723471e+00
2.970000000000000000e+02 1.403315663829830306e+00
2.980000000000000000e+02 1.403338067833957314e+00
2.990000000000000000e+02 1.403360468753104273e+00
3.000000000000000000e+02 1.403382866587271405e+00
3.010000000000000000e+02 1.403405261336458487e+00
3.020000000000000000e+02 1.403427653000665520e+00
3.030000000000000000e+02 1.403450041579892726e+00
3.040000000000000000e+02 1.403472427074139883e+00
3.050000000000000000e+02 1.403494809483406991e+00
3.060000000000000000e+02 1.403517188807694271e+00
3.070000000000000000e+02 1.403539565047001503e+00
3.080000000000000000e+02 1.403561938201328907e+00
3.090000000000000000e+02 1.403584308270676262e+00
3.100000000000000000e+02 1.403606675255043568e+00
3.110000000000000000e+02 1.403629039154431046e+00
3.120000000000000000e+02 1.403651399968838476e+00
3.130000000000000000e+02 1.403673757698266078e+00
3.140000000000000000e+02 1.403696112342713631e+00
3.150000000000000000e+02 1.403718463902181135e+00
3.160000000000000000e+02 1.403740812376668812e+00
3.170000000000000000e+02 1.403763157766176439e+00
3.180000000000000000e+02 1.403785500070704018e+00
3.190000000000000000e+02 1.403807839290251769e+00
3.200000000000000000e+02 1.403830175424819471e+00
3.210000000000000000e+02 1.403852508474407346e+00
3.220000000000000000e+02 1.403874838439015171e+00
3.230000000000000000e+02 1.403897165318642948e+00
3.240000000000000000e+02 1.403919489113290897e+00
3.250000000000000000e+02 1.403941809822958797e+00
3.260000000000000000e+02 1.403964127447646870e+00
3.270000000000000000e+02 1.403986441987354894e+00
3.280000000000000000e+02 1.404008753442082869e+00
3.290000000000000000e+02 1.404031061811831016e+00
3.300000000000000000e+02 1.404053367096599114e+00
3.310000000000000000e+02 1.404075669296387163e+00
3.320000000000000000e+02 1.404097968411195385e+00
3.330000000000000000e+02 1.404120264441023558e+00
3.340000000000000000e+02 1.404142557385871903e+00
3.350000000000000000e+02 1.404164847245740200e+00
3.360000000000000000e+02 1.404187134020628447e+00
3.370000000000000000e+02 1.404209417710536867e+00
3.380000000000000000e+02 1.404231698315465238e+00
3.390000000000000000e+02 1.404253975835413559e+00
3.400000000000000000e+02 1.404276250270382054e+00
3.410000000000000000e+02 1.404298521620370721e+00
3.420000000000000000e+02 1.404320789885379117e+00
3.430000000000000000e+02 1.404343055065407686e+00
3.440000000000000000e+02 1.404365317160456428e+00
3.450000000000000000e+02 1.404387576170524898e+00
3.460000000000000000e+02 1.404409832095613764e+00
3.470000000000000000e+02 1.404432084935722358e+00
3.480000000000000000e+02 1.404454334690851125e+00
3.490000000000000000e+02 1.404476581360999843e+00
3.500000000000000000e+02 1.404498824946168734e+00
3.510000000000000000e+02 1.404521065446357575e+00
3.520000000000000000e+02 1.404543302861566589e+00
3.530000000000000000e+02 1.404565537191795332e+00
3.540000000000000000e+02 1.404587768437044470e+00
3.550000000000000000e+02 1.404609996597313337e+00
3.560000000000000000e+02 1.404632221672602377e+00
3.570000000000000000e+02 1.404654443662911589e+00
3.580000000000000000e+02 1.404676662568240531e+00
3.590000000000000000e+02 1.404698878388589867e+00
3.600000000000000000e+02 1.404721091123958931e+00
3.610000000000000000e+02 1.404743300774348169e+00
3.620000000000000000e+02 1.404765507339757358e+00
3.630000000000000000e+02 1.404787710820186719e+00
3.640000000000000000e+02 1.404809911215636031e+00
3.650000000000000000e+02 1.404832108526105516e+00
3.660000000000000000e+02 1.404854302751594730e+00
3.670000000000000000e+02 1.404876493892104339e+00
3.680000000000000000e+02 1.404898681947633676e+00
3.690000000000000000e+02 1.404920866918183187e+00
3.700000000000000000e+02 1.404943048803752870e+00
3.710000000000000000e+02 1.404965227604342282e+00
3.720000000000000000e+02 1.404987403319951866e+00
3.730000000000000000e+02 1.405009575950581624e+00
3.740000000000000000e+02 1.405031745496231332e+00
3.750000000000000000e+02 1.405053911956900992e+00
3.760000000000000000e+02 1.405076075332590824e+00
3.770000000000000000e+02 1.405098235623300607e+00
3.780000000000000000e+02 1.405120392829030340e+00
3.790000000000000000e+02 1.405142546949780247e+00
3.800000000000000000e+02 1.405164697985550104e+00
3.810000000000000000e+02 1.405186845936340134e+00
3.820000000000000000e+02 1.405208990802150115e+00
3.830000000000000000e+02 1.405231132582980047e+00
3.840000000000000000e+02 1.405253271278830152e+00
3.850000000000000000e+02 1.405275406889700207e+00
3.860000000000000000e+02 1.405297539415590213e+00
3.870000000000000000e+02 1.405319668856500392e+00
3.880000000000000000e+02 1.405341795212430522e+00
3.890000000000000000e+02 1.405363918483380825e+00
3.900000000000000000e+02 1.405386038669351079e+00
3.910000000000000000e+02 1.405408155770341283e+00
3.920000000000000000e+02 1.405430269786351660e+00
3.930000000000000000e+02 1.405452380717381988e+00
3.940000000000000000e+02 1.405474488563432489e+00
3.950000000000000000e+02 1.405496593324502941e+00
3.960000000000000000e+02 1.405518695000593343e+00
3.970000000000000000e+02 1.405540793591703919e+00
3.980000000000000000e+02 1.405562889097834445e+00
3.990000000000000000e+02 1.405584981518984922e+00
4.000000000000000000e+02 1.405607070855155571e+00
4.010000000000000000e+02 1.405629157106346172e+00
4.020000000000000000e+02 1.405651240272556945e+00
4.030000000000000000e+02 1.405673320353787670e+00
4.040000000000000000e+02 1.405695397350038345e+00
4.050000000000000000e+02 1.405717471261309193e+00
4.060000000000000000e+02 1.405739542087599991e+00
4.070000000000000000e+02 1.405761609828910963e+00
4.080000000000000000e+02 1.405783674485241885e+00
4.090000000000000000e+02 1.405805736056592758e+00
4.100000000000000000e+02 1.405827794542963805e+00
4.110000000000000000e+02 1.405849849944354801e+00
4.120000000000000000e+02 1.405871902260765749e+00
4.130000000000000000e+02 1.405893951492196869e+00
4.140000000000000000e+02 1.405915997638647941e+00
4.150000000000000000e+02 1.405938040700119185e+00
4.160000000000000000e+02 1.405960080676610380e+00
4.170000000000000000e+02 1.405982117568121526e+00
4.180000000000000000e+02 1.406004151374652844e+00
4.190000000000000000e+02 1.406026182096204113e+00
4.200000000000000000e+02 1.406048209732775334e+00
4.210000000000000000e+02 1.406070234284366727e+00
4.220000000000000000e+02 1.406092255750978071e+00
4.230000000000000000e+02 1.406114274132609587e+00
4.240000000000000000e+02 1.406136289429261055e+00
4.250000000000000000e+02 1.406158301640932695e+00
4.260000000000000000e+02 1.406180310767624064e+00
4.270000000000000000e+02 1.406202316809335606e+00
4.280000000000000000e+02 1.406224319766067321e+00
4.290000000000000000e+02 1.406246319637818987e+00
4.300000000000000000e+02 1.406268316424590603e+00
4.310000000000000000e+02 1.406290310126382392e+00
4.320000000000000000e+02 1.406312300743194132e+00
4.330000000000000000e+02 1.406334288275026045e+00
4.340000000000000000e+02 1.406356272721877687e+00
4.350000000000000000e+02 1.406378254083749724e+00
4.360000000000000000e+02 1.406400232360641489e+00
4.370000000000000000e+02 1.406422207552553427e+00
4.380000000000000000e+02 1.406444179659485538e+00
4.390000000000000000e+02 1.406466148681437378e+00
4.400000000000000000e+02 1.406488114618409391e+00
4.410000000000000000e+02 1.406510077470401576e+00
4.420000000000000000e+02 1.406532037237413713e+00
4.430000000000000000e+02 1.406553993919445800e+00
4.440000000000000000e+02 1.406575947516498060e+00
4.450000000000000000e+02 1.406597898028570270e+00
4.460000000000000000e+02 1.406619845455662432e+00
4.470000000000000000e+02 1.406641789797774766e+00
4.480000000000000000e+02 1.406663731054907052e+00
4.490000000000000000e+02 1.406685669227059510e+00
4.500000000000000000e+02 1.406707604314231919e+00
4.510000000000000000e+02 1.406729536316424278e+00
4.520000000000000000e+02 1.406751465233636811e+00
4.530000000000000000e+02 1.406773391065869294e+00
4.540000000000000000e+02 1.406795313813121950e+00
4.550000000000000000e+02 1.406817233475394557e+00
4.560000000000000000e+02 1.406839150052687115e+00
4.570000000000000000e+02 1.406861063544999846e+00
4.580000000000000000e+02 1.406882973952332527e+00
4.590000000000000000e+02 1.406904881274685160e+00
4.600000000000000000e+02 1.406926785512057965e+00
4.610000000000000000e+02 1.406948686664450721e+00
4.620000000000000000e+02 1.406970584731863427e+00
4.630000000000000000e+02 1.406992479714296307e+00
4.640000000000000000e+02 1.407014371611749359e+00
4.650000000000000000e+02 1.407036260424222140e+00
4.660000000000000000e+02 1.407058146151715317e+00
4.670000000000000000e+02 1.407080028794228221e+00
4.680000000000000000e+02 1.407101908351761299e+00
4.690000000000000000e+02 1.407123784824314328e+00
4.700000000000000000e+02 1.407145658211887529e+00
4.710000000000000000e+02 1.407167528514480681e+00
4.720000000000000000e+02 1.407189395732093784e+00
4.730000000000000000e+02 1.407211259864727060e+00
4.740000000000000000e+02 1.407233120912380286e+00
4.750000000000000000e+02 1.407254978875053686e+00
4.760000000000000000e+02 1.407276833752747036e+00
4.770000000000000000e+02 1.407298685545460337e+00
4.780000000000000000e+02 1.407320534253193811e+00
4.790000000000000000e+02 1.407342379875947236e+00
4.800000000000000000e+02 1.407364222413720611e+00
4.810000000000000000e+02 1.407386061866514160e+00
4.820000000000000000e+02 1.407407898234327659e+00
4.830000000000000000e+02 1.407429731517161331e+00
4.840000000000000000e+02 1.407451561715014954e+00
4.850000000000000000e+02 1.407473388827888527e+00
4.860000000000000000e+02 1.407495212855782274e+00
4.870000000000000000e+02 1.407517033798695971e+00
4.880000000000000000e+02 1.407538851656629619e+00
4.890000000000000000e+02 1.407560666429583440e+00
4.900000000000000000e+02 1.407582478117557434e+00
4.910000000000000000e+02 1.407604286720551157e+00
4.920000000000000000e+02 1.407626092238565052e+00
4.930000000000000000e+02 1.407647894671599120e+00
4.940000000000000000e+02 1.407669694019653139e+00
4.950000000000000000e+02 1.407691490282727109e+00
4.960000000000000000e+02 1.407713283460821030e+00
4.970000000000000000e+02 1.407735073553935123e+00
4.980000000000000000e+02 1.407756860562069390e+00
4.990000000000000000e+02 1.407778644485223385e+00
5.000000000000000000e+02 1.407800425323397553e+00
5.010000000000000000e+02 1.407822203076591894e+00
5.020000000000000000e+02 1.407843977744806185e+00
5.030000000000000000e+02 1.407865749328040428e+00
5.040000000000000000e+02 1.407887517826294843e+00
5.050000000000000000e+02 1.407909283239569209e+00
5.060000000000000000e+02 1.407931045567863526e+00
5.070000000000000000e+02 1.407952804811178016e+00
5.080000000000000000e+02 1.407974560969512456e+00
5.090000000000000000e+02 1.407996314042867070e+00
5.100000000000000000e+02 1.408018064031241634e+00
5.110000000000000000e+02 1.408039810934636149e+00
5.120000000000000000e+02 1.408061554753050837e+00
5.130000000000000000e+02 1.408083295486485476e+00
5.140000000000000000e+02 1.408105033134940065e+00
5.150000000000000000e+02 1.408126767698414827e+00
5.160000000000000000e+02 1.408148499176909541e+00
5.170000000000000000e+02 1.408170227570424426e+00
5.180000000000000000e+02 1.408191952878959263e+00
5.190000000000000000e+02 1.408213675102514051e+00
5.200000000000000000e+02 1.408235394241089011e+00
5.210000000000000000e+02 1.408257110294683923e+00
5.220000000000000000e+02 1.408278823263299007e+00
5.230000000000000000e+02 1.408300533146933819e+00
5.240000000000000000e+02 1.408322239945589027e+00
5.250000000000000000e+02 1.408343943659263964e+00
5.260000000000000000e+02 1.408365644287959073e+00
5.270000000000000000e+02 1.408387341831674355e+00
5.280000000000000000e+02 1.408409036290409588e+00
5.290000000000000000e+02 1.408430727664164772e+00
5.300000000000000000e+02 1.408452415952940129e+00
5.310000000000000000e+02 1.408474101156735436e+00
5.320000000000000000e+02 1.408495783275550695e+00
5.330000000000000000e+02 1.408517462309386126e+00
5.340000000000000000e+02 1.408539138258241508e+00
5.350000000000000000e+02 1.408560811122116840e+00
5.360000000000000000e+02 1.408582480901012346e+00
5.370000000000000000e+02 1.408604147594927802e+00
5.380000000000000000e+02 1.408625811203863432e+00
5.390000000000000000e+02 1.408647471727819012e+00
5.400000000000000000e+02 1.408669129166794542e+00
5.410000000000000000e+02 1.408690783520790246e+00
5.420000000000000000e+02 1.408712434789805901e+00
5.430000000000000000e+02 1.408734082973841728e+00
5.440000000000000000e+02 1.408755728072897506e+00
5.450000000000000000e+02 1.408777370086973235e+00
5.460000000000000000e+02 1.408799009016069137e+00
5.470000000000000000e+02 1.408820644860184990e+00
5.480000000000000000e+02 1.408842277619320793e+00
5.490000000000000000e+02 1.408863907293476769e+00
5.500000000000000000e+02 1.408885533882652918e+00
5.510000000000000000e+02 1.408907157386848796e+00
5.520000000000000000e+02 1.408928777806064847e+00
5.530000000000000000e+02 1.408950395140301071e+00
5.540000000000000000e+02 1.408972009389557023e+00
5.550000000000000000e+02 1.408993620553833370e+00
5.560000000000000000e+02 1.409015228633129446e+00
5.570000000000000000e+02 1.409036833627445695e+00
5.580000000000000000e+02 1.409058435536781895e+00
5.590000000000000000e+02 1.409080034361138267e+00
5.600000000000000000e+02 1.409101630100514591e+00
5.610000000000000000e+02 1.409123222754910865e+00
5.620000000000000000e+02 1.409144812324327312e+00
5.630000000000000000e+02 1.409166398808763709e+00
5.640000000000000000e+02 1.409187982208220280e+00
5.650000000000000000e+02 1.409209562522696801e+00
5.660000000000000000e+02 1.409231139752193274e+00
5.670000000000000000e+02 1.409252713896709919e+00
5.680000000000000000e+02 1.409274284956246515e+00
5.690000000000000000e+02 1.409295852930803283e+00
5.700000000000000000e+02 1.409317417820380003e+00
5.710000000000000000e+02 1.409338979624976673e+00
5.720000000000000000e+02 1.409360538344593516e+00
5.730000000000000000e+02 1.409382093979230310e+00
5.740000000000000000e+02 1.409403646528887055e+00
5.750000000000000000e+02 1.409425195993563973e+00
5.760000000000000000e+02 1.409446742373260841e+00
5.770000000000000000e+02 1.409468285667977883e+00
5.780000000000000000e+02 1.409489825877714875e+00
5.790000000000000000e+02 1.409511363002471818e+00
5.800000000000000000e+02 1.409532897042248933e+00
5.810000000000000000e+02 1.409554427997046000e+00
5.820000000000000000e+02 1.409575955866863017e+00
5.830000000000000000e+02 1.409597480651700208e+00
5.840000000000000000e+02 1.409619002351557349e+00
5.850000000000000000e+02 1.409640520966434662e+00
5.860000000000000000e+02 1.409662036496331927e+00
5.870000000000000000e+02 1.409683548941249143e+00
5.880000000000000000e+02 1.409705058301186531e+00
5.890000000000000000e+02 1.409726564576143870e+00
5.900000000000000000e+02 1.409748067766121382e+00
5.910000000000000000e+02 1.409769567871118845e+00
5.920000000000000000e+02 1.409791064891136259e+00
5.930000000000000000e+02 1.409812558826173845e+00
5.940000000000000000e+02 1.409834049676231382e+00
5.950000000000000000e+02 1.409855537441308870e+00
5.960000000000000000e+02 1.409877022121406531e+00
5.970000000000000000e+02 1.409898503716524143e+00
5.980000000000000000e+02 1.409919982226661928e+00
5.990000000000000000e+02 1.409941457651819663e+00
6.000000000000000000e+02 1.409962929991997349e+00
6.010000000000000000e+02 1.409984399247195208e+00
6.020000000000000000e+02 1.410005865417413018e+00
6.030000000000000000e+02 1.410027328502651001e+00
6.040000000000000000e+02 1.410048788502908934e+00
6.050000000000000000e+02 1.410070245418186818e+00
6.060000000000000000e+02 1.410091699248484876e+00
6.070000000000000000e+02 1.410113149993802883e+00
6.080000000000000000e+02 1.410134597654140842e+00
6.090000000000000000e+02 1.410156042229498974e+00
6.100000000000000000e+02 1.410177483719877056e+00
6.110000000000000000e+02 1.410198922125275312e+00
6.120000000000000000e+02 1.410220357445693518e+00
6.130000000000000000e+02 1.410241789681131674e+00
6.140000000000000000e+02 1.410263218831590004e+00
6.150000000000000000e+02 1.410284644897068285e+00
6.160000000000000000e+02 1.410306067877566516e+00
6.170000000000000000e+02 1.410327487773084920e+00
6.180000000000000000e+02 1.410348904583623497e+00
6.190000000000000000e+02 1.410370318309181803e+00
6.200000000000000000e+02 1.410391728949760282e+00
6.210000000000000000e+02 1.410413136505358933e+00
6.220000000000000000e+02 1.410434540975977313e+00
6.230000000000000000e+02 1.410455942361616088e+00
6.240000000000000000e+02 1.410477340662274592e+00
6.250000000000000000e+02 1.410498735877953269e+00
6.260000000000000000e+02 1.410520128008651897e+00
6.270000000000000000e+02 1.410541517054370697e+00
6.280000000000000000e+02 1.410562903015109448e+00
6.290000000000000000e+02 1.410584285890868372e+00
6.300000000000000000e+02 1.410605665681647025e+00
6.310000000000000000e+02 1.410627042387446073e+00
6.320000000000000000e+02 1.410648416008264849e+00
6.330000000000000000e+02 1.410669786544103799e+00
6.340000000000000000e+02 1.410691153994962921e+00
6.350000000000000000e+02 1.410712518360841772e+00
6.360000000000000000e+02 1.410733879641741018e+00
6.370000000000000000e+02 1.410755237837659992e+00
6.380000000000000000e+02 1.410776592948599140e+00
6.390000000000000000e+02 1.410797944974558238e+00
6.400000000000000000e+02 1.410819293915537509e+00
6.410000000000000000e+02 1.410840639771536731e+00
6.420000000000000000e+02 1.410861982542556126e+00
6.430000000000000000e+02 1.410883322228595249e+00
6.440000000000000000e+02 1.410904658829654768e+00
6.450000000000000000e+02 1.410925992345734015e+00
6.460000000000000000e+02 1.410947322776833435e+00
6.470000000000000000e+02 1.410968650122952806e+00
6.480000000000000000e+02 1.410989974384092349e+00
6.490000000000000000e+02 1.411011295560251844e+00
6.500000000000000000e+02 1.411032613651431511e+00
6.510000000000000000e+02 1.411053928657631129e+00
6.520000000000000000e+02 1.411075240578850698e+00
6.530000000000000000e+02 1.411096549415090440e+00
6.540000000000000000e+02 1.411117855166350132e+00
6.550000000000000000e+02 1.411139157832629776e+00
6.560000000000000000e+02 1.411160457413929592e+00
6.570000000000000000e+02 1.411181753910249359e+00
6.580000000000000000e+02 1.411203047321589299e+00
6.590000000000000000e+02 1.411224337647949190e+00
6.600000000000000000e+02 1.411245624889329031e+00
6.610000000000000000e+02 1.411266909045729046e+00
6.620000000000000000e+02 1.411288190117149011e+00
6.630000000000000000e+02 1.411309468103588927e+00
6.640000000000000000e+02 1.411330743005049015e+00
6.650000000000000000e+02 1.411352014821529055e+00
6.660000000000000000e+02 1.411373283553029268e+00
6.670000000000000000e+02 1.411394549199549431e+00
6.680000000000000000e+02 1.411415811761089545e+00
6.690000000000000000e+02 1.411437071237649832e+00
6.700000000000000000e+02 1.411458327629230070e+00
6.710000000000000000e+02 1.411479580935830480e+00
6.720000000000000000e+02 1.411500831157450842e+00
6.730000000000000000e+02 1.411522078294091154e+00
6.740000000000000000e+02 1.411543322345751639e+00
6.750000000000000000e+02 1.411564563312432075e+00
6.760000000000000000e+02 1.411585801194132461e+00
6.770000000000000000e+02 1.411607035990853021e+00
6.780000000000000000e+02 1.411628267702593531e+00
6.790000000000000000e+02 1.411649496329354214e+00
6.800000000000000000e+02 1.411670721871134848e+00
6.810000000000000000e+02 1.411691944327935433e+00
6.820000000000000000e+02 1.411713163699756191e+00
6.830000000000000000e+02 1.411734379986596899e+00
6.840000000000000000e+02 1.411755593188457780e+00
6.850000000000000000e+02 1.411776803305338612e+00
6.860000000000000000e+02 1.411798010337239395e+00
6.870000000000000000e+02 1.411819214284160351e+00
6.880000000000000000e+02 1.411840415146101257e+00
6.890000000000000000e+02 1.411861612923062115e+00
6.900000000000000000e+02 1.411882807615043145e+00
6.910000000000000000e+02 1.411903999222044126e+00
6.920000000000000000e+02 1.411925187744065280e+00
6.930000000000000000e+02 1.411946373181106384e+00
6.940000000000000000e+02 1.411967555533167440e+00
6.950000000000000000e+02 1.411988734800248668e+00
6.960000000000000000e+02 1.412009910982349847e+00
6.970000000000000000e+02 1.412031084079470977e+00
6.980000000000000000e+02 1.412052254091612280e+00
6.990000000000000000e+02 1.412073421018773534e+00
7.000000000000000000e+02 1.412094584860954960e+00
7.010000000000000000e+02 1.412115745618156337e+00
7.020000000000000000e+02 1.412136903290377665e+00
7.030000000000000000e+02 1.412158057877619166e+00
7.040000000000000000e+02 1.412179209379880618e+00
7.050000000000000000e+02 1.412200357797162242e+00
7.060000000000000000e+02 1.412221503129463818e+00
7.070000000000000000e+02 1.412242645376785344e+00
7.080000000000000000e+02 1.412263784539127043e+00
7.090000000000000000e+02 1.412284920616488693e+00
7.100000000000000000e+02 1.412306053608870293e+00
7.110000000000000000e+02 1.412327183516272067e+00
7.120000000000000000e+02 1.412348310338694013e+00
7.130000000000000000e+02 1.412369434076135688e+00
7.140000000000000000e+02 1.412390554728597536e+00
7.150000000000000000e+02 1.412411672296079335e+00
7.160000000000000000e+02 1.412432786778581306e+00
7.170000000000000000e+02 1.412453898176103229e+00
7.180000000000000000e+02 1.412475006488645324e+00
7.190000000000000000e+02 1.412496111716207370e+00
7.200000000000000000e+02 1.412517213858789367e+00
7.210000000000000000e+02 1.412538312916391536e+00
7.220000000000000000e+02 1.412559408889013657e+00
7.230000000000000000e+02 1.412580501776655728e+00
7.240000000000000000e+02 1.412601591579317972e+00
7.250000000000000000e+02 1.412622678297000167e+00
7.260000000000000000e+02 1.412643761929702535e+00
7.270000000000000000e+02 1.412664842477424854e+00
7.280000000000000000e+02 1.412685919940167123e+00
7.290000000000000000e+02 1.412706994317929565e+00
7.300000000000000000e+02 1.412728065610711958e+00
7.310000000000000000e+02 1.412749133818514524e+00
7.320000000000000000e+02 1.412770198941336819e+00
7.330000000000000000e+02 1.412791260979179508e+00
7.340000000000000000e+02 1.412812319932041927e+00
7.350000000000000000e+02 1.412833375799924518e+00
7.360000000000000000e+02 1.412854428582827282e+00
7.370000000000000000e+02 1.412875478280749997e+00
7.380000000000000000e+02 1.412896524893692662e+00
7.390000000000000000e+02 1.412917568421655279e+00
7.400000000000000000e+02 1.412938608864638068e+00
7.410000000000000000e+02 1.412959646222641030e+00
7.420000000000000000e+02 1.412980680495663721e+00
7.430000000000000000e+02 1.413001711683706585e+00
7.440000000000000000e+02 1.413022739786769622e+00
7.450000000000000000e+02 1.413043764804852609e+00
7.460000000000000000e+02 1.413064786737955547e+00
7.470000000000000000e+02 1.413085805586078658e+00
7.480000000000000000e+02 1.413106821349221720e+00
7.490000000000000000e+02 1.413127834027384733e+00
7.500000000000000000e+02 1.413148843620567918e+00
7.510000000000000000e+02 1.413169850128771055e+00
7.520000000000000000e+02 1.413190853551994142e+00
7.530000000000000000e+02 1.413211853890237402e+00
7.540000000000000000e+02 1.413232851143500834e+00
7.550000000000000000e+02 1.413253845311783996e+00
7.560000000000000000e+02 1.413274836395087330e+00
7.570000000000000000e+02 1.413295824393410838e+00
7.580000000000000000e+02 1.413316809306754296e+00
7.590000000000000000e+02 1.413337791135117705e+00
7.600000000000000000e+02 1.413358769878501286e+00
7.610000000000000000e+02 1.413379745536904819e+00
7.620000000000000000e+02 1.413400718110328302e+00
7.630000000000000000e+02 1.413421687598771959e+00
7.640000000000000000e+02 1.413442654002235566e+00
7.650000000000000000e+02 1.413463617320719123e+00
7.660000000000000000e+02 1.413484577554222854e+00
7.670000000000000000e+02 1.413505534702746536e+00
7.680000000000000000e+02 1.413526488766290390e+00
7.690000000000000000e+02 1.413547439744854195e+00
7.700000000000000000e+02 1.413568387638438173e+00
7.710000000000000000e+02 1.413589332447041880e+00
7.720000000000000000e+02 1.413610274170665981e+00
7.730000000000000000e+02 1.413631212809309812e+00
7.740000000000000000e+02 1.413652148362973815e+00
7.750000000000000000e+02 1.413673080831657769e+00
7.760000000000000000e+02 1.413694010215361896e+00
7.770000000000000000e+02 1.413714936514085974e+00
7.780000000000000000e+02 1.413735859727830224e+00
7.790000000000000000e+02 1.413756779856594425e+00
7.800000000000000000e+02 1.413777696900378578e+00
7.810000000000000000e+02 1.413798610859182903e+00
7.820000000000000000e+02 1.413819521733007178e+00
7.830000000000000000e+02 1.413840429521851405e+00
7.840000000000000000e+02 1.413861334225715805e+00
7.850000000000000000e+02 1.413882235844600155e+00
7.860000000000000000e+02 1.413903134378504456e+00
7.870000000000000000e+02 1.413924029827428930e+00
7.880000000000000000e+02 1.413944922191373577e+00
7.890000000000000000e+02 1.413965811470337952e+00
7.900000000000000000e+02 1.413986697664322501e+00
7.910000000000000000e+02 1.414007580773327222e+00
7.920000000000000000e+02 1.414028460797351894e+00
7.930000000000000000e+02 1.414049337736396517e+00
7.940000000000000000e+02 1.414070211590461312e+00
7.950000000000000000e+02 1.414091082359546059e+00
7.960000000000000000e+02 1.414111950043650756e+00
7.970000000000000000e+02 1.414132814642775626e+00
7.980000000000000000e+02 1.414153676156920447e+00
7.990000000000000000e+02 1.414174534586085219e+00
8.000000000000000000e+02 1.414195389930270164e+00
8.010000000000000000e+02 1.414216242189475281e+00
8.020000000000000000e+02 1.414237091363700127e+00
8.030000000000000000e+02 1.414257937452945146e+00
8.040000000000000000e+02 1.414278780457210338e+00
8.050000000000000000e+02 1.414299620376495481e+00
8.060000000000000000e+02 1.414320457210800575e+00
8.070000000000000000e+02 1.414341290960125619e+00
8.080000000000000000e+02 1.414362121624470836e+00
8.090000000000000000e+02 1.414382949203836226e+00
8.100000000000000000e+02 1.414403773698221345e+00
8.110000000000000000e+02 1.414424595107626637e+00
8.120000000000000000e+02 1.414445413432052101e+00
8.130000000000000000e+02 1.414466228671497516e+00
8.140000000000000000e+02 1.414487040825962882e+00
8.150000000000000000e+02 1.414507849895448421e+00
8.160000000000000000e+02 1.414528655879953911e+00
8.170000000000000000e+02 1.414549458779479352e+00
8.180000000000000000e+02 1.414570258594024965e+00
8.190000000000000000e+02 1.414591055323590529e+00
8.200000000000000000e+02 1.414611848968176266e+00
8.210000000000000000e+02 1.414632639527781954e+00
8.220000000000000000e+02 1.414653427002407593e+00
8.230000000000000000e+02 1.414674211392053405e+00
8.240000000000000000e+02 1.414694992696719167e+00
8.250000000000000000e+02 1.414715770916404880e+00
8.260000000000000000e+02 1.414736546051110766e+00
8.270000000000000000e+02 1.414757318100836603e+00
8.280000000000000000e+02 1.414778087065582612e+00
8.290000000000000000e+02 1.414798852945348573e+00
8.300000000000000000e+02 1.414819615740134484e+00
8.310000000000000000e+02 1.414840375449940568e+00
8.320000000000000000e+02 1.414861132074766603e+00
8.330000000000000000e+02 1.414881885614612811e+00
8.340000000000000000e+02 1.414902636069478969e+00
8.350000000000000000e+02 1.414923383439365079e+00
8.360000000000000000e+02 1.414944127724271361e+00
8.370000000000000000e+02 1.414964868924197594e+00
8.380000000000000000e+02 1.414985607039143778e+00
8.390000000000000000e+02 1.415006342069110135e+00
8.400000000000000000e+02 1.415027074014096442e+00
8.410000000000000000e+02 1.415047802874102922e+00
8.420000000000000000e+02 1.415068528649129354e+00
8.430000000000000000e+02 1.415089251339175735e+00
8.440000000000000000e+02 1.415109970944242290e+00
8.450000000000000000e+02 1.415130687464328796e+00
8.460000000000000000e+02 1.415151400899435474e+00
8.470000000000000000e+02 1.415172111249561882e+00
8.480000000000000000e+02 1.415192818514708684e+00
8.490000000000000000e+02 1.415213522694875214e+00
8.500000000000000000e+02 1.415234223790061918e+00
8.510000000000000000e+02 1.415254921800268795e+00
8.520000000000000000e+02 1.415275616725495622e+00
8.530000000000000000e+02 1.415296308565742400e+00
8.540000000000000000e+02 1.415316997321009129e+00
8.550000000000000000e+02 1.415337682991296031e+00
8.560000000000000000e+02 1.415358365576603106e+00
8.570000000000000000e+02 1.415379045076929909e+00
8.580000000000000000e+02 1.415399721492276885e+00
8.590000000000000000e+02 1.415420394822644035e+00
8.600000000000000000e+02 1.415441065068031135e+00
8.610000000000000000e+02 1.415461732228438185e+00
8.620000000000000000e+02 1.415482396303865409e+00
8.630000000000000000e+02 1.415503057294312583e+00
8.640000000000000000e+02 1.415523715199779708e+00
8.650000000000000000e+02 1.415544370020267007e+00
8.660000000000000000e+02 1.415565021755774255e+00
8.670000000000000000e+02 1.415585670406301677e+00
8.680000000000000000e+02 1.415606315971849050e+00
8.690000000000000000e+02 1.415626958452416373e+00
