# order=1: data_wav [pixel], data_wavsolution [micron]
3.000000000000000000e+00 1.371088096346568808e+00
4.000000000000000000e+00 1.371111051826126914e+00
5.000000000000000000e+00 1.371134003287140635e+00
6.000000000000000000e+00 1.371156950729610413e+00
7.000000000000000000e+00 1.371179894153536249e+00
8.000000000000000000e+00 1.371202833558917700e+00
9.000000000000000000e+00 1.371225768945755208e+00
1.000000000000000000e+01 1.371248700314048774e+00
1.100000000000000000e+01 1.371271627663797954e+00
1.200000000000000000e+01 1.371294550995003192e+00
1.300000000000000000e+01 1.371317470307664488e+00
1.400000000000000000e+01 1.371340385601781398e+00
1.500000000000000000e+01 1.371363296877354365e+00
1.600000000000000000e+01 1.371386204134383391e+00
1.700000000000000000e+01 1.371409107372868030e+00
1.800000000000000000e+01 1.371432006592808728e+00
1.900000000000000000e+01 1.371454901794205261e+00
2.000000000000000000e+01 1.371477792977057852e+00
2.100000000000000000e+01 1.371500680141366280e+00
2.200000000000000000e+01 1.371523563287130543e+00
2.300000000000000000e+01 1.371546442414350864e+00
2.400000000000000000e+01 1.371569317523027021e+00
2.500000000000000000e+01 1.371592188613159013e+00
2.600000000000000000e+01 1.371615055684746842e+00
2.700000000000000000e+01 1.371637918737790729e+00
2.800000000000000000e+01 1.371660777772290452e+00
2.900000000000000000e+01 1.371683632788246232e+00
3.000000000000000000e+01 1.371706483785657849e+00
3.100000000000000000e+01 1.371729330764525301e+00
3.200000000000000000e+01 1.371752173724848811e+00
3.300000000000000000e+01 1.371775012666627935e+00
3.400000000000000000e+01 1.371797847589863339e+00
3.500000000000000000e+01 1.371820678494554357e+00
3.600000000000000000e+01 1.371843505380701433e+00
3.700000000000000000e+01 1.371866328248304345e+00
3.800000000000000000e+01 1.371889147097363093e+00
3.900000000000000000e+01 1.371911961927877899e+00
4.000000000000000000e+01 1.371934772739848540e+00
4.100000000000000000e+01 1.371957579533275240e+00
4.200000000000000000e+01 1.371980382308157775e+00
4.300000000000000000e+01 1.372003181064496147e+00
4.400000000000000000e+01 1.372025975802290354e+00
4.500000000000000000e+01 1.372048766521540619e+00
4.600000000000000000e+01 1.372071553222246720e+00
4.700000000000000000e+01 1.372094335904408657e+00
4.800000000000000000e+01 1.372117114568026652e+00
4.900000000000000000e+01 1.372139889213100483e+00
5.000000000000000000e+01 1.372162659839630150e+00
5.100000000000000000e+01 1.372185426447615875e+00
5.200000000000000000e+01 1.372208189037057435e+00
5.300000000000000000e+01 1.372230947607955054e+00
5.400000000000000000e+01 1.372253702160308286e+00
5.500000000000000000e+01 1.372276452694117577e+00
5.600000000000000000e+01 1.372299199209382925e+00
5.700000000000000000e+01 1.372321941706103887e+00
5.800000000000000000e+01 1.372344680184280907e+00
5.900000000000000000e+01 1.372367414643913985e+00
6.000000000000000000e+01 1.372390145085002677e+00
6.100000000000000000e+01 1.372412871507547427e+00
6.200000000000000000e+01 1.372435593911548013e+00
6.300000000000000000e+01 1.372458312297004657e+00
6.400000000000000000e+01 1.372481026663917136e+00
6.500000000000000000e+01 1.372503737012285452e+00
6.600000000000000000e+01 1.372526443342109825e+00
6.700000000000000000e+01 1.372549145653390035e+00
6.800000000000000000e+01 1.372571843946126080e+00
6.900000000000000000e+01 1.372594538220318183e+00
7.000000000000000000e+01 1.372617228475966122e+00
7.100000000000000000e+01 1.372639914713069897e+00
7.200000000000000000e+01 1.372662596931629508e+00
7.300000000000000000e+01 1.372685275131645177e+00
7.400000000000000000e+01 1.372707949313116682e+00
7.500000000000000000e+01 1.372730619476044245e+00
7.600000000000000000e+01 1.372753285620427643e+00
7.700000000000000000e+01 1.372775947746266878e+00
7.800000000000000000e+01 1.372798605853561948e+00
7.900000000000000000e+01 1.372821259942313077e+00
8.000000000000000000e+01 1.372843910012520041e+00
8.100000000000000000e+01 1.372866556064183063e+00
8.200000000000000000e+01 1.372889198097301922e+00
8.300000000000000000e+01 1.372911836111876616e+00
8.400000000000000000e+01 1.372934470107907146e+00
8.500000000000000000e+01 1.372957100085393733e+00
8.600000000000000000e+01 1.372979726044336157e+00
8.700000000000000000e+01 1.373002347984734639e+00
8.800000000000000000e+01 1.373024965906588735e+00
8.900000000000000000e+01 1.373047579809899110e+00
9.000000000000000000e+01 1.373070189694665100e+00
9.100000000000000000e+01 1.373092795560887147e+00
9.200000000000000000e+01 1.373115397408565030e+00
9.300000000000000000e+01 1.373137995237698750e+00
9.400000000000000000e+01 1.373160589048288527e+00
9.500000000000000000e+01 1.373183178840334140e+00
9.600000000000000000e+01 1.373205764613835589e+00
9.700000000000000000e+01 1.373228346368793096e+00
9.800000000000000000e+01 1.373250924105206439e+00
9.900000000000000000e+01 1.373273497823075617e+00
1.000000000000000000e+02 1.373296067522400854e+00
1.010000000000000000e+02 1.373318633203181927e+00
1.020000000000000000e+02 1.373341194865419057e+00
1.030000000000000000e+02 1.373363752509111801e+00
1.040000000000000000e+02 1.373386306134260604e+00
1.050000000000000000e+02 1.373408855740865242e+00
1.060000000000000000e+02 1.373431401328925938e+00
1.070000000000000000e+02 1.373453942898442470e+00
1.080000000000000000e+02 1.373476480449414838e+00
1.090000000000000000e+02 1.373499013981843264e+00
1.100000000000000000e+02 1.373521543495727526e+00
1.110000000000000000e+02 1.373544068991067624e+00
1.120000000000000000e+02 1.373566590467863779e+00
1.130000000000000000e+02 1.373589107926115771e+00
1.140000000000000000e+02 1.373611621365823598e+00
1.150000000000000000e+02 1.373634130786987484e+00
1.160000000000000000e+02 1.373656636189606983e+00
1.170000000000000000e+02 1.373679137573682763e+00
1.180000000000000000e+02 1.373701634939214156e+00
1.190000000000000000e+02 1.373724128286201607e+00
1.200000000000000000e+02 1.373746617614644894e+00
1.210000000000000000e+02 1.373769102924544239e+00
1.220000000000000000e+02 1.373791584215899420e+00
1.230000000000000000e+02 1.373814061488710436e+00
1.240000000000000000e+02 1.373836534742977289e+00
1.250000000000000000e+02 1.373859003978700200e+00
1.260000000000000000e+02 1.373881469195878946e+00
1.270000000000000000e+02 1.373903930394513750e+00
1.280000000000000000e+02 1.373926387574604391e+00
1.290000000000000000e+02 1.373948840736150867e+00
1.300000000000000000e+02 1.373971289879153179e+00
1.310000000000000000e+02 1.373993735003611549e+00
1.320000000000000000e+02 1.374016176109525755e+00
1.330000000000000000e+02 1.374038613196896019e+00
1.340000000000000000e+02 1.374061046265721897e+00
1.350000000000000000e+02 1.374083475316004055e+00
1.360000000000000000e+02 1.374105900347741827e+00
1.370000000000000000e+02 1.374128321360935656e+00
1.380000000000000000e+02 1.374150738355585322e+00
1.390000000000000000e+02 1.374173151331690823e+00
1.400000000000000000e+02 1.374195560289252382e+00
1.410000000000000000e+02 1.374217965228269778e+00
1.420000000000000000e+02 1.374240366148743009e+00
1.430000000000000000e+02 1.374262763050672298e+00
1.440000000000000000e+02 1.374285155934057423e+00
1.450000000000000000e+02 1.374307544798898384e+00
1.460000000000000000e+02 1.374329929645195403e+00
1.470000000000000000e+02 1.374352310472948258e+00
1.480000000000000000e+02 1.374374687282156948e+00
1.490000000000000000e+02 1.374397060072821697e+00
1.500000000000000000e+02 1.374419428844942281e+00
1.510000000000000000e+02 1.374441793598518702e+00
1.520000000000000000e+02 1.374464154333551180e+00
1.530000000000000000e+02 1.374486511050039494e+00
1.540000000000000000e+02 1.374508863747983645e+00
1.550000000000000000e+02 1.374531212427383853e+00
1.560000000000000000e+02 1.374553557088239897e+00
1.570000000000000000e+02 1.374575897730551777e+00
1.580000000000000000e+02 1.374598234354319715e+00
1.590000000000000000e+02 1.374620566959543488e+00
1.600000000000000000e+02 1.374642895546223098e+00
1.610000000000000000e+02 1.374665220114358544e+00
1.620000000000000000e+02 1.374687540663950047e+00
1.630000000000000000e+02 1.374709857194997609e+00
1.640000000000000000e+02 1.374732169707500784e+00
1.650000000000000000e+02 1.374754478201460017e+00
1.660000000000000000e+02 1.374776782676875087e+00
1.670000000000000000e+02 1.374799083133746214e+00
1.680000000000000000e+02 1.374821379572073177e+00
1.690000000000000000e+02 1.374843671991855976e+00
1.700000000000000000e+02 1.374865960393094610e+00
1.710000000000000000e+02 1.374888244775789303e+00
1.720000000000000000e+02 1.374910525139939832e+00
1.730000000000000000e+02 1.374932801485546419e+00
1.740000000000000000e+02 1.374955073812608841e+00
1.750000000000000000e+02 1.374977342121127100e+00
1.760000000000000000e+02 1.374999606411101194e+00
1.770000000000000000e+02 1.375021866682531346e+00
1.780000000000000000e+02 1.375044122935417334e+00
1.790000000000000000e+02 1.375066375169759381e+00
1.800000000000000000e+02 1.375088623385557041e+00
1.810000000000000000e+02 1.375110867582810759e+00
1.820000000000000000e+02 1.375133107761520534e+00
1.830000000000000000e+02 1.375155343921686146e+00
1.840000000000000000e+02 1.375177576063307594e+00
1.850000000000000000e+02 1.375199804186384878e+00
1.860000000000000000e+02 1.375222028290918219e+00
1.870000000000000000e+02 1.375244248376907397e+00
1.880000000000000000e+02 1.375266464444352410e+00
1.890000000000000000e+02 1.375288676493253481e+00
1.900000000000000000e+02 1.375310884523610389e+00
1.910000000000000000e+02 1.375333088535423132e+00
1.920000000000000000e+02 1.375355288528691933e+00
1.930000000000000000e+02 1.375377484503416570e+00
1.940000000000000000e+02 1.375399676459597043e+00
1.950000000000000000e+02 1.375421864397233573e+00
1.960000000000000000e+02 1.375444048316325940e+00
1.970000000000000000e+02 1.375466228216874143e+00
1.980000000000000000e+02 1.375488404098878403e+00
1.990000000000000000e+02 1.375510575962338500e+00
2.000000000000000000e+02 1.375532743807254432e+00
2.010000000000000000e+02 1.375554907633626422e+00
2.020000000000000000e+02 1.375577067441454249e+00
2.030000000000000000e+02 1.375599223230737911e+00
2.040000000000000000e+02 1.375621375001477631e+00
2.050000000000000000e+02 1.375643522753673187e+00
2.060000000000000000e+02 1.375665666487324579e+00
2.070000000000000000e+02 1.375687806202431807e+00
2.080000000000000000e+02 1.375709941898995092e+00
2.090000000000000000e+02 1.375732073577014436e+00
2.100000000000000000e+02 1.375754201236489394e+00
2.110000000000000000e+02 1.375776324877420409e+00
2.120000000000000000e+02 1.375798444499807260e+00
2.130000000000000000e+02 1.375820560103650170e+00
2.140000000000000000e+02 1.375842671688948915e+00
2.150000000000000000e+02 1.375864779255703496e+00
2.160000000000000000e+02 1.375886882803913913e+00
2.170000000000000000e+02 1.375908982333580388e+00
2.180000000000000000e+02 1.375931077844702699e+00
2.190000000000000000e+02 1.375953169337281068e+00
2.200000000000000000e+02 1.375975256811315273e+00
2.210000000000000000e+02 1.375997340266805313e+00
2.220000000000000000e+02 1.376019419703751190e+00
2.230000000000000000e+02 1.376041495122153124e+00
2.240000000000000000e+02 1.376063566522010895e+00
2.250000000000000000e+02 1.376085633903324723e+00
2.260000000000000000e+02 1.376107697266094165e+00
2.270000000000000000e+02 1.376129756610319665e+00
2.280000000000000000e+02 1.376151811936001224e+00
2.290000000000000000e+02 1.376173863243138618e+00
2.300000000000000000e+02 1.376195910531731847e+00
2.310000000000000000e+02 1.376217953801780913e+00
2.320000000000000000e+02 1.376239993053286037e+00
2.330000000000000000e+02 1.376262028286246997e+00
2.340000000000000000e+02 1.376284059500663792e+00
2.350000000000000000e+02 1.376306086696536646e+00
2.360000000000000000e+02 1.376328109873865335e+00
2.370000000000000000e+02 1.376350129032649861e+00
2.380000000000000000e+02 1.376372144172890444e+00
2.390000000000000000e+02 1.376394155294586863e+00
2.400000000000000000e+02 1.376416162397739118e+00
2.410000000000000000e+02 1.376438165482347431e+00
2.420000000000000000e+02 1.376460164548411580e+00
2.430000000000000000e+02 1.376482159595931565e+00
2.440000000000000000e+02 1.376504150624907608e+00
2.450000000000000000e+02 1.376526137635339486e+00
2.460000000000000000e+02 1.376548120627227201e+00
2.470000000000000000e+02 1.376570099600570973e+00
2.480000000000000000e+02 1.376592074555370582e+00
2.490000000000000000e+02 1.376614045491626026e+00
2.500000000000000000e+02 1.376636012409337528e+00
2.510000000000000000e+02 1.376657975308504867e+00
2.520000000000000000e+02 1.376679934189128041e+00
2.530000000000000000e+02 1.376701889051207051e+00
2.540000000000000000e+02 1.376723839894742119e+00
2.550000000000000000e+02 1.376745786719733244e+00
2.560000000000000000e+02 1.376767729526179984e+00
2.570000000000000000e+02 1.376789668314082782e+00
2.580000000000000000e+02 1.376811603083441415e+00
2.590000000000000000e+02 1.376833533834256107e+00
2.600000000000000000e+02 1.376855460566526634e+00
2.610000000000000000e+02 1.376877383280252998e+00
2.620000000000000000e+02 1.376899301975435197e+00
2.630000000000000000e+02 1.376921216652073454e+00
2.640000000000000000e+02 1.376943127310167547e+00
2.650000000000000000e+02 1.376965033949717698e+00
2.660000000000000000e+02 1.376986936570723685e+00
2.670000000000000000e+02 1.377008835173185508e+00
2.680000000000000000e+02 1.377030729757103167e+00
2.690000000000000000e+02 1.377052620322476884e+00
2.700000000000000000e+02 1.377074506869306436e+00
2.710000000000000000e+02 1.377096389397592047e+00
2.720000000000000000e+02 1.377118267907333271e+00
2.730000000000000000e+02 1.377140142398530553e+00
2.740000000000000000e+02 1.377162012871183894e+00
2.750000000000000000e+02 1.377183879325293070e+00
2.760000000000000000e+02 1.377205741760858082e+00
2.770000000000000000e+02 1.377227600177878930e+00
2.780000000000000000e+02 1.377249454576355836e+00
2.790000000000000000e+02 1.377271304956288578e+00
2.800000000000000000e+02 1.377293151317677156e+00
2.810000000000000000e+02 1.377314993660521791e+00
2.820000000000000000e+02 1.377336831984822263e+00
2.830000000000000000e+02 1.377358666290578570e+00
2.840000000000000000e+02 1.377380496577790936e+00
2.850000000000000000e+02 1.377402322846459137e+00
2.860000000000000000e+02 1.377424145096583175e+00
2.870000000000000000e+02 1.377445963328163270e+00
2.880000000000000000e+02 1.377467777541199201e+00
2.890000000000000000e+02 1.377489587735690968e+00
2.900000000000000000e+02 1.377511393911638793e+00
2.910000000000000000e+02 1.377533196069042454e+00
2.920000000000000000e+02 1.377554994207901951e+00
2.930000000000000000e+02 1.377576788328217505e+00
2.940000000000000000e+02 1.377598578429988896e+00
2.950000000000000000e+02 1.377620364513216122e+00
2.960000000000000000e+02 1.377642146577899407e+00
2.970000000000000000e+02 1.377663924624038527e+00
2.980000000000000000e+02 1.377685698651633484e+00
2.990000000000000000e+02 1.377707468660684276e+00
3.000000000000000000e+02 1.377729234651191126e+00
3.010000000000000000e+02 1.377750996623154034e+00
3.020000000000000000e+02 1.377772754576572556e+00
3.030000000000000000e+02 1.377794508511447136e+00
3.040000000000000000e+02 1.377816258427777552e+00
3.050000000000000000e+02 1.377838004325564025e+00
3.060000000000000000e+02 1.377859746204806335e+00
3.070000000000000000e+02 1.377881484065504480e+00
3.080000000000000000e+02 1.377903217907658462e+00
3.090000000000000000e+02 1.377924947731268501e+00
3.100000000000000000e+02 1.377946673536334377e+00
3.110000000000000000e+02 1.377968395322856310e+00
3.120000000000000000e+02 1.377990113090834079e+00
3.130000000000000000e+02 1.378011826840267684e+00
3.140000000000000000e+02 1.378033536571157125e+00
3.150000000000000000e+02 1.378055242283502624e+00
3.160000000000000000e+02 1.378076943977303959e+00
3.170000000000000000e+02 1.378098641652561351e+00
3.180000000000000000e+02 1.378120335309274358e+00
3.190000000000000000e+02 1.378142024947443423e+00
3.200000000000000000e+02 1.378163710567068545e+00
3.210000000000000000e+02 1.378185392168149503e+00
3.220000000000000000e+02 1.378207069750686298e+00
3.230000000000000000e+02 1.378228743314678928e+00
3.240000000000000000e+02 1.378250412860127616e+00
3.250000000000000000e+02 1.378272078387032140e+00
3.260000000000000000e+02 1.378293739895392500e+00
3.270000000000000000e+02 1.378315397385208918e+00
3.280000000000000000e+02 1.378337050856481172e+00
3.290000000000000000e+02 1.378358700309209262e+00
3.300000000000000000e+02 1.378380345743393409e+00
3.310000000000000000e+02 1.378401987159033393e+00
3.320000000000000000e+02 1.378423624556129212e+00
3.330000000000000000e+02 1.378445257934681090e+00
3.340000000000000000e+02 1.378466887294688803e+00
3.350000000000000000e+02 1.378488512636152352e+00
3.360000000000000000e+02 1.378510133959071959e+00
3.370000000000000000e+02 1.378531751263447402e+00
3.380000000000000000e+02 1.378553364549278681e+00
3.390000000000000000e+02 1.378574973816566018e+00
3.400000000000000000e+02 1.378596579065309191e+00
3.410000000000000000e+02 1.378618180295508200e+00
3.420000000000000000e+02 1.378639777507163267e+00
3.430000000000000000e+02 1.378661370700274169e+00
3.440000000000000000e+02 1.378682959874840908e+00
3.450000000000000000e+02 1.378704545030863482e+00
3.460000000000000000e+02 1.378726126168342114e+00
3.470000000000000000e+02 1.378747703287276805e+00
3.480000000000000000e+02 1.378769276387667109e+00
3.490000000000000000e+02 1.378790845469513471e+00
3.500000000000000000e+02 1.378812410532815669e+00
3.510000000000000000e+02 1.378833971577573925e+00
3.520000000000000000e+02 1.378855528603788017e+00
3.530000000000000000e+02 1.378877081611457944e+00
3.540000000000000000e+02 1.378898630600583708e+00
3.550000000000000000e+02 1.378920175571165530e+00
3.560000000000000000e+02 1.378941716523203187e+00
3.570000000000000000e+02 1.378963253456696902e+00
3.580000000000000000e+02 1.378984786371646454e+00
3.590000000000000000e+02 1.379006315268051841e+00
3.600000000000000000e+02 1.379027840145913064e+00
3.610000000000000000e+02 1.379049361005230345e+00
3.620000000000000000e+02 1.379070877846003462e+00
3.630000000000000000e+02 1.379092390668232637e+00
3.640000000000000000e+02 1.379113899471917426e+00
3.650000000000000000e+02 1.379135404257058273e+00
3.660000000000000000e+02 1.379156905023655177e+00
3.670000000000000000e+02 1.379178401771707918e+00
3.680000000000000000e+02 1.379199894501216495e+00
3.690000000000000000e+02 1.379221383212180907e+00
3.700000000000000000e+02 1.379242867904601377e+00
3.710000000000000000e+02 1.379264348578477684e+00
3.720000000000000000e+02 1.379285825233809826e+00
3.730000000000000000e+02 1.379307297870598026e+00
3.740000000000000000e+02 1.379328766488842062e+00
3.750000000000000000e+02 1.379350231088541934e+00
3.760000000000000000e+02 1.379371691669697864e+00
3.770000000000000000e+02 1.379393148232309629e+00
3.780000000000000000e+02 1.379414600776377231e+00
3.790000000000000000e+02 1.379436049301900891e+00
3.800000000000000000e+02 1.379457493808880386e+00
3.810000000000000000e+02 1.379478934297315718e+00
3.820000000000000000e+02 1.379500370767207107e+00
3.830000000000000000e+02 1.379521803218554332e+00
3.840000000000000000e+02 1.379543231651357393e+00
3.850000000000000000e+02 1.379564656065616512e+00
3.860000000000000000e+02 1.379586076461331468e+00
3.870000000000000000e+02 1.379607492838502258e+00
3.880000000000000000e+02 1.379628905197129107e+00
3.890000000000000000e+02 1.379650313537211792e+00
3.900000000000000000e+02 1.379671717858750313e+00
3.910000000000000000e+02 1.379693118161744669e+00
3.920000000000000000e+02 1.379714514446195084e+00
3.930000000000000000e+02 1.379735906712101556e+00
3.940000000000000000e+02 1.379757294959463643e+00
3.950000000000000000e+02 1.379778679188281787e+00
3.960000000000000000e+02 1.379800059398555767e+00
3.970000000000000000e+02 1.379821435590285805e+00
3.980000000000000000e+02 1.379842807763471679e+00
3.990000000000000000e+02 1.379864175918113389e+00
4.000000000000000000e+02 1.379885540054210935e+00
4.010000000000000000e+02 1.379906900171764539e+00
4.020000000000000000e+02 1.379928256270773979e+00
4.030000000000000000e+02 1.379949608351239476e+00
4.040000000000000000e+02 1.379970956413160810e+00
4.050000000000000000e+02 1.379992300456537979e+00
4.060000000000000000e+02 1.380013640481370985e+00
4.070000000000000000e+02 1.380034976487660048e+00
4.080000000000000000e+02 1.380056308475404947e+00
4.090000000000000000e+02 1.380077636444605904e+00
4.100000000000000000e+02 1.380098960395262475e+00
4.110000000000000000e+02 1.380120280327375104e+00
4.120000000000000000e+02 1.380141596240943791e+00
4.130000000000000000e+02 1.380162908135968314e+00
4.140000000000000000e+02 1.380184216012448672e+00
4.150000000000000000e+02 1.380205519870384867e+00
4.160000000000000000e+02 1.380226819709777120e+00
4.170000000000000000e+02 1.380248115530625208e+00
4.180000000000000000e+02 1.380269407332929132e+00
4.190000000000000000e+02 1.380290695116689115e+00
4.200000000000000000e+02 1.380311978881904933e+00
4.210000000000000000e+02 1.380333258628576587e+00
4.220000000000000000e+02 1.380354534356704299e+00
4.230000000000000000e+02 1.380375806066287847e+00
4.240000000000000000e+02 1.380397073757327231e+00
4.250000000000000000e+02 1.380418337429822673e+00
4.260000000000000000e+02 1.380439597083773950e+00
4.270000000000000000e+02 1.380460852719181064e+00
4.280000000000000000e+02 1.380482104336044236e+00
4.290000000000000000e+02 1.380503351934363243e+00
4.300000000000000000e+02 1.380524595514138086e+00
4.310000000000000000e+02 1.380545835075368988e+00
4.320000000000000000e+02 1.380567070618055725e+00
4.330000000000000000e+02 1.380588302142198298e+00
4.340000000000000000e+02 1.380609529647796929e+00
4.350000000000000000e+02 1.380630753134851396e+00
4.360000000000000000e+02 1.380651972603361699e+00
4.370000000000000000e+02 1.380673188053328060e+00
4.380000000000000000e+02 1.380694399484750035e+00
4.390000000000000000e+02 1.380715606897628289e+00
4.400000000000000000e+02 1.380736810291962158e+00
4.410000000000000000e+02 1.380758009667752084e+00
4.420000000000000000e+02 1.380779205024997847e+00
4.430000000000000000e+02 1.380800396363699667e+00
4.440000000000000000e+02 1.380821583683857323e+00
4.450000000000000000e+02 1.380842766985470815e+00
4.460000000000000000e+02 1.380863946268540143e+00
4.470000000000000000e+02 1.380885121533065529e+00
4.480000000000000000e+02 1.380906292779046751e+00
4.490000000000000000e+02 1.380927460006484031e+00
4.500000000000000000e+02 1.380948623215377147e+00
4.510000000000000000e+02 1.380969782405726098e+00
4.520000000000000000e+02 1.380990937577530886e+00
4.530000000000000000e+02 1.381012088730791731e+00
4.540000000000000000e+02 1.381033235865508413e+00
4.550000000000000000e+02 1.381054378981681152e+00
4.560000000000000000e+02 1.381075518079309505e+00
4.570000000000000000e+02 1.381096653158394139e+00
4.580000000000000000e+02 1.381117784218934386e+00
4.590000000000000000e+02 1.381138911260930691e+00
4.600000000000000000e+02 1.381160034284382832e+00
4.610000000000000000e+02 1.381181153289290808e+00
4.620000000000000000e+02 1.381202268275654843e+00
4.630000000000000000e+02 1.381223379243474714e+00
4.640000000000000000e+02 1.381244486192750420e+00
4.650000000000000000e+02 1.381265589123482185e+00
4.660000000000000000e+02 1.381286688035669785e+00
4.670000000000000000e+02 1.381307782929313221e+00
4.680000000000000000e+02 1.381328873804412716e+00
4.690000000000000000e+02 1.381349960660968046e+00
4.700000000000000000e+02 1.381371043498979212e+00
4.710000000000000000e+02 1.381392122318446436e+00
4.720000000000000000e+02 1.381413197119369496e+00
4.730000000000000000e+02 1.381434267901748392e+00
4.740000000000000000e+02 1.381455334665583345e+00
4.750000000000000000e+02 1.381476397410874135e+00
4.760000000000000000e+02 1.381497456137620761e+00
4.770000000000000000e+02 1.381518510845823444e+00
4.780000000000000000e+02 1.381539561535481964e+00
4.790000000000000000e+02 1.381560608206596319e+00
4.800000000000000000e+02 1.381581650859166732e+00
4.810000000000000000e+02 1.381602689493192981e+00
4.820000000000000000e+02 1.381623724108675066e+00
4.830000000000000000e+02 1.381644754705613209e+00
4.840000000000000000e+02 1.381665781284006966e+00
4.850000000000000000e+02 1.381686803843857003e+00
4.860000000000000000e+02 1.381707822385162654e+00
4.870000000000000000e+02 1.381728836907924363e+00
4.880000000000000000e+02 1.381749847412141907e+00
4.890000000000000000e+02 1.381770853897815510e+00
4.900000000000000000e+02 1.381791856364944948e+00
4.910000000000000000e+02 1.381812854813530222e+00
4.920000000000000000e+02 1.381833849243571333e+00
4.930000000000000000e+02 1.381854839655068501e+00
4.940000000000000000e+02 1.381875826048021505e+00
4.950000000000000000e+02 1.381896808422430567e+00
4.960000000000000000e+02 1.381917786778295465e+00
4.970000000000000000e+02 1.381938761115616199e+00
4.980000000000000000e+02 1.381959731434392769e+00
4.990000000000000000e+02 1.381980697734625396e+00
5.000000000000000000e+02 1.382001660016313860e+00
5.010000000000000000e+02 1.382022618279458381e+00
5.020000000000000000e+02 1.382043572524058739e+00
5.030000000000000000e+02 1.382064522750114932e+00
5.040000000000000000e+02 1.382085468957626961e+00
5.050000000000000000e+02 1.382106411146595049e+00
5.060000000000000000e+02 1.382127349317018972e+00
5.070000000000000000e+02 1.382148283468898731e+00
5.080000000000000000e+02 1.382169213602234548e+00
5.090000000000000000e+02 1.382190139717026200e+00
5.100000000000000000e+02 1.382211061813273689e+00
5.110000000000000000e+02 1.382231979890977236e+00
5.120000000000000000e+02 1.382252893950136619e+00
5.130000000000000000e+02 1.382273803990752059e+00
5.140000000000000000e+02 1.382294710012823113e+00
5.150000000000000000e+02 1.382315612016350226e+00
5.160000000000000000e+02 1.382336510001333396e+00
5.170000000000000000e+02 1.382357403967772180e+00
5.180000000000000000e+02 1.382378293915667022e+00
5.190000000000000000e+02 1.382399179845017922e+00
5.200000000000000000e+02 1.382420061755824436e+00
5.210000000000000000e+02 1.382440939648087008e+00
5.220000000000000000e+02 1.382461813521805416e+00
5.230000000000000000e+02 1.382482683376979882e+00
5.240000000000000000e+02 1.382503549213610183e+00
