# order=11: data_wav [pixel], data_wavsolution [micron]
3.000000000000000000e+00 1.713096931314328497e+00
4.000000000000000000e+00 1.713118929610616847e+00
5.000000000000000000e+00 1.713140919271511464e+00
6.000000000000000000e+00 1.713162900297012570e+00
7.000000000000000000e+00 1.713184872687119942e+00
8.000000000000000000e+00 1.713206836441833802e+00
9.000000000000000000e+00 1.713228791561153930e+00
1.000000000000000000e+01 1.713250738045080546e+00
1.100000000000000000e+01 1.713272675893613428e+00
1.200000000000000000e+01 1.713294605106752799e+00
1.300000000000000000e+01 1.713316525684498437e+00
1.400000000000000000e+01 1.713338437626850341e+00
1.500000000000000000e+01 1.713360340933808734e+00
1.600000000000000000e+01 1.713382235605373616e+00
1.700000000000000000e+01 1.713404121641544764e+00
1.800000000000000000e+01 1.713425999042322179e+00
1.900000000000000000e+01 1.713447867807706082e+00
2.000000000000000000e+01 1.713469727937696252e+00
2.100000000000000000e+01 1.713491579432292911e+00
2.200000000000000000e+01 1.713513422291495836e+00
2.300000000000000000e+01 1.713535256515305250e+00
2.400000000000000000e+01 1.713557082103720930e+00
2.500000000000000000e+01 1.713578899056743099e+00
2.600000000000000000e+01 1.713600707374371535e+00
2.700000000000000000e+01 1.713622507056606459e+00
2.800000000000000000e+01 1.713644298103447650e+00
2.900000000000000000e+01 1.713666080514895107e+00
3.000000000000000000e+01 1.713687854290949053e+00
3.100000000000000000e+01 1.713709619431609266e+00
3.200000000000000000e+01 1.713731375936875967e+00
3.300000000000000000e+01 1.713753123806749157e+00
3.400000000000000000e+01 1.713774863041228391e+00
3.500000000000000000e+01 1.713796593640314336e+00
3.600000000000000000e+01 1.713818315604006326e+00
3.700000000000000000e+01 1.713840028932304804e+00
3.800000000000000000e+01 1.713861733625209771e+00
3.900000000000000000e+01 1.713883429682721005e+00
4.000000000000000000e+01 1.713905117104838727e+00
4.100000000000000000e+01 1.713926795891562715e+00
4.200000000000000000e+01 1.713948466042892971e+00
4.300000000000000000e+01 1.713970127558829715e+00
4.400000000000000000e+01 1.713991780439372947e+00
4.500000000000000000e+01 1.714013424684522224e+00
4.600000000000000000e+01 1.714035060294278212e+00
4.700000000000000000e+01 1.714056687268640466e+00
4.800000000000000000e+01 1.714078305607608987e+00
4.900000000000000000e+01 1.714099915311183997e+00
5.000000000000000000e+01 1.714121516379365273e+00
5.100000000000000000e+01 1.714143108812152816e+00
5.200000000000000000e+01 1.714164692609547069e+00
5.300000000000000000e+01 1.714186267771547367e+00
5.400000000000000000e+01 1.714207834298154154e+00
5.500000000000000000e+01 1.714229392189367429e+00
5.600000000000000000e+01 1.714250941445186971e+00
5.700000000000000000e+01 1.714272482065612779e+00
5.800000000000000000e+01 1.714294014050645076e+00
5.900000000000000000e+01 1.714315537400283640e+00
6.000000000000000000e+01 1.714337052114528692e+00
6.100000000000000000e+01 1.714358558193380011e+00
6.200000000000000000e+01 1.714380055636837819e+00
6.300000000000000000e+01 1.714401544444901893e+00
6.400000000000000000e+01 1.714423024617572455e+00
6.500000000000000000e+01 1.714444496154849285e+00
6.600000000000000000e+01 1.714465959056732602e+00
6.700000000000000000e+01 1.714487413323222187e+00
6.800000000000000000e+01 1.714508858954318038e+00
6.900000000000000000e+01 1.714530295950020378e+00
7.000000000000000000e+01 1.714551724310329206e+00
7.100000000000000000e+01 1.714573144035244079e+00
7.200000000000000000e+01 1.714594555124765662e+00
7.300000000000000000e+01 1.714615957578893513e+00
7.400000000000000000e+01 1.714637351397627629e+00
7.500000000000000000e+01 1.714658736580968235e+00
7.600000000000000000e+01 1.714680113128915107e+00
7.700000000000000000e+01 1.714701481041468467e+00
7.800000000000000000e+01 1.714722840318628094e+00
7.900000000000000000e+01 1.714744190960393988e+00
8.000000000000000000e+01 1.714765532966766370e+00
8.100000000000000000e+01 1.714786866337745241e+00
8.200000000000000000e+01 1.714808191073330379e+00
8.300000000000000000e+01 1.714829507173521783e+00
8.400000000000000000e+01 1.714850814638319676e+00
8.500000000000000000e+01 1.714872113467723835e+00
8.600000000000000000e+01 1.714893403661734483e+00
8.700000000000000000e+01 1.714914685220351620e+00
8.800000000000000000e+01 1.714935958143574801e+00
8.900000000000000000e+01 1.714957222431404693e+00
9.000000000000000000e+01 1.714978478083840630e+00
9.100000000000000000e+01 1.714999725100883055e+00
9.200000000000000000e+01 1.715020963482531968e+00
9.300000000000000000e+01 1.715042193228787148e+00
9.400000000000000000e+01 1.715063414339648817e+00
9.500000000000000000e+01 1.715084626815116753e+00
9.600000000000000000e+01 1.715105830655190955e+00
9.700000000000000000e+01 1.715127025859871646e+00
9.800000000000000000e+01 1.715148212429158603e+00
9.900000000000000000e+01 1.715169390363052049e+00
1.000000000000000000e+02 1.715190559661551761e+00
1.010000000000000000e+02 1.715211720324657962e+00
1.020000000000000000e+02 1.715232872352370430e+00
1.030000000000000000e+02 1.715254015744689386e+00
1.040000000000000000e+02 1.715275150501614609e+00
1.050000000000000000e+02 1.715296276623146321e+00
1.060000000000000000e+02 1.715317394109284299e+00
1.070000000000000000e+02 1.715338502960028766e+00
1.080000000000000000e+02 1.715359603175379499e+00
1.090000000000000000e+02 1.715380694755336499e+00
1.100000000000000000e+02 1.715401777699899988e+00
1.110000000000000000e+02 1.715422852009069743e+00
1.120000000000000000e+02 1.715443917682845987e+00
1.130000000000000000e+02 1.715464974721228497e+00
1.140000000000000000e+02 1.715486023124217496e+00
1.150000000000000000e+02 1.715507062891812984e+00
1.160000000000000000e+02 1.715528094024014516e+00
1.170000000000000000e+02 1.715549116520822537e+00
1.180000000000000000e+02 1.715570130382237046e+00
1.190000000000000000e+02 1.715591135608257822e+00
1.200000000000000000e+02 1.715612132198885087e+00
1.210000000000000000e+02 1.715633120154118618e+00
1.220000000000000000e+02 1.715654099473958416e+00
1.230000000000000000e+02 1.715675070158404703e+00
1.240000000000000000e+02 1.715696032207457256e+00
1.250000000000000000e+02 1.715716985621116297e+00
1.260000000000000000e+02 1.715737930399381828e+00
1.270000000000000000e+02 1.715758866542253402e+00
1.280000000000000000e+02 1.715779794049731688e+00
1.290000000000000000e+02 1.715800712921816018e+00
1.300000000000000000e+02 1.715821623158507059e+00
1.310000000000000000e+02 1.715842524759804144e+00
1.320000000000000000e+02 1.715863417725707718e+00
1.330000000000000000e+02 1.715884302056217781e+00
1.340000000000000000e+02 1.715905177751334110e+00
1.350000000000000000e+02 1.715926044811056705e+00
1.360000000000000000e+02 1.715946903235385790e+00
1.370000000000000000e+02 1.715967753024321363e+00
1.380000000000000000e+02 1.715988594177863202e+00
1.390000000000000000e+02 1.716009426696011309e+00
1.400000000000000000e+02 1.716030250578765903e+00
1.410000000000000000e+02 1.716051065826126765e+00
1.420000000000000000e+02 1.716071872438094115e+00
1.430000000000000000e+02 1.716092670414667731e+00
1.440000000000000000e+02 1.716113459755847837e+00
1.450000000000000000e+02 1.716134240461634208e+00
1.460000000000000000e+02 1.716155012532026847e+00
1.470000000000000000e+02 1.716175775967025974e+00
1.480000000000000000e+02 1.716196530766631589e+00
1.490000000000000000e+02 1.716217276930843472e+00
1.500000000000000000e+02 1.716238014459661620e+00
1.510000000000000000e+02 1.716258743353086258e+00
1.520000000000000000e+02 1.716279463611117162e+00
1.530000000000000000e+02 1.716300175233754555e+00
1.540000000000000000e+02 1.716320878220998214e+00
1.550000000000000000e+02 1.716341572572848362e+00
1.560000000000000000e+02 1.716362258289304776e+00
1.570000000000000000e+02 1.716382935370367679e+00
1.580000000000000000e+02 1.716403603816036849e+00
1.590000000000000000e+02 1.716424263626312507e+00
1.600000000000000000e+02 1.716444914801194432e+00
1.610000000000000000e+02 1.716465557340682624e+00
1.620000000000000000e+02 1.716486191244777304e+00
1.630000000000000000e+02 1.716506816513478473e+00
1.640000000000000000e+02 1.716527433146785908e+00
1.650000000000000000e+02 1.716548041144699610e+00
1.660000000000000000e+02 1.716568640507219801e+00
1.670000000000000000e+02 1.716589231234346258e+00
1.680000000000000000e+02 1.716609813326079204e+00
1.690000000000000000e+02 1.716630386782418416e+00
1.700000000000000000e+02 1.716650951603364117e+00
1.710000000000000000e+02 1.716671507788916085e+00
1.720000000000000000e+02 1.716692055339074319e+00
1.730000000000000000e+02 1.716712594253839042e+00
1.740000000000000000e+02 1.716733124533210253e+00
1.750000000000000000e+02 1.716753646177187731e+00
1.760000000000000000e+02 1.716774159185771476e+00
1.770000000000000000e+02 1.716794663558961709e+00
1.780000000000000000e+02 1.716815159296758431e+00
1.790000000000000000e+02 1.716835646399161419e+00
1.800000000000000000e+02 1.716856124866170674e+00
1.810000000000000000e+02 1.716876594697786418e+00
1.820000000000000000e+02 1.716897055894008428e+00
1.830000000000000000e+02 1.716917508454836705e+00
1.840000000000000000e+02 1.716937952380271692e+00
1.850000000000000000e+02 1.716958387670312725e+00
1.860000000000000000e+02 1.716978814324960245e+00
1.870000000000000000e+02 1.716999232344214255e+00
1.880000000000000000e+02 1.717019641728074530e+00
1.890000000000000000e+02 1.717040042476541073e+00
1.900000000000000000e+02 1.717060434589614104e+00
1.910000000000000000e+02 1.717080818067293624e+00
1.920000000000000000e+02 1.717101192909579188e+00
1.930000000000000000e+02 1.717121559116471463e+00
1.940000000000000000e+02 1.717141916687969783e+00
1.950000000000000000e+02 1.717162265624074813e+00
1.960000000000000000e+02 1.717182605924785888e+00
1.970000000000000000e+02 1.717202937590103673e+00
1.980000000000000000e+02 1.717223260620027503e+00
1.990000000000000000e+02 1.717243575014557821e+00
2.000000000000000000e+02 1.717263880773694629e+00
2.010000000000000000e+02 1.717284177897437702e+00
2.020000000000000000e+02 1.717304466385787043e+00
2.030000000000000000e+02 1.717324746238742872e+00
2.040000000000000000e+02 1.717345017456305190e+00
2.050000000000000000e+02 1.717365280038473552e+00
2.060000000000000000e+02 1.717385533985248625e+00
2.070000000000000000e+02 1.717405779296629964e+00
2.080000000000000000e+02 1.717426015972617570e+00
2.090000000000000000e+02 1.717446244013211443e+00
2.100000000000000000e+02 1.717466463418412026e+00
2.110000000000000000e+02 1.717486674188218654e+00
2.120000000000000000e+02 1.717506876322631770e+00
2.130000000000000000e+02 1.717527069821651375e+00
2.140000000000000000e+02 1.717547254685277247e+00
2.150000000000000000e+02 1.717567430913509385e+00
2.160000000000000000e+02 1.717587598506348012e+00
2.170000000000000000e+02 1.717607757463793128e+00
2.180000000000000000e+02 1.717627907785844510e+00
2.190000000000000000e+02 1.717648049472502159e+00
2.200000000000000000e+02 1.717668182523766296e+00
2.210000000000000000e+02 1.717688306939636700e+00
2.220000000000000000e+02 1.717708422720113592e+00
2.230000000000000000e+02 1.717728529865196752e+00
2.240000000000000000e+02 1.717748628374886177e+00
2.250000000000000000e+02 1.717768718249182314e+00
2.260000000000000000e+02 1.717788799488084495e+00
2.270000000000000000e+02 1.717808872091593164e+00
2.280000000000000000e+02 1.717828936059708322e+00
2.290000000000000000e+02 1.717848991392429747e+00
2.300000000000000000e+02 1.717869038089757439e+00
2.310000000000000000e+02 1.717889076151691619e+00
2.320000000000000000e+02 1.717909105578232065e+00
2.330000000000000000e+02 1.717929126369379000e+00
2.340000000000000000e+02 1.717949138525132202e+00
2.350000000000000000e+02 1.717969142045491893e+00
2.360000000000000000e+02 1.717989136930457850e+00
2.370000000000000000e+02 1.718009123180030295e+00
2.380000000000000000e+02 1.718029100794209008e+00
2.390000000000000000e+02 1.718049069772994208e+00
2.400000000000000000e+02 1.718069030116385676e+00
2.410000000000000000e+02 1.718088981824383410e+00
2.420000000000000000e+02 1.718108924896987633e+00
2.430000000000000000e+02 1.718128859334198122e+00
2.440000000000000000e+02 1.718148785136015100e+00
2.450000000000000000e+02 1.718168702302438566e+00
2.460000000000000000e+02 1.718188610833468299e+00
2.470000000000000000e+02 1.718208510729104299e+00
2.480000000000000000e+02 1.718228401989346787e+00
2.490000000000000000e+02 1.718248284614195542e+00
2.500000000000000000e+02 1.718268158603650564e+00
2.510000000000000000e+02 1.718288023957712074e+00
2.520000000000000000e+02 1.718307880676380073e+00
2.530000000000000000e+02 1.718327728759654338e+00
2.540000000000000000e+02 1.718347568207535092e+00
2.550000000000000000e+02 1.718367399020022113e+00
2.560000000000000000e+02 1.718387221197115400e+00
2.570000000000000000e+02 1.718407034738815176e+00
2.580000000000000000e+02 1.718426839645121218e+00
2.590000000000000000e+02 1.718446635916033749e+00
2.600000000000000000e+02 1.718466423551552547e+00
2.610000000000000000e+02 1.718486202551677833e+00
2.620000000000000000e+02 1.718505972916409386e+00
2.630000000000000000e+02 1.718525734645747427e+00
2.640000000000000000e+02 1.718545487739691735e+00
2.650000000000000000e+02 1.718565232198242532e+00
2.660000000000000000e+02 1.718584968021399595e+00
2.670000000000000000e+02 1.718604695209162925e+00
2.680000000000000000e+02 1.718624413761532743e+00
2.690000000000000000e+02 1.718644123678509050e+00
2.700000000000000000e+02 1.718663824960091624e+00
2.710000000000000000e+02 1.718683517606280464e+00
2.720000000000000000e+02 1.718703201617075793e+00
2.730000000000000000e+02 1.718722876992477389e+00
2.740000000000000000e+02 1.718742543732485473e+00
2.750000000000000000e+02 1.718762201837099823e+00
2.760000000000000000e+02 1.718781851306320663e+00
2.770000000000000000e+02 1.718801492140147769e+00
2.780000000000000000e+02 1.718821124338581363e+00
2.790000000000000000e+02 1.718840747901621224e+00
2.800000000000000000e+02 1.718860362829267352e+00
2.810000000000000000e+02 1.718879969121519968e+00
2.820000000000000000e+02 1.718899566778379073e+00
2.830000000000000000e+02 1.718919155799844445e+00
2.840000000000000000e+02 1.718938736185916083e+00
2.850000000000000000e+02 1.718958307936594210e+00
2.860000000000000000e+02 1.718977871051878603e+00
2.870000000000000000e+02 1.718997425531769485e+00
2.880000000000000000e+02 1.719016971376266634e+00
2.890000000000000000e+02 1.719036508585370271e+00
2.900000000000000000e+02 1.719056037159080175e+00
2.910000000000000000e+02 1.719075557097396567e+00
2.920000000000000000e+02 1.719095068400319226e+00
2.930000000000000000e+02 1.719114571067848152e+00
2.940000000000000000e+02 1.719134065099983566e+00
2.950000000000000000e+02 1.719153550496725469e+00
2.960000000000000000e+02 1.719173027258073638e+00
2.970000000000000000e+02 1.719192495384028074e+00
2.980000000000000000e+02 1.719211954874588999e+00
2.990000000000000000e+02 1.719231405729756190e+00
3.000000000000000000e+02 1.719250847949529870e+00
3.010000000000000000e+02 1.719270281533909817e+00
3.020000000000000000e+02 1.719289706482896252e+00
3.030000000000000000e+02 1.719309122796488953e+00
3.040000000000000000e+02 1.719328530474688144e+00
3.050000000000000000e+02 1.719347929517493601e+00
3.060000000000000000e+02 1.719367319924905324e+00
3.070000000000000000e+02 1.719386701696923536e+00
3.080000000000000000e+02 1.719406074833548237e+00
3.090000000000000000e+02 1.719425439334779204e+00
3.100000000000000000e+02 1.719444795200616438e+00
3.110000000000000000e+02 1.719464142431060161e+00
3.120000000000000000e+02 1.719483481026110150e+00
3.130000000000000000e+02 1.719502810985766628e+00
3.140000000000000000e+02 1.719522132310029372e+00
3.150000000000000000e+02 1.719541444998898605e+00
3.160000000000000000e+02 1.719560749052374105e+00
3.170000000000000000e+02 1.719580044470456093e+00
3.180000000000000000e+02 1.719599331253144348e+00
3.190000000000000000e+02 1.719618609400439091e+00
3.200000000000000000e+02 1.719637878912340101e+00
3.210000000000000000e+02 1.719657139788847378e+00
3.220000000000000000e+02 1.719676392029961143e+00
3.230000000000000000e+02 1.719695635635681175e+00
3.240000000000000000e+02 1.719714870606007695e+00
3.250000000000000000e+02 1.719734096940940704e+00
3.260000000000000000e+02 1.719753314640479758e+00
3.270000000000000000e+02 1.719772523704625522e+00
3.280000000000000000e+02 1.719791724133377331e+00
3.290000000000000000e+02 1.719810915926735850e+00
3.300000000000000000e+02 1.719830099084700414e+00
3.310000000000000000e+02 1.719849273607271467e+00
3.320000000000000000e+02 1.719868439494449008e+00
3.330000000000000000e+02 1.719887596746232816e+00
3.340000000000000000e+02 1.719906745362623113e+00
3.350000000000000000e+02 1.719925885343619454e+00
3.360000000000000000e+02 1.719945016689222506e+00
3.370000000000000000e+02 1.719964139399431824e+00
3.380000000000000000e+02 1.719983253474247409e+00
3.390000000000000000e+02 1.720002358913669482e+00
3.400000000000000000e+02 1.720021455717697823e+00
3.410000000000000000e+02 1.720040543886332651e+00
3.420000000000000000e+02 1.720059623419573747e+00
3.430000000000000000e+02 1.720078694317421331e+00
3.440000000000000000e+02 1.720097756579875181e+00
3.450000000000000000e+02 1.720116810206935520e+00
3.460000000000000000e+02 1.720135855198602126e+00
3.470000000000000000e+02 1.720154891554874999e+00
3.480000000000000000e+02 1.720173919275754360e+00
3.490000000000000000e+02 1.720192938361240209e+00
3.500000000000000000e+02 1.720211948811332103e+00
3.510000000000000000e+02 1.720230950626030708e+00
3.520000000000000000e+02 1.720249943805335580e+00
3.530000000000000000e+02 1.720268928349246718e+00
3.540000000000000000e+02 1.720287904257764344e+00
3.550000000000000000e+02 1.720306871530888237e+00
3.560000000000000000e+02 1.720325830168618619e+00
3.570000000000000000e+02 1.720344780170955268e+00
3.580000000000000000e+02 1.720363721537898183e+00
3.590000000000000000e+02 1.720382654269447587e+00
3.600000000000000000e+02 1.720401578365603479e+00
3.610000000000000000e+02 1.720420493826365638e+00
3.620000000000000000e+02 1.720439400651734063e+00
3.630000000000000000e+02 1.720458298841708977e+00
3.640000000000000000e+02 1.720477188396290380e+00
3.650000000000000000e+02 1.720496069315477827e+00
3.660000000000000000e+02 1.720514941599271985e+00
3.670000000000000000e+02 1.720533805247672188e+00
3.680000000000000000e+02 1.720552660260679101e+00
3.690000000000000000e+02 1.720571506638292059e+00
3.700000000000000000e+02 1.720590344380511505e+00
3.710000000000000000e+02 1.720609173487337440e+00
3.720000000000000000e+02 1.720627993958769641e+00
3.730000000000000000e+02 1.720646805794808332e+00
3.740000000000000000e+02 1.720665608995453288e+00
3.750000000000000000e+02 1.720684403560704512e+00
3.760000000000000000e+02 1.720703189490562224e+00
3.770000000000000000e+02 1.720721966785026202e+00
3.780000000000000000e+02 1.720740735444096670e+00
3.790000000000000000e+02 1.720759495467773625e+00
3.800000000000000000e+02 1.720778246856056626e+00
3.810000000000000000e+02 1.720796989608946337e+00
3.820000000000000000e+02 1.720815723726442092e+00
3.830000000000000000e+02 1.720834449208544337e+00
3.840000000000000000e+02 1.720853166055253070e+00
3.850000000000000000e+02 1.720871874266568069e+00
3.860000000000000000e+02 1.720890573842489557e+00
3.870000000000000000e+02 1.720909264783017312e+00
3.880000000000000000e+02 1.720927947088151333e+00
3.890000000000000000e+02 1.720946620757891843e+00
3.900000000000000000e+02 1.720965285792238841e+00
3.910000000000000000e+02 1.720983942191191884e+00
3.920000000000000000e+02 1.721002589954751638e+00
3.930000000000000000e+02 1.721021229082917436e+00
3.940000000000000000e+02 1.721039859575689945e+00
3.950000000000000000e+02 1.721058481433068499e+00
3.960000000000000000e+02 1.721077094655053763e+00
3.970000000000000000e+02 1.721095699241645072e+00
3.980000000000000000e+02 1.721114295192842869e+00
3.990000000000000000e+02 1.721132882508647155e+00
4.000000000000000000e+02 1.721151461189057708e+00
4.010000000000000000e+02 1.721170031234074527e+00
4.020000000000000000e+02 1.721188592643697834e+00
4.030000000000000000e+02 1.721207145417927631e+00
4.040000000000000000e+02 1.721225689556763694e+00
4.050000000000000000e+02 1.721244225060206023e+00
4.060000000000000000e+02 1.721262751928254842e+00
4.070000000000000000e+02 1.721281270160909926e+00
4.080000000000000000e+02 1.721299779758171500e+00
4.090000000000000000e+02 1.721318280720039340e+00
4.100000000000000000e+02 1.721336773046513446e+00
4.110000000000000000e+02 1.721355256737594264e+00
4.120000000000000000e+02 1.721373731793281125e+00
4.130000000000000000e+02 1.721392198213574476e+00
4.140000000000000000e+02 1.721410655998474315e+00
4.150000000000000000e+02 1.721429105147980421e+00
4.160000000000000000e+02 1.721447545662092793e+00
4.170000000000000000e+02 1.721465977540811654e+00
4.180000000000000000e+02 1.721484400784136781e+00
4.190000000000000000e+02 1.721502815392068397e+00
4.200000000000000000e+02 1.721521221364606280e+00
4.210000000000000000e+02 1.721539618701750651e+00
4.220000000000000000e+02 1.721558007403501289e+00
4.230000000000000000e+02 1.721576387469858416e+00
4.240000000000000000e+02 1.721594758900821809e+00
4.250000000000000000e+02 1.721613121696391691e+00
4.260000000000000000e+02 1.721631475856567839e+00
4.270000000000000000e+02 1.721649821381350254e+00
4.280000000000000000e+02 1.721668158270739157e+00
4.290000000000000000e+02 1.721686486524734550e+00
4.300000000000000000e+02 1.721704806143335986e+00
4.310000000000000000e+02 1.721723117126544134e+00
4.320000000000000000e+02 1.721741419474358548e+00
4.330000000000000000e+02 1.721759713186779228e+00
4.340000000000000000e+02 1.721777998263806397e+00
4.350000000000000000e+02 1.721796274705439833e+00
4.360000000000000000e+02 1.721814542511679536e+00
4.370000000000000000e+02 1.721832801682525949e+00
4.380000000000000000e+02 1.721851052217978406e+00
4.390000000000000000e+02 1.721869294118037352e+00
4.400000000000000000e+02 1.721887527382702787e+00
4.410000000000000000e+02 1.721905752011974489e+00
4.420000000000000000e+02 1.721923968005852457e+00
4.430000000000000000e+02 1.721942175364336913e+00
4.440000000000000000e+02 1.721960374087427637e+00
4.450000000000000000e+02 1.721978564175124848e+00
4.460000000000000000e+02 1.721996745627428549e+00
4.470000000000000000e+02 1.722014918444338294e+00
4.480000000000000000e+02 1.722033082625854528e+00
4.490000000000000000e+02 1.722051238171977250e+00
4.500000000000000000e+02 1.722069385082706239e+00
4.510000000000000000e+02 1.722087523358041716e+00
4.520000000000000000e+02 1.722105652997983460e+00
4.530000000000000000e+02 1.722123774002531471e+00
4.540000000000000000e+02 1.722141886371685970e+00
4.550000000000000000e+02 1.722159990105446958e+00
4.560000000000000000e+02 1.722178085203814213e+00
4.570000000000000000e+02 1.722196171666787734e+00
4.580000000000000000e+02 1.722214249494367744e+00
4.590000000000000000e+02 1.722232318686554020e+00
4.600000000000000000e+02 1.722250379243346785e+00
4.610000000000000000e+02 1.722268431164745817e+00
4.620000000000000000e+02 1.722286474450751337e+00
4.630000000000000000e+02 1.722304509101363124e+00
4.640000000000000000e+02 1.722322535116581399e+00
4.650000000000000000e+02 1.722340552496405941e+00
4.660000000000000000e+02 1.722358561240836750e+00
4.670000000000000000e+02 1.722376561349874047e+00
4.680000000000000000e+02 1.722394552823517833e+00
4.690000000000000000e+02 1.722412535661767885e+00
4.700000000000000000e+02 1.722430509864624204e+00
4.710000000000000000e+02 1.722448475432087012e+00
4.720000000000000000e+02 1.722466432364156086e+00
4.730000000000000000e+02 1.722484380660831649e+00
4.740000000000000000e+02 1.722502320322113478e+00
4.750000000000000000e+02 1.722520251348001796e+00
4.760000000000000000e+02 1.722538173738496381e+00
4.770000000000000000e+02 1.722556087493597454e+00
4.780000000000000000e+02 1.722573992613304794e+00
4.790000000000000000e+02 1.722591889097618401e+00
4.800000000000000000e+02 1.722609776946538496e+00
4.810000000000000000e+02 1.722627656160065079e+00
4.820000000000000000e+02 1.722645526738197930e+00
4.830000000000000000e+02 1.722663388680937047e+00
4.840000000000000000e+02 1.722681241988282652e+00
4.850000000000000000e+02 1.722699086660234524e+00
4.860000000000000000e+02 1.722716922696792885e+00
4.870000000000000000e+02 1.722734750097957512e+00
4.880000000000000000e+02 1.722752568863728628e+00
4.890000000000000000e+02 1.722770378994106011e+00
4.900000000000000000e+02 1.722788180489089882e+00
4.910000000000000000e+02 1.722805973348680020e+00
4.920000000000000000e+02 1.722823757572876646e+00
4.930000000000000000e+02 1.722841533161679539e+00
4.940000000000000000e+02 1.722859300115088699e+00
4.950000000000000000e+02 1.722877058433104347e+00
4.960000000000000000e+02 1.722894808115726262e+00
4.970000000000000000e+02 1.722912549162954665e+00
4.980000000000000000e+02 1.722930281574789557e+00
4.990000000000000000e+02 1.722948005351230494e+00
5.000000000000000000e+02 1.722965720492278141e+00
5.010000000000000000e+02 1.722983426997931833e+00
5.020000000000000000e+02 1.723001124868192235e+00
5.030000000000000000e+02 1.723018814103058682e+00
5.040000000000000000e+02 1.723036494702531618e+00
5.050000000000000000e+02 1.723054166666611042e+00
5.060000000000000000e+02 1.723071829995296733e+00
5.070000000000000000e+02 1.723089484688588691e+00
5.080000000000000000e+02 1.723107130746487137e+00
5.090000000000000000e+02 1.723124768168992071e+00
5.100000000000000000e+02 1.723142396956103273e+00
5.110000000000000000e+02 1.723160017107820741e+00
5.120000000000000000e+02 1.723177628624144697e+00
5.130000000000000000e+02 1.723195231505074920e+00
5.140000000000000000e+02 1.723212825750611632e+00
5.150000000000000000e+02 1.723230411360754610e+00
5.160000000000000000e+02 1.723247988335504077e+00
5.170000000000000000e+02 1.723265556674859811e+00
5.180000000000000000e+02 1.723283116378821811e+00
5.190000000000000000e+02 1.723300667447390300e+00
5.200000000000000000e+02 1.723318209880565277e+00
5.210000000000000000e+02 1.723335743678346521e+00
5.220000000000000000e+02 1.723353268840734032e+00
5.230000000000000000e+02 1.723370785367728031e+00
5.240000000000000000e+02 1.723388293259328519e+00
5.250000000000000000e+02 1.723405792515535051e+00
5.260000000000000000e+02 1.723423283136348294e+00
5.270000000000000000e+02 1.723440765121767582e+00
5.280000000000000000e+02 1.723458238471793580e+00
5.290000000000000000e+02 1.723475703186425623e+00
5.300000000000000000e+02 1.723493159265664154e+00
5.310000000000000000e+02 1.723510606709509174e+00
5.320000000000000000e+02 1.723528045517960461e+00
5.330000000000000000e+02 1.723545475691018014e+00
5.340000000000000000e+02 1.723562897228682056e+00
5.350000000000000000e+02 1.723580310130952586e+00
5.360000000000000000e+02 1.723597714397829384e+00
5.370000000000000000e+02 1.723615110029312447e+00
5.380000000000000000e+02 1.723632497025401999e+00
5.390000000000000000e+02 1.723649875386097818e+00
5.400000000000000000e+02 1.723667245111400126e+00
5.410000000000000000e+02 1.723684606201308700e+00
5.420000000000000000e+02 1.723701958655823763e+00
5.430000000000000000e+02 1.723719302474945092e+00
5.440000000000000000e+02 1.723736637658672910e+00
5.450000000000000000e+02 1.723753964207006995e+00
5.460000000000000000e+02 1.723771282119947346e+00
5.470000000000000000e+02 1.723788591397494185e+00
5.480000000000000000e+02 1.723805892039647514e+00
5.490000000000000000e+02 1.723823184046407109e+00
5.500000000000000000e+02 1.723840467417772970e+00
5.510000000000000000e+02 1.723857742153745320e+00
5.520000000000000000e+02 1.723875008254323937e+00
5.530000000000000000e+02 1.723892265719509043e+00
5.540000000000000000e+02 1.723909514549300415e+00
5.550000000000000000e+02 1.723926754743698275e+00
5.560000000000000000e+02 1.723943986302702402e+00
5.570000000000000000e+02 1.723961209226313018e+00
5.580000000000000000e+02 1.723978423514529901e+00
5.590000000000000000e+02 1.723995629167353050e+00
5.600000000000000000e+02 1.724012826184782687e+00
5.610000000000000000e+02 1.724030014566818814e+00
5.620000000000000000e+02 1.724047194313461207e+00
5.630000000000000000e+02 1.724064365424709866e+00
5.640000000000000000e+02 1.724081527900565014e+00
5.650000000000000000e+02 1.724098681741026429e+00
5.660000000000000000e+02 1.724115826946094332e+00
5.670000000000000000e+02 1.724132963515768502e+00
5.680000000000000000e+02 1.724150091450049160e+00
5.690000000000000000e+02 1.724167210748936085e+00
5.700000000000000000e+02 1.724184321412429499e+00
5.710000000000000000e+02 1.724201423440529179e+00
5.720000000000000000e+02 1.724218516833235126e+00
5.730000000000000000e+02 1.724235601590547562e+00
5.740000000000000000e+02 1.724252677712466486e+00
5.750000000000000000e+02 1.724269745198991677e+00
5.760000000000000000e+02 1.724286804050123134e+00
5.770000000000000000e+02 1.724303854265861080e+00
5.780000000000000000e+02 1.724320895846205293e+00
5.790000000000000000e+02 1.724337928791155994e+00
5.800000000000000000e+02 1.724354953100712962e+00
5.810000000000000000e+02 1.724371968774876418e+00
5.820000000000000000e+02 1.724388975813646141e+00
5.830000000000000000e+02 1.724405974217022353e+00
5.840000000000000000e+02 1.724422963985004831e+00
5.850000000000000000e+02 1.724439945117593576e+00
5.860000000000000000e+02 1.724456917614788809e+00
5.870000000000000000e+02 1.724473881476590531e+00
5.880000000000000000e+02 1.724490836702998520e+00
5.890000000000000000e+02 1.724507783294012775e+00
5.900000000000000000e+02 1.724524721249633519e+00
5.910000000000000000e+02 1.724541650569860529e+00
5.920000000000000000e+02 1.724558571254694028e+00
5.930000000000000000e+02 1.724575483304134016e+00
5.940000000000000000e+02 1.724592386718180048e+00
5.950000000000000000e+02 1.724609281496832569e+00
5.960000000000000000e+02 1.724626167640091579e+00
5.970000000000000000e+02 1.724643045147956855e+00
5.980000000000000000e+02 1.724659914020428619e+00
5.990000000000000000e+02 1.724676774257506651e+00
6.000000000000000000e+02 1.724693625859190949e+00
6.010000000000000000e+02 1.724710468825481735e+00
6.020000000000000000e+02 1.724727303156379010e+00
6.030000000000000000e+02 1.724744128851882552e+00
6.040000000000000000e+02 1.724760945911992360e+00
6.050000000000000000e+02 1.724777754336708657e+00
6.060000000000000000e+02 1.724794554126031221e+00
6.070000000000000000e+02 1.724811345279960273e+00
6.080000000000000000e+02 1.724828127798495592e+00
6.090000000000000000e+02 1.724844901681637399e+00
6.100000000000000000e+02 1.724861666929385473e+00
6.110000000000000000e+02 1.724878423541739814e+00
6.120000000000000000e+02 1.724895171518700643e+00
6.130000000000000000e+02 1.724911910860267961e+00
6.140000000000000000e+02 1.724928641566441545e+00
6.150000000000000000e+02 1.724945363637221396e+00
6.160000000000000000e+02 1.724962077072607736e+00
6.170000000000000000e+02 1.724978781872600342e+00
6.180000000000000000e+02 1.724995478037199437e+00
6.190000000000000000e+02 1.725012165566405020e+00
6.200000000000000000e+02 1.725028844460216648e+00
6.210000000000000000e+02 1.725045514718634765e+00
6.220000000000000000e+02 1.725062176341659370e+00
6.230000000000000000e+02 1.725078829329290242e+00
6.240000000000000000e+02 1.725095473681527602e+00
6.250000000000000000e+02 1.725112109398371230e+00
6.260000000000000000e+02 1.725128736479821123e+00
6.270000000000000000e+02 1.725145354925877506e+00
6.280000000000000000e+02 1.725161964736540376e+00
6.290000000000000000e+02 1.725178565911809514e+00
6.300000000000000000e+02 1.725195158451684918e+00
6.310000000000000000e+02 1.725211742356166811e+00
6.320000000000000000e+02 1.725228317625254970e+00
6.330000000000000000e+02 1.725244884258949618e+00
6.340000000000000000e+02 1.725261442257250533e+00
6.350000000000000000e+02 1.725277991620157936e+00
6.360000000000000000e+02 1.725294532347671606e+00
6.370000000000000000e+02 1.725311064439791764e+00
6.380000000000000000e+02 1.725327587896518189e+00
6.390000000000000000e+02 1.725344102717850880e+00
6.400000000000000000e+02 1.725360608903790061e+00
6.410000000000000000e+02 1.725377106454335729e+00
6.420000000000000000e+02 1.725393595369487665e+00
6.430000000000000000e+02 1.725410075649245867e+00
6.440000000000000000e+02 1.725426547293610557e+00
6.450000000000000000e+02 1.725443010302581515e+00
6.460000000000000000e+02 1.725459464676158960e+00
6.470000000000000000e+02 1.725475910414342673e+00
6.480000000000000000e+02 1.725492347517132874e+00
6.490000000000000000e+02 1.725508775984529342e+00
6.500000000000000000e+02 1.725525195816532298e+00
6.510000000000000000e+02 1.725541607013141521e+00
6.520000000000000000e+02 1.725558009574357010e+00
6.530000000000000000e+02 1.725574403500178988e+00
6.540000000000000000e+02 1.725590788790607455e+00
6.550000000000000000e+02 1.725607165445642188e+00
6.560000000000000000e+02 1.725623533465283188e+00
6.570000000000000000e+02 1.725639892849530677e+00
6.580000000000000000e+02 1.725656243598384432e+00
6.590000000000000000e+02 1.725672585711844675e+00
6.600000000000000000e+02 1.725688919189911186e+00
6.610000000000000000e+02 1.725705244032584185e+00
6.620000000000000000e+02 1.725721560239863450e+00
6.630000000000000000e+02 1.725737867811749204e+00
6.640000000000000000e+02 1.725754166748241225e+00
6.650000000000000000e+02 1.725770457049339512e+00
6.660000000000000000e+02 1.725786738715044288e+00
6.670000000000000000e+02 1.725803011745355553e+00
6.680000000000000000e+02 1.725819276140273084e+00
6.690000000000000000e+02 1.725835531899796882e+00
6.700000000000000000e+02 1.725851779023927168e+00
6.710000000000000000e+02 1.725868017512663721e+00
6.720000000000000000e+02 1.725884247366006763e+00
6.730000000000000000e+02 1.725900468583956071e+00
6.740000000000000000e+02 1.725916681166511868e+00
6.750000000000000000e+02 1.725932885113673931e+00
6.760000000000000000e+02 1.725949080425442483e+00
6.770000000000000000e+02 1.725965267101817302e+00
6.780000000000000000e+02 1.725981445142798387e+00
6.790000000000000000e+02 1.725997614548385961e+00
6.800000000000000000e+02 1.726013775318580024e+00
6.810000000000000000e+02 1.726029927453380353e+00
6.820000000000000000e+02 1.726046070952786948e+00
6.830000000000000000e+02 1.726062205816800033e+00
6.840000000000000000e+02 1.726078332045419383e+00
6.850000000000000000e+02 1.726094449638645223e+00
6.860000000000000000e+02 1.726110558596477551e+00
6.870000000000000000e+02 1.726126658918915924e+00
6.880000000000000000e+02 1.726142750605960785e+00
6.890000000000000000e+02 1.726158833657612135e+00
6.900000000000000000e+02 1.726174908073869751e+00
6.910000000000000000e+02 1.726190973854733857e+00
6.920000000000000000e+02 1.726207031000204228e+00
6.930000000000000000e+02 1.726223079510280867e+00
6.940000000000000000e+02 1.726239119384963994e+00
6.950000000000000000e+02 1.726255150624253609e+00
6.960000000000000000e+02 1.726271173228149491e+00
6.970000000000000000e+02 1.726287187196651640e+00
6.980000000000000000e+02 1.726303192529760278e+00
6.990000000000000000e+02 1.726319189227475182e+00
7.000000000000000000e+02 1.726335177289796574e+00
7.010000000000000000e+02 1.726351156716724233e+00
7.020000000000000000e+02 1.726367127508258381e+00
7.030000000000000000e+02 1.726383089664398796e+00
7.040000000000000000e+02 1.726399043185145477e+00
7.050000000000000000e+02 1.726414988070498646e+00
7.060000000000000000e+02 1.726430924320458304e+00
7.070000000000000000e+02 1.726446851935024229e+00
7.080000000000000000e+02 1.726462770914196421e+00
7.090000000000000000e+02 1.726478681257975101e+00
7.100000000000000000e+02 1.726494582966360047e+00
7.110000000000000000e+02 1.726510476039351483e+00
7.120000000000000000e+02 1.726526360476949407e+00
7.130000000000000000e+02 1.726542236279153375e+00
7.140000000000000000e+02 1.726558103445964054e+00
7.150000000000000000e+02 1.726573961977380778e+00
7.160000000000000000e+02 1.726589811873403990e+00
7.170000000000000000e+02 1.726605653134033691e+00
7.180000000000000000e+02 1.726621485759269659e+00
7.190000000000000000e+02 1.726637309749111893e+00
7.200000000000000000e+02 1.726653125103560615e+00
7.210000000000000000e+02 1.726668931822615827e+00
7.220000000000000000e+02 1.726684729906277305e+00
7.230000000000000000e+02 1.726700519354545049e+00
7.240000000000000000e+02 1.726716300167419282e+00
7.250000000000000000e+02 1.726732072344899782e+00
7.260000000000000000e+02 1.726747835886986771e+00
7.270000000000000000e+02 1.726763590793680025e+00
7.280000000000000000e+02 1.726779337064979769e+00
7.290000000000000000e+02 1.726795074700885779e+00
7.300000000000000000e+02 1.726810803701398278e+00
7.310000000000000000e+02 1.726826524066517043e+00
7.320000000000000000e+02 1.726842235796242075e+00
7.330000000000000000e+02 1.726857938890573596e+00
7.340000000000000000e+02 1.726873633349511605e+00
7.350000000000000000e+02 1.726889319173055881e+00
7.360000000000000000e+02 1.726904996361206424e+00
7.370000000000000000e+02 1.726920664913963455e+00
7.380000000000000000e+02 1.726936324831326752e+00
7.390000000000000000e+02 1.726951976113296539e+00
7.400000000000000000e+02 1.726967618759872591e+00
7.410000000000000000e+02 1.726983252771055133e+00
7.420000000000000000e+02 1.726998878146843941e+00
7.430000000000000000e+02 1.727014494887239238e+00
7.440000000000000000e+02 1.727030102992240801e+00
7.450000000000000000e+02 1.727045702461848631e+00
7.460000000000000000e+02 1.727061293296062949e+00
7.470000000000000000e+02 1.727076875494883756e+00
7.480000000000000000e+02 1.727092449058310830e+00
7.490000000000000000e+02 1.727108013986344170e+00
7.500000000000000000e+02 1.727123570278983999e+00
7.510000000000000000e+02 1.727139117936230095e+00
7.520000000000000000e+02 1.727154656958082679e+00
7.530000000000000000e+02 1.727170187344541530e+00
7.540000000000000000e+02 1.727185709095606869e+00
7.550000000000000000e+02 1.727201222211278475e+00
7.560000000000000000e+02 1.727216726691556570e+00
7.570000000000000000e+02 1.727232222536440931e+00
7.580000000000000000e+02 1.727247709745931559e+00
7.590000000000000000e+02 1.727263188320028675e+00
7.600000000000000000e+02 1.727278658258732280e+00
7.610000000000000000e+02 1.727294119562042152e+00
7.620000000000000000e+02 1.727309572229958290e+00
7.630000000000000000e+02 1.727325016262480917e+00
7.640000000000000000e+02 1.727340451659609810e+00
7.650000000000000000e+02 1.727355878421345192e+00
7.660000000000000000e+02 1.727371296547686841e+00
7.670000000000000000e+02 1.727386706038634978e+00
7.680000000000000000e+02 1.727402106894189382e+00
7.690000000000000000e+02 1.727417499114350274e+00
7.700000000000000000e+02 1.727432882699117433e+00
7.710000000000000000e+02 1.727448257648491081e+00
7.720000000000000000e+02 1.727463623962470995e+00
7.730000000000000000e+02 1.727478981641057176e+00
7.740000000000000000e+02 1.727494330684249846e+00
7.750000000000000000e+02 1.727509671092048782e+00
7.760000000000000000e+02 1.727525002864454207e+00
7.770000000000000000e+02 1.727540326001466120e+00
7.780000000000000000e+02 1.727555640503084078e+00
7.790000000000000000e+02 1.727570946369308746e+00
7.800000000000000000e+02 1.727586243600139460e+00
7.810000000000000000e+02 1.727601532195576883e+00
7.820000000000000000e+02 1.727616812155620352e+00
7.830000000000000000e+02 1.727632083480270309e+00
7.840000000000000000e+02 1.727647346169526754e+00
7.850000000000000000e+02 1.727662600223389466e+00
7.860000000000000000e+02 1.727677845641858445e+00
7.870000000000000000e+02 1.727693082424933912e+00
7.880000000000000000e+02 1.727708310572615868e+00
7.890000000000000000e+02 1.727723530084904091e+00
7.900000000000000000e+02 1.727738740961798580e+00
7.910000000000000000e+02 1.727753943203299558e+00
7.920000000000000000e+02 1.727769136809406803e+00
7.930000000000000000e+02 1.727784321780120536e+00
7.940000000000000000e+02 1.727799498115440535e+00
7.950000000000000000e+02 1.727814665815367023e+00
7.960000000000000000e+02 1.727829824879899778e+00
7.970000000000000000e+02 1.727844975309038800e+00
7.980000000000000000e+02 1.727860117102784310e+00
7.990000000000000000e+02 1.727875250261136308e+00
8.000000000000000000e+02 1.727890374784094574e+00
8.010000000000000000e+02 1.727905490671659106e+00
8.020000000000000000e+02 1.727920597923830126e+00
8.030000000000000000e+02 1.727935696540607635e+00
8.040000000000000000e+02 1.727950786521991189e+00
8.050000000000000000e+02 1.727965867867981453e+00
8.060000000000000000e+02 1.727980940578577984e+00
8.070000000000000000e+02 1.727996004653780782e+00
8.080000000000000000e+02 1.728011060093589846e+00
8.090000000000000000e+02 1.728026106898005620e+00
8.100000000000000000e+02 1.728041145067027440e+00
8.110000000000000000e+02 1.728056174600655748e+00
8.120000000000000000e+02 1.728071195498890544e+00
8.130000000000000000e+02 1.728086207761731607e+00
8.140000000000000000e+02 1.728101211389178937e+00
8.150000000000000000e+02 1.728116206381232756e+00
8.160000000000000000e+02 1.728131192737892841e+00
8.170000000000000000e+02 1.728146170459159414e+00
8.180000000000000000e+02 1.728161139545032476e+00
8.190000000000000000e+02 1.728176099995511583e+00
8.200000000000000000e+02 1.728191051810597179e+00
8.210000000000000000e+02 1.728205994990289263e+00
8.220000000000000000e+02 1.728220929534587613e+00
8.230000000000000000e+02 1.728235855443492452e+00
8.240000000000000000e+02 1.728250772717003558e+00
8.250000000000000000e+02 1.728265681355121153e+00
8.260000000000000000e+02 1.728280581357844792e+00
8.270000000000000000e+02 1.728295472725175141e+00
8.280000000000000000e+02 1.728310355457111758e+00
8.290000000000000000e+02 1.728325229553654641e+00
8.300000000000000000e+02 1.728340095014804012e+00
8.310000000000000000e+02 1.728354951840559650e+00
8.320000000000000000e+02 1.728369800030921777e+00
8.330000000000000000e+02 1.728384639585890170e+00
8.340000000000000000e+02 1.728399470505465052e+00
8.350000000000000000e+02 1.728414292789646201e+00
8.360000000000000000e+02 1.728429106438433838e+00
8.370000000000000000e+02 1.728443911451827741e+00
8.380000000000000000e+02 1.728458707829827912e+00
8.390000000000000000e+02 1.728473495572434571e+00
8.400000000000000000e+02 1.728488274679647718e+00
8.410000000000000000e+02 1.728503045151467132e+00
8.420000000000000000e+02 1.728517806987892813e+00
8.430000000000000000e+02 1.728532560188924982e+00
8.440000000000000000e+02 1.728547304754563418e+00
8.450000000000000000e+02 1.728562040684808343e+00
8.460000000000000000e+02 1.728576767979659534e+00
8.470000000000000000e+02 1.728591486639117214e+00
8.480000000000000000e+02 1.728606196663181160e+00
8.490000000000000000e+02 1.728620898051851595e+00
8.500000000000000000e+02 1.728635590805128297e+00
8.510000000000000000e+02 1.728650274923011487e+00
8.520000000000000000e+02 1.728664950405500944e+00
8.530000000000000000e+02 1.728679617252596667e+00
8.540000000000000000e+02 1.728694275464298880e+00
8.550000000000000000e+02 1.728708925040607358e+00
8.560000000000000000e+02 1.728723565981522325e+00
8.570000000000000000e+02 1.728738198287043781e+00
8.580000000000000000e+02 1.728752821957171282e+00
8.590000000000000000e+02 1.728767436991905493e+00
8.600000000000000000e+02 1.728782043391245749e+00
8.610000000000000000e+02 1.728796641155192715e+00
8.620000000000000000e+02 1.728811230283745726e+00
8.630000000000000000e+02 1.728825810776905225e+00
8.640000000000000000e+02 1.728840382634671213e+00
8.650000000000000000e+02 1.728854945857043468e+00
8.660000000000000000e+02 1.728869500444021989e+00
8.670000000000000000e+02 1.728884046395606999e+00
8.680000000000000000e+02 1.728898583711798498e+00
8.690000000000000000e+02 1.728913112392596263e+00
8.700000000000000000e+02 1.728927632438000295e+00
8.710000000000000000e+02 1.728942143848010815e+00
8.720000000000000000e+02 1.728956646622627602e+00
8.730000000000000000e+02 1.728971140761850878e+00
8.740000000000000000e+02 1.728985626265680420e+00
8.750000000000000000e+02 1.729000103134116451e+00
8.760000000000000000e+02 1.729014571367158748e+00
8.770000000000000000e+02 1.729029030964807312e+00
8.780000000000000000e+02 1.729043481927062365e+00
8.790000000000000000e+02 1.729057924253923906e+00
8.800000000000000000e+02 1.729072357945391714e+00
8.810000000000000000e+02 1.729086783001465788e+00
8.820000000000000000e+02 1.729101199422146351e+00
8.830000000000000000e+02 1.729115607207433181e+00
8.840000000000000000e+02 1.729130006357326499e+00
8.850000000000000000e+02 1.729144396871826084e+00
8.860000000000000000e+02 1.729158778750932157e+00
8.870000000000000000e+02 1.729173151994644497e+00
8.880000000000000000e+02 1.729187516602963326e+00
8.890000000000000000e+02 1.729201872575888421e+00
8.900000000000000000e+02 1.729216219913420005e+00
8.910000000000000000e+02 1.729230558615557856e+00
8.920000000000000000e+02 1.729244888682301973e+00
8.930000000000000000e+02 1.729259210113652578e+00
8.940000000000000000e+02 1.729273522909609673e+00
8.950000000000000000e+02 1.729287827070173034e+00
8.960000000000000000e+02 1.729302122595342661e+00
8.970000000000000000e+02 1.729316409485118777e+00
8.980000000000000000e+02 1.729330687739501160e+00
8.990000000000000000e+02 1.729344957358490031e+00
9.000000000000000000e+02 1.729359218342085169e+00
9.010000000000000000e+02 1.729373470690286796e+00
9.020000000000000000e+02 1.729387714403094689e+00
9.030000000000000000e+02 1.729401949480508849e+00
9.040000000000000000e+02 1.729416175922529719e+00
9.050000000000000000e+02 1.729430393729156634e+00
9.060000000000000000e+02 1.729444602900390038e+00
9.070000000000000000e+02 1.729458803436229708e+00
9.080000000000000000e+02 1.729472995336675867e+00
9.090000000000000000e+02 1.729487178601728514e+00
9.100000000000000000e+02 1.729501353231387428e+00
9.110000000000000000e+02 1.729515519225652609e+00
9.120000000000000000e+02 1.729529676584524278e+00
9.130000000000000000e+02 1.729543825308002214e+00
9.140000000000000000e+02 1.729557965396086638e+00
9.150000000000000000e+02 1.729572096848777329e+00
9.160000000000000000e+02 1.729586219666074287e+00
9.170000000000000000e+02 1.729600333847977733e+00
9.180000000000000000e+02 1.729614439394487668e+00
9.190000000000000000e+02 1.729628536305603870e+00
9.200000000000000000e+02 1.729642624581326338e+00
9.210000000000000000e+02 1.729656704221655295e+00
9.220000000000000000e+02 1.729670775226590740e+00
9.230000000000000000e+02 1.729684837596132230e+00
9.240000000000000000e+02 1.729698891330280430e+00
9.250000000000000000e+02 1.729712936429034897e+00
9.260000000000000000e+02 1.729726972892395631e+00
9.270000000000000000e+02 1.729741000720362631e+00
9.280000000000000000e+02 1.729755019912936342e+00
9.290000000000000000e+02 1.729769030470116098e+00
9.300000000000000000e+02 1.729783032391902342e+00
9.310000000000000000e+02 1.729797025678295075e+00
9.320000000000000000e+02 1.729811010329294074e+00
9.330000000000000000e+02 1.729824986344899340e+00
9.340000000000000000e+02 1.729838953725111095e+00
9.350000000000000000e+02 1.729852912469929338e+00
9.360000000000000000e+02 1.729866862579353848e+00
9.370000000000000000e+02 1.729880804053384624e+00
9.380000000000000000e+02 1.729894736892021889e+00
9.390000000000000000e+02 1.729908661095265421e+00
9.400000000000000000e+02 1.729922576663115441e+00
9.410000000000000000e+02 1.729936483595571728e+00
9.420000000000000000e+02 1.729950381892634281e+00
9.430000000000000000e+02 1.729964271554303323e+00
9.440000000000000000e+02 1.729978152580578854e+00
9.450000000000000000e+02 1.729992024971460651e+00
9.460000000000000000e+02 1.730005888726948715e+00
9.470000000000000000e+02 1.730019743847043268e+00
9.480000000000000000e+02 1.730033590331744309e+00
9.490000000000000000e+02 1.730047428181051616e+00
9.500000000000000000e+02 1.730061257394965191e+00
9.510000000000000000e+02 1.730075077973485254e+00
9.520000000000000000e+02 1.730088889916611583e+00
9.530000000000000000e+02 1.730102693224344401e+00
9.540000000000000000e+02 1.730116487896683486e+00
9.550000000000000000e+02 1.730130273933629059e+00
9.560000000000000000e+02 1.730144051335180899e+00
9.570000000000000000e+02 1.730157820101339006e+00
9.580000000000000000e+02 1.730171580232103601e+00
9.590000000000000000e+02 1.730185331727474685e+00
9.600000000000000000e+02 1.730199074587452035e+00
9.610000000000000000e+02 1.730212808812035652e+00
9.620000000000000000e+02 1.730226534401225758e+00
9.630000000000000000e+02 1.730240251355022130e+00
9.640000000000000000e+02 1.730253959673424990e+00
9.650000000000000000e+02 1.730267659356434118e+00
9.660000000000000000e+02 1.730281350404049734e+00
9.670000000000000000e+02 1.730295032816271616e+00
9.680000000000000000e+02 1.730308706593099988e+00
9.690000000000000000e+02 1.730322371734534626e+00
9.700000000000000000e+02 1.730336028240575752e+00
9.710000000000000000e+02 1.730349676111223145e+00
9.720000000000000000e+02 1.730363315346476805e+00
9.730000000000000000e+02 1.730376945946336953e+00
9.740000000000000000e+02 1.730390567910803590e+00
9.750000000000000000e+02 1.730404181239876493e+00
9.760000000000000000e+02 1.730417785933555663e+00
9.770000000000000000e+02 1.730431381991841322e+00
9.780000000000000000e+02 1.730444969414733247e+00
9.790000000000000000e+02 1.730458548202231661e+00
9.800000000000000000e+02 1.730472118354336342e+00
9.810000000000000000e+02 1.730485679871047511e+00
9.820000000000000000e+02 1.730499232752364946e+00
9.830000000000000000e+02 1.730512776998288649e+00
9.840000000000000000e+02 1.730526312608818840e+00
9.850000000000000000e+02 1.730539839583955519e+00
9.860000000000000000e+02 1.730553357923698465e+00
9.870000000000000000e+02 1.730566867628047678e+00
9.880000000000000000e+02 1.730580368697003379e+00
9.890000000000000000e+02 1.730593861130565347e+00
9.900000000000000000e+02 1.730607344928733804e+00
9.910000000000000000e+02 1.730620820091508749e+00
9.920000000000000000e+02 1.730634286618889739e+00
9.930000000000000000e+02 1.730647744510877439e+00
9.940000000000000000e+02 1.730661193767471184e+00
9.950000000000000000e+02 1.730674634388671418e+00
9.960000000000000000e+02 1.730688066374478140e+00
9.970000000000000000e+02 1.730701489724891129e+00
9.980000000000000000e+02 1.730714904439910606e+00
9.990000000000000000e+02 1.730728310519536350e+00
1.000000000000000000e+03 1.730741707963768361e+00
1.001000000000000000e+03 1.730755096772606860e+00
1.002000000000000000e+03 1.730768476946051626e+00
1.003000000000000000e+03 1.730781848484102881e+00
1.004000000000000000e+03 1.730795211386760402e+00
1.005000000000000000e+03 1.730808565654024411e+00
1.006000000000000000e+03 1.730821911285894688e+00
1.007000000000000000e+03 1.730835248282371452e+00
1.008000000000000000e+03 1.730848576643454484e+00
1.009000000000000000e+03 1.730861896369144004e+00
1.010000000000000000e+03 1.730875207459439791e+00
1.011000000000000000e+03 1.730888509914341844e+00
1.012000000000000000e+03 1.730901803733850386e+00
1.013000000000000000e+03 1.730915088917965416e+00
1.014000000000000000e+03 1.730928365466686714e+00
1.015000000000000000e+03 1.730941633380014277e+00
1.016000000000000000e+03 1.730954892657948330e+00
1.017000000000000000e+03 1.730968143300488649e+00
1.018000000000000000e+03 1.730981385307635456e+00
1.019000000000000000e+03 1.730994618679388530e+00
1.020000000000000000e+03 1.731007843415748093e+00
1.021000000000000000e+03 1.731021059516713922e+00
