# order=17: data_wav [pixel], data_wavsolution [micron]
1.200000000000000000e+01 1.872645207082826557e+00
1.300000000000000000e+01 1.872676779364256694e+00
1.400000000000000000e+01 1.872708347462700429e+00
1.500000000000000000e+01 1.872739911378501709e+00
1.600000000000000000e+01 1.872771471112004926e+00
1.700000000000000000e+01 1.872803026663554915e+00
1.800000000000000000e+01 1.872834578033495845e+00
1.900000000000000000e+01 1.872866125222172107e+00
2.000000000000000000e+01 1.872897668229928092e+00
2.100000000000000000e+01 1.872929207057108414e+00
2.200000000000000000e+01 1.872960741704057464e+00
2.300000000000000000e+01 1.872992272171119632e+00
2.400000000000000000e+01 1.873023798458639311e+00
2.500000000000000000e+01 1.873055320566960669e+00
2.600000000000000000e+01 1.873086838496428763e+00
2.700000000000000000e+01 1.873118352247387319e+00
2.800000000000000000e+01 1.873149861820181394e+00
2.900000000000000000e+01 1.873181367215154935e+00
3.000000000000000000e+01 1.873212868432652556e+00
3.100000000000000000e+01 1.873244365473018647e+00
3.200000000000000000e+01 1.873275858336597821e+00
3.300000000000000000e+01 1.873307347023734248e+00
3.400000000000000000e+01 1.873338831534772320e+00
3.500000000000000000e+01 1.873370311870056870e+00
3.600000000000000000e+01 1.873401788029931847e+00
3.700000000000000000e+01 1.873433260014741863e+00
3.800000000000000000e+01 1.873464727824831311e+00
3.900000000000000000e+01 1.873496191460544802e+00
4.000000000000000000e+01 1.873527650922226506e+00
4.100000000000000000e+01 1.873559106210220815e+00
4.200000000000000000e+01 1.873590557324872563e+00
4.300000000000000000e+01 1.873622004266525920e+00
4.400000000000000000e+01 1.873653447035525055e+00
4.500000000000000000e+01 1.873684885632214803e+00
4.600000000000000000e+01 1.873716320056939333e+00
4.700000000000000000e+01 1.873747750310043259e+00
4.800000000000000000e+01 1.873779176391870971e+00
4.900000000000000000e+01 1.873810598302766639e+00
5.000000000000000000e+01 1.873842016043074876e+00
5.100000000000000000e+01 1.873873429613140296e+00
5.200000000000000000e+01 1.873904839013307067e+00
5.300000000000000000e+01 1.873936244243919580e+00
5.400000000000000000e+01 1.873967645305322449e+00
5.500000000000000000e+01 1.873999042197860065e+00
5.600000000000000000e+01 1.874030434921876820e+00
5.700000000000000000e+01 1.874061823477717104e+00
5.800000000000000000e+01 1.874093207865725308e+00
5.900000000000000000e+01 1.874124588086245824e+00
6.000000000000000000e+01 1.874155964139623265e+00
6.100000000000000000e+01 1.874187336026202022e+00
6.200000000000000000e+01 1.874218703746326264e+00
6.300000000000000000e+01 1.874250067300340827e+00
6.400000000000000000e+01 1.874281426688589880e+00
6.500000000000000000e+01 1.874312781911417813e+00
6.600000000000000000e+01 1.874344132969169019e+00
6.700000000000000000e+01 1.874375479862188110e+00
6.800000000000000000e+01 1.874406822590819477e+00
6.900000000000000000e+01 1.874438161155407512e+00
7.000000000000000000e+01 1.874469495556296605e+00
7.100000000000000000e+01 1.874500825793831149e+00
7.200000000000000000e+01 1.874532151868355756e+00
7.300000000000000000e+01 1.874563473780214595e+00
7.400000000000000000e+01 1.874594791529752280e+00
7.500000000000000000e+01 1.874626105117313202e+00
7.600000000000000000e+01 1.874657414543241529e+00
7.700000000000000000e+01 1.874688719807882098e+00
7.800000000000000000e+01 1.874720020911579077e+00
7.900000000000000000e+01 1.874751317854677080e+00
8.000000000000000000e+01 1.874782610637520275e+00
8.100000000000000000e+01 1.874813899260453276e+00
8.200000000000000000e+01 1.874845183723820474e+00
8.300000000000000000e+01 1.874876464027966261e+00
8.400000000000000000e+01 1.874907740173235027e+00
8.500000000000000000e+01 1.874939012159971385e+00
8.600000000000000000e+01 1.874970279988519506e+00
8.700000000000000000e+01 1.875001543659224001e+00
8.800000000000000000e+01 1.875032803172429041e+00
8.900000000000000000e+01 1.875064058528479460e+00
9.000000000000000000e+01 1.875095309727719428e+00
9.100000000000000000e+01 1.875126556770493336e+00
9.200000000000000000e+01 1.875157799657145574e+00
9.300000000000000000e+01 1.875189038388020757e+00
9.400000000000000000e+01 1.875220272963463275e+00
9.500000000000000000e+01 1.875251503383817520e+00
9.600000000000000000e+01 1.875282729649427882e+00
9.700000000000000000e+01 1.875313951760638753e+00
9.800000000000000000e+01 1.875345169717794747e+00
9.900000000000000000e+01 1.875376383521240031e+00
1.000000000000000000e+02 1.875407593171318998e+00
1.010000000000000000e+02 1.875438798668376483e+00
1.020000000000000000e+02 1.875470000012756433e+00
1.030000000000000000e+02 1.875501197204803683e+00
1.040000000000000000e+02 1.875532390244862402e+00
1.050000000000000000e+02 1.875563579133276981e+00
1.060000000000000000e+02 1.875594763870392034e+00
1.070000000000000000e+02 1.875625944456551952e+00
1.080000000000000000e+02 1.875657120892101126e+00
1.090000000000000000e+02 1.875688293177383725e+00
1.100000000000000000e+02 1.875719461312744585e+00
1.110000000000000000e+02 1.875750625298527874e+00
1.120000000000000000e+02 1.875781785135078206e+00
1.130000000000000000e+02 1.875812940822739971e+00
1.140000000000000000e+02 1.875844092361857340e+00
1.150000000000000000e+02 1.875875239752774926e+00
1.160000000000000000e+02 1.875906382995837340e+00
1.170000000000000000e+02 1.875937522091388532e+00
1.180000000000000000e+02 1.875968657039773335e+00
1.190000000000000000e+02 1.875999787841336142e+00
1.200000000000000000e+02 1.876030914496421342e+00
1.210000000000000000e+02 1.876062037005373107e+00
1.220000000000000000e+02 1.876093155368536047e+00
1.230000000000000000e+02 1.876124269586254778e+00
1.240000000000000000e+02 1.876155379658873468e+00
1.250000000000000000e+02 1.876186485586736508e+00
1.260000000000000000e+02 1.876217587370188511e+00
1.270000000000000000e+02 1.876248685009573869e+00
1.280000000000000000e+02 1.876279778505236973e+00
1.290000000000000000e+02 1.876310867857522213e+00
1.300000000000000000e+02 1.876341953066774204e+00
1.310000000000000000e+02 1.876373034133336892e+00
1.320000000000000000e+02 1.876404111057555335e+00
1.330000000000000000e+02 1.876435183839773480e+00
1.340000000000000000e+02 1.876466252480335939e+00
1.350000000000000000e+02 1.876497316979587104e+00
1.360000000000000000e+02 1.876528377337871367e+00
1.370000000000000000e+02 1.876559433555533118e+00
1.380000000000000000e+02 1.876590485632916971e+00
1.390000000000000000e+02 1.876621533570367317e+00
1.400000000000000000e+02 1.876652577368228547e+00
1.410000000000000000e+02 1.876683617026844830e+00
1.420000000000000000e+02 1.876714652546561002e+00
1.430000000000000000e+02 1.876745683927721009e+00
1.440000000000000000e+02 1.876776711170669909e+00
1.450000000000000000e+02 1.876807734275751427e+00
1.460000000000000000e+02 1.876838753243310620e+00
1.470000000000000000e+02 1.876869768073691436e+00
1.480000000000000000e+02 1.876900778767238709e+00
1.490000000000000000e+02 1.876931785324296609e+00
1.500000000000000000e+02 1.876962787745209527e+00
1.510000000000000000e+02 1.876993786030321854e+00
1.520000000000000000e+02 1.877024780179978203e+00
1.530000000000000000e+02 1.877055770194522966e+00
1.540000000000000000e+02 1.877086756074300533e+00
1.550000000000000000e+02 1.877117737819655297e+00
1.560000000000000000e+02 1.877148715430931647e+00
1.570000000000000000e+02 1.877179688908474198e+00
1.580000000000000000e+02 1.877210658252627118e+00
1.590000000000000000e+02 1.877241623463735021e+00
1.600000000000000000e+02 1.877272584542142297e+00
1.610000000000000000e+02 1.877303541488193339e+00
1.620000000000000000e+02 1.877334494302232537e+00
1.630000000000000000e+02 1.877365442984604282e+00
1.640000000000000000e+02 1.877396387535653188e+00
1.650000000000000000e+02 1.877427327955723646e+00
1.660000000000000000e+02 1.877458264245159825e+00
1.670000000000000000e+02 1.877489196404306337e+00
1.680000000000000000e+02 1.877520124433507576e+00
1.690000000000000000e+02 1.877551048333108152e+00
1.700000000000000000e+02 1.877581968103452237e+00
1.710000000000000000e+02 1.877612883744884220e+00
1.720000000000000000e+02 1.877643795257748938e+00
1.730000000000000000e+02 1.877674702642390336e+00
1.740000000000000000e+02 1.877705605899153030e+00
1.750000000000000000e+02 1.877736505028381409e+00
1.760000000000000000e+02 1.877767400030420086e+00
1.770000000000000000e+02 1.877798290905613232e+00
1.780000000000000000e+02 1.877829177654305459e+00
1.790000000000000000e+02 1.877860060276840937e+00
1.800000000000000000e+02 1.877890938773564278e+00
1.810000000000000000e+02 1.877921813144820096e+00
1.820000000000000000e+02 1.877952683390952560e+00
1.830000000000000000e+02 1.877983549512306061e+00
1.840000000000000000e+02 1.878014411509225212e+00
1.850000000000000000e+02 1.878045269382054183e+00
1.860000000000000000e+02 1.878076123131137587e+00
1.870000000000000000e+02 1.878106972756820037e+00
1.880000000000000000e+02 1.878137818259445480e+00
1.890000000000000000e+02 1.878168659639358751e+00
1.900000000000000000e+02 1.878199496896904019e+00
1.910000000000000000e+02 1.878230330032425899e+00
1.920000000000000000e+02 1.878261159046268780e+00
1.930000000000000000e+02 1.878291983938776832e+00
1.940000000000000000e+02 1.878322804710294891e+00
1.950000000000000000e+02 1.878353621361167125e+00
1.960000000000000000e+02 1.878384433891737926e+00
1.970000000000000000e+02 1.878415242302351906e+00
1.980000000000000000e+02 1.878446046593353236e+00
1.990000000000000000e+02 1.878476846765086528e+00
2.000000000000000000e+02 1.878507642817896395e+00
2.010000000000000000e+02 1.878538434752126784e+00
2.020000000000000000e+02 1.878569222568122532e+00
2.030000000000000000e+02 1.878600006266227807e+00
2.040000000000000000e+02 1.878630785846787221e+00
2.050000000000000000e+02 1.878661561310145167e+00
2.060000000000000000e+02 1.878692332656645814e+00
2.070000000000000000e+02 1.878723099886633996e+00
2.080000000000000000e+02 1.878753863000453883e+00
2.090000000000000000e+02 1.878784621998449866e+00
2.100000000000000000e+02 1.878815376880966559e+00
2.110000000000000000e+02 1.878846127648348130e+00
2.120000000000000000e+02 1.878876874300939415e+00
2.130000000000000000e+02 1.878907616839084360e+00
2.140000000000000000e+02 1.878938355263127580e+00
2.150000000000000000e+02 1.878969089573413687e+00
2.160000000000000000e+02 1.878999819770286850e+00
2.170000000000000000e+02 1.879030545854091683e+00
2.180000000000000000e+02 1.879061267825172576e+00
2.190000000000000000e+02 1.879091985683873700e+00
2.200000000000000000e+02 1.879122699430539889e+00
2.210000000000000000e+02 1.879153409065515090e+00
2.220000000000000000e+02 1.879184114589144361e+00
2.230000000000000000e+02 1.879214816001771426e+00
2.240000000000000000e+02 1.879245513303741344e+00
2.250000000000000000e+02 1.879276206495398061e+00
2.260000000000000000e+02 1.879306895577086189e+00
2.270000000000000000e+02 1.879337580549150122e+00
2.280000000000000000e+02 1.879368261411934471e+00
2.290000000000000000e+02 1.879398938165783406e+00
2.300000000000000000e+02 1.879429610811041318e+00
2.310000000000000000e+02 1.879460279348053042e+00
2.320000000000000000e+02 1.879490943777162526e+00
2.330000000000000000e+02 1.879521604098714382e+00
2.340000000000000000e+02 1.879552260313053225e+00
2.350000000000000000e+02 1.879582912420523222e+00
2.360000000000000000e+02 1.879613560421468765e+00
2.370000000000000000e+02 1.879644204316234468e+00
2.380000000000000000e+02 1.879674844105164722e+00
2.390000000000000000e+02 1.879705479788603917e+00
2.400000000000000000e+02 1.879736111366896445e+00
2.410000000000000000e+02 1.879766738840386697e+00
2.420000000000000000e+02 1.879797362209419287e+00
2.430000000000000000e+02 1.879827981474338383e+00
2.440000000000000000e+02 1.879858596635488599e+00
2.450000000000000000e+02 1.879889207693214326e+00
2.460000000000000000e+02 1.879919814647859955e+00
2.470000000000000000e+02 1.879950417499769877e+00
2.480000000000000000e+02 1.879981016249288706e+00
2.490000000000000000e+02 1.880011610896760610e+00
2.500000000000000000e+02 1.880042201442530203e+00
2.510000000000000000e+02 1.880072787886941654e+00
2.520000000000000000e+02 1.880103370230339799e+00
2.530000000000000000e+02 1.880133948473068584e+00
2.540000000000000000e+02 1.880164522615472844e+00
2.550000000000000000e+02 1.880195092657896971e+00
2.560000000000000000e+02 1.880225658600684913e+00
2.570000000000000000e+02 1.880256220444181725e+00
2.580000000000000000e+02 1.880286778188731578e+00
2.590000000000000000e+02 1.880317331834678640e+00
2.600000000000000000e+02 1.880347881382367747e+00
2.610000000000000000e+02 1.880378426832143068e+00
2.620000000000000000e+02 1.880408968184349217e+00
2.630000000000000000e+02 1.880439505439330361e+00
2.640000000000000000e+02 1.880470038597431115e+00
2.650000000000000000e+02 1.880500567658995870e+00
2.660000000000000000e+02 1.880531092624369016e+00
2.670000000000000000e+02 1.880561613493894946e+00
2.680000000000000000e+02 1.880592130267918272e+00
2.690000000000000000e+02 1.880622642946783385e+00
2.700000000000000000e+02 1.880653151530834455e+00
2.710000000000000000e+02 1.880683656020416095e+00
2.720000000000000000e+02 1.880714156415872695e+00
2.730000000000000000e+02 1.880744652717548648e+00
2.740000000000000000e+02 1.880775144925788567e+00
2.750000000000000000e+02 1.880805633040936620e+00
2.760000000000000000e+02 1.880836117063337198e+00
2.770000000000000000e+02 1.880866596993335138e+00
2.780000000000000000e+02 1.880897072831274386e+00
2.790000000000000000e+02 1.880927544577499777e+00
2.800000000000000000e+02 1.880958012232355481e+00
2.810000000000000000e+02 1.880988475796185888e+00
2.820000000000000000e+02 1.881018935269335612e+00
2.830000000000000000e+02 1.881049390652148823e+00
2.840000000000000000e+02 1.881079841944970132e+00
2.850000000000000000e+02 1.881110289148144155e+00
2.860000000000000000e+02 1.881140732262014836e+00
2.870000000000000000e+02 1.881171171286927013e+00
2.880000000000000000e+02 1.881201606223225076e+00
2.890000000000000000e+02 1.881232037071253194e+00
2.900000000000000000e+02 1.881262463831355758e+00
2.910000000000000000e+02 1.881292886503877604e+00
2.920000000000000000e+02 1.881323305089162901e+00
2.930000000000000000e+02 1.881353719587556039e+00
2.940000000000000000e+02 1.881384129999401633e+00
2.950000000000000000e+02 1.881414536325043851e+00
2.960000000000000000e+02 1.881444938564827085e+00
2.970000000000000000e+02 1.881475336719096170e+00
2.980000000000000000e+02 1.881505730788195274e+00
2.990000000000000000e+02 1.881536120772468790e+00
3.000000000000000000e+02 1.881566506672261108e+00
3.010000000000000000e+02 1.881596888487916619e+00
3.020000000000000000e+02 1.881627266219780159e+00
3.030000000000000000e+02 1.881657639868195675e+00
3.040000000000000000e+02 1.881688009433507558e+00
3.050000000000000000e+02 1.881718374916060643e+00
3.060000000000000000e+02 1.881748736316199322e+00
3.070000000000000000e+02 1.881779093634267541e+00
3.080000000000000000e+02 1.881809446870610358e+00
3.090000000000000000e+02 1.881839796025571721e+00
3.100000000000000000e+02 1.881870141099496019e+00
3.110000000000000000e+02 1.881900482092728089e+00
3.120000000000000000e+02 1.881930819005612099e+00
3.130000000000000000e+02 1.881961151838492441e+00
3.140000000000000000e+02 1.881991480591713728e+00
3.150000000000000000e+02 1.882021805265620129e+00
3.160000000000000000e+02 1.882052125860556480e+00
3.170000000000000000e+02 1.882082442376866727e+00
3.180000000000000000e+02 1.882112754814895483e+00
3.190000000000000000e+02 1.882143063174987141e+00
3.200000000000000000e+02 1.882173367457486313e+00
3.210000000000000000e+02 1.882203667662737168e+00
3.220000000000000000e+02 1.882233963791084319e+00
3.230000000000000000e+02 1.882264255842872158e+00
3.240000000000000000e+02 1.882294543818445076e+00
3.250000000000000000e+02 1.882324827718147464e+00
3.260000000000000000e+02 1.882355107542323713e+00
3.270000000000000000e+02 1.882385383291318437e+00
3.280000000000000000e+02 1.882415654965475804e+00
3.290000000000000000e+02 1.882445922565140428e+00
3.300000000000000000e+02 1.882476186090656700e+00
3.310000000000000000e+02 1.882506445542369011e+00
3.320000000000000000e+02 1.882536700920621975e+00
3.330000000000000000e+02 1.882566952225759538e+00
3.340000000000000000e+02 1.882597199458126758e+00
3.350000000000000000e+02 1.882627442618067359e+00
3.360000000000000000e+02 1.882657681705926400e+00
3.370000000000000000e+02 1.882687916722048049e+00
3.380000000000000000e+02 1.882718147666776698e+00
3.390000000000000000e+02 1.882748374540456737e+00
3.400000000000000000e+02 1.882778597343432780e+00
3.410000000000000000e+02 1.882808816076048997e+00
3.420000000000000000e+02 1.882839030738649999e+00
3.430000000000000000e+02 1.882869241331580179e+00
3.440000000000000000e+02 1.882899447855183928e+00
3.450000000000000000e+02 1.882929650309805636e+00
3.460000000000000000e+02 1.882959848695789917e+00
3.470000000000000000e+02 1.882990043013480941e+00
3.480000000000000000e+02 1.883020233263223098e+00
3.490000000000000000e+02 1.883050419445361223e+00
3.500000000000000000e+02 1.883080601560239487e+00
3.510000000000000000e+02 1.883110779608202057e+00
3.520000000000000000e+02 1.883140953589593769e+00
3.530000000000000000e+02 1.883171123504759015e+00
3.540000000000000000e+02 1.883201289354041963e+00
3.550000000000000000e+02 1.883231451137787005e+00
3.560000000000000000e+02 1.883261608856338976e+00
3.570000000000000000e+02 1.883291762510042044e+00
3.580000000000000000e+02 1.883321912099240603e+00
3.590000000000000000e+02 1.883352057624279041e+00
3.600000000000000000e+02 1.883382199085501973e+00
3.610000000000000000e+02 1.883412336483253569e+00
3.620000000000000000e+02 1.883442469817878662e+00
3.630000000000000000e+02 1.883472599089721200e+00
3.640000000000000000e+02 1.883502724299126019e+00
3.650000000000000000e+02 1.883532845446437065e+00
3.660000000000000000e+02 1.883562962531999174e+00
3.670000000000000000e+02 1.883593075556156737e+00
3.680000000000000000e+02 1.883623184519253924e+00
3.690000000000000000e+02 1.883653289421635568e+00
3.700000000000000000e+02 1.883683390263645618e+00
3.710000000000000000e+02 1.883713487045628909e+00
3.720000000000000000e+02 1.883743579767929610e+00
3.730000000000000000e+02 1.883773668430892112e+00
3.740000000000000000e+02 1.883803753034861028e+00
3.750000000000000000e+02 1.883833833580180750e+00
3.760000000000000000e+02 1.883863910067195668e+00
3.770000000000000000e+02 1.883893982496250175e+00
3.780000000000000000e+02 1.883924050867688660e+00
3.790000000000000000e+02 1.883954115181855737e+00
3.800000000000000000e+02 1.883984175439095576e+00
3.810000000000000000e+02 1.884014231639753012e+00
3.820000000000000000e+02 1.884044283784171769e+00
3.830000000000000000e+02 1.884074331872696906e+00
3.840000000000000000e+02 1.884104375905672812e+00
3.850000000000000000e+02 1.884134415883443436e+00
3.860000000000000000e+02 1.884164451806353613e+00
3.870000000000000000e+02 1.884194483674747733e+00
3.880000000000000000e+02 1.884224511488969966e+00
3.890000000000000000e+02 1.884254535249364926e+00
3.900000000000000000e+02 1.884284554956277224e+00
3.910000000000000000e+02 1.884314570610051032e+00
3.920000000000000000e+02 1.884344582211030739e+00
3.930000000000000000e+02 1.884374589759560958e+00
3.940000000000000000e+02 1.884404593255985860e+00
3.950000000000000000e+02 1.884434592700650279e+00
3.960000000000000000e+02 1.884464588093898163e+00
3.970000000000000000e+02 1.884494579436074346e+00
3.980000000000000000e+02 1.884524566727522776e+00
3.990000000000000000e+02 1.884554549968588510e+00
4.000000000000000000e+02 1.884584529159615496e+00
4.010000000000000000e+02 1.884614504300948346e+00
4.020000000000000000e+02 1.884644475392931451e+00
4.030000000000000000e+02 1.884674442435908981e+00
4.040000000000000000e+02 1.884704405430225993e+00
4.050000000000000000e+02 1.884734364376226212e+00
4.060000000000000000e+02 1.884764319274254474e+00
4.070000000000000000e+02 1.884794270124655169e+00
4.080000000000000000e+02 1.884824216927772689e+00
4.090000000000000000e+02 1.884854159683951424e+00
4.100000000000000000e+02 1.884884098393535545e+00
4.110000000000000000e+02 1.884914033056870108e+00
4.120000000000000000e+02 1.884943963674298839e+00
4.130000000000000000e+02 1.884973890246166794e+00
4.140000000000000000e+02 1.885003812772817922e+00
4.150000000000000000e+02 1.885033731254596834e+00
4.160000000000000000e+02 1.885063645691847922e+00
4.170000000000000000e+02 1.885093556084915800e+00
4.180000000000000000e+02 1.885123462434144415e+00
4.190000000000000000e+02 1.885153364739878823e+00
4.200000000000000000e+02 1.885183263002462972e+00
4.210000000000000000e+02 1.885213157222241476e+00
4.220000000000000000e+02 1.885243047399558725e+00
4.230000000000000000e+02 1.885272933534759110e+00
4.240000000000000000e+02 1.885302815628187023e+00
4.250000000000000000e+02 1.885332693680187077e+00
4.260000000000000000e+02 1.885362567691103663e+00
4.270000000000000000e+02 1.885392437661280951e+00
4.280000000000000000e+02 1.885422303591063553e+00
4.290000000000000000e+02 1.885452165480796083e+00
4.300000000000000000e+02 1.885482023330822487e+00
4.310000000000000000e+02 1.885511877141487602e+00
4.320000000000000000e+02 1.885541726913135818e+00
4.330000000000000000e+02 1.885571572646111305e+00
4.340000000000000000e+02 1.885601414340758675e+00
4.350000000000000000e+02 1.885631251997422320e+00
4.360000000000000000e+02 1.885661085616446631e+00
4.370000000000000000e+02 1.885690915198176221e+00
4.380000000000000000e+02 1.885720740742955259e+00
4.390000000000000000e+02 1.885750562251128359e+00
4.400000000000000000e+02 1.885780379723039690e+00
4.410000000000000000e+02 1.885810193159033865e+00
4.420000000000000000e+02 1.885840002559455497e+00
4.430000000000000000e+02 1.885869807924648534e+00
4.440000000000000000e+02 1.885899609254957809e+00
4.450000000000000000e+02 1.885929406550727716e+00
4.460000000000000000e+02 1.885959199812302423e+00
4.470000000000000000e+02 1.885988989040026542e+00
4.480000000000000000e+02 1.886018774234244688e+00
4.490000000000000000e+02 1.886048555395300808e+00
4.500000000000000000e+02 1.886078332523539514e+00
4.510000000000000000e+02 1.886108105619305420e+00
4.520000000000000000e+02 1.886137874682942916e+00
4.530000000000000000e+02 1.886167639714796174e+00
4.540000000000000000e+02 1.886197400715210026e+00
4.550000000000000000e+02 1.886227157684528422e+00
4.560000000000000000e+02 1.886256910623096195e+00
4.570000000000000000e+02 1.886286659531257515e+00
4.580000000000000000e+02 1.886316404409356773e+00
4.590000000000000000e+02 1.886346145257738582e+00
4.600000000000000000e+02 1.886375882076747335e+00
4.610000000000000000e+02 1.886405614866727420e+00
4.620000000000000000e+02 1.886435343628023231e+00
4.630000000000000000e+02 1.886465068360979380e+00
4.640000000000000000e+02 1.886494789065940036e+00
4.650000000000000000e+02 1.886524505743249591e+00
4.660000000000000000e+02 1.886554218393252880e+00
4.670000000000000000e+02 1.886583927016293849e+00
4.680000000000000000e+02 1.886613631612717112e+00
4.690000000000000000e+02 1.886643332182867061e+00
4.700000000000000000e+02 1.886673028727088308e+00
4.710000000000000000e+02 1.886702721245725245e+00
4.720000000000000000e+02 1.886732409739122041e+00
4.730000000000000000e+02 1.886762094207623086e+00
4.740000000000000000e+02 1.886791774651573217e+00
4.750000000000000000e+02 1.886821451071316602e+00
4.760000000000000000e+02 1.886851123467197633e+00
4.770000000000000000e+02 1.886880791839560922e+00
4.780000000000000000e+02 1.886910456188750640e+00
4.790000000000000000e+02 1.886940116515111399e+00
4.800000000000000000e+02 1.886969772818987590e+00
4.810000000000000000e+02 1.886999425100723604e+00
4.820000000000000000e+02 1.887029073360663833e+00
4.830000000000000000e+02 1.887058717599152891e+00
4.840000000000000000e+02 1.887088357816534945e+00
4.850000000000000000e+02 1.887117994013154609e+00
4.860000000000000000e+02 1.887147626189356053e+00
4.870000000000000000e+02 1.887177254345484112e+00
4.880000000000000000e+02 1.887206878481882733e+00
4.890000000000000000e+02 1.887236498598896750e+00
4.900000000000000000e+02 1.887266114696870556e+00
4.910000000000000000e+02 1.887295726776148319e+00
4.920000000000000000e+02 1.887325334837074431e+00
4.930000000000000000e+02 1.887354938879993727e+00
4.940000000000000000e+02 1.887384538905250153e+00
4.950000000000000000e+02 1.887414134913188546e+00
4.960000000000000000e+02 1.887443726904153074e+00
4.970000000000000000e+02 1.887473314878488351e+00
4.980000000000000000e+02 1.887502898836538545e+00
4.990000000000000000e+02 1.887532478778648271e+00
5.000000000000000000e+02 1.887562054705162140e+00
5.010000000000000000e+02 1.887591626616424101e+00
5.020000000000000000e+02 1.887621194512778766e+00
5.030000000000000000e+02 1.887650758394570749e+00
5.040000000000000000e+02 1.887680318262144441e+00
5.050000000000000000e+02 1.887709874115844011e+00
5.060000000000000000e+02 1.887739425956014072e+00
5.070000000000000000e+02 1.887768973782999016e+00
5.080000000000000000e+02 1.887798517597143233e+00
5.090000000000000000e+02 1.887828057398791337e+00
5.100000000000000000e+02 1.887857593188287497e+00
5.110000000000000000e+02 1.887887124965976327e+00
5.120000000000000000e+02 1.887916652732202216e+00
5.130000000000000000e+02 1.887946176487309335e+00
5.140000000000000000e+02 1.887975696231642520e+00
5.150000000000000000e+02 1.888005211965545938e+00
5.160000000000000000e+02 1.888034723689363981e+00
5.170000000000000000e+02 1.888064231403441262e+00
5.180000000000000000e+02 1.888093735108122173e+00
5.190000000000000000e+02 1.888123234803750883e+00
5.200000000000000000e+02 1.888152730490672226e+00
5.210000000000000000e+02 1.888182222169230373e+00
5.220000000000000000e+02 1.888211709839769714e+00
5.230000000000000000e+02 1.888241193502634641e+00
5.240000000000000000e+02 1.888270673158169988e+00
5.250000000000000000e+02 1.888300148806719703e+00
5.260000000000000000e+02 1.888329620448628177e+00
5.270000000000000000e+02 1.888359088084240467e+00
5.280000000000000000e+02 1.888388551713900299e+00
5.290000000000000000e+02 1.888418011337952507e+00
5.300000000000000000e+02 1.888447466956741261e+00
5.310000000000000000e+02 1.888476918570611174e+00
5.320000000000000000e+02 1.888506366179906637e+00
5.330000000000000000e+02 1.888535809784972042e+00
5.340000000000000000e+02 1.888565249386151779e+00
5.350000000000000000e+02 1.888594684983790239e+00
5.360000000000000000e+02 1.888624116578232037e+00
5.370000000000000000e+02 1.888653544169821341e+00
5.380000000000000000e+02 1.888682967758902986e+00
5.390000000000000000e+02 1.888712387345820920e+00
5.400000000000000000e+02 1.888741802930919755e+00
5.410000000000000000e+02 1.888771214514544106e+00
5.420000000000000000e+02 1.888800622097038140e+00
5.430000000000000000e+02 1.888830025678746249e+00
5.440000000000000000e+02 1.888859425260013047e+00
5.450000000000000000e+02 1.888888820841182925e+00
5.460000000000000000e+02 1.888918212422600496e+00
5.470000000000000000e+02 1.888947600004609706e+00
5.480000000000000000e+02 1.888976983587555170e+00
5.490000000000000000e+02 1.889006363171781500e+00
5.500000000000000000e+02 1.889035738757633087e+00
5.510000000000000000e+02 1.889065110345454324e+00
5.520000000000000000e+02 1.889094477935589378e+00
5.530000000000000000e+02 1.889123841528382863e+00
5.540000000000000000e+02 1.889153201124179393e+00
5.550000000000000000e+02 1.889182556723323136e+00
5.560000000000000000e+02 1.889211908326158706e+00
5.570000000000000000e+02 1.889241255933030272e+00
5.580000000000000000e+02 1.889270599544282447e+00
5.590000000000000000e+02 1.889299939160259845e+00
5.600000000000000000e+02 1.889329274781306411e+00
5.610000000000000000e+02 1.889358606407766983e+00
5.620000000000000000e+02 1.889387934039985728e+00
5.630000000000000000e+02 1.889417257678307038e+00
5.640000000000000000e+02 1.889446577323075749e+00
5.650000000000000000e+02 1.889475892974635807e+00
5.660000000000000000e+02 1.889505204633332047e+00
5.670000000000000000e+02 1.889534512299508640e+00
5.680000000000000000e+02 1.889563815973509975e+00
5.690000000000000000e+02 1.889593115655680444e+00
5.700000000000000000e+02 1.889622411346364883e+00
5.710000000000000000e+02 1.889651703045907238e+00
5.720000000000000000e+02 1.889680990754652123e+00
5.730000000000000000e+02 1.889710274472943929e+00
5.740000000000000000e+02 1.889739554201127270e+00
5.750000000000000000e+02 1.889768829939546313e+00
5.760000000000000000e+02 1.889798101688545673e+00
5.770000000000000000e+02 1.889827369448469518e+00
5.780000000000000000e+02 1.889856633219662685e+00
5.790000000000000000e+02 1.889885893002469119e+00
5.800000000000000000e+02 1.889915148797233657e+00
5.810000000000000000e+02 1.889944400604300467e+00
5.820000000000000000e+02 1.889973648424013941e+00
5.830000000000000000e+02 1.890002892256718914e+00
5.840000000000000000e+02 1.890032132102759332e+00
5.850000000000000000e+02 1.890061367962479810e+00
5.860000000000000000e+02 1.890090599836224738e+00
5.870000000000000000e+02 1.890119827724338730e+00
5.880000000000000000e+02 1.890149051627165955e+00
5.890000000000000000e+02 1.890178271545050803e+00
5.900000000000000000e+02 1.890207487478337889e+00
5.910000000000000000e+02 1.890236699427371825e+00
5.920000000000000000e+02 1.890265907392496558e+00
5.930000000000000000e+02 1.890295111374056702e+00
5.940000000000000000e+02 1.890324311372396870e+00
5.950000000000000000e+02 1.890353507387861454e+00
5.960000000000000000e+02 1.890382699420794621e+00
5.970000000000000000e+02 1.890411887471540986e+00
5.980000000000000000e+02 1.890441071540444717e+00
5.990000000000000000e+02 1.890470251627850651e+00
6.000000000000000000e+02 1.890499427734103177e+00
6.010000000000000000e+02 1.890528599859546244e+00
6.020000000000000000e+02 1.890557768004524908e+00
6.030000000000000000e+02 1.890586932169383116e+00
6.040000000000000000e+02 1.890616092354465483e+00
6.050000000000000000e+02 1.890645248560116398e+00
6.060000000000000000e+02 1.890674400786680254e+00
6.070000000000000000e+02 1.890703549034501441e+00
6.080000000000000000e+02 1.890732693303924794e+00
6.090000000000000000e+02 1.890761833595294039e+00
6.100000000000000000e+02 1.890790969908954233e+00
6.110000000000000000e+02 1.890820102245249323e+00
6.120000000000000000e+02 1.890849230604524145e+00
6.130000000000000000e+02 1.890878354987122867e+00
6.140000000000000000e+02 1.890907475393389880e+00
6.150000000000000000e+02 1.890936591823669799e+00
6.160000000000000000e+02 1.890965704278307014e+00
6.170000000000000000e+02 1.890994812757645915e+00
6.180000000000000000e+02 1.891023917262030674e+00
6.190000000000000000e+02 1.891053017791806123e+00
6.200000000000000000e+02 1.891082114347316434e+00
6.210000000000000000e+02 1.891111206928906219e+00
6.220000000000000000e+02 1.891140295536919647e+00
6.230000000000000000e+02 1.891169380171701331e+00
6.240000000000000000e+02 1.891198460833595663e+00
6.250000000000000000e+02 1.891227537522947255e+00
6.260000000000000000e+02 1.891256610240100056e+00
6.270000000000000000e+02 1.891285678985398899e+00
6.280000000000000000e+02 1.891314743759187955e+00
6.290000000000000000e+02 1.891343804561812059e+00
6.300000000000000000e+02 1.891372861393615157e+00
6.310000000000000000e+02 1.891401914254941863e+00
6.320000000000000000e+02 1.891430963146136568e+00
6.330000000000000000e+02 1.891460008067543885e+00
6.340000000000000000e+02 1.891489049019507984e+00
6.350000000000000000e+02 1.891518086002373478e+00
6.360000000000000000e+02 1.891547119016484535e+00
6.370000000000000000e+02 1.891576148062185991e+00
6.380000000000000000e+02 1.891605173139822016e+00
6.390000000000000000e+02 1.891634194249737000e+00
6.400000000000000000e+02 1.891663211392275334e+00
6.410000000000000000e+02 1.891692224567781633e+00
6.420000000000000000e+02 1.891721233776600286e+00
6.430000000000000000e+02 1.891750239019075464e+00
6.440000000000000000e+02 1.891779240295552000e+00
6.450000000000000000e+02 1.891808237606373844e+00
6.460000000000000000e+02 1.891837230951885829e+00
6.470000000000000000e+02 1.891866220332432347e+00
6.480000000000000000e+02 1.891895205748357567e+00
6.490000000000000000e+02 1.891924187200006102e+00
6.500000000000000000e+02 1.891953164687722344e+00
6.510000000000000000e+02 1.891982138211850684e+00
6.520000000000000000e+02 1.892011107772735512e+00
6.530000000000000000e+02 1.892040073370721442e+00
6.540000000000000000e+02 1.892069035006152644e+00
6.550000000000000000e+02 1.892097992679373730e+00
6.560000000000000000e+02 1.892126946390729092e+00
6.570000000000000000e+02 1.892155896140563121e+00
6.580000000000000000e+02 1.892184841929220207e+00
6.590000000000000000e+02 1.892213783757044743e+00
6.600000000000000000e+02 1.892242721624381341e+00
6.610000000000000000e+02 1.892271655531574170e+00
6.620000000000000000e+02 1.892300585478967845e+00
6.630000000000000000e+02 1.892329511466906977e+00
6.640000000000000000e+02 1.892358433495735515e+00
6.650000000000000000e+02 1.892387351565798070e+00
6.660000000000000000e+02 1.892416265677439258e+00
6.670000000000000000e+02 1.892445175831003468e+00
6.680000000000000000e+02 1.892474082026834870e+00
6.690000000000000000e+02 1.892502984265278076e+00
6.700000000000000000e+02 1.892531882546677480e+00
6.710000000000000000e+02 1.892560776871377470e+00
6.720000000000000000e+02 1.892589667239722662e+00
6.730000000000000000e+02 1.892618553652057223e+00
6.740000000000000000e+02 1.892647436108725545e+00
6.750000000000000000e+02 1.892676314610072463e+00
6.760000000000000000e+02 1.892705189156441925e+00
6.770000000000000000e+02 1.892734059748178543e+00
6.780000000000000000e+02 1.892762926385626931e+00
6.790000000000000000e+02 1.892791789069131259e+00
6.800000000000000000e+02 1.892820647799035916e+00
6.810000000000000000e+02 1.892849502575685738e+00
6.820000000000000000e+02 1.892878353399424673e+00
6.830000000000000000e+02 1.892907200270597334e+00
6.840000000000000000e+02 1.892936043189548112e+00
6.850000000000000000e+02 1.892964882156621620e+00
6.860000000000000000e+02 1.892993717172162027e+00
6.870000000000000000e+02 1.893022548236513725e+00
6.880000000000000000e+02 1.893051375350021548e+00
6.890000000000000000e+02 1.893080198513029444e+00
6.900000000000000000e+02 1.893109017725882026e+00
6.910000000000000000e+02 1.893137832988923908e+00
6.920000000000000000e+02 1.893166644302499257e+00
6.930000000000000000e+02 1.893195451666952689e+00
6.940000000000000000e+02 1.893224255082628371e+00
6.950000000000000000e+02 1.893253054549870917e+00
6.960000000000000000e+02 1.893281850069024719e+00
6.970000000000000000e+02 1.893310641640434167e+00
6.980000000000000000e+02 1.893339429264443874e+00
6.990000000000000000e+02 1.893368212941398010e+00
7.000000000000000000e+02 1.893396992671640966e+00
7.010000000000000000e+02 1.893425768455517577e+00
7.020000000000000000e+02 1.893454540293371791e+00
7.030000000000000000e+02 1.893483308185548220e+00
7.040000000000000000e+02 1.893512072132391477e+00
7.050000000000000000e+02 1.893540832134245733e+00
7.060000000000000000e+02 1.893569588191455377e+00
7.070000000000000000e+02 1.893598340304365024e+00
7.080000000000000000e+02 1.893627088473319064e+00
7.090000000000000000e+02 1.893655832698661889e+00
7.100000000000000000e+02 1.893684572980737890e+00
7.110000000000000000e+02 1.893713309319891680e+00
7.120000000000000000e+02 1.893742041716467428e+00
7.130000000000000000e+02 1.893770770170809525e+00
7.140000000000000000e+02 1.893799494683262585e+00
7.150000000000000000e+02 1.893828215254170999e+00
7.160000000000000000e+02 1.893856931883879158e+00
7.170000000000000000e+02 1.893885644572731675e+00
7.180000000000000000e+02 1.893914353321072497e+00
7.190000000000000000e+02 1.893943058129246682e+00
7.200000000000000000e+02 1.893971758997598176e+00
7.210000000000000000e+02 1.894000455926471371e+00
7.220000000000000000e+02 1.894029148916211103e+00
7.230000000000000000e+02 1.894057837967161539e+00
7.240000000000000000e+02 1.894086523079667073e+00
7.250000000000000000e+02 1.894115204254072315e+00
7.260000000000000000e+02 1.894143881490721437e+00
7.270000000000000000e+02 1.894172554789959051e+00
7.280000000000000000e+02 1.894201224152129326e+00
7.290000000000000000e+02 1.894229889577577097e+00
7.300000000000000000e+02 1.894258551066646534e+00
7.310000000000000000e+02 1.894287208619682250e+00
7.320000000000000000e+02 1.894315862237028414e+00
7.330000000000000000e+02 1.894344511919029417e+00
7.340000000000000000e+02 1.894373157666030094e+00
7.350000000000000000e+02 1.894401799478374393e+00
7.360000000000000000e+02 1.894430437356406927e+00
7.370000000000000000e+02 1.894459071300472308e+00
7.380000000000000000e+02 1.894487701310914707e+00
7.390000000000000000e+02 1.894516327388078736e+00
7.400000000000000000e+02 1.894544949532308786e+00
7.410000000000000000e+02 1.894573567743949027e+00
7.420000000000000000e+02 1.894602182023344072e+00
7.430000000000000000e+02 1.894630792370838535e+00
7.440000000000000000e+02 1.894659398786776583e+00
7.450000000000000000e+02 1.894688001271502831e+00
7.460000000000000000e+02 1.894716599825361447e+00
7.470000000000000000e+02 1.894745194448697045e+00
7.480000000000000000e+02 1.894773785141854017e+00
7.490000000000000000e+02 1.894802371905176752e+00
7.500000000000000000e+02 1.894830954739009643e+00
7.510000000000000000e+02 1.894859533643697302e+00
7.520000000000000000e+02 1.894888108619583900e+00
7.530000000000000000e+02 1.894916679667014048e+00
7.540000000000000000e+02 1.894945246786332138e+00
7.550000000000000000e+02 1.894973809977882562e+00
7.560000000000000000e+02 1.895002369242009710e+00
7.570000000000000000e+02 1.895030924579057974e+00
7.580000000000000000e+02 1.895059475989371967e+00
7.590000000000000000e+02 1.895088023473296079e+00
7.600000000000000000e+02 1.895116567031174482e+00
7.610000000000000000e+02 1.895145106663352008e+00
7.620000000000000000e+02 1.895173642370172606e+00
7.630000000000000000e+02 1.895202174151981112e+00
7.640000000000000000e+02 1.895230702009121693e+00
7.650000000000000000e+02 1.895259225941938963e+00
7.660000000000000000e+02 1.895287745950777092e+00
7.670000000000000000e+02 1.895316262035980692e+00
7.680000000000000000e+02 1.895344774197894377e+00
7.690000000000000000e+02 1.895373282436862095e+00
7.700000000000000000e+02 1.895401786753228679e+00
7.710000000000000000e+02 1.895430287147338300e+00
7.720000000000000000e+02 1.895458783619535570e+00
7.730000000000000000e+02 1.895487276170164881e+00
7.740000000000000000e+02 1.895515764799570402e+00
7.750000000000000000e+02 1.895544249508096968e+00
7.760000000000000000e+02 1.895572730296088748e+00
7.770000000000000000e+02 1.895601207163890356e+00
7.780000000000000000e+02 1.895629680111845961e+00
7.790000000000000000e+02 1.895658149140299953e+00
7.800000000000000000e+02 1.895686614249597168e+00
7.810000000000000000e+02 1.895715075440081776e+00
7.820000000000000000e+02 1.895743532712097945e+00
7.830000000000000000e+02 1.895771986065990511e+00
7.840000000000000000e+02 1.895800435502103864e+00
7.850000000000000000e+02 1.895828881020782175e+00
7.860000000000000000e+02 1.895857322622370056e+00
7.870000000000000000e+02 1.895885760307211898e+00
7.880000000000000000e+02 1.895914194075652093e+00
7.890000000000000000e+02 1.895942623928035031e+00
7.900000000000000000e+02 1.895971049864705327e+00
7.910000000000000000e+02 1.895999471886007148e+00
7.920000000000000000e+02 1.896027889992285109e+00
7.930000000000000000e+02 1.896056304183883601e+00
7.940000000000000000e+02 1.896084714461147014e+00
7.950000000000000000e+02 1.896113120824419518e+00
7.960000000000000000e+02 1.896141523274046170e+00
7.970000000000000000e+02 1.896169921810370695e+00
7.980000000000000000e+02 1.896198316433738151e+00
7.990000000000000000e+02 1.896226707144492485e+00
8.000000000000000000e+02 1.896255093942978309e+00
8.010000000000000000e+02 1.896283476829540016e+00
8.020000000000000000e+02 1.896311855804521995e+00
8.030000000000000000e+02 1.896340230868268861e+00
8.040000000000000000e+02 1.896368602021124783e+00
8.050000000000000000e+02 1.896396969263434373e+00
8.060000000000000000e+02 1.896425332595542024e+00
8.070000000000000000e+02 1.896453692017792125e+00
8.080000000000000000e+02 1.896482047530529069e+00
8.090000000000000000e+02 1.896510399134097247e+00
8.100000000000000000e+02 1.896538746828841271e+00
8.110000000000000000e+02 1.896567090615105311e+00
8.120000000000000000e+02 1.896595430493233980e+00
8.130000000000000000e+02 1.896623766463571670e+00
8.140000000000000000e+02 1.896652098526462771e+00
8.150000000000000000e+02 1.896680426682251897e+00
8.160000000000000000e+02 1.896708750931283216e+00
8.170000000000000000e+02 1.896737071273901121e+00
8.180000000000000000e+02 1.896765387710450224e+00
8.190000000000000000e+02 1.896793700241274916e+00
8.200000000000000000e+02 1.896822008866719367e+00
8.210000000000000000e+02 1.896850313587128412e+00
8.220000000000000000e+02 1.896878614402846219e+00
8.230000000000000000e+02 1.896906911314217403e+00
8.240000000000000000e+02 1.896935204321586133e+00
8.250000000000000000e+02 1.896963493425297020e+00
8.260000000000000000e+02 1.896991778625694458e+00
8.270000000000000000e+02 1.897020059923122837e+00
8.280000000000000000e+02 1.897048337317926769e+00
8.290000000000000000e+02 1.897076610810450203e+00
8.300000000000000000e+02 1.897104880401037974e+00
8.310000000000000000e+02 1.897133146090034472e+00
8.320000000000000000e+02 1.897161407877784089e+00
8.330000000000000000e+02 1.897189665764630995e+00
8.340000000000000000e+02 1.897217919750920023e+00
8.350000000000000000e+02 1.897246169836995344e+00
8.360000000000000000e+02 1.897274416023201571e+00
8.370000000000000000e+02 1.897302658309882872e+00
8.380000000000000000e+02 1.897330896697383862e+00
8.390000000000000000e+02 1.897359131186048709e+00
8.400000000000000000e+02 1.897387361776222248e+00
8.410000000000000000e+02 1.897415588468248648e+00
8.420000000000000000e+02 1.897443811262472302e+00
8.430000000000000000e+02 1.897472030159237821e+00
8.440000000000000000e+02 1.897500245158889598e+00
8.450000000000000000e+02 1.897528456261771801e+00
8.460000000000000000e+02 1.897556663468229265e+00
8.470000000000000000e+02 1.897584866778605939e+00
8.480000000000000000e+02 1.897613066193246656e+00
8.490000000000000000e+02 1.897641261712495586e+00
8.500000000000000000e+02 1.897669453336697343e+00
8.510000000000000000e+02 1.897697641066196095e+00
8.520000000000000000e+02 1.897725824901336678e+00
8.530000000000000000e+02 1.897754004842463038e+00
8.540000000000000000e+02 1.897782180889920012e+00
8.550000000000000000e+02 1.897810353044051768e+00
8.560000000000000000e+02 1.897838521305202919e+00
8.570000000000000000e+02 1.897866685673717635e+00
8.580000000000000000e+02 1.897894846149940529e+00
8.590000000000000000e+02 1.897923002734215991e+00
8.600000000000000000e+02 1.897951155426888414e+00
8.610000000000000000e+02 1.897979304228302189e+00
8.620000000000000000e+02 1.898007449138801928e+00
8.630000000000000000e+02 1.898035590158732022e+00
8.640000000000000000e+02 1.898063727288436642e+00
8.650000000000000000e+02 1.898091860528260399e+00
8.660000000000000000e+02 1.898119989878547687e+00
8.670000000000000000e+02 1.898148115339642894e+00
8.680000000000000000e+02 1.898176236911890635e+00
8.690000000000000000e+02 1.898204354595635079e+00
8.700000000000000000e+02 1.898232468391220840e+00
8.710000000000000000e+02 1.898260578298992085e+00
8.720000000000000000e+02 1.898288684319293651e+00
8.730000000000000000e+02 1.898316786452469485e+00
8.740000000000000000e+02 1.898344884698864421e+00
8.750000000000000000e+02 1.898372979058822629e+00
8.760000000000000000e+02 1.898401069532688723e+00
8.770000000000000000e+02 1.898429156120807093e+00
8.780000000000000000e+02 1.898457238823521909e+00
8.790000000000000000e+02 1.898485317641178005e+00
8.800000000000000000e+02 1.898513392574119552e+00
8.810000000000000000e+02 1.898541463622690939e+00
8.820000000000000000e+02 1.898569530787236559e+00
8.830000000000000000e+02 1.898597594068101246e+00
8.840000000000000000e+02 1.898625653465628726e+00
8.850000000000000000e+02 1.898653708980164057e+00
8.860000000000000000e+02 1.898681760612051406e+00
8.870000000000000000e+02 1.898709808361635387e+00
8.880000000000000000e+02 1.898737852229260170e+00
8.890000000000000000e+02 1.898765892215270146e+00
8.900000000000000000e+02 1.898793928320009927e+00
8.910000000000000000e+02 1.898821960543823906e+00
8.920000000000000000e+02 1.898849988887056472e+00
8.930000000000000000e+02 1.898878013350052019e+00
8.940000000000000000e+02 1.898906033933154935e+00
8.950000000000000000e+02 1.898934050636709836e+00
8.960000000000000000e+02 1.898962063461060890e+00
8.970000000000000000e+02 1.898990072406552931e+00
8.980000000000000000e+02 1.899018077473529909e+00
8.990000000000000000e+02 1.899046078662336434e+00
9.000000000000000000e+02 1.899074075973317122e+00
9.010000000000000000e+02 1.899102069406816140e+00
9.020000000000000000e+02 1.899130058963177881e+00
9.030000000000000000e+02 1.899158044642747178e+00
9.040000000000000000e+02 1.899186026445867981e+00
9.050000000000000000e+02 1.899214004372884901e+00
9.060000000000000000e+02 1.899241978424142330e+00
9.070000000000000000e+02 1.899269948599984881e+00
9.080000000000000000e+02 1.899297914900756723e+00
9.090000000000000000e+02 1.899325877326802470e+00
9.100000000000000000e+02 1.899353835878466290e+00
9.110000000000000000e+02 1.899381790556093019e+00
9.120000000000000000e+02 1.899409741360026604e+00
9.130000000000000000e+02 1.899437688290611881e+00
9.140000000000000000e+02 1.899465631348193018e+00
9.150000000000000000e+02 1.899493570533114628e+00
9.160000000000000000e+02 1.899521505845720881e+00
9.170000000000000000e+02 1.899549437286356612e+00
9.180000000000000000e+02 1.899577364855365769e+00
9.190000000000000000e+02 1.899605288553093185e+00
9.200000000000000000e+02 1.899633208379882809e+00
9.210000000000000000e+02 1.899661124336079698e+00
9.220000000000000000e+02 1.899689036422027577e+00
9.230000000000000000e+02 1.899716944638071503e+00
9.240000000000000000e+02 1.899744848984555645e+00
9.250000000000000000e+02 1.899772749461824173e+00
9.260000000000000000e+02 1.899800646070221921e+00
9.270000000000000000e+02 1.899828538810093059e+00
9.280000000000000000e+02 1.899856427681782201e+00
9.290000000000000000e+02 1.899884312685633736e+00
9.300000000000000000e+02 1.899912193821991835e+00
9.310000000000000000e+02 1.899940071091201110e+00
9.320000000000000000e+02 1.899967944493606176e+00
9.330000000000000000e+02 1.899995814029551200e+00
9.340000000000000000e+02 1.900023679699380574e+00
9.350000000000000000e+02 1.900051541503438912e+00
9.360000000000000000e+02 1.900079399442070383e+00
9.370000000000000000e+02 1.900107253515619821e+00
9.380000000000000000e+02 1.900135103724431396e+00
9.390000000000000000e+02 1.900162950068849277e+00
9.400000000000000000e+02 1.900190792549218521e+00
9.410000000000000000e+02 1.900218631165882854e+00
9.420000000000000000e+02 1.900246465919187333e+00
9.430000000000000000e+02 1.900274296809475905e+00
9.440000000000000000e+02 1.900302123837093182e+00
9.450000000000000000e+02 1.900329947002383779e+00
9.460000000000000000e+02 1.900357766305691642e+00
9.470000000000000000e+02 1.900385581747361829e+00
9.480000000000000000e+02 1.900413393327738065e+00
9.490000000000000000e+02 1.900441201047165407e+00
9.500000000000000000e+02 1.900469004905987802e+00
9.510000000000000000e+02 1.900496804904550086e+00
9.520000000000000000e+02 1.900524601043196427e+00
9.530000000000000000e+02 1.900552393322271216e+00
9.540000000000000000e+02 1.900580181742118846e+00
9.550000000000000000e+02 1.900607966303084151e+00
9.560000000000000000e+02 1.900635747005511078e+00
9.570000000000000000e+02 1.900663523849744241e+00
9.580000000000000000e+02 1.900691296836128030e+00
9.590000000000000000e+02 1.900719065965006838e+00
9.600000000000000000e+02 1.900746831236725276e+00
9.610000000000000000e+02 1.900774592651627737e+00
9.620000000000000000e+02 1.900802350210058389e+00
9.630000000000000000e+02 1.900830103912362068e+00
9.640000000000000000e+02 1.900857853758882721e+00
9.650000000000000000e+02 1.900885599749964960e+00
9.660000000000000000e+02 1.900913341885953400e+00
9.670000000000000000e+02 1.900941080167192210e+00
9.680000000000000000e+02 1.900968814594026002e+00
9.690000000000000000e+02 1.900996545166799168e+00
9.700000000000000000e+02 1.901024271885856098e+00
9.710000000000000000e+02 1.901051994751541185e+00
9.720000000000000000e+02 1.901079713764198820e+00
9.730000000000000000e+02 1.901107428924173615e+00
9.740000000000000000e+02 1.901135140231809739e+00
9.750000000000000000e+02 1.901162847687451807e+00
9.760000000000000000e+02 1.901190551291444208e+00
9.770000000000000000e+02 1.901218251044131335e+00
9.780000000000000000e+02 1.901245946945857579e+00
9.790000000000000000e+02 1.901273638996967552e+00
9.800000000000000000e+02 1.901301327197805424e+00
9.810000000000000000e+02 1.901329011548715586e+00
9.820000000000000000e+02 1.901356692050042874e+00
9.830000000000000000e+02 1.901384368702131233e+00
9.840000000000000000e+02 1.901412041505325501e+00
9.850000000000000000e+02 1.901439710459969845e+00
9.860000000000000000e+02 1.901467375566408657e+00
9.870000000000000000e+02 1.901495036824986551e+00
9.880000000000000000e+02 1.901522694236047695e+00
9.890000000000000000e+02 1.901550347799936924e+00
9.900000000000000000e+02 1.901577997516998186e+00
9.910000000000000000e+02 1.901605643387576317e+00
9.920000000000000000e+02 1.901633285412015484e+00
9.930000000000000000e+02 1.901660923590660079e+00
9.940000000000000000e+02 1.901688557923854939e+00
9.950000000000000000e+02 1.901716188411943786e+00
9.960000000000000000e+02 1.901743815055271680e+00
9.970000000000000000e+02 1.901771437854182789e+00
9.980000000000000000e+02 1.901799056809021726e+00
9.990000000000000000e+02 1.901826671920132661e+00
1.000000000000000000e+03 1.901854283187859984e+00
1.001000000000000000e+03 1.901881890612548309e+00
1.002000000000000000e+03 1.901909494194542027e+00
1.003000000000000000e+03 1.901937093934185530e+00
1.004000000000000000e+03 1.901964689831823208e+00
1.005000000000000000e+03 1.901992281887799452e+00
1.006000000000000000e+03 1.902019870102458876e+00
1.007000000000000000e+03 1.902047454476145871e+00
1.008000000000000000e+03 1.902075035009204607e+00
1.009000000000000000e+03 1.902102611701979917e+00
1.010000000000000000e+03 1.902130184554815751e+00
1.011000000000000000e+03 1.902157753568056942e+00
