# order=22: data_wav [pixel], data_wavsolution [micron]
3.000000000000000000e+00 2.204872808376553639e+00
4.000000000000000000e+00 2.204909150675402607e+00
5.000000000000000000e+00 2.204945489794621682e+00
6.000000000000000000e+00 2.204981825731159972e+00
7.000000000000000000e+00 2.205018158481966140e+00
8.000000000000000000e+00 2.205054488043989736e+00
9.000000000000000000e+00 2.205090814414178979e+00
1.000000000000000000e+01 2.205127137589483421e+00
1.100000000000000000e+01 2.205163457566852170e+00
1.200000000000000000e+01 2.205199774343233887e+00
1.300000000000000000e+01 2.205236087915578125e+00
1.400000000000000000e+01 2.205272398280833102e+00
1.500000000000000000e+01 2.205308705435948369e+00
1.600000000000000000e+01 2.205345009377873033e+00
1.700000000000000000e+01 2.205381310103555759e+00
1.800000000000000000e+01 2.205417607609945652e+00
1.900000000000000000e+01 2.205453901893991375e+00
2.000000000000000000e+01 2.205490192952642925e+00
2.100000000000000000e+01 2.205526480782848520e+00
2.200000000000000000e+01 2.205562765381557266e+00
2.300000000000000000e+01 2.205599046745718272e+00
2.400000000000000000e+01 2.205635324872280201e+00
2.500000000000000000e+01 2.205671599758193047e+00
2.600000000000000000e+01 2.205707871400404585e+00
2.700000000000000000e+01 2.205744139795864811e+00
2.800000000000000000e+01 2.205780404941522388e+00
2.900000000000000000e+01 2.205816666834325979e+00
3.000000000000000000e+01 2.205852925471225134e+00
3.100000000000000000e+01 2.205889180849168518e+00
3.200000000000000000e+01 2.205925432965105237e+00
3.300000000000000000e+01 2.205961681815984399e+00
3.400000000000000000e+01 2.205997927398755110e+00
3.500000000000000000e+01 2.206034169710366033e+00
3.600000000000000000e+01 2.206070408747766276e+00
3.700000000000000000e+01 2.206106644507904946e+00
3.800000000000000000e+01 2.206142876987731150e+00
3.900000000000000000e+01 2.206179106184193550e+00
4.000000000000000000e+01 2.206215332094241699e+00
4.100000000000000000e+01 2.206251554714823815e+00
4.200000000000000000e+01 2.206287774042889893e+00
4.300000000000000000e+01 2.206323990075388153e+00
4.400000000000000000e+01 2.206360202809268145e+00
4.500000000000000000e+01 2.206396412241478533e+00
4.600000000000000000e+01 2.206432618368967979e+00
4.700000000000000000e+01 2.206468821188686480e+00
4.800000000000000000e+01 2.206505020697582253e+00
4.900000000000000000e+01 2.206541216892604851e+00
5.000000000000000000e+01 2.206577409770702491e+00
5.100000000000000000e+01 2.206613599328825170e+00
5.200000000000000000e+01 2.206649785563921107e+00
5.300000000000000000e+01 2.206685968472939852e+00
5.400000000000000000e+01 2.206722148052830068e+00
5.500000000000000000e+01 2.206758324300540863e+00
5.600000000000000000e+01 2.206794497213021344e+00
5.700000000000000000e+01 2.206830666787220174e+00
5.800000000000000000e+01 2.206866833020086904e+00
5.900000000000000000e+01 2.206902995908570198e+00
6.000000000000000000e+01 2.206939155449619161e+00
6.100000000000000000e+01 2.206975311640182902e+00
6.200000000000000000e+01 2.207011464477210527e+00
6.300000000000000000e+01 2.207047613957650256e+00
6.400000000000000000e+01 2.207083760078452084e+00
6.500000000000000000e+01 2.207119902836564673e+00
6.600000000000000000e+01 2.207156042228936688e+00
6.700000000000000000e+01 2.207192178252517234e+00
6.800000000000000000e+01 2.207228310904255864e+00
6.900000000000000000e+01 2.207264440181101239e+00
7.000000000000000000e+01 2.207300566080002469e+00
7.100000000000000000e+01 2.207336688597908214e+00
7.200000000000000000e+01 2.207372807731768027e+00
7.300000000000000000e+01 2.207408923478530571e+00
7.400000000000000000e+01 2.207445035835144509e+00
7.500000000000000000e+01 2.207481144798559836e+00
7.600000000000000000e+01 2.207517250365724770e+00
7.700000000000000000e+01 2.207553352533588420e+00
7.800000000000000000e+01 2.207589451299099892e+00
7.900000000000000000e+01 2.207625546659208293e+00
8.000000000000000000e+01 2.207661638610862731e+00
8.100000000000000000e+01 2.207697727151011868e+00
8.200000000000000000e+01 2.207733812276604812e+00
8.300000000000000000e+01 2.207769893984591114e+00
8.400000000000000000e+01 2.207805972271918993e+00
8.500000000000000000e+01 2.207842047135537555e+00
8.600000000000000000e+01 2.207878118572396353e+00
8.700000000000000000e+01 2.207914186579444049e+00
8.800000000000000000e+01 2.207950251153629750e+00
8.900000000000000000e+01 2.207986312291902564e+00
9.000000000000000000e+01 2.208022369991211153e+00
9.100000000000000000e+01 2.208058424248504625e+00
9.200000000000000000e+01 2.208094475060732087e+00
9.300000000000000000e+01 2.208130522424842646e+00
9.400000000000000000e+01 2.208166566337785408e+00
9.500000000000000000e+01 2.208202606796509038e+00
9.600000000000000000e+01 2.208238643797962641e+00
9.700000000000000000e+01 2.208274677339095327e+00
9.800000000000000000e+01 2.208310707416856200e+00
9.900000000000000000e+01 2.208346734028193925e+00
1.000000000000000000e+02 2.208382757170058053e+00
1.010000000000000000e+02 2.208418776839397246e+00
1.020000000000000000e+02 2.208454793033160168e+00
1.030000000000000000e+02 2.208490805748296371e+00
1.040000000000000000e+02 2.208526814981754960e+00
1.050000000000000000e+02 2.208562820730484599e+00
1.060000000000000000e+02 2.208598822991434396e+00
1.070000000000000000e+02 2.208634821761553013e+00
1.080000000000000000e+02 2.208670817037790002e+00
1.090000000000000000e+02 2.208706808817094469e+00
1.100000000000000000e+02 2.208742797096414634e+00
1.110000000000000000e+02 2.208778781872700492e+00
1.120000000000000000e+02 2.208814763142900262e+00
1.130000000000000000e+02 2.208850740903963050e+00
1.140000000000000000e+02 2.208886715152838409e+00
1.150000000000000000e+02 2.208922685886475001e+00
1.160000000000000000e+02 2.208958653101821934e+00
1.170000000000000000e+02 2.208994616795827870e+00
1.180000000000000000e+02 2.209030576965442361e+00
1.190000000000000000e+02 2.209066533607614069e+00
1.200000000000000000e+02 2.209102486719291658e+00
1.210000000000000000e+02 2.209138436297425123e+00
1.220000000000000000e+02 2.209174382338962683e+00
1.230000000000000000e+02 2.209210324840853445e+00
1.240000000000000000e+02 2.209246263800046961e+00
1.250000000000000000e+02 2.209282199213491449e+00
1.260000000000000000e+02 2.209318131078136460e+00
1.270000000000000000e+02 2.209354059390930658e+00
1.280000000000000000e+02 2.209389984148823594e+00
1.290000000000000000e+02 2.209425905348763486e+00
1.300000000000000000e+02 2.209461822987699886e+00
1.310000000000000000e+02 2.209497737062581901e+00
1.320000000000000000e+02 2.209533647570358195e+00
1.330000000000000000e+02 2.209569554507978317e+00
1.340000000000000000e+02 2.209605457872390488e+00
1.350000000000000000e+02 2.209641357660544259e+00
1.360000000000000000e+02 2.209677253869388291e+00
1.370000000000000000e+02 2.209713146495872138e+00
1.380000000000000000e+02 2.209749035536944461e+00
1.390000000000000000e+02 2.209784920989553925e+00
1.400000000000000000e+02 2.209820802850650079e+00
1.410000000000000000e+02 2.209856681117182031e+00
1.420000000000000000e+02 2.209892555786098445e+00
1.430000000000000000e+02 2.209928426854347983e+00
1.440000000000000000e+02 2.209964294318880640e+00
1.450000000000000000e+02 2.210000158176644636e+00
1.460000000000000000e+02 2.210036018424589077e+00
1.470000000000000000e+02 2.210071875059663071e+00
1.480000000000000000e+02 2.210107728078816169e+00
1.490000000000000000e+02 2.210143577478996146e+00
1.500000000000000000e+02 2.210179423257153442e+00
1.510000000000000000e+02 2.210215265410235830e+00
1.520000000000000000e+02 2.210251103935193306e+00
1.530000000000000000e+02 2.210286938828974090e+00
1.540000000000000000e+02 2.210322770088527733e+00
1.550000000000000000e+02 2.210358597710802897e+00
1.560000000000000000e+02 2.210394421692749134e+00
1.570000000000000000e+02 2.210430242031314663e+00
1.580000000000000000e+02 2.210466058723449034e+00
1.590000000000000000e+02 2.210501871766101356e+00
1.600000000000000000e+02 2.210537681156219847e+00
1.610000000000000000e+02 2.210573486890754502e+00
1.620000000000000000e+02 2.210609288966653985e+00
1.630000000000000000e+02 2.210645087380866958e+00
1.640000000000000000e+02 2.210680882130342972e+00
1.650000000000000000e+02 2.210716673212030692e+00
1.660000000000000000e+02 2.210752460622879223e+00
1.670000000000000000e+02 2.210788244359837229e+00
1.680000000000000000e+02 2.210824024419854261e+00
1.690000000000000000e+02 2.210859800799879427e+00
1.700000000000000000e+02 2.210895573496860944e+00
1.710000000000000000e+02 2.210931342507748809e+00
1.720000000000000000e+02 2.210967107829491241e+00
1.730000000000000000e+02 2.211002869459037345e+00
1.740000000000000000e+02 2.211038627393336675e+00
1.750000000000000000e+02 2.211074381629337893e+00
1.760000000000000000e+02 2.211110132163990105e+00
1.770000000000000000e+02 2.211145878994241976e+00
1.780000000000000000e+02 2.211181622117042611e+00
1.790000000000000000e+02 2.211217361529341563e+00
1.800000000000000000e+02 2.211253097228087494e+00
1.810000000000000000e+02 2.211288829210229068e+00
1.820000000000000000e+02 2.211324557472715835e+00
1.830000000000000000e+02 2.211360282012496459e+00
1.840000000000000000e+02 2.211396002826520046e+00
1.850000000000000000e+02 2.211431719911735705e+00
1.860000000000000000e+02 2.211467433265092541e+00
1.870000000000000000e+02 2.211503142883539219e+00
1.880000000000000000e+02 2.211538848764024845e+00
1.890000000000000000e+02 2.211574550903498970e+00
1.900000000000000000e+02 2.211610249298909814e+00
1.910000000000000000e+02 2.211645943947206483e+00
1.920000000000000000e+02 2.211681634845338529e+00
1.930000000000000000e+02 2.211717321990254614e+00
1.940000000000000000e+02 2.211753005378903847e+00
1.950000000000000000e+02 2.211788685008235333e+00
1.960000000000000000e+02 2.211824360875197737e+00
1.970000000000000000e+02 2.211860032976740165e+00
1.980000000000000000e+02 2.211895701309812168e+00
1.990000000000000000e+02 2.211931365871361965e+00
2.000000000000000000e+02 2.211967026658338664e+00
2.010000000000000000e+02 2.212002683667692260e+00
2.020000000000000000e+02 2.212038336896370527e+00
2.030000000000000000e+02 2.212073986341323018e+00
2.040000000000000000e+02 2.212109631999498838e+00
2.050000000000000000e+02 2.212145273867846651e+00
2.060000000000000000e+02 2.212180911943316008e+00
2.070000000000000000e+02 2.212216546222855573e+00
2.080000000000000000e+02 2.212252176703414452e+00
2.090000000000000000e+02 2.212287803381941309e+00
2.100000000000000000e+02 2.212323426255385694e+00
2.110000000000000000e+02 2.212359045320696271e+00
2.120000000000000000e+02 2.212394660574822147e+00
2.130000000000000000e+02 2.212430272014711985e+00
2.140000000000000000e+02 2.212465879637315780e+00
2.150000000000000000e+02 2.212501483439581307e+00
2.160000000000000000e+02 2.212537083418458561e+00
2.170000000000000000e+02 2.212572679570896206e+00
2.180000000000000000e+02 2.212608271893842904e+00
2.190000000000000000e+02 2.212643860384248207e+00
2.200000000000000000e+02 2.212679445039060777e+00
2.210000000000000000e+02 2.212715025855229722e+00
2.220000000000000000e+02 2.212750602829704150e+00
2.230000000000000000e+02 2.212786175959433166e+00
2.240000000000000000e+02 2.212821745241365434e+00
2.250000000000000000e+02 2.212857310672450062e+00
2.260000000000000000e+02 2.212892872249636156e+00
2.270000000000000000e+02 2.212928429969872823e+00
2.280000000000000000e+02 2.212963983830108727e+00
2.290000000000000000e+02 2.212999533827292975e+00
2.300000000000000000e+02 2.213035079958375118e+00
2.310000000000000000e+02 2.213070622220303818e+00
2.320000000000000000e+02 2.213106160610027739e+00
2.330000000000000000e+02 2.213141695124496433e+00
2.340000000000000000e+02 2.213177225760658562e+00
2.350000000000000000e+02 2.213212752515462789e+00
2.360000000000000000e+02 2.213248275385859110e+00
2.370000000000000000e+02 2.213283794368795743e+00
2.380000000000000000e+02 2.213319309461222240e+00
2.390000000000000000e+02 2.213354820660087263e+00
2.400000000000000000e+02 2.213390327962339477e+00
2.410000000000000000e+02 2.213425831364928875e+00
2.420000000000000000e+02 2.213461330864803678e+00
2.430000000000000000e+02 2.213496826458912992e+00
2.440000000000000000e+02 2.213532318144205924e+00
2.450000000000000000e+02 2.213567805917631581e+00
2.460000000000000000e+02 2.213603289776138627e+00
2.470000000000000000e+02 2.213638769716676613e+00
2.480000000000000000e+02 2.213674245736194646e+00
2.490000000000000000e+02 2.213709717831640944e+00
2.500000000000000000e+02 2.213745185999965059e+00
2.510000000000000000e+02 2.213780650238115655e+00
2.520000000000000000e+02 2.213816110543042281e+00
2.530000000000000000e+02 2.213851566911693602e+00
2.540000000000000000e+02 2.213887019341018281e+00
2.550000000000000000e+02 2.213922467827966312e+00
2.560000000000000000e+02 2.213957912369485914e+00
2.570000000000000000e+02 2.213993352962526195e+00
2.580000000000000000e+02 2.214028789604036263e+00
2.590000000000000000e+02 2.214064222290965223e+00
2.600000000000000000e+02 2.214099651020261739e+00
2.610000000000000000e+02 2.214135075788875362e+00
2.620000000000000000e+02 2.214170496593754756e+00
2.630000000000000000e+02 2.214205913431849027e+00
2.640000000000000000e+02 2.214241326300107282e+00
2.650000000000000000e+02 2.214276735195478185e+00
2.660000000000000000e+02 2.214312140114910843e+00
2.670000000000000000e+02 2.214347541055354363e+00
2.680000000000000000e+02 2.214382938013758295e+00
2.690000000000000000e+02 2.214418330987070860e+00
2.700000000000000000e+02 2.214453719972241164e+00
2.710000000000000000e+02 2.214489104966218758e+00
2.720000000000000000e+02 2.214524485965951861e+00
2.730000000000000000e+02 2.214559862968390025e+00
2.740000000000000000e+02 2.214595235970482356e+00
2.750000000000000000e+02 2.214630604969177519e+00
2.760000000000000000e+02 2.214665969961425063e+00
2.770000000000000000e+02 2.214701330944173208e+00
2.780000000000000000e+02 2.214736687914371061e+00
2.790000000000000000e+02 2.214772040868968617e+00
2.800000000000000000e+02 2.214807389804913651e+00
2.810000000000000000e+02 2.214842734719156159e+00
2.820000000000000000e+02 2.214878075608644359e+00
2.830000000000000000e+02 2.214913412470327803e+00
2.840000000000000000e+02 2.214948745301155153e+00
2.850000000000000000e+02 2.214984074098075961e+00
2.860000000000000000e+02 2.215019398858038446e+00
2.870000000000000000e+02 2.215054719577992159e+00
2.880000000000000000e+02 2.215090036254886208e+00
2.890000000000000000e+02 2.215125348885669254e+00
2.900000000000000000e+02 2.215160657467290406e+00
2.910000000000000000e+02 2.215195961996698770e+00
2.920000000000000000e+02 2.215231262470843010e+00
2.930000000000000000e+02 2.215266558886672676e+00
2.940000000000000000e+02 2.215301851241136433e+00
2.950000000000000000e+02 2.215337139531183830e+00
2.960000000000000000e+02 2.215372423753762643e+00
2.970000000000000000e+02 2.215407703905823311e+00
2.980000000000000000e+02 2.215442979984314054e+00
2.990000000000000000e+02 2.215478251986183977e+00
3.000000000000000000e+02 2.215513519908381745e+00
3.010000000000000000e+02 2.215548783747857353e+00
3.020000000000000000e+02 2.215584043501559020e+00
3.030000000000000000e+02 2.215619299166435852e+00
3.040000000000000000e+02 2.215654550739436957e+00
3.050000000000000000e+02 2.215689798217511441e+00
3.060000000000000000e+02 2.215725041597608413e+00
3.070000000000000000e+02 2.215760280876676536e+00
3.080000000000000000e+02 2.215795516051664915e+00
3.090000000000000000e+02 2.215830747119522659e+00
3.100000000000000000e+02 2.215865974077198874e+00
3.110000000000000000e+02 2.215901196921642669e+00
3.120000000000000000e+02 2.215936415649802704e+00
3.130000000000000000e+02 2.215971630258627645e+00
3.140000000000000000e+02 2.216006840745067485e+00
3.150000000000000000e+02 2.216042047106070445e+00
3.160000000000000000e+02 2.216077249338586075e+00
3.170000000000000000e+02 2.216112447439563038e+00
3.180000000000000000e+02 2.216147641405950441e+00
3.190000000000000000e+02 2.216182831234697392e+00
3.200000000000000000e+02 2.216218016922752554e+00
3.210000000000000000e+02 2.216253198467065477e+00
3.220000000000000000e+02 2.216288375864584825e+00
3.230000000000000000e+02 2.216323549112259261e+00
3.240000000000000000e+02 2.216358718207038780e+00
3.250000000000000000e+02 2.216393883145871602e+00
3.260000000000000000e+02 2.216429043925706832e+00
3.270000000000000000e+02 2.216464200543493579e+00
3.280000000000000000e+02 2.216499352996180949e+00
3.290000000000000000e+02 2.216534501280718050e+00
3.300000000000000000e+02 2.216569645394053545e+00
3.310000000000000000e+02 2.216604785333136540e+00
3.320000000000000000e+02 2.216639921094916144e+00
3.330000000000000000e+02 2.216675052676341462e+00
3.340000000000000000e+02 2.216710180074361602e+00
3.350000000000000000e+02 2.216745303285925228e+00
3.360000000000000000e+02 2.216780422307981002e+00
3.370000000000000000e+02 2.216815537137478920e+00
3.380000000000000000e+02 2.216850647771367644e+00
3.390000000000000000e+02 2.216885754206595394e+00
3.400000000000000000e+02 2.216920856440112608e+00
3.410000000000000000e+02 2.216955954468867063e+00
3.420000000000000000e+02 2.216991048289808308e+00
3.430000000000000000e+02 2.217026137899885008e+00
3.440000000000000000e+02 2.217061223296046713e+00
3.450000000000000000e+02 2.217096304475242086e+00
3.460000000000000000e+02 2.217131381434420234e+00
3.470000000000000000e+02 2.217166454170529821e+00
3.480000000000000000e+02 2.217201522680520398e+00
3.490000000000000000e+02 2.217236586961341072e+00
3.500000000000000000e+02 2.217271647009940061e+00
3.510000000000000000e+02 2.217306702823267361e+00
3.520000000000000000e+02 2.217341754398270748e+00
3.530000000000000000e+02 2.217376801731900660e+00
3.540000000000000000e+02 2.217411844821104872e+00
3.550000000000000000e+02 2.217446883662833379e+00
3.560000000000000000e+02 2.217481918254034401e+00
3.570000000000000000e+02 2.217516948591657489e+00
3.580000000000000000e+02 2.217551974672651305e+00
3.590000000000000000e+02 2.217586996493964957e+00
3.600000000000000000e+02 2.217622014052547552e+00
3.610000000000000000e+02 2.217657027345348197e+00
3.620000000000000000e+02 2.217692036369315556e+00
3.630000000000000000e+02 2.217727041121399179e+00
3.640000000000000000e+02 2.217762041598547285e+00
3.650000000000000000e+02 2.217797037797709425e+00
3.660000000000000000e+02 2.217832029715834707e+00
3.670000000000000000e+02 2.217867017349872238e+00
3.680000000000000000e+02 2.217902000696770237e+00
3.690000000000000000e+02 2.217936979753478255e+00
3.700000000000000000e+02 2.217971954516945399e+00
3.710000000000000000e+02 2.218006924984120776e+00
3.720000000000000000e+02 2.218041891151953049e+00
3.730000000000000000e+02 2.218076853017391326e+00
3.740000000000000000e+02 2.218111810577384269e+00
3.750000000000000000e+02 2.218146763828881873e+00
3.760000000000000000e+02 2.218181712768832359e+00
3.770000000000000000e+02 2.218216657394184832e+00
3.780000000000000000e+02 2.218251597701888400e+00
3.790000000000000000e+02 2.218286533688892170e+00
3.800000000000000000e+02 2.218321465352144806e+00
3.810000000000000000e+02 2.218356392688595857e+00
3.820000000000000000e+02 2.218391315695193544e+00
3.830000000000000000e+02 2.218426234368887862e+00
3.840000000000000000e+02 2.218461148706627029e+00
3.850000000000000000e+02 2.218496058705360596e+00
3.860000000000000000e+02 2.218530964362037228e+00
3.870000000000000000e+02 2.218565865673606030e+00
3.880000000000000000e+02 2.218600762637016111e+00
3.890000000000000000e+02 2.218635655249216576e+00
3.900000000000000000e+02 2.218670543507156090e+00
3.910000000000000000e+02 2.218705427407783759e+00
3.920000000000000000e+02 2.218740306948048691e+00
3.930000000000000000e+02 2.218775182124899992e+00
3.940000000000000000e+02 2.218810052935286325e+00
3.950000000000000000e+02 2.218844919376157243e+00
3.960000000000000000e+02 2.218879781444460964e+00
3.970000000000000000e+02 2.218914639137147482e+00
3.980000000000000000e+02 2.218949492451165018e+00
3.990000000000000000e+02 2.218984341383462677e+00
4.000000000000000000e+02 2.219019185930990012e+00
4.010000000000000000e+02 2.219054026090695686e+00
4.020000000000000000e+02 2.219088861859528805e+00
4.030000000000000000e+02 2.219123693234438033e+00
4.040000000000000000e+02 2.219158520212372476e+00
4.050000000000000000e+02 2.219193342790281687e+00
4.060000000000000000e+02 2.219228160965114327e+00
4.070000000000000000e+02 2.219262974733819060e+00
4.080000000000000000e+02 2.219297784093344994e+00
4.090000000000000000e+02 2.219332589040641679e+00
4.100000000000000000e+02 2.219367389572657778e+00
4.110000000000000000e+02 2.219402185686342399e+00
4.120000000000000000e+02 2.219436977378644649e+00
4.130000000000000000e+02 2.219471764646513190e+00
4.140000000000000000e+02 2.219506547486897130e+00
4.150000000000000000e+02 2.219541325896745576e+00
4.160000000000000000e+02 2.219576099873007191e+00
4.170000000000000000e+02 2.219610869412631970e+00
4.180000000000000000e+02 2.219645634512567689e+00
4.190000000000000000e+02 2.219680395169764342e+00
4.200000000000000000e+02 2.219715151381170148e+00
4.210000000000000000e+02 2.219749903143734659e+00
4.220000000000000000e+02 2.219784650454406982e+00
4.230000000000000000e+02 2.219819393310135780e+00
4.240000000000000000e+02 2.219854131707870160e+00
4.250000000000000000e+02 2.219888865644558784e+00
4.260000000000000000e+02 2.219923595117151649e+00
4.270000000000000000e+02 2.219958320122596529e+00
4.280000000000000000e+02 2.219993040657843419e+00
4.290000000000000000e+02 2.220027756719840983e+00
4.300000000000000000e+02 2.220062468305537884e+00
4.310000000000000000e+02 2.220097175411883672e+00
4.320000000000000000e+02 2.220131878035827011e+00
4.330000000000000000e+02 2.220166576174317008e+00
4.340000000000000000e+02 2.220201269824302770e+00
4.350000000000000000e+02 2.220235958982733404e+00
4.360000000000000000e+02 2.220270643646557573e+00
4.370000000000000000e+02 2.220305323812724385e+00
4.380000000000000000e+02 2.220339999478182946e+00
4.390000000000000000e+02 2.220374670639882364e+00
4.400000000000000000e+02 2.220409337294771746e+00
4.410000000000000000e+02 2.220443999439799310e+00
4.420000000000000000e+02 2.220478657071915052e+00
4.430000000000000000e+02 2.220513310188067635e+00
4.440000000000000000e+02 2.220547958785205722e+00
4.450000000000000000e+02 2.220582602860278865e+00
4.460000000000000000e+02 2.220617242410236170e+00
4.470000000000000000e+02 2.220651877432025856e+00
4.480000000000000000e+02 2.220686507922597475e+00
4.490000000000000000e+02 2.220721133878899689e+00
4.500000000000000000e+02 2.220755755297882050e+00
4.510000000000000000e+02 2.220790372176493221e+00
4.520000000000000000e+02 2.220824984511682310e+00
4.530000000000000000e+02 2.220859592300398422e+00
4.540000000000000000e+02 2.220894195539590221e+00
4.550000000000000000e+02 2.220928794226207259e+00
4.560000000000000000e+02 2.220963388357197754e+00
4.570000000000000000e+02 2.220997977929511702e+00
4.580000000000000000e+02 2.221032562940097321e+00
4.590000000000000000e+02 2.221067143385903719e+00
4.600000000000000000e+02 2.221101719263880447e+00
4.610000000000000000e+02 2.221136290570976168e+00
4.620000000000000000e+02 2.221170857304139545e+00
4.630000000000000000e+02 2.221205419460320130e+00
4.640000000000000000e+02 2.221239977036466584e+00
4.650000000000000000e+02 2.221274530029528460e+00
4.660000000000000000e+02 2.221309078436453976e+00
4.670000000000000000e+02 2.221343622254192685e+00
4.680000000000000000e+02 2.221378161479693247e+00
4.690000000000000000e+02 2.221412696109905216e+00
4.700000000000000000e+02 2.221447226141777254e+00
4.710000000000000000e+02 2.221481751572258023e+00
4.720000000000000000e+02 2.221516272398297076e+00
4.730000000000000000e+02 2.221550788616843519e+00
4.740000000000000000e+02 2.221585300224846016e+00
4.750000000000000000e+02 2.221619807219253229e+00
4.760000000000000000e+02 2.221654309597015153e+00
4.770000000000000000e+02 2.221688807355079565e+00
4.780000000000000000e+02 2.221723300490396902e+00
4.790000000000000000e+02 2.221757788999914940e+00
4.800000000000000000e+02 2.221792272880583230e+00
4.810000000000000000e+02 2.221826752129350879e+00
4.820000000000000000e+02 2.221861226743166551e+00
4.830000000000000000e+02 2.221895696718979352e+00
4.840000000000000000e+02 2.221930162053738833e+00
4.850000000000000000e+02 2.221964622744393214e+00
4.860000000000000000e+02 2.221999078787891602e+00
4.870000000000000000e+02 2.222033530181183991e+00
4.880000000000000000e+02 2.222067976921218158e+00
4.890000000000000000e+02 2.222102419004943652e+00
4.900000000000000000e+02 2.222136856429309582e+00
4.910000000000000000e+02 2.222171289191264609e+00
4.920000000000000000e+02 2.222205717287757842e+00
4.930000000000000000e+02 2.222240140715738832e+00
4.940000000000000000e+02 2.222274559472155797e+00
4.950000000000000000e+02 2.222308973553958289e+00
4.960000000000000000e+02 2.222343382958095415e+00
4.970000000000000000e+02 2.222377787681515393e+00
4.980000000000000000e+02 2.222412187721168220e+00
4.990000000000000000e+02 2.222446583074002113e+00
5.000000000000000000e+02 2.222480973736966625e+00
5.010000000000000000e+02 2.222515359707010418e+00
5.020000000000000000e+02 2.222549740981082600e+00
5.030000000000000000e+02 2.222584117556132277e+00
5.040000000000000000e+02 2.222618489429108557e+00
5.050000000000000000e+02 2.222652856596960103e+00
5.060000000000000000e+02 2.222687219056636021e+00
5.070000000000000000e+02 2.222721576805085419e+00
5.080000000000000000e+02 2.222755929839257849e+00
5.090000000000000000e+02 2.222790278156101085e+00
5.100000000000000000e+02 2.222824621752565122e+00
5.110000000000000000e+02 2.222858960625598623e+00
5.120000000000000000e+02 2.222893294772151140e+00
5.130000000000000000e+02 2.222927624189170448e+00
5.140000000000000000e+02 2.222961948873606985e+00
5.150000000000000000e+02 2.222996268822408528e+00
5.160000000000000000e+02 2.223030584032525070e+00
5.170000000000000000e+02 2.223064894500904831e+00
5.180000000000000000e+02 2.223099200224497363e+00
5.190000000000000000e+02 2.223133501200251771e+00
5.200000000000000000e+02 2.223167797425116721e+00
5.210000000000000000e+02 2.223202088896040873e+00
5.220000000000000000e+02 2.223236375609974225e+00
5.230000000000000000e+02 2.223270657563864994e+00
5.240000000000000000e+02 2.223304934754662288e+00
5.250000000000000000e+02 2.223339207179315213e+00
5.260000000000000000e+02 2.223373474834772878e+00
5.270000000000000000e+02 2.223407737717984389e+00
5.280000000000000000e+02 2.223441995825898854e+00
5.290000000000000000e+02 2.223476249155464490e+00
5.300000000000000000e+02 2.223510497703631295e+00
5.310000000000000000e+02 2.223544741467347485e+00
5.320000000000000000e+02 2.223578980443562614e+00
5.330000000000000000e+02 2.223613214629225343e+00
5.340000000000000000e+02 2.223647444021285224e+00
5.350000000000000000e+02 2.223681668616690477e+00
5.360000000000000000e+02 2.223715888412390651e+00
5.370000000000000000e+02 2.223750103405334855e+00
5.380000000000000000e+02 2.223784313592471751e+00
5.390000000000000000e+02 2.223818518970750446e+00
5.400000000000000000e+02 2.223852719537120048e+00
5.410000000000000000e+02 2.223886915288529220e+00
5.420000000000000000e+02 2.223921106221927513e+00
5.430000000000000000e+02 2.223955292334263589e+00
5.440000000000000000e+02 2.223989473622486557e+00
5.450000000000000000e+02 2.224023650083545522e+00
5.460000000000000000e+02 2.224057821714389149e+00
5.470000000000000000e+02 2.224091988511966989e+00
5.480000000000000000e+02 2.224126150473227703e+00
5.490000000000000000e+02 2.224160307595119956e+00
5.500000000000000000e+02 2.224194459874593743e+00
5.510000000000000000e+02 2.224228607308596839e+00
5.520000000000000000e+02 2.224262749894079239e+00
5.530000000000000000e+02 2.224296887627989605e+00
5.540000000000000000e+02 2.224331020507277046e+00
5.550000000000000000e+02 2.224365148528890668e+00
5.560000000000000000e+02 2.224399271689779134e+00
5.570000000000000000e+02 2.224433389986891552e+00
5.580000000000000000e+02 2.224467503417177028e+00
5.590000000000000000e+02 2.224501611977584226e+00
5.600000000000000000e+02 2.224535715665062696e+00
5.610000000000000000e+02 2.224569814476561547e+00
5.620000000000000000e+02 2.224603908409029440e+00
5.630000000000000000e+02 2.224637997459415040e+00
5.640000000000000000e+02 2.224672081624667896e+00
5.650000000000000000e+02 2.224706160901736673e+00
5.660000000000000000e+02 2.224740235287570922e+00
5.670000000000000000e+02 2.224774304779119305e+00
5.680000000000000000e+02 2.224808369373330486e+00
5.690000000000000000e+02 2.224842429067154015e+00
5.700000000000000000e+02 2.224876483857539000e+00
5.710000000000000000e+02 2.224910533741433660e+00
5.720000000000000000e+02 2.224944578715787546e+00
5.730000000000000000e+02 2.224978618777549766e+00
5.740000000000000000e+02 2.225012653923669426e+00
5.750000000000000000e+02 2.225046684151095189e+00
5.760000000000000000e+02 2.225080709456776162e+00
5.770000000000000000e+02 2.225114729837661010e+00
5.780000000000000000e+02 2.225148745290699281e+00
5.790000000000000000e+02 2.225182755812840085e+00
5.800000000000000000e+02 2.225216761401032084e+00
5.810000000000000000e+02 2.225250762052224385e+00
5.820000000000000000e+02 2.225284757763365651e+00
5.830000000000000000e+02 2.225318748531405433e+00
5.840000000000000000e+02 2.225352734353292838e+00
5.850000000000000000e+02 2.225386715225976086e+00
5.860000000000000000e+02 2.225420691146404728e+00
5.870000000000000000e+02 2.225454662111527870e+00
5.880000000000000000e+02 2.225488628118294177e+00
5.890000000000000000e+02 2.225522589163653198e+00
5.900000000000000000e+02 2.225556545244553597e+00
5.910000000000000000e+02 2.225590496357944037e+00
5.920000000000000000e+02 2.225624442500774069e+00
5.930000000000000000e+02 2.225658383669992357e+00
5.940000000000000000e+02 2.225692319862548452e+00
5.950000000000000000e+02 2.225726251075390572e+00
5.960000000000000000e+02 2.225760177305468268e+00
5.970000000000000000e+02 2.225794098549730204e+00
5.980000000000000000e+02 2.225828014805125932e+00
5.990000000000000000e+02 2.225861926068604113e+00
6.000000000000000000e+02 2.225895832337113855e+00
6.010000000000000000e+02 2.225929733607603822e+00
6.020000000000000000e+02 2.225963629877023564e+00
6.030000000000000000e+02 2.225997521142321300e+00
6.040000000000000000e+02 2.226031407400447026e+00
6.050000000000000000e+02 2.226065288648349405e+00
6.060000000000000000e+02 2.226099164882977099e+00
6.070000000000000000e+02 2.226133036101279217e+00
6.080000000000000000e+02 2.226166902300205308e+00
6.090000000000000000e+02 2.226200763476703592e+00
6.100000000000000000e+02 2.226234619627723621e+00
6.110000000000000000e+02 2.226268470750214501e+00
6.120000000000000000e+02 2.226302316841124895e+00
6.130000000000000000e+02 2.226336157897403467e+00
6.140000000000000000e+02 2.226369993916000212e+00
6.150000000000000000e+02 2.226403824893863348e+00
6.160000000000000000e+02 2.226437650827941983e+00
6.170000000000000000e+02 2.226471471715185668e+00
6.180000000000000000e+02 2.226505287552543066e+00
6.190000000000000000e+02 2.226539098336962841e+00
6.200000000000000000e+02 2.226572904065394543e+00
6.210000000000000000e+02 2.226606704734786835e+00
6.220000000000000000e+02 2.226640500342088824e+00
6.230000000000000000e+02 2.226674290884249618e+00
6.240000000000000000e+02 2.226708076358217880e+00
6.250000000000000000e+02 2.226741856760943161e+00
6.260000000000000000e+02 2.226775632089374124e+00
6.270000000000000000e+02 2.226809402340459876e+00
6.280000000000000000e+02 2.226843167511149524e+00
6.290000000000000000e+02 2.226876927598392175e+00
6.300000000000000000e+02 2.226910682599136049e+00
6.310000000000000000e+02 2.226944432510331140e+00
6.320000000000000000e+02 2.226978177328926112e+00
6.330000000000000000e+02 2.227011917051870071e+00
6.340000000000000000e+02 2.227045651676111238e+00
6.350000000000000000e+02 2.227079381198600050e+00
6.360000000000000000e+02 2.227113105616284283e+00
6.370000000000000000e+02 2.227146824926113489e+00
6.380000000000000000e+02 2.227180539125036329e+00
6.390000000000000000e+02 2.227214248210002356e+00
6.400000000000000000e+02 2.227247952177960233e+00
6.410000000000000000e+02 2.227281651025859066e+00
6.420000000000000000e+02 2.227315344750647963e+00
6.430000000000000000e+02 2.227349033349275587e+00
6.440000000000000000e+02 2.227382716818691488e+00
6.450000000000000000e+02 2.227416395155843887e+00
6.460000000000000000e+02 2.227450068357682778e+00
6.470000000000000000e+02 2.227483736421156379e+00
6.480000000000000000e+02 2.227517399343213800e+00
6.490000000000000000e+02 2.227551057120804590e+00
6.500000000000000000e+02 2.227584709750877412e+00
6.510000000000000000e+02 2.227618357230380930e+00
6.520000000000000000e+02 2.227651999556264695e+00
6.530000000000000000e+02 2.227685636725477814e+00
6.540000000000000000e+02 2.227719268734968505e+00
6.550000000000000000e+02 2.227752895581686765e+00
6.560000000000000000e+02 2.227786517262580812e+00
6.570000000000000000e+02 2.227820133774599753e+00
6.580000000000000000e+02 2.227853745114693140e+00
6.590000000000000000e+02 2.227887351279809636e+00
6.600000000000000000e+02 2.227920952266898347e+00
6.610000000000000000e+02 2.227954548072907937e+00
6.620000000000000000e+02 2.227988138694787512e+00
6.630000000000000000e+02 2.228021724129486625e+00
6.640000000000000000e+02 2.228055304373953938e+00
6.650000000000000000e+02 2.228088879425138114e+00
6.660000000000000000e+02 2.228122449279988704e+00
6.670000000000000000e+02 2.228156013935454816e+00
6.680000000000000000e+02 2.228189573388484668e+00
6.690000000000000000e+02 2.228223127636027812e+00
6.700000000000000000e+02 2.228256676675033354e+00
6.710000000000000000e+02 2.228290220502450403e+00
6.720000000000000000e+02 2.228323759115227176e+00
6.730000000000000000e+02 2.228357292510313670e+00
6.740000000000000000e+02 2.228390820684658102e+00
6.750000000000000000e+02 2.228424343635210025e+00
6.760000000000000000e+02 2.228457861358918102e+00
6.770000000000000000e+02 2.228491373852731439e+00
6.780000000000000000e+02 2.228524881113599587e+00
6.790000000000000000e+02 2.228558383138470766e+00
6.800000000000000000e+02 2.228591879924294084e+00
6.810000000000000000e+02 2.228625371468019090e+00
6.820000000000000000e+02 2.228658857766594448e+00
6.830000000000000000e+02 2.228692338816968821e+00
6.840000000000000000e+02 2.228725814616091760e+00
6.850000000000000000e+02 2.228759285160912373e+00
6.860000000000000000e+02 2.228792750448379323e+00
6.870000000000000000e+02 2.228826210475441716e+00
6.880000000000000000e+02 2.228859665239048216e+00
6.890000000000000000e+02 2.228893114736148373e+00
6.900000000000000000e+02 2.228926558963690852e+00
6.910000000000000000e+02 2.228959997918625202e+00
6.920000000000000000e+02 2.228993431597899644e+00
6.930000000000000000e+02 2.229026859998463728e+00
6.940000000000000000e+02 2.229060283117266117e+00
6.950000000000000000e+02 2.229093700951256363e+00
6.960000000000000000e+02 2.229127113497383128e+00
6.970000000000000000e+02 2.229160520752595076e+00
6.980000000000000000e+02 2.229193922713841758e+00
6.990000000000000000e+02 2.229227319378071837e+00
7.000000000000000000e+02 2.229260710742234863e+00
7.010000000000000000e+02 2.229294096803279057e+00
7.020000000000000000e+02 2.229327477558153969e+00
7.030000000000000000e+02 2.229360853003808707e+00
7.040000000000000000e+02 2.229394223137191933e+00
7.050000000000000000e+02 2.229427587955252754e+00
7.060000000000000000e+02 2.229460947454940278e+00
7.070000000000000000e+02 2.229494301633203168e+00
7.080000000000000000e+02 2.229527650486990975e+00
7.090000000000000000e+02 2.229560994013252362e+00
7.100000000000000000e+02 2.229594332208936436e+00
7.110000000000000000e+02 2.229627665070992304e+00
7.120000000000000000e+02 2.229660992596368629e+00
7.130000000000000000e+02 2.229694314782014963e+00
7.140000000000000000e+02 2.229727631624879525e+00
7.150000000000000000e+02 2.229760943121912309e+00
7.160000000000000000e+02 2.229794249270061535e+00
7.170000000000000000e+02 2.229827550066276753e+00
7.180000000000000000e+02 2.229860845507506628e+00
7.190000000000000000e+02 2.229894135590700266e+00
7.200000000000000000e+02 2.229927420312806330e+00
7.210000000000000000e+02 2.229960699670774815e+00
7.220000000000000000e+02 2.229993973661553941e+00
7.230000000000000000e+02 2.230027242282092370e+00
7.240000000000000000e+02 2.230060505529340098e+00
7.250000000000000000e+02 2.230093763400245788e+00
7.260000000000000000e+02 2.230127015891758102e+00
7.270000000000000000e+02 2.230160263000826149e+00
7.280000000000000000e+02 2.230193504724399478e+00
7.290000000000000000e+02 2.230226741059426310e+00
7.300000000000000000e+02 2.230259972002856195e+00
7.310000000000000000e+02 2.230293197551637796e+00
7.320000000000000000e+02 2.230326417702720221e+00
7.330000000000000000e+02 2.230359632453053020e+00
7.340000000000000000e+02 2.230392841799584414e+00
7.350000000000000000e+02 2.230426045739263952e+00
7.360000000000000000e+02 2.230459244269040298e+00
7.370000000000000000e+02 2.230492437385862559e+00
7.380000000000000000e+02 2.230525625086680286e+00
7.390000000000000000e+02 2.230558807368441254e+00
7.400000000000000000e+02 2.230591984228095903e+00
7.410000000000000000e+02 2.230625155662592007e+00
7.420000000000000000e+02 2.230658321668879562e+00
7.430000000000000000e+02 2.230691482243906787e+00
7.440000000000000000e+02 2.230724637384623232e+00
7.450000000000000000e+02 2.230757787087978006e+00
7.460000000000000000e+02 2.230790931350919326e+00
7.470000000000000000e+02 2.230824070170397189e+00
7.480000000000000000e+02 2.230857203543359812e+00
7.490000000000000000e+02 2.230890331466756304e+00
7.500000000000000000e+02 2.230923453937536216e+00
7.510000000000000000e+02 2.230956570952648654e+00
7.520000000000000000e+02 2.230989682509041838e+00
7.530000000000000000e+02 2.231022788603664875e+00
7.540000000000000000e+02 2.231055889233467315e+00
7.550000000000000000e+02 2.231088984395397823e+00
7.560000000000000000e+02 2.231122074086405949e+00
7.570000000000000000e+02 2.231155158303439912e+00
7.580000000000000000e+02 2.231188237043448819e+00
7.590000000000000000e+02 2.231221310303382221e+00
7.600000000000000000e+02 2.231254378080188783e+00
7.610000000000000000e+02 2.231287440370817610e+00
7.620000000000000000e+02 2.231320497172217809e+00
7.630000000000000000e+02 2.231353548481338045e+00
7.640000000000000000e+02 2.231386594295127423e+00
7.650000000000000000e+02 2.231419634610535496e+00
7.660000000000000000e+02 2.231452669424510482e+00
7.670000000000000000e+02 2.231485698734001932e+00
7.680000000000000000e+02 2.231518722535958510e+00
7.690000000000000000e+02 2.231551740827329766e+00
7.700000000000000000e+02 2.231584753605063920e+00
7.710000000000000000e+02 2.231617760866110522e+00
7.720000000000000000e+02 2.231650762607418681e+00
7.730000000000000000e+02 2.231683758825937058e+00
7.740000000000000000e+02 2.231716749518614762e+00
7.750000000000000000e+02 2.231749734682400899e+00
7.760000000000000000e+02 2.231782714314244132e+00
7.770000000000000000e+02 2.231815688411094012e+00
7.780000000000000000e+02 2.231848656969899647e+00
7.790000000000000000e+02 2.231881619987609255e+00
7.800000000000000000e+02 2.231914577461172389e+00
7.810000000000000000e+02 2.231947529387538154e+00
7.820000000000000000e+02 2.231980475763655214e+00
7.830000000000000000e+02 2.232013416586472676e+00
7.840000000000000000e+02 2.232046351852939647e+00
7.850000000000000000e+02 2.232079281560004791e+00
7.860000000000000000e+02 2.232112205704618102e+00
7.870000000000000000e+02 2.232145124283727355e+00
7.880000000000000000e+02 2.232178037294282547e+00
7.890000000000000000e+02 2.232210944733231894e+00
7.900000000000000000e+02 2.232243846597524950e+00
7.910000000000000000e+02 2.232276742884110377e+00
7.920000000000000000e+02 2.232309633589937725e+00
7.930000000000000000e+02 2.232342518711955659e+00
7.940000000000000000e+02 2.232375398247112841e+00
7.950000000000000000e+02 2.232408272192358822e+00
7.960000000000000000e+02 2.232441140544642266e+00
7.970000000000000000e+02 2.232474003300912280e+00
7.980000000000000000e+02 2.232506860458117970e+00
7.990000000000000000e+02 2.232539712013208444e+00
8.000000000000000000e+02 2.232572557963132809e+00
8.010000000000000000e+02 2.232605398304839284e+00
8.020000000000000000e+02 2.232638233035277864e+00
8.030000000000000000e+02 2.232671062151396768e+00
8.040000000000000000e+02 2.232703885650145548e+00
8.050000000000000000e+02 2.232736703528472866e+00
8.060000000000000000e+02 2.232769515783328274e+00
8.070000000000000000e+02 2.232802322411659990e+00
8.080000000000000000e+02 2.232835123410417566e+00
8.090000000000000000e+02 2.232867918776550109e+00
8.100000000000000000e+02 2.232900708507005838e+00
8.110000000000000000e+02 2.232933492598734748e+00
8.120000000000000000e+02 2.232966271048685503e+00
8.130000000000000000e+02 2.232999043853806764e+00
8.140000000000000000e+02 2.233031811011048084e+00
8.150000000000000000e+02 2.233064572517358126e+00
8.160000000000000000e+02 2.233097328369685997e+00
8.170000000000000000e+02 2.233130078564980803e+00
8.180000000000000000e+02 2.233162823100191208e+00
8.190000000000000000e+02 2.233195561972266763e+00
8.200000000000000000e+02 2.233228295178156131e+00
8.210000000000000000e+02 2.233261022714807975e+00
8.220000000000000000e+02 2.233293744579172291e+00
8.230000000000000000e+02 2.233326460768196853e+00
8.240000000000000000e+02 2.233359171278832100e+00
8.250000000000000000e+02 2.233391876108025809e+00
8.260000000000000000e+02 2.233424575252727085e+00
8.270000000000000000e+02 2.233457268709885923e+00
8.280000000000000000e+02 2.233489956476450544e+00
8.290000000000000000e+02 2.233522638549370054e+00
8.300000000000000000e+02 2.233555314925593560e+00
8.310000000000000000e+02 2.233587985602069725e+00
8.320000000000000000e+02 2.233620650575748545e+00
8.330000000000000000e+02 2.233653309843577794e+00
8.340000000000000000e+02 2.233685963402507468e+00
8.350000000000000000e+02 2.233718611249485786e+00
8.360000000000000000e+02 2.233751253381462298e+00
8.370000000000000000e+02 2.233783889795386113e+00
8.380000000000000000e+02 2.233816520488205448e+00
8.390000000000000000e+02 2.233849145456870300e+00
8.400000000000000000e+02 2.233881764698328887e+00
8.410000000000000000e+02 2.233914378209530760e+00
8.420000000000000000e+02 2.233946985987425027e+00
8.430000000000000000e+02 2.233979588028959906e+00
8.440000000000000000e+02 2.234012184331085393e+00
8.450000000000000000e+02 2.234044774890749707e+00
8.460000000000000000e+02 2.234077359704901955e+00
8.470000000000000000e+02 2.234109938770491688e+00
8.480000000000000000e+02 2.234142512084467569e+00
8.490000000000000000e+02 2.234175079643778705e+00
8.500000000000000000e+02 2.234207641445373760e+00
8.510000000000000000e+02 2.234240197486201840e+00
8.520000000000000000e+02 2.234272747763212497e+00
8.530000000000000000e+02 2.234305292273354393e+00
8.540000000000000000e+02 2.234337831013576636e+00
8.550000000000000000e+02 2.234370363980827889e+00
8.560000000000000000e+02 2.234402891172057259e+00
8.570000000000000000e+02 2.234435412584213854e+00
8.580000000000000000e+02 2.234467928214247223e+00
8.590000000000000000e+02 2.234500438059105587e+00
8.600000000000000000e+02 2.234532942115738052e+00
8.610000000000000000e+02 2.234565440381094170e+00
8.620000000000000000e+02 2.234597932852122160e+00
8.630000000000000000e+02 2.234630419525772016e+00
8.640000000000000000e+02 2.234662900398991958e+00
8.650000000000000000e+02 2.234695375468731093e+00
8.660000000000000000e+02 2.234727844731938973e+00
8.670000000000000000e+02 2.234760308185563815e+00
8.680000000000000000e+02 2.234792765826555172e+00
8.690000000000000000e+02 2.234825217651862150e+00
8.700000000000000000e+02 2.234857663658432969e+00
8.710000000000000000e+02 2.234890103843217624e+00
8.720000000000000000e+02 2.234922538203164777e+00
8.730000000000000000e+02 2.234954966735223092e+00
8.740000000000000000e+02 2.234987389436342120e+00
8.750000000000000000e+02 2.235019806303470524e+00
8.760000000000000000e+02 2.235052217333557412e+00
8.770000000000000000e+02 2.235084622523551889e+00
8.780000000000000000e+02 2.235117021870402620e+00
8.790000000000000000e+02 2.235149415371058712e+00
8.800000000000000000e+02 2.235181803022469715e+00
8.810000000000000000e+02 2.235214184821583849e+00
8.820000000000000000e+02 2.235246560765350665e+00
8.830000000000000000e+02 2.235278930850719270e+00
8.840000000000000000e+02 2.235311295074638327e+00
8.850000000000000000e+02 2.235343653434056943e+00
8.860000000000000000e+02 2.235376005925923781e+00
8.870000000000000000e+02 2.235408352547188393e+00
8.880000000000000000e+02 2.235440693294799885e+00
8.890000000000000000e+02 2.235473028165706921e+00
8.900000000000000000e+02 2.235505357156858164e+00
8.910000000000000000e+02 2.235537680265203608e+00
8.920000000000000000e+02 2.235569997487691030e+00
8.930000000000000000e+02 2.235602308821270867e+00
8.940000000000000000e+02 2.235634614262890896e+00
8.950000000000000000e+02 2.235666913809500667e+00
8.960000000000000000e+02 2.235699207458048843e+00
8.970000000000000000e+02 2.235731495205485420e+00
8.980000000000000000e+02 2.235763777048758172e+00
8.990000000000000000e+02 2.235796052984816651e+00
9.000000000000000000e+02 2.235828323010609964e+00
9.010000000000000000e+02 2.235860587123087218e+00
9.020000000000000000e+02 2.235892845319196631e+00
9.030000000000000000e+02 2.235925097595888200e+00
9.040000000000000000e+02 2.235957343950110587e+00
9.050000000000000000e+02 2.235989584378812900e+00
9.060000000000000000e+02 2.236021818878943801e+00
9.070000000000000000e+02 2.236054047447452398e+00
9.080000000000000000e+02 2.236086270081287797e+00
9.090000000000000000e+02 2.236118486777399106e+00
9.100000000000000000e+02 2.236150697532735432e+00
9.110000000000000000e+02 2.236182902344245438e+00
9.120000000000000000e+02 2.236215101208878231e+00
9.130000000000000000e+02 2.236247294123583362e+00
9.140000000000000000e+02 2.236279481085308607e+00
9.150000000000000000e+02 2.236311662091004404e+00
9.160000000000000000e+02 2.236343837137618973e+00
9.170000000000000000e+02 2.236376006222100976e+00
9.180000000000000000e+02 2.236408169341400409e+00
9.190000000000000000e+02 2.236440326492465491e+00
9.200000000000000000e+02 2.236472477672245773e+00
9.210000000000000000e+02 2.236504622877689918e+00
9.220000000000000000e+02 2.236536762105746590e+00
9.230000000000000000e+02 2.236568895353365782e+00
9.240000000000000000e+02 2.236601022617495715e+00
9.250000000000000000e+02 2.236633143895085940e+00
9.260000000000000000e+02 2.236665259183084675e+00
9.270000000000000000e+02 2.236697368478441916e+00
9.280000000000000000e+02 2.236729471778105882e+00
9.290000000000000000e+02 2.236761569079026124e+00
9.300000000000000000e+02 2.236793660378151305e+00
9.310000000000000000e+02 2.236825745672430532e+00
9.320000000000000000e+02 2.236857824958812913e+00
9.330000000000000000e+02 2.236889898234247109e+00
9.340000000000000000e+02 2.236921965495682674e+00
9.350000000000000000e+02 2.236954026740068269e+00
9.360000000000000000e+02 2.236986081964353001e+00
9.370000000000000000e+02 2.237018131165485535e+00
9.380000000000000000e+02 2.237050174340415865e+00
9.390000000000000000e+02 2.237082211486091765e+00
9.400000000000000000e+02 2.237114242599463232e+00
9.410000000000000000e+02 2.237146267677478484e+00
9.420000000000000000e+02 2.237178286717087072e+00
9.430000000000000000e+02 2.237210299715238104e+00
9.440000000000000000e+02 2.237242306668879799e+00
9.450000000000000000e+02 2.237274307574962151e+00
9.460000000000000000e+02 2.237306302430433824e+00
9.470000000000000000e+02 2.237338291232243481e+00
9.480000000000000000e+02 2.237370273977340229e+00
9.490000000000000000e+02 2.237402250662673620e+00
9.500000000000000000e+02 2.237434221285191871e+00
9.510000000000000000e+02 2.237466185841844535e+00
9.520000000000000000e+02 2.237498144329580718e+00
9.530000000000000000e+02 2.237530096745349084e+00
9.540000000000000000e+02 2.237562043086098740e+00
9.550000000000000000e+02 2.237593983348778792e+00
9.560000000000000000e+02 2.237625917530337905e+00
9.570000000000000000e+02 2.237657845627725628e+00
9.580000000000000000e+02 2.237689767637890625e+00
9.590000000000000000e+02 2.237721683557782004e+00
9.600000000000000000e+02 2.237753593384348427e+00
9.610000000000000000e+02 2.237785497114539890e+00
9.620000000000000000e+02 2.237817394745304167e+00
9.630000000000000000e+02 2.237849286273591254e+00
9.640000000000000000e+02 2.237881171696349369e+00
9.650000000000000000e+02 2.237913051010528065e+00
9.660000000000000000e+02 2.237944924213076447e+00
9.670000000000000000e+02 2.237976791300943180e+00
9.680000000000000000e+02 2.238008652271077370e+00
9.690000000000000000e+02 2.238040507120427680e+00
9.700000000000000000e+02 2.238072355845944106e+00
9.710000000000000000e+02 2.238104198444574422e+00
9.720000000000000000e+02 2.238136034913268624e+00
9.730000000000000000e+02 2.238167865248975374e+00
9.740000000000000000e+02 2.238199689448643337e+00
9.750000000000000000e+02 2.238231507509222062e+00
9.760000000000000000e+02 2.238263319427660214e+00
9.770000000000000000e+02 2.238295125200906899e+00
9.780000000000000000e+02 2.238326924825911224e+00
9.790000000000000000e+02 2.238358718299622296e+00
9.800000000000000000e+02 2.238390505618988779e+00
9.810000000000000000e+02 2.238422286780959780e+00
9.820000000000000000e+02 2.238454061782484406e+00
9.830000000000000000e+02 2.238485830620511763e+00
9.840000000000000000e+02 2.238517593291990959e+00
9.850000000000000000e+02 2.238549349793870658e+00
9.860000000000000000e+02 2.238581100123099965e+00
9.870000000000000000e+02 2.238612844276627989e+00
9.880000000000000000e+02 2.238644582251403392e+00
9.890000000000000000e+02 2.238676314044375726e+00
9.900000000000000000e+02 2.238708039652493653e+00
9.910000000000000000e+02 2.238739759072706281e+00
9.920000000000000000e+02 2.238771472301963161e+00
9.930000000000000000e+02 2.238803179337212068e+00
9.940000000000000000e+02 2.238834880175402997e+00
9.950000000000000000e+02 2.238866574813484611e+00
9.960000000000000000e+02 2.238898263248406018e+00
9.970000000000000000e+02 2.238929945477116323e+00
9.980000000000000000e+02 2.238961621496564636e+00
9.990000000000000000e+02 2.238993291303699174e+00
1.000000000000000000e+03 2.239024954895469932e+00
1.001000000000000000e+03 2.239056612268825130e+00
1.002000000000000000e+03 2.239088263420714320e+00
1.003000000000000000e+03 2.239119908348086607e+00
1.004000000000000000e+03 2.239151547047890656e+00
1.005000000000000000e+03 2.239183179517075573e+00
1.006000000000000000e+03 2.239214805752590021e+00
1.007000000000000000e+03 2.239246425751383551e+00
1.008000000000000000e+03 2.239278039510405272e+00
1.009000000000000000e+03 2.239309647026603400e+00
1.010000000000000000e+03 2.239341248296927933e+00
1.011000000000000000e+03 2.239372843318327089e+00
1.012000000000000000e+03 2.239404432087749974e+00
1.013000000000000000e+03 2.239436014602146141e+00
1.014000000000000000e+03 2.239467590858464252e+00
1.015000000000000000e+03 2.239499160853653414e+00
1.016000000000000000e+03 2.239530724584662291e+00
1.017000000000000000e+03 2.239562282048440434e+00
1.018000000000000000e+03 2.239593833241936505e+00
1.019000000000000000e+03 2.239625378162099167e+00
1.020000000000000000e+03 2.239656916805878417e+00
1.021000000000000000e+03 2.239688449170222473e+00
