# order=21: data_wav [pixel], data_wavsolution [micron]
3.000000000000000000e+00 2.149346171993133492e+00
4.000000000000000000e+00 2.149379517657902472e+00
5.000000000000000000e+00 2.149412859760442274e+00
6.000000000000000000e+00 2.149446198298701205e+00
7.000000000000000000e+00 2.149479533270627574e+00
8.000000000000000000e+00 2.149512864674169688e+00
9.000000000000000000e+00 2.149546192507275411e+00
1.000000000000000000e+01 2.149579516767892606e+00
1.100000000000000000e+01 2.149612837453969583e+00
1.200000000000000000e+01 2.149646154563454203e+00
1.300000000000000000e+01 2.149679468094294776e+00
1.400000000000000000e+01 2.149712778044439165e+00
1.500000000000000000e+01 2.149746084411836122e+00
1.600000000000000000e+01 2.149779387194432623e+00
1.700000000000000000e+01 2.149812686390177419e+00
1.800000000000000000e+01 2.149845981997018818e+00
1.900000000000000000e+01 2.149879274012904684e+00
2.000000000000000000e+01 2.149912562435782437e+00
2.100000000000000000e+01 2.149945847263601273e+00
2.200000000000000000e+01 2.149979128494308611e+00
2.300000000000000000e+01 2.150012406125852316e+00
2.400000000000000000e+01 2.150045680156181138e+00
2.500000000000000000e+01 2.150078950583242499e+00
2.600000000000000000e+01 2.150112217404985149e+00
2.700000000000000000e+01 2.150145480619356508e+00
2.800000000000000000e+01 2.150178740224305329e+00
2.900000000000000000e+01 2.150211996217779031e+00
3.000000000000000000e+01 2.150245248597725922e+00
3.100000000000000000e+01 2.150278497362094310e+00
3.200000000000000000e+01 2.150311742508832058e+00
3.300000000000000000e+01 2.150344984035887475e+00
3.400000000000000000e+01 2.150378221941208423e+00
3.500000000000000000e+01 2.150411456222743212e+00
3.600000000000000000e+01 2.150444686878439260e+00
3.700000000000000000e+01 2.150477913906245764e+00
3.800000000000000000e+01 2.150511137304109699e+00
3.900000000000000000e+01 2.150544357069979817e+00
4.000000000000000000e+01 2.150577573201803983e+00
4.100000000000000000e+01 2.150610785697530059e+00
4.200000000000000000e+01 2.150643994555106797e+00
4.300000000000000000e+01 2.150677199772481618e+00
4.400000000000000000e+01 2.150710401347602829e+00
4.500000000000000000e+01 2.150743599278418738e+00
4.600000000000000000e+01 2.150776793562876765e+00
4.700000000000000000e+01 2.150809984198925662e+00
4.800000000000000000e+01 2.150843171184513292e+00
4.900000000000000000e+01 2.150876354517587963e+00
5.000000000000000000e+01 2.150909534196097095e+00
5.100000000000000000e+01 2.150942710217989440e+00
5.200000000000000000e+01 2.150975882581212861e+00
5.300000000000000000e+01 2.151009051283715223e+00
5.400000000000000000e+01 2.151042216323444833e+00
5.500000000000000000e+01 2.151075377698350000e+00
5.600000000000000000e+01 2.151108535406378142e+00
5.700000000000000000e+01 2.151141689445478011e+00
5.800000000000000000e+01 2.151174839813597472e+00
5.900000000000000000e+01 2.151207986508684389e+00
6.000000000000000000e+01 2.151241129528687068e+00
6.100000000000000000e+01 2.151274268871553375e+00
6.200000000000000000e+01 2.151307404535231615e+00
6.300000000000000000e+01 2.151340536517669655e+00
6.400000000000000000e+01 2.151373664816816245e+00
6.500000000000000000e+01 2.151406789430618360e+00
6.600000000000000000e+01 2.151439910357024754e+00
6.700000000000000000e+01 2.151473027593983733e+00
6.800000000000000000e+01 2.151506141139442718e+00
6.900000000000000000e+01 2.151539250991350460e+00
7.000000000000000000e+01 2.151572357147654380e+00
7.100000000000000000e+01 2.151605459606302784e+00
7.200000000000000000e+01 2.151638558365244425e+00
7.300000000000000000e+01 2.151671653422426278e+00
7.400000000000000000e+01 2.151704744775797096e+00
7.500000000000000000e+01 2.151737832423305186e+00
7.600000000000000000e+01 2.151770916362897967e+00
7.700000000000000000e+01 2.151803996592523749e+00
7.800000000000000000e+01 2.151837073110130394e+00
7.900000000000000000e+01 2.151870145913666654e+00
8.000000000000000000e+01 2.151903215001080394e+00
8.100000000000000000e+01 2.151936280370319476e+00
8.200000000000000000e+01 2.151969342019331766e+00
8.300000000000000000e+01 2.152002399946065569e+00
8.400000000000000000e+01 2.152035454148469196e+00
8.500000000000000000e+01 2.152068504624490508e+00
8.600000000000000000e+01 2.152101551372077815e+00
8.700000000000000000e+01 2.152134594389178979e+00
8.800000000000000000e+01 2.152167633673741864e+00
8.900000000000000000e+01 2.152200669223714780e+00
9.000000000000000000e+01 2.152233701037046032e+00
9.100000000000000000e+01 2.152266729111683485e+00
9.200000000000000000e+01 2.152299753445575003e+00
9.300000000000000000e+01 2.152332774036669338e+00
9.400000000000000000e+01 2.152365790882913466e+00
9.500000000000000000e+01 2.152398803982256581e+00
9.600000000000000000e+01 2.152431813332646104e+00
9.700000000000000000e+01 2.152464818932030788e+00
9.800000000000000000e+01 2.152497820778357607e+00
9.900000000000000000e+01 2.152530818869575757e+00
1.000000000000000000e+02 2.152563813203632659e+00
1.010000000000000000e+02 2.152596803778476620e+00
1.020000000000000000e+02 2.152629790592055503e+00
1.030000000000000000e+02 2.152662773642317617e+00
1.040000000000000000e+02 2.152695752927211270e+00
1.050000000000000000e+02 2.152728728444683881e+00
1.060000000000000000e+02 2.152761700192684202e+00
1.070000000000000000e+02 2.152794668169159653e+00
1.080000000000000000e+02 2.152827632372058986e+00
1.090000000000000000e+02 2.152860592799330064e+00
1.100000000000000000e+02 2.152893549448920751e+00
1.110000000000000000e+02 2.152926502318779356e+00
1.120000000000000000e+02 2.152959451406853741e+00
1.130000000000000000e+02 2.152992396711092216e+00
1.140000000000000000e+02 2.153025338229442642e+00
1.150000000000000000e+02 2.153058275959853329e+00
1.160000000000000000e+02 2.153091209900272140e+00
1.170000000000000000e+02 2.153124140048647384e+00
1.180000000000000000e+02 2.153157066402926922e+00
1.190000000000000000e+02 2.153189988961059065e+00
1.200000000000000000e+02 2.153222907720991675e+00
1.210000000000000000e+02 2.153255822680673059e+00
1.220000000000000000e+02 2.153288733838051083e+00
1.230000000000000000e+02 2.153321641191074054e+00
1.240000000000000000e+02 2.153354544737689835e+00
1.250000000000000000e+02 2.153387444475846291e+00
1.260000000000000000e+02 2.153420340403492172e+00
1.270000000000000000e+02 2.153453232518574900e+00
1.280000000000000000e+02 2.153486120819042782e+00
1.290000000000000000e+02 2.153519005302844125e+00
1.300000000000000000e+02 2.153551885967926793e+00
1.310000000000000000e+02 2.153584762812239095e+00
1.320000000000000000e+02 2.153617635833728894e+00
1.330000000000000000e+02 2.153650505030344053e+00
1.340000000000000000e+02 2.153683370400032882e+00
1.350000000000000000e+02 2.153716231940743686e+00
1.360000000000000000e+02 2.153749089650424331e+00
1.370000000000000000e+02 2.153781943527022680e+00
1.380000000000000000e+02 2.153814793568487485e+00
1.390000000000000000e+02 2.153847639772766165e+00
1.400000000000000000e+02 2.153880482137807029e+00
1.410000000000000000e+02 2.153913320661557940e+00
1.420000000000000000e+02 2.153946155341967650e+00
1.430000000000000000e+02 2.153978986176983135e+00
1.440000000000000000e+02 2.154011813164553590e+00
1.450000000000000000e+02 2.154044636302626436e+00
1.460000000000000000e+02 2.154077455589150425e+00
1.470000000000000000e+02 2.154110271022072531e+00
1.480000000000000000e+02 2.154143082599341952e+00
1.490000000000000000e+02 2.154175890318905662e+00
1.500000000000000000e+02 2.154208694178712857e+00
1.510000000000000000e+02 2.154241494176710958e+00
1.520000000000000000e+02 2.154274290310848272e+00
1.530000000000000000e+02 2.154307082579073107e+00
1.540000000000000000e+02 2.154339870979332883e+00
1.550000000000000000e+02 2.154372655509575907e+00
1.560000000000000000e+02 2.154405436167750931e+00
1.570000000000000000e+02 2.154438212951804932e+00
1.580000000000000000e+02 2.154470985859687104e+00
1.590000000000000000e+02 2.154503754889344425e+00
1.600000000000000000e+02 2.154536520038726088e+00
1.610000000000000000e+02 2.154569281305779516e+00
1.620000000000000000e+02 2.154602038688452570e+00
1.630000000000000000e+02 2.154634792184694003e+00
1.640000000000000000e+02 2.154667541792451235e+00
1.650000000000000000e+02 2.154700287509673018e+00
1.660000000000000000e+02 2.154733029334307215e+00
1.670000000000000000e+02 2.154765767264301246e+00
1.680000000000000000e+02 2.154798501297604307e+00
1.690000000000000000e+02 2.154831231432163374e+00
1.700000000000000000e+02 2.154863957665927199e+00
1.710000000000000000e+02 2.154896679996844089e+00
1.720000000000000000e+02 2.154929398422861464e+00
1.730000000000000000e+02 2.154962112941927632e+00
1.740000000000000000e+02 2.154994823551990901e+00
1.750000000000000000e+02 2.155027530250998691e+00
1.760000000000000000e+02 2.155060233036900197e+00
1.770000000000000000e+02 2.155092931907642395e+00
1.780000000000000000e+02 2.155125626861174482e+00
1.790000000000000000e+02 2.155158317895443432e+00
1.800000000000000000e+02 2.155191005008397997e+00
1.810000000000000000e+02 2.155223688197985599e+00
1.820000000000000000e+02 2.155256367462155431e+00
1.830000000000000000e+02 2.155289042798854471e+00
1.840000000000000000e+02 2.155321714206031469e+00
1.850000000000000000e+02 2.155354381681634290e+00
1.860000000000000000e+02 2.155387045223611242e+00
1.870000000000000000e+02 2.155419704829909744e+00
1.880000000000000000e+02 2.155452360498478548e+00
1.890000000000000000e+02 2.155485012227265518e+00
1.900000000000000000e+02 2.155517660014218517e+00
1.910000000000000000e+02 2.155550303857285854e+00
1.920000000000000000e+02 2.155582943754415837e+00
1.930000000000000000e+02 2.155615579703556328e+00
1.940000000000000000e+02 2.155648211702655193e+00
1.950000000000000000e+02 2.155680839749660738e+00
1.960000000000000000e+02 2.155713463842520827e+00
1.970000000000000000e+02 2.155746083979183769e+00
1.980000000000000000e+02 2.155778700157597871e+00
1.990000000000000000e+02 2.155811312375710553e+00
2.000000000000000000e+02 2.155843920631470567e+00
2.010000000000000000e+02 2.155876524922825777e+00
2.020000000000000000e+02 2.155909125247724045e+00
2.030000000000000000e+02 2.155941721604113681e+00
2.040000000000000000e+02 2.155974313989942548e+00
2.050000000000000000e+02 2.156006902403158954e+00
2.060000000000000000e+02 2.156039486841710762e+00
2.070000000000000000e+02 2.156072067303546280e+00
2.080000000000000000e+02 2.156104643786613373e+00
2.090000000000000000e+02 2.156137216288860348e+00
2.100000000000000000e+02 2.156169784808235068e+00
2.110000000000000000e+02 2.156202349342685842e+00
2.120000000000000000e+02 2.156234909890160534e+00
2.130000000000000000e+02 2.156267466448607451e+00
2.140000000000000000e+02 2.156300019015974456e+00
2.150000000000000000e+02 2.156332567590209859e+00
2.160000000000000000e+02 2.156365112169261522e+00
2.170000000000000000e+02 2.156397652751077310e+00
2.180000000000000000e+02 2.156430189333605973e+00
2.190000000000000000e+02 2.156462721914795377e+00
2.200000000000000000e+02 2.156495250492592941e+00
2.210000000000000000e+02 2.156527775064947416e+00
2.220000000000000000e+02 2.156560295629807111e+00
2.230000000000000000e+02 2.156592812185119001e+00
2.240000000000000000e+02 2.156625324728832283e+00
2.250000000000000000e+02 2.156657833258894819e+00
2.260000000000000000e+02 2.156690337773254473e+00
2.270000000000000000e+02 2.156722838269859110e+00
2.280000000000000000e+02 2.156755334746657038e+00
2.290000000000000000e+02 2.156787827201596563e+00
2.300000000000000000e+02 2.156820315632625551e+00
2.310000000000000000e+02 2.156852800037691864e+00
2.320000000000000000e+02 2.156885280414743811e+00
2.330000000000000000e+02 2.156917756761729699e+00
2.340000000000000000e+02 2.156950229076597392e+00
2.350000000000000000e+02 2.156982697357294754e+00
2.360000000000000000e+02 2.157015161601770092e+00
2.370000000000000000e+02 2.157047621807971716e+00
2.380000000000000000e+02 2.157080077973847487e+00
2.390000000000000000e+02 2.157112530097345271e+00
2.400000000000000000e+02 2.157144978176413375e+00
2.410000000000000000e+02 2.157177422208999662e+00
2.420000000000000000e+02 2.157209862193052885e+00
2.430000000000000000e+02 2.157242298126520019e+00
2.440000000000000000e+02 2.157274730007350261e+00
2.450000000000000000e+02 2.157307157833491029e+00
2.460000000000000000e+02 2.157339581602890632e+00
2.470000000000000000e+02 2.157372001313496934e+00
2.480000000000000000e+02 2.157404416963258242e+00
2.490000000000000000e+02 2.157436828550122421e+00
2.500000000000000000e+02 2.157469236072037777e+00
2.510000000000000000e+02 2.157501639526952619e+00
2.520000000000000000e+02 2.157534038912814367e+00
2.530000000000000000e+02 2.157566434227571328e+00
2.540000000000000000e+02 2.157598825469172255e+00
2.550000000000000000e+02 2.157631212635564122e+00
2.560000000000000000e+02 2.157663595724695682e+00
2.570000000000000000e+02 2.157695974734515243e+00
2.580000000000000000e+02 2.157728349662970224e+00
2.590000000000000000e+02 2.157760720508009378e+00
2.600000000000000000e+02 2.157793087267580123e+00
2.610000000000000000e+02 2.157825449939630769e+00
2.620000000000000000e+02 2.157857808522109622e+00
2.630000000000000000e+02 2.157890163012964990e+00
2.640000000000000000e+02 2.157922513410144294e+00
2.650000000000000000e+02 2.157954859711595841e+00
2.660000000000000000e+02 2.157987201915267494e+00
2.670000000000000000e+02 2.158019540019108007e+00
2.680000000000000000e+02 2.158051874021065242e+00
2.690000000000000000e+02 2.158084203919086619e+00
2.700000000000000000e+02 2.158116529711120890e+00
2.710000000000000000e+02 2.158148851395116363e+00
2.720000000000000000e+02 2.158181168969020014e+00
2.730000000000000000e+02 2.158213482430781038e+00
2.740000000000000000e+02 2.158245791778347300e+00
2.750000000000000000e+02 2.158278097009666219e+00
2.760000000000000000e+02 2.158310398122686546e+00
2.770000000000000000e+02 2.158342695115356147e+00
2.780000000000000000e+02 2.158374987985623328e+00
2.790000000000000000e+02 2.158407276731435953e+00
2.800000000000000000e+02 2.158439561350741887e+00
2.810000000000000000e+02 2.158471841841489436e+00
2.820000000000000000e+02 2.158504118201626465e+00
2.830000000000000000e+02 2.158536390429101726e+00
2.840000000000000000e+02 2.158568658521862638e+00
2.850000000000000000e+02 2.158600922477857509e+00
2.860000000000000000e+02 2.158633182295034203e+00
2.870000000000000000e+02 2.158665437971341028e+00
2.880000000000000000e+02 2.158697689504726291e+00
2.890000000000000000e+02 2.158729936893137857e+00
2.900000000000000000e+02 2.158762180134523589e+00
2.910000000000000000e+02 2.158794419226831351e+00
2.920000000000000000e+02 2.158826654168010339e+00
2.930000000000000000e+02 2.158858884956007529e+00
2.940000000000000000e+02 2.158891111588771228e+00
2.950000000000000000e+02 2.158923334064249744e+00
2.960000000000000000e+02 2.158955552380391385e+00
2.970000000000000000e+02 2.158987766535143571e+00
2.980000000000000000e+02 2.159019976526455054e+00
2.990000000000000000e+02 2.159052182352273253e+00
3.000000000000000000e+02 2.159084384010546920e+00
3.010000000000000000e+02 2.159116581499223475e+00
3.020000000000000000e+02 2.159148774816251670e+00
3.030000000000000000e+02 2.159180963959579369e+00
3.040000000000000000e+02 2.159213148927153991e+00
3.050000000000000000e+02 2.159245329716924733e+00
3.060000000000000000e+02 2.159277506326839013e+00
3.070000000000000000e+02 2.159309678754844697e+00
3.080000000000000000e+02 2.159341846998890091e+00
3.090000000000000000e+02 2.159374011056923948e+00
3.100000000000000000e+02 2.159406170926893243e+00
3.110000000000000000e+02 2.159438326606746728e+00
3.120000000000000000e+02 2.159470478094432710e+00
3.130000000000000000e+02 2.159502625387898167e+00
3.140000000000000000e+02 2.159534768485092293e+00
3.150000000000000000e+02 2.159566907383962953e+00
3.160000000000000000e+02 2.159599042082458009e+00
3.170000000000000000e+02 2.159631172578525327e+00
3.180000000000000000e+02 2.159663298870113657e+00
3.190000000000000000e+02 2.159695420955170420e+00
3.200000000000000000e+02 2.159727538831643923e+00
3.210000000000000000e+02 2.159759652497482030e+00
3.220000000000000000e+02 2.159791761950633493e+00
3.230000000000000000e+02 2.159823867189045732e+00
3.240000000000000000e+02 2.159855968210667054e+00
3.250000000000000000e+02 2.159888065013445768e+00
3.260000000000000000e+02 2.159920157595329737e+00
3.270000000000000000e+02 2.159952245954266825e+00
3.280000000000000000e+02 2.159984330088205340e+00
3.290000000000000000e+02 2.160016409995093589e+00
3.300000000000000000e+02 2.160048485672879437e+00
3.310000000000000000e+02 2.160080557119510747e+00
3.320000000000000000e+02 2.160112624332935827e+00
3.330000000000000000e+02 2.160144687311102540e+00
3.340000000000000000e+02 2.160176746051959640e+00
3.350000000000000000e+02 2.160208800553454545e+00
3.360000000000000000e+02 2.160240850813535118e+00
3.370000000000000000e+02 2.160272896830150113e+00
3.380000000000000000e+02 2.160304938601247393e+00
3.390000000000000000e+02 2.160336976124775266e+00
3.400000000000000000e+02 2.160369009398681150e+00
3.410000000000000000e+02 2.160401038420913356e+00
3.420000000000000000e+02 2.160433063189420633e+00
3.430000000000000000e+02 2.160465083702149958e+00
3.440000000000000000e+02 2.160497099957050526e+00
3.450000000000000000e+02 2.160529111952069314e+00
3.460000000000000000e+02 2.160561119685155518e+00
3.470000000000000000e+02 2.160593123154256556e+00
3.480000000000000000e+02 2.160625122357320294e+00
3.490000000000000000e+02 2.160657117292295482e+00
3.500000000000000000e+02 2.160689107957129984e+00
3.510000000000000000e+02 2.160721094349771665e+00
3.520000000000000000e+02 2.160753076468168388e+00
3.530000000000000000e+02 2.160785054310268904e+00
3.540000000000000000e+02 2.160817027874020635e+00
3.550000000000000000e+02 2.160848997157372331e+00
3.560000000000000000e+02 2.160880962158271412e+00
3.570000000000000000e+02 2.160912922874666631e+00
3.580000000000000000e+02 2.160944879304505406e+00
3.590000000000000000e+02 2.160976831445736046e+00
3.600000000000000000e+02 2.161008779296306859e+00
3.610000000000000000e+02 2.161040722854165708e+00
3.620000000000000000e+02 2.161072662117260901e+00
3.630000000000000000e+02 2.161104597083540302e+00
3.640000000000000000e+02 2.161136527750951775e+00
3.650000000000000000e+02 2.161168454117444071e+00
3.660000000000000000e+02 2.161200376180964611e+00
3.670000000000000000e+02 2.161232293939461702e+00
3.680000000000000000e+02 2.161264207390883652e+00
3.690000000000000000e+02 2.161296116533177880e+00
3.700000000000000000e+02 2.161328021364293583e+00
3.710000000000000000e+02 2.161359921882177737e+00
3.720000000000000000e+02 2.161391818084779093e+00
3.730000000000000000e+02 2.161423709970045515e+00
3.740000000000000000e+02 2.161455597535924866e+00
3.750000000000000000e+02 2.161487480780365456e+00
3.760000000000000000e+02 2.161519359701315590e+00
3.770000000000000000e+02 2.161551234296722690e+00
3.780000000000000000e+02 2.161583104564535951e+00
3.790000000000000000e+02 2.161614970502702349e+00
3.800000000000000000e+02 2.161646832109170191e+00
3.810000000000000000e+02 2.161678689381888230e+00
3.820000000000000000e+02 2.161710542318803441e+00
3.830000000000000000e+02 2.161742390917865020e+00
3.840000000000000000e+02 2.161774235177020387e+00
3.850000000000000000e+02 2.161806075094217849e+00
3.860000000000000000e+02 2.161837910667405271e+00
3.870000000000000000e+02 2.161869741894531405e+00
3.880000000000000000e+02 2.161901568773543225e+00
3.890000000000000000e+02 2.161933391302389484e+00
3.900000000000000000e+02 2.161965209479018490e+00
3.910000000000000000e+02 2.161997023301377663e+00
3.920000000000000000e+02 2.162028832767415754e+00
3.930000000000000000e+02 2.162060637875080626e+00
3.940000000000000000e+02 2.162092438622320145e+00
3.950000000000000000e+02 2.162124235007082174e+00
3.960000000000000000e+02 2.162156027027315464e+00
3.970000000000000000e+02 2.162187814680967435e+00
3.980000000000000000e+02 2.162219597965986839e+00
3.990000000000000000e+02 2.162251376880321541e+00
4.000000000000000000e+02 2.162283151421919403e+00
4.010000000000000000e+02 2.162314921588728289e+00
4.020000000000000000e+02 2.162346687378696952e+00
4.030000000000000000e+02 2.162378448789772811e+00
4.040000000000000000e+02 2.162410205819904174e+00
4.050000000000000000e+02 2.162441958467039349e+00
4.060000000000000000e+02 2.162473706729126643e+00
4.070000000000000000e+02 2.162505450604113477e+00
4.080000000000000000e+02 2.162537190089948158e+00
4.090000000000000000e+02 2.162568925184578550e+00
4.100000000000000000e+02 2.162600655885953405e+00
4.110000000000000000e+02 2.162632382192020142e+00
4.120000000000000000e+02 2.162664104100727513e+00
4.130000000000000000e+02 2.162695821610022939e+00
4.140000000000000000e+02 2.162727534717854727e+00
4.150000000000000000e+02 2.162759243422171185e+00
4.160000000000000000e+02 2.162790947720919732e+00
4.170000000000000000e+02 2.162822647612049121e+00
4.180000000000000000e+02 2.162854343093507659e+00
4.190000000000000000e+02 2.162886034163242321e+00
4.200000000000000000e+02 2.162917720819202305e+00
4.210000000000000000e+02 2.162949403059335030e+00
4.220000000000000000e+02 2.162981080881588802e+00
4.230000000000000000e+02 2.163012754283911931e+00
4.240000000000000000e+02 2.163044423264252281e+00
4.250000000000000000e+02 2.163076087820557714e+00
4.260000000000000000e+02 2.163107747950776538e+00
4.270000000000000000e+02 2.163139403652856618e+00
4.280000000000000000e+02 2.163171054924746262e+00
4.290000000000000000e+02 2.163202701764393776e+00
4.300000000000000000e+02 2.163234344169746581e+00
4.310000000000000000e+02 2.163265982138753429e+00
4.320000000000000000e+02 2.163297615669362184e+00
4.330000000000000000e+02 2.163329244759520709e+00
4.340000000000000000e+02 2.163360869407177756e+00
4.350000000000000000e+02 2.163392489610280300e+00
4.360000000000000000e+02 2.163424105366777095e+00
4.370000000000000000e+02 2.163455716674616447e+00
4.380000000000000000e+02 2.163487323531745776e+00
4.390000000000000000e+02 2.163518925936113835e+00
4.400000000000000000e+02 2.163550523885668042e+00
4.410000000000000000e+02 2.163582117378357150e+00
4.420000000000000000e+02 2.163613706412128579e+00
4.430000000000000000e+02 2.163645290984931080e+00
4.440000000000000000e+02 2.163676871094712073e+00
4.450000000000000000e+02 2.163708446739420310e+00
4.460000000000000000e+02 2.163740017917003211e+00
4.470000000000000000e+02 2.163771584625409528e+00
4.480000000000000000e+02 2.163803146862586679e+00
4.490000000000000000e+02 2.163834704626483418e+00
4.500000000000000000e+02 2.163866257915047164e+00
4.510000000000000000e+02 2.163897806726226225e+00
4.520000000000000000e+02 2.163929351057968908e+00
4.530000000000000000e+02 2.163960890908223078e+00
4.540000000000000000e+02 2.163992426274937042e+00
4.550000000000000000e+02 2.164023957156058664e+00
4.560000000000000000e+02 2.164055483549535808e+00
4.570000000000000000e+02 2.164087005453317225e+00
4.580000000000000000e+02 2.164118522865350336e+00
4.590000000000000000e+02 2.164150035783583448e+00
4.600000000000000000e+02 2.164181544205964869e+00
4.610000000000000000e+02 2.164213048130442463e+00
4.620000000000000000e+02 2.164244547554964093e+00
4.630000000000000000e+02 2.164276042477478512e+00
4.640000000000000000e+02 2.164307532895933139e+00
4.650000000000000000e+02 2.164339018808276283e+00
4.660000000000000000e+02 2.164370500212455806e+00
4.670000000000000000e+02 2.164401977106420460e+00
4.680000000000000000e+02 2.164433449488117667e+00
4.690000000000000000e+02 2.164464917355495732e+00
4.700000000000000000e+02 2.164496380706502521e+00
4.710000000000000000e+02 2.164527839539086340e+00
4.720000000000000000e+02 2.164559293851195498e+00
4.730000000000000000e+02 2.164590743640777859e+00
4.740000000000000000e+02 2.164622188905781286e+00
4.750000000000000000e+02 2.164653629644154087e+00
4.760000000000000000e+02 2.164685065853844570e+00
4.770000000000000000e+02 2.164716497532800155e+00
4.780000000000000000e+02 2.164747924678969593e+00
4.790000000000000000e+02 2.164779347290300304e+00
4.800000000000000000e+02 2.164810765364741041e+00
4.810000000000000000e+02 2.164842178900239666e+00
4.820000000000000000e+02 2.164873587894744045e+00
4.830000000000000000e+02 2.164904992346202484e+00
4.840000000000000000e+02 2.164936392252563291e+00
4.850000000000000000e+02 2.164967787611773886e+00
4.860000000000000000e+02 2.164999178421782577e+00
4.870000000000000000e+02 2.165030564680537672e+00
4.880000000000000000e+02 2.165061946385987479e+00
4.890000000000000000e+02 2.165093323536079417e+00
4.900000000000000000e+02 2.165124696128761794e+00
4.910000000000000000e+02 2.165156064161982918e+00
4.920000000000000000e+02 2.165187427633691097e+00
4.930000000000000000e+02 2.165218786541833751e+00
4.940000000000000000e+02 2.165250140884359187e+00
4.950000000000000000e+02 2.165281490659215713e+00
4.960000000000000000e+02 2.165312835864351193e+00
4.970000000000000000e+02 2.165344176497713935e+00
4.980000000000000000e+02 2.165375512557251803e+00
4.990000000000000000e+02 2.165406844040913104e+00
5.000000000000000000e+02 2.165438170946645702e+00
5.010000000000000000e+02 2.165469493272397461e+00
5.020000000000000000e+02 2.165500811016117133e+00
5.030000000000000000e+02 2.165532124175752138e+00
5.040000000000000000e+02 2.165563432749250783e+00
5.050000000000000000e+02 2.165594736734561376e+00
5.060000000000000000e+02 2.165626036129631782e+00
5.070000000000000000e+02 2.165657330932410307e+00
5.080000000000000000e+02 2.165688621140844372e+00
5.090000000000000000e+02 2.165719906752882729e+00
5.100000000000000000e+02 2.165751187766473240e+00
5.110000000000000000e+02 2.165782464179564215e+00
5.120000000000000000e+02 2.165813735990103517e+00
5.130000000000000000e+02 2.165845003196039009e+00
5.140000000000000000e+02 2.165876265795319000e+00
5.150000000000000000e+02 2.165907523785891797e+00
5.160000000000000000e+02 2.165938777165704821e+00
5.170000000000000000e+02 2.165970025932707266e+00
5.180000000000000000e+02 2.166001270084846109e+00
5.190000000000000000e+02 2.166032509620069657e+00
5.200000000000000000e+02 2.166063744536326663e+00
5.210000000000000000e+02 2.166094974831564102e+00
5.220000000000000000e+02 2.166126200503731170e+00
5.230000000000000000e+02 2.166157421550775286e+00
5.240000000000000000e+02 2.166188637970644759e+00
5.250000000000000000e+02 2.166219849761287897e+00
5.260000000000000000e+02 2.166251056920652118e+00
5.270000000000000000e+02 2.166282259446685732e+00
5.280000000000000000e+02 2.166313457337337489e+00
5.290000000000000000e+02 2.166344650590554810e+00
5.300000000000000000e+02 2.166375839204285558e+00
5.310000000000000000e+02 2.166407023176478486e+00
5.320000000000000000e+02 2.166438202505081456e+00
5.330000000000000000e+02 2.166469377188042333e+00
5.340000000000000000e+02 2.166500547223309425e+00
5.350000000000000000e+02 2.166531712608830595e+00
5.360000000000000000e+02 2.166562873342554152e+00
5.370000000000000000e+02 2.166594029422427958e+00
5.380000000000000000e+02 2.166625180846399878e+00
5.390000000000000000e+02 2.166656327612418664e+00
5.400000000000000000e+02 2.166687469718432180e+00
5.410000000000000000e+02 2.166718607162388288e+00
5.420000000000000000e+02 2.166749739942235298e+00
5.430000000000000000e+02 2.166780868055921072e+00
5.440000000000000000e+02 2.166811991501393475e+00
5.450000000000000000e+02 2.166843110276601259e+00
5.460000000000000000e+02 2.166874224379491842e+00
5.470000000000000000e+02 2.166905333808013534e+00
5.480000000000000000e+02 2.166936438560114642e+00
5.490000000000000000e+02 2.166967538633743473e+00
5.500000000000000000e+02 2.166998634026847004e+00
5.510000000000000000e+02 2.167029724737374430e+00
5.520000000000000000e+02 2.167060810763273615e+00
5.530000000000000000e+02 2.167091892102491979e+00
5.540000000000000000e+02 2.167122968752978274e+00
5.550000000000000000e+02 2.167154040712680363e+00
5.560000000000000000e+02 2.167185107979546554e+00
5.570000000000000000e+02 2.167216170551524712e+00
5.580000000000000000e+02 2.167247228426562700e+00
5.590000000000000000e+02 2.167278281602608825e+00
5.600000000000000000e+02 2.167309330077611396e+00
5.610000000000000000e+02 2.167340373849518276e+00
5.620000000000000000e+02 2.167371412916277329e+00
5.630000000000000000e+02 2.167402447275836863e+00
5.640000000000000000e+02 2.167433476926145186e+00
5.650000000000000000e+02 2.167464501865150162e+00
5.660000000000000000e+02 2.167495522090799653e+00
5.670000000000000000e+02 2.167526537601041969e+00
5.680000000000000000e+02 2.167557548393824973e+00
5.690000000000000000e+02 2.167588554467096973e+00
5.700000000000000000e+02 2.167619555818806276e+00
5.710000000000000000e+02 2.167650552446900303e+00
5.720000000000000000e+02 2.167681544349327805e+00
5.730000000000000000e+02 2.167712531524036645e+00
5.740000000000000000e+02 2.167743513968974689e+00
5.750000000000000000e+02 2.167774491682090243e+00
5.760000000000000000e+02 2.167805464661331616e+00
5.770000000000000000e+02 2.167836432904646227e+00
5.780000000000000000e+02 2.167867396409982383e+00
5.790000000000000000e+02 2.167898355175288394e+00
5.800000000000000000e+02 2.167929309198512566e+00
5.810000000000000000e+02 2.167960258477602320e+00
5.820000000000000000e+02 2.167991203010506407e+00
5.830000000000000000e+02 2.168022142795172247e+00
5.840000000000000000e+02 2.168053077829548592e+00
5.850000000000000000e+02 2.168084008111582861e+00
5.860000000000000000e+02 2.168114933639223363e+00
5.870000000000000000e+02 2.168145854410418849e+00
5.880000000000000000e+02 2.168176770423116295e+00
5.890000000000000000e+02 2.168207681675264453e+00
5.900000000000000000e+02 2.168238588164811631e+00
5.910000000000000000e+02 2.168269489889705248e+00
5.920000000000000000e+02 2.168300386847893613e+00
5.930000000000000000e+02 2.168331279037324588e+00
5.940000000000000000e+02 2.168362166455946927e+00
5.950000000000000000e+02 2.168393049101708492e+00
5.960000000000000000e+02 2.168423926972557148e+00
5.970000000000000000e+02 2.168454800066440757e+00
5.980000000000000000e+02 2.168485668381307629e+00
5.990000000000000000e+02 2.168516531915106071e+00
6.000000000000000000e+02 2.168547390665783947e+00
6.010000000000000000e+02 2.168578244631289564e+00
6.020000000000000000e+02 2.168609093809570343e+00
6.030000000000000000e+02 2.168639938198575035e+00
6.040000000000000000e+02 2.168670777796251947e+00
6.050000000000000000e+02 2.168701612600548057e+00
6.060000000000000000e+02 2.168732442609412558e+00
6.070000000000000000e+02 2.168763267820792873e+00
6.080000000000000000e+02 2.168794088232637307e+00
6.090000000000000000e+02 2.168824903842894170e+00
6.100000000000000000e+02 2.168855714649511324e+00
6.110000000000000000e+02 2.168886520650436633e+00
6.120000000000000000e+02 2.168917321843618407e+00
6.130000000000000000e+02 2.168948118227004507e+00
6.140000000000000000e+02 2.168978909798543686e+00
6.150000000000000000e+02 2.169009696556183364e+00
6.160000000000000000e+02 2.169040478497871405e+00
6.170000000000000000e+02 2.169071255621556560e+00
6.180000000000000000e+02 2.169102027925186693e+00
6.190000000000000000e+02 2.169132795406710112e+00
6.200000000000000000e+02 2.169163558064074238e+00
6.210000000000000000e+02 2.169194315895227376e+00
6.220000000000000000e+02 2.169225068898118280e+00
6.230000000000000000e+02 2.169255817070694370e+00
6.240000000000000000e+02 2.169286560410903508e+00
6.250000000000000000e+02 2.169317298916694448e+00
6.260000000000000000e+02 2.169348032586015051e+00
6.270000000000000000e+02 2.169378761416813184e+00
6.280000000000000000e+02 2.169409485407036708e+00
6.290000000000000000e+02 2.169440204554634377e+00
6.300000000000000000e+02 2.169470918857554054e+00
6.310000000000000000e+02 2.169501628313743602e+00
6.320000000000000000e+02 2.169532332921150886e+00
6.330000000000000000e+02 2.169563032677724657e+00
6.340000000000000000e+02 2.169593727581412779e+00
6.350000000000000000e+02 2.169624417630163116e+00
6.360000000000000000e+02 2.169655102821923531e+00
6.370000000000000000e+02 2.169685783154642778e+00
6.380000000000000000e+02 2.169716458626268274e+00
6.390000000000000000e+02 2.169747129234748773e+00
6.400000000000000000e+02 2.169777794978031693e+00
6.410000000000000000e+02 2.169808455854065343e+00
6.420000000000000000e+02 2.169839111860798031e+00
6.430000000000000000e+02 2.169869762996177620e+00
6.440000000000000000e+02 2.169900409258152418e+00
6.450000000000000000e+02 2.169931050644669845e+00
6.460000000000000000e+02 2.169961687153679097e+00
6.470000000000000000e+02 2.169992318783127150e+00
6.480000000000000000e+02 2.170022945530962755e+00
6.490000000000000000e+02 2.170053567395133776e+00
6.500000000000000000e+02 2.170084184373588077e+00
6.510000000000000000e+02 2.170114796464274409e+00
6.520000000000000000e+02 2.170145403665140194e+00
6.530000000000000000e+02 2.170176005974133737e+00
6.540000000000000000e+02 2.170206603389203348e+00
6.550000000000000000e+02 2.170237195908296446e+00
6.560000000000000000e+02 2.170267783529361783e+00
6.570000000000000000e+02 2.170298366250347222e+00
6.580000000000000000e+02 2.170328944069201071e+00
6.590000000000000000e+02 2.170359516983870751e+00
6.600000000000000000e+02 2.170390084992305013e+00
6.610000000000000000e+02 2.170420648092451277e+00
6.620000000000000000e+02 2.170451206282258738e+00
6.630000000000000000e+02 2.170481759559674373e+00
6.640000000000000000e+02 2.170512307922646489e+00
6.650000000000000000e+02 2.170542851369123394e+00
6.660000000000000000e+02 2.170573389897053396e+00
6.670000000000000000e+02 2.170603923504383914e+00
6.680000000000000000e+02 2.170634452189063701e+00
6.690000000000000000e+02 2.170664975949040620e+00
6.700000000000000000e+02 2.170695494782262536e+00
6.710000000000000000e+02 2.170726008686677755e+00
6.720000000000000000e+02 2.170756517660234142e+00
6.730000000000000000e+02 2.170787021700880004e+00
6.740000000000000000e+02 2.170817520806563206e+00
6.750000000000000000e+02 2.170848014975232054e+00
6.760000000000000000e+02 2.170878504204834414e+00
6.770000000000000000e+02 2.170908988493318592e+00
6.780000000000000000e+02 2.170939467838632453e+00
6.790000000000000000e+02 2.170969942238724304e+00
6.800000000000000000e+02 2.171000411691542453e+00
6.810000000000000000e+02 2.171030876195033876e+00
6.820000000000000000e+02 2.171061335747148213e+00
6.830000000000000000e+02 2.171091790345831996e+00
6.840000000000000000e+02 2.171122239989034419e+00
6.850000000000000000e+02 2.171152684674703348e+00
6.860000000000000000e+02 2.171183124400786646e+00
6.870000000000000000e+02 2.171213559165232176e+00
6.880000000000000000e+02 2.171243988965988247e+00
6.890000000000000000e+02 2.171274413801003611e+00
6.900000000000000000e+02 2.171304833668225243e+00
6.910000000000000000e+02 2.171335248565601894e+00
6.920000000000000000e+02 2.171365658491081430e+00
6.930000000000000000e+02 2.171396063442611712e+00
6.940000000000000000e+02 2.171426463418141495e+00
6.950000000000000000e+02 2.171456858415618196e+00
6.960000000000000000e+02 2.171487248432990125e+00
6.970000000000000000e+02 2.171517633468205588e+00
6.980000000000000000e+02 2.171548013519212450e+00
6.990000000000000000e+02 2.171578388583958574e+00
7.000000000000000000e+02 2.171608758660392269e+00
7.010000000000000000e+02 2.171639123746461841e+00
7.020000000000000000e+02 2.171669483840115156e+00
7.030000000000000000e+02 2.171699838939300076e+00
7.040000000000000000e+02 2.171730189041964909e+00
7.050000000000000000e+02 2.171760534146057964e+00
7.060000000000000000e+02 2.171790874249526659e+00
7.070000000000000000e+02 2.171821209350319748e+00
7.080000000000000000e+02 2.171851539446385093e+00
7.090000000000000000e+02 2.171881864535670559e+00
7.100000000000000000e+02 2.171912184616124897e+00
7.110000000000000000e+02 2.171942499685695083e+00
7.120000000000000000e+02 2.171972809742330313e+00
7.130000000000000000e+02 2.172003114783978006e+00
7.140000000000000000e+02 2.172033414808586027e+00
7.150000000000000000e+02 2.172063709814103127e+00
7.160000000000000000e+02 2.172093999798477171e+00
7.170000000000000000e+02 2.172124284759656021e+00
7.180000000000000000e+02 2.172154564695587986e+00
7.190000000000000000e+02 2.172184839604221374e+00
7.200000000000000000e+02 2.172215109483503603e+00
7.210000000000000000e+02 2.172245374331382983e+00
7.220000000000000000e+02 2.172275634145807821e+00
7.230000000000000000e+02 2.172305888924726425e+00
7.240000000000000000e+02 2.172336138666086214e+00
7.250000000000000000e+02 2.172366383367835496e+00
7.260000000000000000e+02 2.172396623027922580e+00
7.270000000000000000e+02 2.172426857644295772e+00
7.280000000000000000e+02 2.172457087214902494e+00
7.290000000000000000e+02 2.172487311737691051e+00
7.300000000000000000e+02 2.172517531210609754e+00
7.310000000000000000e+02 2.172547745631606464e+00
7.320000000000000000e+02 2.172577954998629490e+00
7.330000000000000000e+02 2.172608159309626252e+00
7.340000000000000000e+02 2.172638358562545946e+00
7.350000000000000000e+02 2.172668552755335991e+00
7.360000000000000000e+02 2.172698741885944251e+00
7.370000000000000000e+02 2.172728925952319035e+00
7.380000000000000000e+02 2.172759104952408649e+00
7.390000000000000000e+02 2.172789278884160957e+00
7.400000000000000000e+02 2.172819447745524268e+00
7.410000000000000000e+02 2.172849611534446446e+00
7.420000000000000000e+02 2.172879770248875353e+00
7.430000000000000000e+02 2.172909923886759298e+00
7.440000000000000000e+02 2.172940072446046589e+00
7.450000000000000000e+02 2.172970215924685089e+00
7.460000000000000000e+02 2.173000354320622662e+00
7.470000000000000000e+02 2.173030487631808061e+00
7.480000000000000000e+02 2.173060615856188260e+00
7.490000000000000000e+02 2.173090738991712456e+00
7.500000000000000000e+02 2.173120857036328513e+00
7.510000000000000000e+02 2.173150969987983849e+00
7.520000000000000000e+02 2.173181077844627218e+00
7.530000000000000000e+02 2.173211180604206039e+00
7.540000000000000000e+02 2.173241278264669063e+00
7.550000000000000000e+02 2.173271370823964155e+00
7.560000000000000000e+02 2.173301458280039622e+00
7.570000000000000000e+02 2.173331540630842884e+00
7.580000000000000000e+02 2.173361617874322693e+00
7.590000000000000000e+02 2.173391690008426469e+00
7.600000000000000000e+02 2.173421757031102963e+00
7.610000000000000000e+02 2.173451818940300040e+00
7.620000000000000000e+02 2.173481875733965563e+00
7.630000000000000000e+02 2.173511927410047839e+00
7.640000000000000000e+02 2.173541973966494734e+00
7.650000000000000000e+02 2.173572015401254554e+00
7.660000000000000000e+02 2.173602051712275607e+00
7.670000000000000000e+02 2.173632082897505313e+00
7.680000000000000000e+02 2.173662108954891981e+00
7.690000000000000000e+02 2.173692129882383917e+00
7.700000000000000000e+02 2.173722145677929429e+00
7.710000000000000000e+02 2.173752156339475938e+00
7.720000000000000000e+02 2.173782161864971751e+00
7.730000000000000000e+02 2.173812162252365177e+00
7.740000000000000000e+02 2.173842157499604522e+00
7.750000000000000000e+02 2.173872147604637206e+00
7.760000000000000000e+02 2.173902132565411538e+00
7.770000000000000000e+02 2.173932112379875825e+00
7.780000000000000000e+02 2.173962087045977931e+00
7.790000000000000000e+02 2.173992056561666164e+00
7.800000000000000000e+02 2.174022020924888388e+00
7.810000000000000000e+02 2.174051980133592465e+00
7.820000000000000000e+02 2.174081934185727150e+00
7.830000000000000000e+02 2.174111883079239860e+00
7.840000000000000000e+02 2.174141826812079348e+00
7.850000000000000000e+02 2.174171765382193033e+00
7.860000000000000000e+02 2.174201698787529224e+00
7.870000000000000000e+02 2.174231627026035785e+00
7.880000000000000000e+02 2.174261550095661466e+00
7.890000000000000000e+02 2.174291467994353688e+00
7.900000000000000000e+02 2.174321380720061203e+00
7.910000000000000000e+02 2.174351288270730986e+00
7.920000000000000000e+02 2.174381190644312234e+00
7.930000000000000000e+02 2.174411087838752810e+00
7.940000000000000000e+02 2.174440979852000133e+00
7.950000000000000000e+02 2.174470866682002956e+00
7.960000000000000000e+02 2.174500748326709143e+00
7.970000000000000000e+02 2.174530624784066557e+00
7.980000000000000000e+02 2.174560496052023506e+00
7.990000000000000000e+02 2.174590362128528298e+00
8.000000000000000000e+02 2.174620223011528797e+00
8.010000000000000000e+02 2.174650078698972866e+00
8.020000000000000000e+02 2.174679929188808813e+00
8.030000000000000000e+02 2.174709774478984503e+00
8.040000000000000000e+02 2.174739614567448243e+00
8.050000000000000000e+02 2.174769449452148340e+00
8.060000000000000000e+02 2.174799279131032215e+00
8.070000000000000000e+02 2.174829103602048619e+00
8.080000000000000000e+02 2.174858922863145416e+00
8.090000000000000000e+02 2.174888736912270470e+00
8.100000000000000000e+02 2.174918545747372089e+00
8.110000000000000000e+02 2.174948349366398137e+00
8.120000000000000000e+02 2.174978147767296921e+00
8.130000000000000000e+02 2.175007940948016305e+00
8.140000000000000000e+02 2.175037728906504597e+00
8.150000000000000000e+02 2.175067511640710105e+00
8.160000000000000000e+02 2.175097289148580249e+00
8.170000000000000000e+02 2.175127061428063335e+00
8.180000000000000000e+02 2.175156828477107673e+00
8.190000000000000000e+02 2.175186590293661570e+00
8.200000000000000000e+02 2.175216346875672446e+00
8.210000000000000000e+02 2.175246098221088609e+00
8.220000000000000000e+02 2.175275844327858366e+00
8.230000000000000000e+02 2.175305585193929581e+00
8.240000000000000000e+02 2.175335320817250562e+00
8.250000000000000000e+02 2.175365051195769173e+00
8.260000000000000000e+02 2.175394776327433721e+00
8.270000000000000000e+02 2.175424496210191627e+00
8.280000000000000000e+02 2.175454210841992087e+00
8.290000000000000000e+02 2.175483920220782075e+00
8.300000000000000000e+02 2.175513624344510788e+00
8.310000000000000000e+02 2.175543323211125202e+00
8.320000000000000000e+02 2.175573016818574068e+00
8.330000000000000000e+02 2.175602705164805251e+00
8.340000000000000000e+02 2.175632388247766613e+00
8.350000000000000000e+02 2.175662066065406908e+00
8.360000000000000000e+02 2.175691738615673554e+00
8.370000000000000000e+02 2.175721405896514860e+00
8.380000000000000000e+02 2.175751067905879133e+00
8.390000000000000000e+02 2.175780724641713793e+00
8.400000000000000000e+02 2.175810376101968036e+00
8.410000000000000000e+02 2.175840022284588837e+00
8.420000000000000000e+02 2.175869663187524949e+00
8.430000000000000000e+02 2.175899298808723792e+00
8.440000000000000000e+02 2.175928929146134116e+00
8.450000000000000000e+02 2.175958554197704231e+00
8.460000000000000000e+02 2.175988173961381111e+00
8.470000000000000000e+02 2.176017788435113953e+00
8.480000000000000000e+02 2.176047397616849732e+00
8.490000000000000000e+02 2.176077001504537645e+00
8.500000000000000000e+02 2.176106600096125110e+00
8.510000000000000000e+02 2.176136193389560880e+00
8.520000000000000000e+02 2.176165781382791931e+00
8.530000000000000000e+02 2.176195364073767013e+00
8.540000000000000000e+02 2.176224941460434437e+00
8.550000000000000000e+02 2.176254513540742064e+00
8.560000000000000000e+02 2.176284080312637315e+00
8.570000000000000000e+02 2.176313641774069385e+00
8.580000000000000000e+02 2.176343197922985695e+00
8.590000000000000000e+02 2.176372748757334552e+00
8.600000000000000000e+02 2.176402294275063820e+00
8.610000000000000000e+02 2.176431834474121807e+00
8.620000000000000000e+02 2.176461369352456376e+00
8.630000000000000000e+02 2.176490898908015836e+00
8.640000000000000000e+02 2.176520423138748050e+00
8.650000000000000000e+02 2.176549942042601327e+00
8.660000000000000000e+02 2.176579455617523529e+00
8.670000000000000000e+02 2.176608963861462964e+00
8.680000000000000000e+02 2.176638466772367497e+00
8.690000000000000000e+02 2.176667964348185436e+00
8.700000000000000000e+02 2.176697456586864643e+00
8.710000000000000000e+02 2.176726943486353427e+00
8.720000000000000000e+02 2.176756425044599208e+00
8.730000000000000000e+02 2.176785901259551181e+00
8.740000000000000000e+02 2.176815372129156323e+00
8.750000000000000000e+02 2.176844837651363829e+00
8.760000000000000000e+02 2.176874297824120674e+00
8.770000000000000000e+02 2.176903752645375612e+00
8.780000000000000000e+02 2.176933202113076504e+00
8.790000000000000000e+02 2.176962646225171660e+00
8.800000000000000000e+02 2.176992084979608499e+00
8.810000000000000000e+02 2.177021518374336218e+00
8.820000000000000000e+02 2.177050946407301790e+00
8.830000000000000000e+02 2.177080369076453970e+00
8.840000000000000000e+02 2.177109786379740619e+00
8.850000000000000000e+02 2.177139198315109603e+00
8.860000000000000000e+02 2.177168604880509672e+00
8.870000000000000000e+02 2.177198006073888248e+00
8.880000000000000000e+02 2.177227401893193637e+00
8.890000000000000000e+02 2.177256792336373703e+00
8.900000000000000000e+02 2.177286177401377198e+00
8.910000000000000000e+02 2.177315557086151099e+00
8.920000000000000000e+02 2.177344931388644600e+00
8.930000000000000000e+02 2.177374300306805566e+00
8.940000000000000000e+02 2.177403663838581416e+00
8.950000000000000000e+02 2.177433021981920458e+00
8.960000000000000000e+02 2.177462374734771444e+00
8.970000000000000000e+02 2.177491722095081794e+00
8.980000000000000000e+02 2.177521064060799816e+00
8.990000000000000000e+02 2.177550400629873373e+00
9.000000000000000000e+02 2.177579731800250773e+00
9.010000000000000000e+02 2.177609057569879880e+00
9.020000000000000000e+02 2.177638377936709446e+00
9.030000000000000000e+02 2.177667692898686447e+00
9.040000000000000000e+02 2.177697002453760078e+00
9.050000000000000000e+02 2.177726306599877315e+00
9.060000000000000000e+02 2.177755605334987354e+00
9.070000000000000000e+02 2.177784898657037616e+00
9.080000000000000000e+02 2.177814186563975962e+00
9.090000000000000000e+02 2.177843469053751146e+00
9.100000000000000000e+02 2.177872746124311032e+00
9.110000000000000000e+02 2.177902017773603482e+00
9.120000000000000000e+02 2.177931283999576362e+00
9.130000000000000000e+02 2.177960544800178422e+00
9.140000000000000000e+02 2.177989800173357526e+00
9.150000000000000000e+02 2.178019050117061095e+00
9.160000000000000000e+02 2.178048294629238324e+00
9.170000000000000000e+02 2.178077533707836189e+00
9.180000000000000000e+02 2.178106767350803885e+00
9.190000000000000000e+02 2.178135995556088389e+00
9.200000000000000000e+02 2.178165218321638452e+00
9.210000000000000000e+02 2.178194435645401938e+00
9.220000000000000000e+02 2.178223647525327156e+00
9.230000000000000000e+02 2.178252853959361968e+00
9.240000000000000000e+02 2.178282054945454682e+00
9.250000000000000000e+02 2.178311250481553163e+00
9.260000000000000000e+02 2.178340440565605274e+00
9.270000000000000000e+02 2.178369625195559323e+00
9.280000000000000000e+02 2.178398804369363617e+00
9.290000000000000000e+02 2.178427978084966021e+00
9.300000000000000000e+02 2.178457146340314843e+00
9.310000000000000000e+02 2.178486309133357501e+00
9.320000000000000000e+02 2.178515466462043193e+00
9.330000000000000000e+02 2.178544618324318893e+00
9.340000000000000000e+02 2.178573764718132910e+00
9.350000000000000000e+02 2.178602905641433995e+00
9.360000000000000000e+02 2.178632041092169569e+00
9.370000000000000000e+02 2.178661171068287938e+00
9.380000000000000000e+02 2.178690295567736968e+00
9.390000000000000000e+02 2.178719414588465408e+00
9.400000000000000000e+02 2.178748528128420681e+00
9.410000000000000000e+02 2.178777636185551092e+00
9.420000000000000000e+02 2.178806738757804506e+00
9.430000000000000000e+02 2.178835835843129232e+00
9.440000000000000000e+02 2.178864927439473576e+00
9.450000000000000000e+02 2.178894013544784958e+00
9.460000000000000000e+02 2.178923094157012130e+00
9.470000000000000000e+02 2.178952169274102513e+00
9.480000000000000000e+02 2.178981238894004857e+00
9.490000000000000000e+02 2.179010303014667027e+00
9.500000000000000000e+02 2.179039361634036887e+00
9.510000000000000000e+02 2.179068414750062743e+00
9.520000000000000000e+02 2.179097462360692905e+00
9.530000000000000000e+02 2.179126504463874792e+00
9.540000000000000000e+02 2.179155541057556711e+00
9.550000000000000000e+02 2.179184572139686971e+00
9.560000000000000000e+02 2.179213597708213879e+00
9.570000000000000000e+02 2.179242617761084855e+00
9.580000000000000000e+02 2.179271632296248651e+00
9.590000000000000000e+02 2.179300641311652686e+00
9.600000000000000000e+02 2.179329644805245270e+00
9.610000000000000000e+02 2.179358642774974708e+00
9.620000000000000000e+02 2.179387635218789310e+00
9.630000000000000000e+02 2.179416622134636494e+00
9.640000000000000000e+02 2.179445603520464569e+00
9.650000000000000000e+02 2.179474579374221843e+00
9.660000000000000000e+02 2.179503549693856179e+00
9.670000000000000000e+02 2.179532514477315441e+00
9.680000000000000000e+02 2.179561473722548381e+00
9.690000000000000000e+02 2.179590427427502863e+00
9.700000000000000000e+02 2.179619375590126307e+00
9.710000000000000000e+02 2.179648318208367463e+00
9.720000000000000000e+02 2.179677255280174197e+00
9.730000000000000000e+02 2.179706186803494816e+00
9.740000000000000000e+02 2.179735112776277184e+00
9.750000000000000000e+02 2.179764033196469608e+00
9.760000000000000000e+02 2.179792948062019509e+00
9.770000000000000000e+02 2.179821857370875637e+00
9.780000000000000000e+02 2.179850761120985858e+00
9.790000000000000000e+02 2.179879659310298479e+00
9.800000000000000000e+02 2.179908551936761363e+00
9.810000000000000000e+02 2.179937438998322374e+00
9.820000000000000000e+02 2.179966320492929821e+00
9.830000000000000000e+02 2.179995196418531567e+00
9.840000000000000000e+02 2.180024066773076363e+00
9.850000000000000000e+02 2.180052931554511630e+00
9.860000000000000000e+02 2.180081790760785676e+00
9.870000000000000000e+02 2.180110644389846364e+00
9.880000000000000000e+02 2.180139492439642446e+00
9.890000000000000000e+02 2.180168334908120897e+00
9.900000000000000000e+02 2.180197171793230915e+00
9.910000000000000000e+02 2.180226003092919917e+00
9.920000000000000000e+02 2.180254828805136214e+00
9.930000000000000000e+02 2.180283648927827667e+00
9.940000000000000000e+02 2.180312463458942585e+00
9.950000000000000000e+02 2.180341272396429275e+00
9.960000000000000000e+02 2.180370075738235158e+00
9.970000000000000000e+02 2.180398873482308986e+00
9.980000000000000000e+02 2.180427665626598177e+00
9.990000000000000000e+02 2.180456452169051484e+00
1.000000000000000000e+03 2.180485233107616772e+00
1.001000000000000000e+03 2.180514008440241902e+00
1.002000000000000000e+03 2.180542778164874740e+00
1.003000000000000000e+03 2.180571542279464037e+00
1.004000000000000000e+03 2.180600300781957657e+00
1.005000000000000000e+03 2.180629053670303463e+00
1.006000000000000000e+03 2.180657800942449320e+00
1.007000000000000000e+03 2.180686542596343980e+00
1.008000000000000000e+03 2.180715278629935305e+00
1.009000000000000000e+03 2.180744009041171161e+00
1.010000000000000000e+03 2.180772733827999410e+00
1.011000000000000000e+03 2.180801452988368805e+00
1.012000000000000000e+03 2.180830166520226765e+00
1.013000000000000000e+03 2.180858874421521598e+00
1.014000000000000000e+03 2.180887576690201612e+00
1.015000000000000000e+03 2.180916273324215116e+00
1.016000000000000000e+03 2.180944964321509527e+00
1.017000000000000000e+03 2.180973649680033155e+00
1.018000000000000000e+03 2.181002329397733863e+00
1.019000000000000000e+03 2.181031003472560403e+00
1.020000000000000000e+03 2.181059671902460195e+00
1.021000000000000000e+03 2.181088334685381547e+00
