# order=18: data_wav [pixel], data_wavsolution [micron]
3.000000000000000000e+00 1.986030761450154891e+00
4.000000000000000000e+00 1.986063127575644405e+00
5.000000000000000000e+00 1.986095490318585677e+00
6.000000000000000000e+00 1.986127849677489898e+00
7.000000000000000000e+00 1.986160205650868260e+00
8.000000000000000000e+00 1.986192558237231731e+00
9.000000000000000000e+00 1.986224907435091724e+00
1.000000000000000000e+01 1.986257253242959653e+00
1.100000000000000000e+01 1.986289595659346485e+00
1.200000000000000000e+01 1.986321934682763413e+00
1.300000000000000000e+01 1.986354270311721848e+00
1.400000000000000000e+01 1.986386602544732760e+00
1.500000000000000000e+01 1.986418931380307562e+00
1.600000000000000000e+01 1.986451256816957445e+00
1.700000000000000000e+01 1.986483578853193377e+00
1.800000000000000000e+01 1.986515897487526994e+00
1.900000000000000000e+01 1.986548212718469264e+00
2.000000000000000000e+01 1.986580524544531379e+00
2.100000000000000000e+01 1.986612832964224529e+00
2.200000000000000000e+01 1.986645137976060127e+00
2.300000000000000000e+01 1.986677439578549142e+00
2.400000000000000000e+01 1.986709737770202988e+00
2.500000000000000000e+01 1.986742032549532855e+00
2.600000000000000000e+01 1.986774323915049933e+00
2.700000000000000000e+01 1.986806611865265415e+00
2.800000000000000000e+01 1.986838896398690490e+00
2.900000000000000000e+01 1.986871177513836573e+00
3.000000000000000000e+01 1.986903455209214409e+00
3.100000000000000000e+01 1.986935729483335633e+00
3.200000000000000000e+01 1.986968000334711437e+00
3.300000000000000000e+01 1.987000267761852790e+00
3.400000000000000000e+01 1.987032531763271326e+00
3.500000000000000000e+01 1.987064792337477792e+00
3.600000000000000000e+01 1.987097049482983602e+00
3.700000000000000000e+01 1.987129303198299946e+00
3.800000000000000000e+01 1.987161553481938236e+00
3.900000000000000000e+01 1.987193800332409443e+00
4.000000000000000000e+01 1.987226043748224757e+00
4.100000000000000000e+01 1.987258283727895591e+00
4.200000000000000000e+01 1.987290520269933136e+00
4.300000000000000000e+01 1.987322753372848361e+00
4.400000000000000000e+01 1.987354983035152900e+00
4.500000000000000000e+01 1.987387209255357501e+00
4.600000000000000000e+01 1.987419432031973798e+00
4.700000000000000000e+01 1.987451651363512761e+00
4.800000000000000000e+01 1.987483867248485581e+00
4.900000000000000000e+01 1.987516079685403669e+00
5.000000000000000000e+01 1.987548288672777996e+00
5.100000000000000000e+01 1.987580494209119975e+00
5.200000000000000000e+01 1.987612696292940795e+00
5.300000000000000000e+01 1.987644894922751426e+00
5.400000000000000000e+01 1.987677090097063504e+00
5.500000000000000000e+01 1.987709281814387996e+00
5.600000000000000000e+01 1.987741470073236094e+00
5.700000000000000000e+01 1.987773654872119211e+00
5.800000000000000000e+01 1.987805836209548316e+00
5.900000000000000000e+01 1.987838014084034821e+00
6.000000000000000000e+01 1.987870188494089696e+00
6.100000000000000000e+01 1.987902359438224353e+00
6.200000000000000000e+01 1.987934526914949984e+00
6.300000000000000000e+01 1.987966690922777779e+00
6.400000000000000000e+01 1.987998851460219152e+00
6.500000000000000000e+01 1.988031008525784848e+00
6.600000000000000000e+01 1.988063162117986504e+00
6.700000000000000000e+01 1.988095312235335088e+00
6.800000000000000000e+01 1.988127458876342013e+00
6.900000000000000000e+01 1.988159602039518470e+00
7.000000000000000000e+01 1.988191741723375650e+00
7.100000000000000000e+01 1.988223877926424521e+00
7.200000000000000000e+01 1.988256010647176719e+00
7.300000000000000000e+01 1.988288139884142991e+00
7.400000000000000000e+01 1.988320265635834971e+00
7.500000000000000000e+01 1.988352387900763629e+00
7.600000000000000000e+01 1.988384506677440378e+00
7.700000000000000000e+01 1.988416621964376185e+00
7.800000000000000000e+01 1.988448733760082687e+00
7.900000000000000000e+01 1.988480842063070408e+00
8.000000000000000000e+01 1.988512946871851206e+00
8.100000000000000000e+01 1.988545048184936048e+00
8.200000000000000000e+01 1.988577146000836127e+00
8.300000000000000000e+01 1.988609240318062854e+00
8.400000000000000000e+01 1.988641331135126977e+00
8.500000000000000000e+01 1.988673418450540131e+00
8.600000000000000000e+01 1.988705502262813507e+00
8.700000000000000000e+01 1.988737582570458295e+00
8.800000000000000000e+01 1.988769659371985465e+00
8.900000000000000000e+01 1.988801732665906430e+00
9.000000000000000000e+01 1.988833802450732602e+00
9.100000000000000000e+01 1.988865868724974728e+00
9.200000000000000000e+01 1.988897931487144444e+00
9.300000000000000000e+01 1.988929990735752718e+00
9.400000000000000000e+01 1.988962046469310740e+00
9.500000000000000000e+01 1.988994098686330148e+00
9.600000000000000000e+01 1.989026147385321686e+00
9.700000000000000000e+01 1.989058192564796546e+00
9.800000000000000000e+01 1.989090234223266362e+00
9.900000000000000000e+01 1.989122272359242105e+00
1.000000000000000000e+02 1.989154306971234965e+00
1.010000000000000000e+02 1.989186338057756132e+00
1.020000000000000000e+02 1.989218365617316797e+00
1.030000000000000000e+02 1.989250389648428596e+00
1.040000000000000000e+02 1.989282410149602054e+00
1.050000000000000000e+02 1.989314427119349027e+00
1.060000000000000000e+02 1.989346440556180262e+00
1.070000000000000000e+02 1.989378450458607173e+00
1.080000000000000000e+02 1.989410456825140949e+00
1.090000000000000000e+02 1.989442459654293005e+00
1.100000000000000000e+02 1.989474458944574087e+00
1.110000000000000000e+02 1.989506454694495829e+00
1.120000000000000000e+02 1.989538446902569424e+00
1.130000000000000000e+02 1.989570435567305839e+00
1.140000000000000000e+02 1.989602420687216489e+00
1.150000000000000000e+02 1.989634402260812562e+00
1.160000000000000000e+02 1.989666380286605030e+00
1.170000000000000000e+02 1.989698354763105526e+00
1.180000000000000000e+02 1.989730325688825019e+00
1.190000000000000000e+02 1.989762293062274701e+00
1.200000000000000000e+02 1.989794256881965762e+00
1.210000000000000000e+02 1.989826217146409837e+00
1.220000000000000000e+02 1.989858173854117451e+00
1.230000000000000000e+02 1.989890127003600462e+00
1.240000000000000000e+02 1.989922076593369615e+00
1.250000000000000000e+02 1.989954022621936325e+00
1.260000000000000000e+02 1.989985965087811781e+00
1.270000000000000000e+02 1.990017903989507397e+00
1.280000000000000000e+02 1.990049839325533920e+00
1.290000000000000000e+02 1.990081771094402985e+00
1.300000000000000000e+02 1.990113699294625782e+00
1.310000000000000000e+02 1.990145623924713281e+00
1.320000000000000000e+02 1.990177544983176894e+00
1.330000000000000000e+02 1.990209462468527812e+00
1.340000000000000000e+02 1.990241376379277227e+00
1.350000000000000000e+02 1.990273286713936107e+00
1.360000000000000000e+02 1.990305193471016088e+00
1.370000000000000000e+02 1.990337096649028137e+00
1.380000000000000000e+02 1.990368996246483668e+00
1.390000000000000000e+02 1.990400892261893651e+00
1.400000000000000000e+02 1.990432784693769497e+00
1.410000000000000000e+02 1.990464673540622176e+00
1.420000000000000000e+02 1.990496558800963323e+00
1.430000000000000000e+02 1.990528440473303684e+00
1.440000000000000000e+02 1.990560318556154673e+00
1.450000000000000000e+02 1.990592193048027703e+00
1.460000000000000000e+02 1.990624063947433742e+00
1.470000000000000000e+02 1.990655931252883981e+00
1.480000000000000000e+02 1.990687794962889834e+00
1.490000000000000000e+02 1.990719655075962269e+00
1.500000000000000000e+02 1.990751511590612699e+00
1.510000000000000000e+02 1.990783364505352315e+00
1.520000000000000000e+02 1.990815213818692309e+00
1.530000000000000000e+02 1.990847059529143870e+00
1.540000000000000000e+02 1.990878901635218190e+00
1.550000000000000000e+02 1.990910740135426460e+00
1.560000000000000000e+02 1.990942575028280093e+00
1.570000000000000000e+02 1.990974406312290057e+00
1.580000000000000000e+02 1.991006233985967766e+00
1.590000000000000000e+02 1.991038058047824411e+00
1.600000000000000000e+02 1.991069878496371182e+00
1.610000000000000000e+02 1.991101695330119048e+00
1.620000000000000000e+02 1.991133508547579645e+00
1.630000000000000000e+02 1.991165318147263719e+00
1.640000000000000000e+02 1.991197124127682905e+00
1.650000000000000000e+02 1.991228926487348394e+00
1.660000000000000000e+02 1.991260725224771155e+00
1.670000000000000000e+02 1.991292520338462380e+00
1.680000000000000000e+02 1.991324311826933702e+00
1.690000000000000000e+02 1.991356099688695869e+00
1.700000000000000000e+02 1.991387883922260293e+00
1.710000000000000000e+02 1.991419664526138167e+00
1.720000000000000000e+02 1.991451441498840902e+00
1.730000000000000000e+02 1.991483214838879245e+00
1.740000000000000000e+02 1.991514984544764832e+00
1.750000000000000000e+02 1.991546750615008854e+00
1.760000000000000000e+02 1.991578513048122279e+00
1.770000000000000000e+02 1.991610271842616520e+00
1.780000000000000000e+02 1.991642026997002768e+00
1.790000000000000000e+02 1.991673778509792214e+00
1.800000000000000000e+02 1.991705526379496050e+00
1.810000000000000000e+02 1.991737270604625465e+00
1.820000000000000000e+02 1.991769011183691651e+00
1.830000000000000000e+02 1.991800748115206021e+00
1.840000000000000000e+02 1.991832481397679544e+00
1.850000000000000000e+02 1.991864211029623632e+00
1.860000000000000000e+02 1.991895937009549478e+00
1.870000000000000000e+02 1.991927659335968048e+00
1.880000000000000000e+02 1.991959378007390979e+00
1.890000000000000000e+02 1.991991093022329018e+00
1.900000000000000000e+02 1.992022804379293799e+00
1.910000000000000000e+02 1.992054512076796291e+00
1.920000000000000000e+02 1.992086216113347907e+00
1.930000000000000000e+02 1.992117916487459617e+00
1.940000000000000000e+02 1.992149613197642610e+00
1.950000000000000000e+02 1.992181306242408523e+00
1.960000000000000000e+02 1.992212995620268101e+00
1.970000000000000000e+02 1.992244681329732758e+00
1.980000000000000000e+02 1.992276363369313685e+00
1.990000000000000000e+02 1.992308041737522295e+00
2.000000000000000000e+02 1.992339716432869556e+00
2.010000000000000000e+02 1.992371387453866660e+00
2.020000000000000000e+02 1.992403054799024797e+00
2.030000000000000000e+02 1.992434718466855603e+00
2.040000000000000000e+02 1.992466378455869824e+00
2.050000000000000000e+02 1.992498034764578874e+00
2.060000000000000000e+02 1.992529687391493942e+00
2.070000000000000000e+02 1.992561336335126221e+00
2.080000000000000000e+02 1.992592981593986901e+00
2.090000000000000000e+02 1.992624623166587394e+00
2.100000000000000000e+02 1.992656261051438671e+00
2.110000000000000000e+02 1.992687895247051921e+00
2.120000000000000000e+02 1.992719525751938558e+00
2.130000000000000000e+02 1.992751152564609773e+00
2.140000000000000000e+02 1.992782775683576757e+00
2.150000000000000000e+02 1.992814395107350700e+00
2.160000000000000000e+02 1.992846010834442572e+00
2.170000000000000000e+02 1.992877622863364007e+00
2.180000000000000000e+02 1.992909231192626196e+00
2.190000000000000000e+02 1.992940835820739887e+00
2.200000000000000000e+02 1.992972436746216935e+00
2.210000000000000000e+02 1.993004033967568089e+00
2.220000000000000000e+02 1.993035627483304539e+00
2.230000000000000000e+02 1.993067217291937920e+00
2.240000000000000000e+02 1.993098803391978979e+00
2.250000000000000000e+02 1.993130385781939351e+00
2.260000000000000000e+02 1.993161964460330005e+00
2.270000000000000000e+02 1.993193539425662131e+00
2.280000000000000000e+02 1.993225110676446921e+00
2.290000000000000000e+02 1.993256678211195787e+00
2.300000000000000000e+02 1.993288242028419921e+00
2.310000000000000000e+02 1.993319802126630513e+00
2.320000000000000000e+02 1.993351358504338533e+00
2.330000000000000000e+02 1.993382911160055393e+00
2.340000000000000000e+02 1.993414460092292506e+00
2.350000000000000000e+02 1.993446005299560619e+00
2.360000000000000000e+02 1.993477546780371368e+00
2.370000000000000000e+02 1.993509084533235942e+00
2.380000000000000000e+02 1.993540618556665089e+00
2.390000000000000000e+02 1.993572148849170667e+00
2.400000000000000000e+02 1.993603675409263420e+00
2.410000000000000000e+02 1.993635198235454986e+00
2.420000000000000000e+02 1.993666717326256110e+00
2.430000000000000000e+02 1.993698232680178206e+00
2.440000000000000000e+02 1.993729744295732464e+00
2.450000000000000000e+02 1.993761252171430298e+00
2.460000000000000000e+02 1.993792756305782676e+00
2.470000000000000000e+02 1.993824256697301012e+00
2.480000000000000000e+02 1.993855753344496495e+00
2.490000000000000000e+02 1.993887246245880096e+00
2.500000000000000000e+02 1.993918735399963227e+00
2.510000000000000000e+02 1.993950220805257079e+00
2.520000000000000000e+02 1.993981702460272842e+00
2.530000000000000000e+02 1.994013180363521709e+00
2.540000000000000000e+02 1.994044654513515091e+00
2.550000000000000000e+02 1.994076124908763958e+00
2.560000000000000000e+02 1.994107591547779723e+00
2.570000000000000000e+02 1.994139054429073354e+00
2.580000000000000000e+02 1.994170513551156265e+00
2.590000000000000000e+02 1.994201968912539646e+00
2.600000000000000000e+02 1.994233420511734689e+00
2.610000000000000000e+02 1.994264868347252584e+00
2.620000000000000000e+02 1.994296312417604522e+00
2.630000000000000000e+02 1.994327752721301916e+00
2.640000000000000000e+02 1.994359189256855736e+00
2.650000000000000000e+02 1.994390622022777171e+00
2.660000000000000000e+02 1.994422051017577857e+00
2.670000000000000000e+02 1.994453476239768541e+00
2.680000000000000000e+02 1.994484897687860414e+00
2.690000000000000000e+02 1.994516315360365111e+00
2.700000000000000000e+02 1.994547729255793600e+00
2.710000000000000000e+02 1.994579139372657073e+00
2.720000000000000000e+02 1.994610545709466942e+00
2.730000000000000000e+02 1.994641948264734177e+00
2.740000000000000000e+02 1.994673347036969968e+00
2.750000000000000000e+02 1.994704742024685729e+00
2.760000000000000000e+02 1.994736133226392649e+00
2.770000000000000000e+02 1.994767520640601921e+00
2.780000000000000000e+02 1.994798904265824735e+00
2.790000000000000000e+02 1.994830284100572282e+00
2.800000000000000000e+02 1.994861660143355753e+00
2.810000000000000000e+02 1.994893032392686338e+00
2.820000000000000000e+02 1.994924400847075452e+00
2.830000000000000000e+02 1.994955765505034284e+00
2.840000000000000000e+02 1.994987126365073804e+00
2.850000000000000000e+02 1.995018483425705424e+00
2.860000000000000000e+02 1.995049836685440114e+00
2.870000000000000000e+02 1.995081186142789509e+00
2.880000000000000000e+02 1.995112531796264577e+00
2.890000000000000000e+02 1.995143873644376509e+00
2.900000000000000000e+02 1.995175211685636718e+00
2.910000000000000000e+02 1.995206545918555952e+00
2.920000000000000000e+02 1.995237876341646066e+00
2.930000000000000000e+02 1.995269202953417809e+00
2.940000000000000000e+02 1.995300525752382592e+00
2.950000000000000000e+02 1.995331844737051608e+00
2.960000000000000000e+02 1.995363159905935824e+00
2.970000000000000000e+02 1.995394471257546876e+00
2.980000000000000000e+02 1.995425778790395732e+00
2.990000000000000000e+02 1.995457082502993806e+00
3.000000000000000000e+02 1.995488382393852067e+00
3.010000000000000000e+02 1.995519678461481705e+00
3.020000000000000000e+02 1.995550970704394134e+00
3.030000000000000000e+02 1.995582259121100543e+00
3.040000000000000000e+02 1.995613543710112125e+00
3.050000000000000000e+02 1.995644824469939849e+00
3.060000000000000000e+02 1.995676101399095348e+00
3.070000000000000000e+02 1.995707374496089592e+00
3.080000000000000000e+02 1.995738643759433995e+00
3.090000000000000000e+02 1.995769909187639524e+00
3.100000000000000000e+02 1.995801170779217371e+00
3.110000000000000000e+02 1.995832428532678948e+00
3.120000000000000000e+02 1.995863682446535448e+00
3.130000000000000000e+02 1.995894932519298060e+00
3.140000000000000000e+02 1.995926178749477975e+00
3.150000000000000000e+02 1.995957421135586385e+00
3.160000000000000000e+02 1.995988659676134480e+00
3.170000000000000000e+02 1.996019894369633674e+00
3.180000000000000000e+02 1.996051125214594713e+00
3.190000000000000000e+02 1.996082352209529454e+00
3.200000000000000000e+02 1.996113575352948644e+00
3.210000000000000000e+02 1.996144794643363696e+00
3.220000000000000000e+02 1.996176010079285801e+00
3.230000000000000000e+02 1.996207221659226150e+00
3.240000000000000000e+02 1.996238429381695934e+00
3.250000000000000000e+02 1.996269633245206343e+00
3.260000000000000000e+02 1.996300833248268791e+00
3.270000000000000000e+02 1.996332029389394247e+00
3.280000000000000000e+02 1.996363221667093901e+00
3.290000000000000000e+02 1.996394410079879389e+00
3.300000000000000000e+02 1.996425594626261457e+00
3.310000000000000000e+02 1.996456775304751519e+00
3.320000000000000000e+02 1.996487952113860764e+00
3.330000000000000000e+02 1.996519125052100385e+00
3.340000000000000000e+02 1.996550294117981572e+00
3.350000000000000000e+02 1.996581459310015738e+00
3.360000000000000000e+02 1.996612620626713852e+00
3.370000000000000000e+02 1.996643778066587327e+00
3.380000000000000000e+02 1.996674931628147132e+00
3.390000000000000000e+02 1.996706081309904679e+00
3.400000000000000000e+02 1.996737227110371160e+00
3.410000000000000000e+02 1.996768369028057766e+00
3.420000000000000000e+02 1.996799507061475909e+00
3.430000000000000000e+02 1.996830641209136337e+00
3.440000000000000000e+02 1.996861771469550684e+00
3.450000000000000000e+02 1.996892897841229919e+00
3.460000000000000000e+02 1.996924020322685456e+00
3.470000000000000000e+02 1.996955138912428263e+00
3.480000000000000000e+02 1.996986253608969974e+00
3.490000000000000000e+02 1.997017364410821338e+00
3.500000000000000000e+02 1.997048471316493767e+00
3.510000000000000000e+02 1.997079574324498674e+00
3.520000000000000000e+02 1.997110673433346806e+00
3.530000000000000000e+02 1.997141768641549797e+00
3.540000000000000000e+02 1.997172859947618839e+00
3.550000000000000000e+02 1.997203947350064901e+00
3.560000000000000000e+02 1.997235030847399173e+00
3.570000000000000000e+02 1.997266110438133291e+00
3.580000000000000000e+02 1.997297186120778001e+00
3.590000000000000000e+02 1.997328257893844938e+00
3.600000000000000000e+02 1.997359325755844850e+00
3.610000000000000000e+02 1.997390389705289371e+00
3.620000000000000000e+02 1.997421449740689470e+00
3.630000000000000000e+02 1.997452505860556560e+00
3.640000000000000000e+02 1.997483558063401610e+00
3.650000000000000000e+02 1.997514606347736033e+00
3.660000000000000000e+02 1.997545650712070797e+00
3.670000000000000000e+02 1.997576691154917539e+00
3.680000000000000000e+02 1.997607727674787226e+00
3.690000000000000000e+02 1.997638760270190827e+00
3.700000000000000000e+02 1.997669788939639979e+00
3.710000000000000000e+02 1.997700813681645871e+00
3.720000000000000000e+02 1.997731834494719250e+00
3.730000000000000000e+02 1.997762851377371973e+00
3.740000000000000000e+02 1.997793864328114788e+00
3.750000000000000000e+02 1.997824873345459107e+00
3.760000000000000000e+02 1.997855878427916121e+00
3.770000000000000000e+02 1.997886879573996799e+00
3.780000000000000000e+02 1.997917876782212776e+00
3.790000000000000000e+02 1.997948870051075243e+00
3.800000000000000000e+02 1.997979859379094947e+00
3.810000000000000000e+02 1.998010844764783522e+00
3.820000000000000000e+02 1.998041826206652161e+00
3.830000000000000000e+02 1.998072803703211830e+00
3.840000000000000000e+02 1.998103777252973945e+00
3.850000000000000000e+02 1.998134746854449695e+00
3.860000000000000000e+02 1.998165712506150271e+00
3.870000000000000000e+02 1.998196674206587087e+00
3.880000000000000000e+02 1.998227631954270889e+00
3.890000000000000000e+02 1.998258585747713312e+00
3.900000000000000000e+02 1.998289535585425325e+00
3.910000000000000000e+02 1.998320481465918341e+00
3.920000000000000000e+02 1.998351423387703552e+00
3.930000000000000000e+02 1.998382361349291925e+00
3.940000000000000000e+02 1.998413295349194874e+00
3.950000000000000000e+02 1.998444225385923811e+00
3.960000000000000000e+02 1.998475151457989485e+00
3.970000000000000000e+02 1.998506073563903529e+00
3.980000000000000000e+02 1.998536991702176913e+00
3.990000000000000000e+02 1.998567905871321049e+00
4.000000000000000000e+02 1.998598816069846906e+00
4.010000000000000000e+02 1.998629722296265898e+00
4.020000000000000000e+02 1.998660624549088993e+00
4.030000000000000000e+02 1.998691522826827827e+00
4.040000000000000000e+02 1.998722417127993145e+00
4.050000000000000000e+02 1.998753307451096584e+00
4.060000000000000000e+02 1.998784193794649111e+00
4.070000000000000000e+02 1.998815076157162141e+00
4.080000000000000000e+02 1.998845954537146641e+00
4.090000000000000000e+02 1.998876828933113803e+00
4.100000000000000000e+02 1.998907699343575040e+00
4.110000000000000000e+02 1.998938565767041542e+00
4.120000000000000000e+02 1.998969428202024501e+00
4.130000000000000000e+02 1.999000286647035107e+00
4.140000000000000000e+02 1.999031141100584552e+00
4.150000000000000000e+02 1.999061991561184026e+00
4.160000000000000000e+02 1.999092838027344943e+00
4.170000000000000000e+02 1.999123680497578270e+00
4.180000000000000000e+02 1.999154518970395422e+00
4.190000000000000000e+02 1.999185353444307589e+00
4.200000000000000000e+02 1.999216183917825740e+00
4.210000000000000000e+02 1.999247010389461288e+00
4.220000000000000000e+02 1.999277832857725645e+00
4.230000000000000000e+02 1.999308651321129560e+00
4.240000000000000000e+02 1.999339465778184666e+00
4.250000000000000000e+02 1.999370276227401932e+00
4.260000000000000000e+02 1.999401082667292551e+00
4.270000000000000000e+02 1.999431885096368156e+00
4.280000000000000000e+02 1.999462683513139272e+00
4.290000000000000000e+02 1.999493477916117756e+00
4.300000000000000000e+02 1.999524268303814578e+00
4.310000000000000000e+02 1.999555054674740706e+00
4.320000000000000000e+02 1.999585837027407775e+00
4.330000000000000000e+02 1.999616615360326755e+00
4.340000000000000000e+02 1.999647389672009057e+00
4.350000000000000000e+02 1.999678159960965651e+00
4.360000000000000000e+02 1.999708926225707728e+00
4.370000000000000000e+02 1.999739688464746923e+00
4.380000000000000000e+02 1.999770446676593982e+00
4.390000000000000000e+02 1.999801200859760320e+00
4.400000000000000000e+02 1.999831951012757125e+00
4.410000000000000000e+02 1.999862697134095590e+00
4.420000000000000000e+02 1.999893439222286906e+00
4.430000000000000000e+02 1.999924177275842485e+00
4.440000000000000000e+02 1.999954911293273518e+00
4.450000000000000000e+02 1.999985641273090975e+00
4.460000000000000000e+02 2.000016367213806046e+00
4.470000000000000000e+02 2.000047089113930365e+00
4.480000000000000000e+02 2.000077806971974681e+00
4.490000000000000000e+02 2.000108520786450406e+00
4.500000000000000000e+02 2.000139230555868952e+00
4.510000000000000000e+02 2.000169936278741289e+00
4.520000000000000000e+02 2.000200637953578831e+00
4.530000000000000000e+02 2.000231335578892544e+00
4.540000000000000000e+02 2.000262029153193399e+00
4.550000000000000000e+02 2.000292718674993253e+00
4.560000000000000000e+02 2.000323404142803074e+00
4.570000000000000000e+02 2.000354085555134276e+00
4.580000000000000000e+02 2.000384762910497383e+00
4.590000000000000000e+02 2.000415436207404252e+00
4.600000000000000000e+02 2.000446105444366296e+00
4.610000000000000000e+02 2.000476770619893596e+00
4.620000000000000000e+02 2.000507431732498898e+00
4.630000000000000000e+02 2.000538088780691837e+00
4.640000000000000000e+02 2.000568741762985159e+00
4.650000000000000000e+02 2.000599390677888945e+00
4.660000000000000000e+02 2.000630035523915051e+00
4.670000000000000000e+02 2.000660676299574003e+00
4.680000000000000000e+02 2.000691313003378102e+00
4.690000000000000000e+02 2.000721945633837429e+00
4.700000000000000000e+02 2.000752574189463839e+00
4.710000000000000000e+02 2.000783198668768303e+00
4.720000000000000000e+02 2.000813819070262678e+00
4.730000000000000000e+02 2.000844435392457044e+00
4.740000000000000000e+02 2.000875047633863701e+00
4.750000000000000000e+02 2.000905655792993176e+00
4.760000000000000000e+02 2.000936259868356437e+00
4.770000000000000000e+02 2.000966859858465785e+00
4.780000000000000000e+02 2.000997455761831745e+00
4.790000000000000000e+02 2.001028047576965285e+00
4.800000000000000000e+02 2.001058635302378264e+00
4.810000000000000000e+02 2.001089218936581204e+00
4.820000000000000000e+02 2.001119798478085965e+00
4.830000000000000000e+02 2.001150373925403514e+00
4.840000000000000000e+02 2.001180945277044820e+00
4.850000000000000000e+02 2.001211512531521297e+00
4.860000000000000000e+02 2.001242075687344357e+00
4.870000000000000000e+02 2.001272634743024970e+00
4.880000000000000000e+02 2.001303189697074103e+00
4.890000000000000000e+02 2.001333740548003615e+00
4.900000000000000000e+02 2.001364287294324473e+00
4.910000000000000000e+02 2.001394829934547648e+00
4.920000000000000000e+02 2.001425368467184551e+00
4.930000000000000000e+02 2.001455902890746152e+00
4.940000000000000000e+02 2.001486433203744308e+00
4.950000000000000000e+02 2.001516959404689544e+00
4.960000000000000000e+02 2.001547481492093272e+00
4.970000000000000000e+02 2.001577999464466906e+00
4.980000000000000000e+02 2.001608513320321414e+00
4.990000000000000000e+02 2.001639023058168210e+00
5.000000000000000000e+02 2.001669528676518706e+00
5.010000000000000000e+02 2.001700030173883427e+00
5.020000000000000000e+02 2.001730527548773786e+00
5.030000000000000000e+02 2.001761020799701640e+00
5.040000000000000000e+02 2.001791509925177959e+00
5.050000000000000000e+02 2.001821994923713266e+00
5.060000000000000000e+02 2.001852475793819419e+00
5.070000000000000000e+02 2.001882952534007831e+00
5.080000000000000000e+02 2.001913425142789027e+00
5.090000000000000000e+02 2.001943893618674863e+00
5.100000000000000000e+02 2.001974357960175865e+00
5.110000000000000000e+02 2.002004818165803890e+00
5.120000000000000000e+02 2.002035274234069906e+00
5.130000000000000000e+02 2.002065726163485326e+00
5.140000000000000000e+02 2.002096173952561120e+00
5.150000000000000000e+02 2.002126617599808256e+00
5.160000000000000000e+02 2.002157057103738591e+00
5.170000000000000000e+02 2.002187492462863094e+00
5.180000000000000000e+02 2.002217923675692290e+00
5.190000000000000000e+02 2.002248350740738481e+00
5.200000000000000000e+02 2.002278773656512634e+00
5.210000000000000000e+02 2.002309192421525275e+00
5.220000000000000000e+02 2.002339607034288260e+00
5.230000000000000000e+02 2.002370017493312560e+00
5.240000000000000000e+02 2.002400423797109585e+00
5.250000000000000000e+02 2.002430825944190307e+00
5.260000000000000000e+02 2.002461223933066137e+00
5.270000000000000000e+02 2.002491617762248044e+00
5.280000000000000000e+02 2.002522007430247442e+00
5.290000000000000000e+02 2.002552392935575742e+00
5.300000000000000000e+02 2.002582774276743915e+00
5.310000000000000000e+02 2.002613151452262930e+00
5.320000000000000000e+02 2.002643524460644198e+00
5.330000000000000000e+02 2.002673893300399577e+00
5.340000000000000000e+02 2.002704257970039148e+00
5.350000000000000000e+02 2.002734618468074768e+00
5.360000000000000000e+02 2.002764974793017849e+00
5.370000000000000000e+02 2.002795326943378917e+00
5.380000000000000000e+02 2.002825674917669829e+00
5.390000000000000000e+02 2.002856018714401554e+00
5.400000000000000000e+02 2.002886358332085504e+00
5.410000000000000000e+02 2.002916693769232648e+00
5.420000000000000000e+02 2.002947025024353955e+00
5.430000000000000000e+02 2.002977352095961283e+00
5.440000000000000000e+02 2.003007674982565156e+00
5.450000000000000000e+02 2.003037993682677431e+00
5.460000000000000000e+02 2.003068308194809077e+00
5.470000000000000000e+02 2.003098618517471508e+00
5.480000000000000000e+02 2.003128924649175246e+00
5.490000000000000000e+02 2.003159226588432151e+00
5.500000000000000000e+02 2.003189524333753191e+00
5.510000000000000000e+02 2.003219817883649778e+00
5.520000000000000000e+02 2.003250107236632882e+00
5.530000000000000000e+02 2.003280392391213915e+00
5.540000000000000000e+02 2.003310673345903847e+00
5.550000000000000000e+02 2.003340950099214091e+00
5.560000000000000000e+02 2.003371222649656058e+00
5.570000000000000000e+02 2.003401490995740719e+00
5.580000000000000000e+02 2.003431755135979042e+00
5.590000000000000000e+02 2.003462015068882884e+00
5.600000000000000000e+02 2.003492270792962771e+00
5.610000000000000000e+02 2.003522522306730114e+00
5.620000000000000000e+02 2.003552769608696771e+00
5.630000000000000000e+02 2.003583012697372823e+00
5.640000000000000000e+02 2.003613251571270570e+00
5.650000000000000000e+02 2.003643486228900539e+00
5.660000000000000000e+02 2.003673716668774141e+00
5.670000000000000000e+02 2.003703942889402789e+00
5.680000000000000000e+02 2.003734164889297453e+00
5.690000000000000000e+02 2.003764382666969102e+00
5.700000000000000000e+02 2.003794596220929591e+00
5.710000000000000000e+02 2.003824805549689891e+00
5.720000000000000000e+02 2.003855010651760971e+00
5.730000000000000000e+02 2.003885211525654242e+00
5.740000000000000000e+02 2.003915408169880674e+00
5.750000000000000000e+02 2.003945600582952125e+00
5.760000000000000000e+02 2.003975788763379118e+00
5.770000000000000000e+02 2.004005972709673067e+00
5.780000000000000000e+02 2.004036152420345385e+00
5.790000000000000000e+02 2.004066327893907040e+00
5.800000000000000000e+02 2.004096499128869446e+00
5.810000000000000000e+02 2.004126666123744016e+00
5.820000000000000000e+02 2.004156828877041274e+00
5.830000000000000000e+02 2.004186987387273078e+00
5.840000000000000000e+02 2.004217141652950396e+00
5.850000000000000000e+02 2.004247291672584197e+00
5.860000000000000000e+02 2.004277437444686338e+00
5.870000000000000000e+02 2.004307578967767345e+00
5.880000000000000000e+02 2.004337716240339073e+00
5.890000000000000000e+02 2.004367849260912049e+00
5.900000000000000000e+02 2.004397978027998128e+00
5.910000000000000000e+02 2.004428102540108281e+00
5.920000000000000000e+02 2.004458222795753475e+00
5.930000000000000000e+02 2.004488338793445568e+00
5.940000000000000000e+02 2.004518450531695084e+00
5.950000000000000000e+02 2.004548558009013437e+00
5.960000000000000000e+02 2.004578661223911595e+00
5.970000000000000000e+02 2.004608760174901416e+00
5.980000000000000000e+02 2.004638854860493868e+00
5.990000000000000000e+02 2.004668945279200365e+00
6.000000000000000000e+02 2.004699031429531431e+00
6.010000000000000000e+02 2.004729113309998478e+00
6.020000000000000000e+02 2.004759190919113365e+00
6.030000000000000000e+02 2.004789264255387060e+00
6.040000000000000000e+02 2.004819333317330088e+00
6.050000000000000000e+02 2.004849398103454305e+00
6.060000000000000000e+02 2.004879458612271126e+00
6.070000000000000000e+02 2.004909514842291074e+00
6.080000000000000000e+02 2.004939566792026007e+00
6.090000000000000000e+02 2.004969614459986449e+00
6.100000000000000000e+02 2.004999657844684258e+00
6.110000000000000000e+02 2.005029696944630846e+00
6.120000000000000000e+02 2.005059731758336294e+00
6.130000000000000000e+02 2.005089762284312904e+00
6.140000000000000000e+02 2.005119788521071644e+00
6.150000000000000000e+02 2.005149810467123483e+00
6.160000000000000000e+02 2.005179828120979835e+00
6.170000000000000000e+02 2.005209841481151667e+00
6.180000000000000000e+02 2.005239850546150393e+00
6.190000000000000000e+02 2.005269855314486982e+00
6.200000000000000000e+02 2.005299855784673291e+00
6.210000000000000000e+02 2.005329851955219844e+00
6.220000000000000000e+02 2.005359843824638499e+00
6.230000000000000000e+02 2.005389831391439781e+00
6.240000000000000000e+02 2.005419814654135102e+00
6.250000000000000000e+02 2.005449793611235876e+00
6.260000000000000000e+02 2.005479768261253515e+00
6.270000000000000000e+02 2.005509738602698544e+00
6.280000000000000000e+02 2.005539704634083265e+00
6.290000000000000000e+02 2.005569666353917757e+00
6.300000000000000000e+02 2.005599623760713435e+00
6.310000000000000000e+02 2.005629576852982154e+00
6.320000000000000000e+02 2.005659525629234885e+00
6.330000000000000000e+02 2.005689470087982595e+00
6.340000000000000000e+02 2.005719410227736255e+00
6.350000000000000000e+02 2.005749346047007720e+00
6.360000000000000000e+02 2.005779277544307959e+00
6.370000000000000000e+02 2.005809204718148386e+00
6.380000000000000000e+02 2.005839127567039526e+00
6.390000000000000000e+02 2.005869046089493235e+00
6.400000000000000000e+02 2.005898960284020927e+00
6.410000000000000000e+02 2.005928870149133125e+00
6.420000000000000000e+02 2.005958775683341244e+00
6.430000000000000000e+02 2.005988676885156696e+00
6.440000000000000000e+02 2.006018573753090894e+00
6.450000000000000000e+02 2.006048466285654364e+00
6.460000000000000000e+02 2.006078354481358961e+00
6.470000000000000000e+02 2.006108238338715655e+00
6.480000000000000000e+02 2.006138117856235858e+00
6.490000000000000000e+02 2.006167993032430541e+00
6.500000000000000000e+02 2.006197863865810671e+00
6.510000000000000000e+02 2.006227730354888106e+00
6.520000000000000000e+02 2.006257592498173814e+00
6.530000000000000000e+02 2.006287450294178765e+00
6.540000000000000000e+02 2.006317303741414371e+00
6.550000000000000000e+02 2.006347152838391601e+00
6.560000000000000000e+02 2.006376997583622313e+00
6.570000000000000000e+02 2.006406837975617030e+00
6.580000000000000000e+02 2.006436674012887167e+00
6.590000000000000000e+02 2.006466505693944136e+00
6.600000000000000000e+02 2.006496333017299349e+00
6.610000000000000000e+02 2.006526155981463333e+00
6.620000000000000000e+02 2.006555974584947499e+00
6.630000000000000000e+02 2.006585788826263705e+00
6.640000000000000000e+02 2.006615598703922476e+00
6.650000000000000000e+02 2.006645404216435224e+00
6.660000000000000000e+02 2.006675205362313363e+00
6.670000000000000000e+02 2.006705002140067418e+00
6.680000000000000000e+02 2.006734794548209688e+00
6.690000000000000000e+02 2.006764582585250700e+00
6.700000000000000000e+02 2.006794366249701422e+00
6.710000000000000000e+02 2.006824145540074156e+00
6.720000000000000000e+02 2.006853920454878981e+00
6.730000000000000000e+02 2.006883690992627312e+00
6.740000000000000000e+02 2.006913457151831004e+00
6.750000000000000000e+02 2.006943218931000583e+00
6.760000000000000000e+02 2.006972976328647462e+00
6.770000000000000000e+02 2.007002729343283054e+00
6.780000000000000000e+02 2.007032477973418771e+00
6.790000000000000000e+02 2.007062222217565139e+00
6.800000000000000000e+02 2.007091962074233571e+00
6.810000000000000000e+02 2.007121697541935923e+00
6.820000000000000000e+02 2.007151428619182720e+00
6.830000000000000000e+02 2.007181155304485376e+00
6.840000000000000000e+02 2.007210877596355303e+00
6.850000000000000000e+02 2.007240595493303470e+00
6.860000000000000000e+02 2.007270308993840846e+00
6.870000000000000000e+02 2.007300018096479288e+00
6.880000000000000000e+02 2.007329722799729765e+00
6.890000000000000000e+02 2.007359423102103246e+00
6.900000000000000000e+02 2.007389119002111144e+00
6.910000000000000000e+02 2.007418810498264872e+00
6.920000000000000000e+02 2.007448497589075398e+00
6.930000000000000000e+02 2.007478180273053692e+00
6.940000000000000000e+02 2.007507858548711166e+00
6.950000000000000000e+02 2.007537532414559234e+00
6.960000000000000000e+02 2.007567201869109308e+00
6.970000000000000000e+02 2.007596866910871913e+00
6.980000000000000000e+02 2.007626527538358907e+00
6.990000000000000000e+02 2.007656183750081258e+00
7.000000000000000000e+02 2.007685835544549935e+00
7.010000000000000000e+02 2.007715482920276351e+00
7.020000000000000000e+02 2.007745125875771919e+00
7.030000000000000000e+02 2.007774764409547608e+00
7.040000000000000000e+02 2.007804398520114830e+00
7.050000000000000000e+02 2.007834028205984556e+00
7.060000000000000000e+02 2.007863653465667753e+00
7.070000000000000000e+02 2.007893274297676722e+00
7.080000000000000000e+02 2.007922890700521545e+00
7.090000000000000000e+02 2.007952502672714079e+00
7.100000000000000000e+02 2.007982110212764848e+00
7.110000000000000000e+02 2.008011713319186153e+00
7.120000000000000000e+02 2.008041311990488076e+00
7.130000000000000000e+02 2.008070906225182917e+00
7.140000000000000000e+02 2.008100496021780756e+00
7.150000000000000000e+02 2.008130081378793896e+00
7.160000000000000000e+02 2.008159662294732861e+00
7.170000000000000000e+02 2.008189238768108620e+00
7.180000000000000000e+02 2.008218810797433473e+00
7.190000000000000000e+02 2.008248378381217503e+00
7.200000000000000000e+02 2.008277941517972565e+00
7.210000000000000000e+02 2.008307500206209628e+00
7.220000000000000000e+02 2.008337054444440106e+00
7.230000000000000000e+02 2.008366604231174968e+00
7.240000000000000000e+02 2.008396149564925626e+00
7.250000000000000000e+02 2.008425690444203493e+00
7.260000000000000000e+02 2.008455226867519094e+00
7.270000000000000000e+02 2.008484758833384287e+00
7.280000000000000000e+02 2.008514286340310040e+00
7.290000000000000000e+02 2.008543809386807766e+00
7.300000000000000000e+02 2.008573327971388434e+00
7.310000000000000000e+02 2.008602842092563012e+00
7.320000000000000000e+02 2.008632351748843359e+00
7.330000000000000000e+02 2.008661856938740442e+00
7.340000000000000000e+02 2.008691357660765231e+00
7.350000000000000000e+02 2.008720853913429139e+00
7.360000000000000000e+02 2.008750345695243134e+00
7.370000000000000000e+02 2.008779833004719073e+00
7.380000000000000000e+02 2.008809315840367482e+00
7.390000000000000000e+02 2.008838794200699773e+00
7.400000000000000000e+02 2.008868268084227804e+00
7.410000000000000000e+02 2.008897737489461655e+00
7.420000000000000000e+02 2.008927202414913182e+00
7.430000000000000000e+02 2.008956662859093800e+00
7.440000000000000000e+02 2.008986118820514477e+00
7.450000000000000000e+02 2.009015570297686182e+00
7.460000000000000000e+02 2.009045017289120327e+00
7.470000000000000000e+02 2.009074459793328327e+00
7.480000000000000000e+02 2.009103897808821149e+00
7.490000000000000000e+02 2.009133331334109762e+00
7.500000000000000000e+02 2.009162760367706468e+00
7.510000000000000000e+02 2.009192184908120904e+00
7.520000000000000000e+02 2.009221604953865814e+00
7.530000000000000000e+02 2.009251020503451279e+00
7.540000000000000000e+02 2.009280431555389157e+00
7.550000000000000000e+02 2.009309838108190416e+00
7.560000000000000000e+02 2.009339240160366025e+00
7.570000000000000000e+02 2.009368637710427841e+00
7.580000000000000000e+02 2.009398030756886389e+00
7.590000000000000000e+02 2.009427419298253525e+00
7.600000000000000000e+02 2.009456803333039776e+00
7.610000000000000000e+02 2.009486182859756997e+00
7.620000000000000000e+02 2.009515557876916159e+00
7.630000000000000000e+02 2.009544928383028672e+00
7.640000000000000000e+02 2.009574294376605064e+00
7.650000000000000000e+02 2.009603655856157189e+00
7.660000000000000000e+02 2.009633012820196463e+00
7.670000000000000000e+02 2.009662365267233408e+00
7.680000000000000000e+02 2.009691713195779439e+00
7.690000000000000000e+02 2.009721056604345968e+00
7.700000000000000000e+02 2.009750395491444408e+00
7.710000000000000000e+02 2.009779729855585284e+00
7.720000000000000000e+02 2.009809059695280897e+00
7.730000000000000000e+02 2.009838385009041328e+00
7.740000000000000000e+02 2.009867705795378434e+00
7.750000000000000000e+02 2.009897022052802740e+00
7.760000000000000000e+02 2.009926333779826546e+00
7.770000000000000000e+02 2.009955640974960378e+00
7.780000000000000000e+02 2.009984943636715649e+00
7.790000000000000000e+02 2.010014241763603327e+00
7.800000000000000000e+02 2.010043535354135269e+00
7.810000000000000000e+02 2.010072824406821557e+00
7.820000000000000000e+02 2.010102108920174491e+00
7.830000000000000000e+02 2.010131388892705040e+00
7.840000000000000000e+02 2.010160664322923729e+00
7.850000000000000000e+02 2.010189935209342860e+00
7.860000000000000000e+02 2.010219201550472512e+00
7.870000000000000000e+02 2.010248463344824987e+00
7.880000000000000000e+02 2.010277720590910810e+00
7.890000000000000000e+02 2.010306973287241394e+00
7.900000000000000000e+02 2.010336221432327708e+00
7.910000000000000000e+02 2.010365465024681608e+00
7.920000000000000000e+02 2.010394704062813620e+00
7.930000000000000000e+02 2.010423938545235156e+00
7.940000000000000000e+02 2.010453168470457630e+00
7.950000000000000000e+02 2.010482393836992454e+00
7.960000000000000000e+02 2.010511614643350153e+00
7.970000000000000000e+02 2.010540830888042585e+00
7.980000000000000000e+02 2.010570042569580274e+00
7.990000000000000000e+02 2.010599249686475520e+00
8.000000000000000000e+02 2.010628452237238406e+00
8.010000000000000000e+02 2.010657650220380788e+00
8.020000000000000000e+02 2.010686843634413634e+00
8.030000000000000000e+02 2.010716032477847914e+00
8.040000000000000000e+02 2.010745216749195929e+00
8.050000000000000000e+02 2.010774396446967316e+00
8.060000000000000000e+02 2.010803571569674819e+00
8.070000000000000000e+02 2.010832742115828520e+00
8.080000000000000000e+02 2.010861908083940275e+00
8.090000000000000000e+02 2.010891069472521053e+00
8.100000000000000000e+02 2.010920226280082268e+00
8.110000000000000000e+02 2.010949378505134444e+00
8.120000000000000000e+02 2.010978526146189882e+00
8.130000000000000000e+02 2.011007669201759107e+00
8.140000000000000000e+02 2.011036807670353088e+00
8.150000000000000000e+02 2.011065941550483682e+00
8.160000000000000000e+02 2.011095070840661858e+00
8.170000000000000000e+02 2.011124195539399029e+00
8.180000000000000000e+02 2.011153315645206163e+00
8.190000000000000000e+02 2.011182431156594230e+00
8.200000000000000000e+02 2.011211542072074643e+00
8.210000000000000000e+02 2.011240648390159258e+00
8.220000000000000000e+02 2.011269750109358156e+00
8.230000000000000000e+02 2.011298847228183639e+00
8.240000000000000000e+02 2.011327939745145787e+00
8.250000000000000000e+02 2.011357027658756902e+00
8.260000000000000000e+02 2.011386110967527951e+00
8.270000000000000000e+02 2.011415189669969461e+00
8.280000000000000000e+02 2.011444263764593288e+00
8.290000000000000000e+02 2.011473333249910400e+00
8.300000000000000000e+02 2.011502398124432212e+00
8.310000000000000000e+02 2.011531458386670135e+00
8.320000000000000000e+02 2.011560514035134695e+00
8.330000000000000000e+02 2.011589565068337304e+00
8.340000000000000000e+02 2.011618611484789820e+00
8.350000000000000000e+02 2.011647653283002768e+00
8.360000000000000000e+02 2.011676690461487560e+00
8.370000000000000000e+02 2.011705723018755609e+00
8.380000000000000000e+02 2.011734750953317885e+00
8.390000000000000000e+02 2.011763774263685800e+00
8.400000000000000000e+02 2.011792792948370323e+00
8.410000000000000000e+02 2.011821807005882423e+00
8.420000000000000000e+02 2.011850816434734401e+00
8.430000000000000000e+02 2.011879821233436338e+00
8.440000000000000000e+02 2.011908821400500091e+00
8.450000000000000000e+02 2.011937816934436629e+00
8.460000000000000000e+02 2.011966807833756921e+00
8.470000000000000000e+02 2.011995794096972823e+00
8.480000000000000000e+02 2.012024775722595304e+00
8.490000000000000000e+02 2.012053752709134891e+00
8.500000000000000000e+02 2.012082725055103882e+00
8.510000000000000000e+02 2.012111692759012804e+00
8.520000000000000000e+02 2.012140655819373070e+00
8.530000000000000000e+02 2.012169614234696091e+00
8.540000000000000000e+02 2.012198568003492838e+00
8.550000000000000000e+02 2.012227517124274279e+00
8.560000000000000000e+02 2.012256461595551826e+00
8.570000000000000000e+02 2.012285401415837338e+00
8.580000000000000000e+02 2.012314336583640895e+00
8.590000000000000000e+02 2.012343267097474797e+00
8.600000000000000000e+02 2.012372192955849570e+00
8.610000000000000000e+02 2.012401114157276183e+00
8.620000000000000000e+02 2.012430030700266936e+00
8.630000000000000000e+02 2.012458942583331911e+00
8.640000000000000000e+02 2.012487849804982964e+00
8.650000000000000000e+02 2.012516752363731509e+00
8.660000000000000000e+02 2.012545650258088070e+00
8.670000000000000000e+02 2.012574543486564060e+00
8.680000000000000000e+02 2.012603432047670893e+00
8.690000000000000000e+02 2.012632315939919980e+00
8.700000000000000000e+02 2.012661195161822292e+00
8.710000000000000000e+02 2.012690069711888796e+00
8.720000000000000000e+02 2.012718939588630906e+00
8.730000000000000000e+02 2.012747804790560036e+00
8.740000000000000000e+02 2.012776665316187152e+00
8.750000000000000000e+02 2.012805521164023670e+00
8.760000000000000000e+02 2.012834372332580557e+00
8.770000000000000000e+02 2.012863218820369227e+00
8.780000000000000000e+02 2.012892060625901092e+00
8.790000000000000000e+02 2.012920897747686677e+00
8.800000000000000000e+02 2.012949730184237840e+00
8.810000000000000000e+02 2.012978557934065549e+00
8.820000000000000000e+02 2.013007380995681217e+00
8.830000000000000000e+02 2.013036199367595813e+00
8.840000000000000000e+02 2.013065013048320750e+00
8.850000000000000000e+02 2.013093822036366998e+00
8.860000000000000000e+02 2.013122626330245968e+00
8.870000000000000000e+02 2.013151425928468630e+00
8.880000000000000000e+02 2.013180220829546396e+00
8.890000000000000000e+02 2.013209011031990681e+00
8.900000000000000000e+02 2.013237796534312452e+00
8.910000000000000000e+02 2.013266577335023122e+00
8.920000000000000000e+02 2.013295353432633217e+00
8.930000000000000000e+02 2.013324124825655037e+00
8.940000000000000000e+02 2.013352891512599108e+00
8.950000000000000000e+02 2.013381653491976397e+00
8.960000000000000000e+02 2.013410410762299207e+00
8.970000000000000000e+02 2.013439163322077619e+00
8.980000000000000000e+02 2.013467911169823044e+00
8.990000000000000000e+02 2.013496654304047340e+00
9.000000000000000000e+02 2.013525392723261032e+00
9.010000000000000000e+02 2.013554126425975976e+00
9.020000000000000000e+02 2.013582855410702699e+00
9.030000000000000000e+02 2.013611579675953056e+00
9.040000000000000000e+02 2.013640299220238017e+00
9.050000000000000000e+02 2.013669014042068550e+00
9.060000000000000000e+02 2.013697724139956069e+00
9.070000000000000000e+02 2.013726429512411542e+00
9.080000000000000000e+02 2.013755130157946827e+00
9.090000000000000000e+02 2.013783826075072447e+00
9.100000000000000000e+02 2.013812517262299817e+00
9.110000000000000000e+02 2.013841203718140793e+00
9.120000000000000000e+02 2.013869885441105456e+00
9.130000000000000000e+02 2.013898562429706107e+00
9.140000000000000000e+02 2.013927234682452827e+00
9.150000000000000000e+02 2.013955902197857917e+00
9.160000000000000000e+02 2.013984564974432345e+00
9.170000000000000000e+02 2.014013223010686637e+00
9.180000000000000000e+02 2.014041876305132650e+00
9.190000000000000000e+02 2.014070524856281352e+00
9.200000000000000000e+02 2.014099168662644601e+00
9.210000000000000000e+02 2.014127807722732477e+00
9.220000000000000000e+02 2.014156442035056838e+00
9.230000000000000000e+02 2.014185071598129095e+00
9.240000000000000000e+02 2.014213696410460219e+00
9.250000000000000000e+02 2.014242316470561178e+00
9.260000000000000000e+02 2.014270931776943385e+00
9.270000000000000000e+02 2.014299542328118253e+00
9.280000000000000000e+02 2.014328148122596751e+00
9.290000000000000000e+02 2.014356749158890292e+00
9.300000000000000000e+02 2.014385345435510288e+00
9.310000000000000000e+02 2.014413936950967265e+00
9.320000000000000000e+02 2.014442523703772636e+00
9.330000000000000000e+02 2.014471105692438258e+00
9.340000000000000000e+02 2.014499682915474654e+00
9.350000000000000000e+02 2.014528255371393239e+00
9.360000000000000000e+02 2.014556823058705426e+00
9.370000000000000000e+02 2.014585385975922183e+00
9.380000000000000000e+02 2.014613944121554923e+00
9.390000000000000000e+02 2.014642497494114615e+00
9.400000000000000000e+02 2.014671046092112672e+00
9.410000000000000000e+02 2.014699589914060507e+00
9.420000000000000000e+02 2.014728128958468645e+00
9.430000000000000000e+02 2.014756663223848943e+00
9.440000000000000000e+02 2.014785192708712813e+00
9.450000000000000000e+02 2.014813717411570337e+00
9.460000000000000000e+02 2.014842237330933816e+00
9.470000000000000000e+02 2.014870752465314219e+00
9.480000000000000000e+02 2.014899262813222514e+00
9.490000000000000000e+02 2.014927768373170114e+00
9.500000000000000000e+02 2.014956269143668433e+00
9.510000000000000000e+02 2.014984765123227994e+00
9.520000000000000000e+02 2.015013256310360656e+00
9.530000000000000000e+02 2.015041742703577388e+00
9.540000000000000000e+02 2.015070224301389601e+00
9.550000000000000000e+02 2.015098701102308265e+00
9.560000000000000000e+02 2.015127173104844349e+00
9.570000000000000000e+02 2.015155640307509710e+00
9.580000000000000000e+02 2.015184102708815317e+00
9.590000000000000000e+02 2.015212560307272138e+00
9.600000000000000000e+02 2.015241013101392031e+00
9.610000000000000000e+02 2.015269461089685521e+00
9.620000000000000000e+02 2.015297904270664020e+00
9.630000000000000000e+02 2.015326342642838497e+00
9.640000000000000000e+02 2.015354776204720810e+00
9.650000000000000000e+02 2.015383204954821927e+00
9.660000000000000000e+02 2.015411628891652818e+00
9.670000000000000000e+02 2.015440048013724450e+00
9.680000000000000000e+02 2.015468462319549126e+00
9.690000000000000000e+02 2.015496871807636925e+00
9.700000000000000000e+02 2.015525276476499705e+00
9.710000000000000000e+02 2.015553676324648436e+00
9.720000000000000000e+02 2.015582071350594084e+00
9.730000000000000000e+02 2.015610461552848509e+00
9.740000000000000000e+02 2.015638846929922234e+00
9.750000000000000000e+02 2.015667227480327117e+00
9.760000000000000000e+02 2.015695603202574127e+00
9.770000000000000000e+02 2.015723974095174231e+00
9.780000000000000000e+02 2.015752340156638844e+00
9.790000000000000000e+02 2.015780701385479379e+00
9.800000000000000000e+02 2.015809057780206803e+00
9.810000000000000000e+02 2.015837409339332531e+00
9.820000000000000000e+02 2.015865756061367087e+00
9.830000000000000000e+02 2.015894097944822771e+00
9.840000000000000000e+02 2.015922434988210110e+00
9.850000000000000000e+02 2.015950767190040072e+00
9.860000000000000000e+02 2.015979094548824957e+00
9.870000000000000000e+02 2.016007417063074847e+00
9.880000000000000000e+02 2.016035734731301154e+00
9.890000000000000000e+02 2.016064047552015737e+00
9.900000000000000000e+02 2.016092355523729562e+00
9.910000000000000000e+02 2.016120658644953156e+00
9.920000000000000000e+02 2.016148956914198820e+00
9.930000000000000000e+02 2.016177250329977078e+00
9.940000000000000000e+02 2.016205538890798898e+00
9.950000000000000000e+02 2.016233822595176584e+00
9.960000000000000000e+02 2.016262101441620214e+00
9.970000000000000000e+02 2.016290375428641202e+00
9.980000000000000000e+02 2.016318644554751405e+00
9.990000000000000000e+02 2.016346908818461792e+00
1.000000000000000000e+03 2.016375168218282887e+00
1.001000000000000000e+03 2.016403422752726993e+00
1.002000000000000000e+03 2.016431672420304633e+00
1.003000000000000000e+03 2.016459917219526776e+00
1.004000000000000000e+03 2.016488157148905280e+00
1.005000000000000000e+03 2.016516392206951114e+00
1.006000000000000000e+03 2.016544622392175690e+00
1.007000000000000000e+03 2.016572847703089977e+00
1.008000000000000000e+03 2.016601068138204944e+00
1.009000000000000000e+03 2.016629283696032449e+00
1.010000000000000000e+03 2.016657494375083015e+00
1.011000000000000000e+03 2.016685700173868501e+00
1.012000000000000000e+03 2.016713901090899874e+00
1.013000000000000000e+03 2.016742097124688105e+00
1.014000000000000000e+03 2.016770288273744605e+00
1.015000000000000000e+03 2.016798474536580787e+00
1.016000000000000000e+03 2.016826655911707622e+00
1.017000000000000000e+03 2.016854832397636077e+00
1.018000000000000000e+03 2.016883003992878010e+00
1.019000000000000000e+03 2.016911170695943945e+00
1.020000000000000000e+03 2.016939332505345739e+00
1.021000000000000000e+03 2.016967489419594362e+00
