# order=9: data_wav [pixel], data_wavsolution [micron]
3.000000000000000000e+00 1.601908245401915343e+00
4.000000000000000000e+00 1.601934390190486557e+00
5.000000000000000000e+00 1.601960529836477631e+00
6.000000000000000000e+00 1.601986664339888566e+00
7.000000000000000000e+00 1.602012793700719584e+00
8.000000000000000000e+00 1.602038917918970462e+00
9.000000000000000000e+00 1.602065036994641423e+00
1.000000000000000000e+01 1.602091150927732244e+00
1.100000000000000000e+01 1.602117259718243147e+00
1.200000000000000000e+01 1.602143363366173912e+00
1.300000000000000000e+01 1.602169461871524536e+00
1.400000000000000000e+01 1.602195555234295243e+00
1.500000000000000000e+01 1.602221643454485811e+00
1.600000000000000000e+01 1.602247726532096239e+00
1.700000000000000000e+01 1.602273804467126750e+00
1.800000000000000000e+01 1.602299877259577343e+00
1.900000000000000000e+01 1.602325944909447797e+00
2.000000000000000000e+01 1.602352007416738111e+00
2.100000000000000000e+01 1.602378064781448508e+00
2.200000000000000000e+01 1.602404117003578765e+00
2.300000000000000000e+01 1.602430164083128883e+00
2.400000000000000000e+01 1.602456206020099083e+00
2.500000000000000000e+01 1.602482242814489366e+00
2.600000000000000000e+01 1.602508274466299287e+00
2.700000000000000000e+01 1.602534300975529513e+00
2.800000000000000000e+01 1.602560322342179377e+00
2.900000000000000000e+01 1.602586338566249324e+00
3.000000000000000000e+01 1.602612349647739354e+00
3.100000000000000000e+01 1.602638355586649244e+00
3.200000000000000000e+01 1.602664356382978994e+00
3.300000000000000000e+01 1.602690352036728827e+00
3.400000000000000000e+01 1.602716342547898520e+00
3.500000000000000000e+01 1.602742327916488074e+00
3.600000000000000000e+01 1.602768308142497711e+00
3.700000000000000000e+01 1.602794283225927430e+00
3.800000000000000000e+01 1.602820253166777009e+00
3.900000000000000000e+01 1.602846217965046449e+00
4.000000000000000000e+01 1.602872177620735750e+00
4.100000000000000000e+01 1.602898132133845133e+00
4.200000000000000000e+01 1.602924081504374598e+00
4.300000000000000000e+01 1.602950025732323924e+00
4.400000000000000000e+01 1.602975964817693111e+00
4.500000000000000000e+01 1.603001898760482380e+00
4.600000000000000000e+01 1.603027827560691509e+00
4.700000000000000000e+01 1.603053751218320722e+00
4.800000000000000000e+01 1.603079669733369794e+00
4.900000000000000000e+01 1.603105583105838727e+00
5.000000000000000000e+01 1.603131491335727743e+00
5.100000000000000000e+01 1.603157394423036619e+00
5.200000000000000000e+01 1.603183292367765578e+00
5.300000000000000000e+01 1.603209185169914397e+00
5.400000000000000000e+01 1.603235072829483077e+00
5.500000000000000000e+01 1.603260955346471839e+00
5.600000000000000000e+01 1.603286832720880684e+00
5.700000000000000000e+01 1.603312704952709167e+00
5.800000000000000000e+01 1.603338572041957732e+00
5.900000000000000000e+01 1.603364433988626381e+00
6.000000000000000000e+01 1.603390290792714890e+00
6.100000000000000000e+01 1.603416142454223259e+00
6.200000000000000000e+01 1.603441988973151711e+00
6.300000000000000000e+01 1.603467830349500245e+00
6.400000000000000000e+01 1.603493666583268418e+00
6.500000000000000000e+01 1.603519497674456673e+00
6.600000000000000000e+01 1.603545323623065011e+00
6.700000000000000000e+01 1.603571144429093209e+00
6.800000000000000000e+01 1.603596960092541268e+00
6.900000000000000000e+01 1.603622770613409410e+00
7.000000000000000000e+01 1.603648575991697411e+00
7.100000000000000000e+01 1.603674376227405496e+00
7.200000000000000000e+01 1.603700171320533441e+00
7.300000000000000000e+01 1.603725961271081246e+00
7.400000000000000000e+01 1.603751746079049134e+00
7.500000000000000000e+01 1.603777525744436883e+00
7.600000000000000000e+01 1.603803300267244714e+00
7.700000000000000000e+01 1.603829069647472405e+00
7.800000000000000000e+01 1.603854833885120179e+00
7.900000000000000000e+01 1.603880592980187814e+00
8.000000000000000000e+01 1.603906346932675309e+00
8.100000000000000000e+01 1.603932095742582886e+00
8.200000000000000000e+01 1.603957839409910324e+00
8.300000000000000000e+01 1.603983577934657845e+00
8.400000000000000000e+01 1.604009311316825226e+00
8.500000000000000000e+01 1.604035039556412467e+00
8.600000000000000000e+01 1.604060762653419792e+00
8.700000000000000000e+01 1.604086480607846976e+00
8.800000000000000000e+01 1.604112193419694243e+00
8.900000000000000000e+01 1.604137901088961371e+00
9.000000000000000000e+01 1.604163603615648581e+00
9.100000000000000000e+01 1.604189300999755652e+00
9.200000000000000000e+01 1.604214993241282583e+00
9.300000000000000000e+01 1.604240680340229597e+00
9.400000000000000000e+01 1.604266362296596471e+00
9.500000000000000000e+01 1.604292039110383428e+00
9.600000000000000000e+01 1.604317710781590245e+00
9.700000000000000000e+01 1.604343377310216923e+00
9.800000000000000000e+01 1.604369038696263683e+00
9.900000000000000000e+01 1.604394694939730526e+00
1.000000000000000000e+02 1.604420346040617007e+00
1.010000000000000000e+02 1.604445991998923793e+00
1.020000000000000000e+02 1.604471632814650217e+00
1.030000000000000000e+02 1.604497268487796724e+00
1.040000000000000000e+02 1.604522899018363313e+00
1.050000000000000000e+02 1.604548524406349541e+00
1.060000000000000000e+02 1.604574144651756074e+00
1.070000000000000000e+02 1.604599759754582244e+00
1.080000000000000000e+02 1.604625369714828498e+00
1.090000000000000000e+02 1.604650974532494834e+00
1.100000000000000000e+02 1.604676574207581030e+00
1.110000000000000000e+02 1.604702168740087087e+00
1.120000000000000000e+02 1.604727758130013227e+00
1.130000000000000000e+02 1.604753342377359226e+00
1.140000000000000000e+02 1.604778921482125309e+00
1.150000000000000000e+02 1.604804495444311252e+00
1.160000000000000000e+02 1.604830064263917055e+00
1.170000000000000000e+02 1.604855627940942941e+00
1.180000000000000000e+02 1.604881186475388688e+00
1.190000000000000000e+02 1.604906739867254517e+00
1.200000000000000000e+02 1.604932288116540207e+00
1.210000000000000000e+02 1.604957831223245979e+00
1.220000000000000000e+02 1.604983369187371611e+00
1.230000000000000000e+02 1.605008902008917104e+00
1.240000000000000000e+02 1.605034429687882680e+00
1.250000000000000000e+02 1.605059952224268116e+00
1.260000000000000000e+02 1.605085469618073413e+00
1.270000000000000000e+02 1.605110981869299014e+00
1.280000000000000000e+02 1.605136488977944254e+00
1.290000000000000000e+02 1.605161990944009576e+00
1.300000000000000000e+02 1.605187487767494758e+00
1.310000000000000000e+02 1.605212979448400024e+00
1.320000000000000000e+02 1.605238465986725149e+00
1.330000000000000000e+02 1.605263947382470358e+00
1.340000000000000000e+02 1.605289423635635204e+00
1.350000000000000000e+02 1.605314894746220356e+00
1.360000000000000000e+02 1.605340360714225367e+00
1.370000000000000000e+02 1.605365821539650240e+00
1.380000000000000000e+02 1.605391277222495194e+00
1.390000000000000000e+02 1.605416727762760010e+00
1.400000000000000000e+02 1.605442173160444685e+00
1.410000000000000000e+02 1.605467613415549444e+00
1.420000000000000000e+02 1.605493048528074063e+00
1.430000000000000000e+02 1.605518478498018764e+00
1.440000000000000000e+02 1.605543903325383326e+00
1.450000000000000000e+02 1.605569323010167970e+00
1.460000000000000000e+02 1.605594737552372475e+00
1.470000000000000000e+02 1.605620146951996841e+00
1.480000000000000000e+02 1.605645551209041288e+00
1.490000000000000000e+02 1.605670950323505597e+00
1.500000000000000000e+02 1.605696344295389988e+00
1.510000000000000000e+02 1.605721733124694239e+00
1.520000000000000000e+02 1.605747116811418351e+00
1.530000000000000000e+02 1.605772495355562546e+00
1.540000000000000000e+02 1.605797868757126823e+00
1.550000000000000000e+02 1.605823237016110738e+00
1.560000000000000000e+02 1.605848600132514736e+00
1.570000000000000000e+02 1.605873958106338817e+00
1.580000000000000000e+02 1.605899310937582758e+00
1.590000000000000000e+02 1.605924658626246782e+00
1.600000000000000000e+02 1.605950001172330444e+00
1.610000000000000000e+02 1.605975338575834410e+00
1.620000000000000000e+02 1.606000670836758015e+00
1.630000000000000000e+02 1.606025997955101703e+00
1.640000000000000000e+02 1.606051319930865473e+00
1.650000000000000000e+02 1.606076636764049104e+00
1.660000000000000000e+02 1.606101948454652595e+00
1.670000000000000000e+02 1.606127255002676169e+00
1.680000000000000000e+02 1.606152556408119603e+00
1.690000000000000000e+02 1.606177852670983119e+00
1.700000000000000000e+02 1.606203143791266497e+00
1.710000000000000000e+02 1.606228429768969734e+00
1.720000000000000000e+02 1.606253710604093055e+00
1.730000000000000000e+02 1.606278986296636235e+00
1.740000000000000000e+02 1.606304256846599499e+00
1.750000000000000000e+02 1.606329522253982622e+00
1.760000000000000000e+02 1.606354782518785829e+00
1.770000000000000000e+02 1.606380037641008895e+00
1.780000000000000000e+02 1.606405287620651823e+00
1.790000000000000000e+02 1.606430532457714833e+00
1.800000000000000000e+02 1.606455772152197703e+00
1.810000000000000000e+02 1.606481006704100656e+00
1.820000000000000000e+02 1.606506236113423469e+00
1.830000000000000000e+02 1.606531460380166143e+00
1.840000000000000000e+02 1.606556679504328899e+00
1.850000000000000000e+02 1.606581893485911516e+00
1.860000000000000000e+02 1.606607102324914216e+00
1.870000000000000000e+02 1.606632306021336776e+00
1.880000000000000000e+02 1.606657504575179418e+00
1.890000000000000000e+02 1.606682697986441921e+00
1.900000000000000000e+02 1.606707886255124285e+00
1.910000000000000000e+02 1.606733069381226731e+00
1.920000000000000000e+02 1.606758247364749037e+00
1.930000000000000000e+02 1.606783420205691426e+00
1.940000000000000000e+02 1.606808587904053676e+00
1.950000000000000000e+02 1.606833750459835786e+00
1.960000000000000000e+02 1.606858907873037978e+00
1.970000000000000000e+02 1.606884060143660031e+00
1.980000000000000000e+02 1.606909207271702167e+00
1.990000000000000000e+02 1.606934349257164163e+00
2.000000000000000000e+02 1.606959486100046242e+00
2.010000000000000000e+02 1.606984617800348181e+00
2.020000000000000000e+02 1.607009744358069980e+00
2.030000000000000000e+02 1.607034865773211862e+00
2.040000000000000000e+02 1.607059982045773605e+00
2.050000000000000000e+02 1.607085093175755430e+00
2.060000000000000000e+02 1.607110199163157116e+00
2.070000000000000000e+02 1.607135300007978884e+00
2.080000000000000000e+02 1.607160395710220513e+00
2.090000000000000000e+02 1.607185486269882002e+00
2.100000000000000000e+02 1.607210571686963574e+00
2.110000000000000000e+02 1.607235651961465006e+00
2.120000000000000000e+02 1.607260727093386299e+00
2.130000000000000000e+02 1.607285797082727674e+00
2.140000000000000000e+02 1.607310861929489132e+00
2.150000000000000000e+02 1.607335921633670450e+00
2.160000000000000000e+02 1.607360976195271629e+00
2.170000000000000000e+02 1.607386025614292890e+00
2.180000000000000000e+02 1.607411069890734012e+00
2.190000000000000000e+02 1.607436109024594995e+00
2.200000000000000000e+02 1.607461143015876059e+00
2.210000000000000000e+02 1.607486171864577207e+00
2.220000000000000000e+02 1.607511195570697993e+00
2.230000000000000000e+02 1.607536214134239083e+00
2.240000000000000000e+02 1.607561227555199812e+00
2.250000000000000000e+02 1.607586235833580623e+00
2.260000000000000000e+02 1.607611238969381517e+00
2.270000000000000000e+02 1.607636236962602050e+00
2.280000000000000000e+02 1.607661229813242887e+00
2.290000000000000000e+02 1.607686217521303362e+00
2.300000000000000000e+02 1.607711200086784142e+00
2.310000000000000000e+02 1.607736177509684561e+00
2.320000000000000000e+02 1.607761149790005062e+00
2.330000000000000000e+02 1.607786116927745423e+00
2.340000000000000000e+02 1.607811078922905867e+00
2.350000000000000000e+02 1.607836035775486172e+00
2.360000000000000000e+02 1.607860987485486559e+00
2.370000000000000000e+02 1.607885934052906807e+00
2.380000000000000000e+02 1.607910875477747137e+00
2.390000000000000000e+02 1.607935811760007105e+00
2.400000000000000000e+02 1.607960742899687379e+00
2.410000000000000000e+02 1.607985668896787512e+00
2.420000000000000000e+02 1.608010589751307506e+00
2.430000000000000000e+02 1.608035505463247361e+00
2.440000000000000000e+02 1.608060416032607298e+00
2.450000000000000000e+02 1.608085321459387318e+00
2.460000000000000000e+02 1.608110221743586976e+00
2.470000000000000000e+02 1.608135116885206939e+00
2.480000000000000000e+02 1.608160006884246540e+00
2.490000000000000000e+02 1.608184891740706224e+00
2.500000000000000000e+02 1.608209771454585990e+00
2.510000000000000000e+02 1.608234646025885617e+00
2.520000000000000000e+02 1.608259515454605104e+00
2.530000000000000000e+02 1.608284379740744674e+00
2.540000000000000000e+02 1.608309238884304104e+00
2.550000000000000000e+02 1.608334092885283617e+00
2.560000000000000000e+02 1.608358941743682990e+00
2.570000000000000000e+02 1.608383785459502224e+00
2.580000000000000000e+02 1.608408624032741541e+00
2.590000000000000000e+02 1.608433457463400718e+00
2.600000000000000000e+02 1.608458285751479977e+00
2.610000000000000000e+02 1.608483108896979097e+00
2.620000000000000000e+02 1.608507926899898077e+00
2.630000000000000000e+02 1.608532739760237140e+00
2.640000000000000000e+02 1.608557547477996286e+00
2.650000000000000000e+02 1.608582350053175070e+00
2.660000000000000000e+02 1.608607147485774158e+00
2.670000000000000000e+02 1.608631939775792885e+00
2.680000000000000000e+02 1.608656726923231695e+00
2.690000000000000000e+02 1.608681508928090587e+00
2.700000000000000000e+02 1.608706285790369117e+00
2.710000000000000000e+02 1.608731057510067952e+00
2.720000000000000000e+02 1.608755824087186426e+00
2.730000000000000000e+02 1.608780585521724982e+00
2.740000000000000000e+02 1.608805341813683620e+00
2.750000000000000000e+02 1.608830092963062119e+00
2.760000000000000000e+02 1.608854838969860479e+00
2.770000000000000000e+02 1.608879579834078921e+00
2.780000000000000000e+02 1.608904315555717224e+00
2.790000000000000000e+02 1.608929046134775609e+00
2.800000000000000000e+02 1.608953771571253855e+00
2.810000000000000000e+02 1.608978491865151961e+00
2.820000000000000000e+02 1.609003207016470149e+00
2.830000000000000000e+02 1.609027917025208421e+00
2.840000000000000000e+02 1.609052621891366330e+00
2.850000000000000000e+02 1.609077321614944323e+00
2.860000000000000000e+02 1.609102016195942397e+00
2.870000000000000000e+02 1.609126705634360333e+00
2.880000000000000000e+02 1.609151389930198128e+00
2.890000000000000000e+02 1.609176069083456007e+00
2.900000000000000000e+02 1.609200743094133745e+00
2.910000000000000000e+02 1.609225411962231567e+00
2.920000000000000000e+02 1.609250075687749248e+00
2.930000000000000000e+02 1.609274734270686791e+00
2.940000000000000000e+02 1.609299387711044416e+00
2.950000000000000000e+02 1.609324036008822123e+00
2.960000000000000000e+02 1.609348679164019469e+00
2.970000000000000000e+02 1.609373317176637119e+00
2.980000000000000000e+02 1.609397950046674408e+00
2.990000000000000000e+02 1.609422577774131780e+00
3.000000000000000000e+02 1.609447200359009233e+00
3.010000000000000000e+02 1.609471817801306326e+00
3.020000000000000000e+02 1.609496430101023723e+00
3.030000000000000000e+02 1.609521037258160758e+00
3.040000000000000000e+02 1.609545639272717876e+00
3.050000000000000000e+02 1.609570236144695077e+00
3.060000000000000000e+02 1.609594827874092138e+00
3.070000000000000000e+02 1.609619414460909059e+00
3.080000000000000000e+02 1.609643995905146063e+00
3.090000000000000000e+02 1.609668572206802928e+00
3.100000000000000000e+02 1.609693143365879875e+00
3.110000000000000000e+02 1.609717709382376682e+00
3.120000000000000000e+02 1.609742270256293351e+00
3.130000000000000000e+02 1.609766825987630101e+00
3.140000000000000000e+02 1.609791376576386712e+00
3.150000000000000000e+02 1.609815922022563406e+00
3.160000000000000000e+02 1.609840462326159960e+00
3.170000000000000000e+02 1.609864997487176375e+00
3.180000000000000000e+02 1.609889527505612872e+00
3.190000000000000000e+02 1.609914052381469451e+00
3.200000000000000000e+02 1.609938572114745670e+00
3.210000000000000000e+02 1.609963086705442192e+00
3.220000000000000000e+02 1.609987596153558354e+00
3.230000000000000000e+02 1.610012100459094597e+00
3.240000000000000000e+02 1.610036599622050923e+00
3.250000000000000000e+02 1.610061093642427110e+00
3.260000000000000000e+02 1.610085582520223157e+00
3.270000000000000000e+02 1.610110066255439287e+00
3.280000000000000000e+02 1.610134544848075278e+00
3.290000000000000000e+02 1.610159018298131128e+00
3.300000000000000000e+02 1.610183486605607062e+00
3.310000000000000000e+02 1.610207949770502855e+00
3.320000000000000000e+02 1.610232407792818732e+00
3.330000000000000000e+02 1.610256860672554469e+00
3.340000000000000000e+02 1.610281308409710288e+00
3.350000000000000000e+02 1.610305751004285968e+00
3.360000000000000000e+02 1.610330188456281730e+00
3.370000000000000000e+02 1.610354620765697131e+00
3.380000000000000000e+02 1.610379047932532837e+00
3.390000000000000000e+02 1.610403469956788181e+00
3.400000000000000000e+02 1.610427886838463829e+00
3.410000000000000000e+02 1.610452298577559116e+00
3.420000000000000000e+02 1.610476705174074485e+00
3.430000000000000000e+02 1.610501106628009937e+00
3.440000000000000000e+02 1.610525502939365028e+00
3.450000000000000000e+02 1.610549894108140423e+00
3.460000000000000000e+02 1.610574280134335456e+00
3.470000000000000000e+02 1.610598661017950572e+00
3.480000000000000000e+02 1.610623036758985771e+00
3.490000000000000000e+02 1.610647407357440830e+00
3.500000000000000000e+02 1.610671772813315750e+00
3.510000000000000000e+02 1.610696133126610752e+00
3.520000000000000000e+02 1.610720488297325614e+00
3.530000000000000000e+02 1.610744838325460337e+00
3.540000000000000000e+02 1.610769183211015143e+00
3.550000000000000000e+02 1.610793522953990031e+00
3.560000000000000000e+02 1.610817857554384780e+00
3.570000000000000000e+02 1.610842187012199389e+00
3.580000000000000000e+02 1.610866511327434081e+00
3.590000000000000000e+02 1.610890830500088633e+00
3.600000000000000000e+02 1.610915144530163046e+00
3.610000000000000000e+02 1.610939453417657541e+00
3.620000000000000000e+02 1.610963757162571897e+00
3.630000000000000000e+02 1.610988055764906335e+00
3.640000000000000000e+02 1.611012349224660634e+00
3.650000000000000000e+02 1.611036637541835015e+00
3.660000000000000000e+02 1.611060920716429257e+00
3.670000000000000000e+02 1.611085198748443359e+00
3.680000000000000000e+02 1.611109471637877544e+00
3.690000000000000000e+02 1.611133739384731811e+00
3.700000000000000000e+02 1.611158001989005717e+00
3.710000000000000000e+02 1.611182259450699705e+00
3.720000000000000000e+02 1.611206511769813776e+00
3.730000000000000000e+02 1.611230758946347708e+00
3.740000000000000000e+02 1.611255000980301499e+00
3.750000000000000000e+02 1.611279237871675374e+00
3.760000000000000000e+02 1.611303469620469109e+00
3.770000000000000000e+02 1.611327696226682926e+00
3.780000000000000000e+02 1.611351917690316604e+00
3.790000000000000000e+02 1.611376134011370143e+00
3.800000000000000000e+02 1.611400345189843764e+00
3.810000000000000000e+02 1.611424551225737245e+00
3.820000000000000000e+02 1.611448752119050809e+00
3.830000000000000000e+02 1.611472947869784234e+00
3.840000000000000000e+02 1.611497138477937741e+00
3.850000000000000000e+02 1.611521323943511108e+00
3.860000000000000000e+02 1.611545504266504336e+00
3.870000000000000000e+02 1.611569679446917647e+00
3.880000000000000000e+02 1.611593849484750818e+00
3.890000000000000000e+02 1.611618014380004071e+00
3.900000000000000000e+02 1.611642174132677185e+00
3.910000000000000000e+02 1.611666328742770160e+00
3.920000000000000000e+02 1.611690478210283217e+00
3.930000000000000000e+02 1.611714622535216135e+00
3.940000000000000000e+02 1.611738761717569135e+00
3.950000000000000000e+02 1.611762895757341996e+00
3.960000000000000000e+02 1.611787024654534939e+00
3.970000000000000000e+02 1.611811148409147743e+00
3.980000000000000000e+02 1.611835267021180407e+00
3.990000000000000000e+02 1.611859380490633153e+00
4.000000000000000000e+02 1.611883488817505761e+00
4.010000000000000000e+02 1.611907592001798450e+00
4.020000000000000000e+02 1.611931690043511001e+00
4.030000000000000000e+02 1.611955782942643411e+00
4.040000000000000000e+02 1.611979870699195905e+00
4.050000000000000000e+02 1.612003953313168481e+00
4.060000000000000000e+02 1.612028030784560695e+00
4.070000000000000000e+02 1.612052103113373214e+00
4.080000000000000000e+02 1.612076170299605371e+00
4.090000000000000000e+02 1.612100232343257611e+00
4.100000000000000000e+02 1.612124289244329933e+00
4.110000000000000000e+02 1.612148341002821894e+00
4.120000000000000000e+02 1.612172387618734160e+00
4.130000000000000000e+02 1.612196429092066063e+00
4.140000000000000000e+02 1.612220465422818050e+00
4.150000000000000000e+02 1.612244496610990119e+00
4.160000000000000000e+02 1.612268522656582048e+00
4.170000000000000000e+02 1.612292543559593838e+00
4.180000000000000000e+02 1.612316559320025711e+00
4.190000000000000000e+02 1.612340569937877444e+00
4.200000000000000000e+02 1.612364575413149259e+00
4.210000000000000000e+02 1.612388575745840935e+00
4.220000000000000000e+02 1.612412570935952472e+00
4.230000000000000000e+02 1.612436560983484091e+00
4.240000000000000000e+02 1.612460545888435570e+00
4.250000000000000000e+02 1.612484525650807132e+00
4.260000000000000000e+02 1.612508500270598555e+00
4.270000000000000000e+02 1.612532469747810060e+00
4.280000000000000000e+02 1.612556434082441426e+00
4.290000000000000000e+02 1.612580393274492652e+00
4.300000000000000000e+02 1.612604347323963960e+00
4.310000000000000000e+02 1.612628296230855129e+00
4.320000000000000000e+02 1.612652239995166381e+00
4.330000000000000000e+02 1.612676178616897493e+00
4.340000000000000000e+02 1.612700112096048466e+00
4.350000000000000000e+02 1.612724040432619521e+00
4.360000000000000000e+02 1.612747963626610437e+00
4.370000000000000000e+02 1.612771881678021435e+00
4.380000000000000000e+02 1.612795794586852294e+00
4.390000000000000000e+02 1.612819702353103235e+00
4.400000000000000000e+02 1.612843604976774037e+00
4.410000000000000000e+02 1.612867502457864699e+00
4.420000000000000000e+02 1.612891394796375444e+00
4.430000000000000000e+02 1.612915281992306049e+00
4.440000000000000000e+02 1.612939164045656737e+00
4.450000000000000000e+02 1.612963040956427285e+00
4.460000000000000000e+02 1.612986912724617694e+00
4.470000000000000000e+02 1.613010779350228185e+00
4.480000000000000000e+02 1.613034640833258537e+00
4.490000000000000000e+02 1.613058497173708972e+00
4.500000000000000000e+02 1.613082348371579267e+00
4.510000000000000000e+02 1.613106194426869644e+00
4.520000000000000000e+02 1.613130035339579882e+00
4.530000000000000000e+02 1.613153871109709980e+00
4.540000000000000000e+02 1.613177701737260161e+00
4.550000000000000000e+02 1.613201527222230203e+00
4.560000000000000000e+02 1.613225347564620327e+00
4.570000000000000000e+02 1.613249162764430311e+00
4.580000000000000000e+02 1.613272972821660156e+00
4.590000000000000000e+02 1.613296777736310084e+00
4.600000000000000000e+02 1.613320577508380094e+00
4.610000000000000000e+02 1.613344372137869742e+00
4.620000000000000000e+02 1.613368161624779695e+00
4.630000000000000000e+02 1.613391945969109287e+00
4.640000000000000000e+02 1.613415725170858961e+00
4.650000000000000000e+02 1.613439499230028717e+00
4.660000000000000000e+02 1.613463268146618335e+00
4.670000000000000000e+02 1.613487031920627812e+00
4.680000000000000000e+02 1.613510790552057150e+00
4.690000000000000000e+02 1.613534544040906793e+00
4.700000000000000000e+02 1.613558292387176074e+00
4.710000000000000000e+02 1.613582035590865438e+00
4.720000000000000000e+02 1.613605773651974662e+00
4.730000000000000000e+02 1.613629506570503969e+00
4.740000000000000000e+02 1.613653234346453136e+00
4.750000000000000000e+02 1.613676956979822386e+00
4.760000000000000000e+02 1.613700674470611496e+00
4.770000000000000000e+02 1.613724386818820467e+00
4.780000000000000000e+02 1.613748094024449520e+00
4.790000000000000000e+02 1.613771796087498656e+00
4.800000000000000000e+02 1.613795493007967430e+00
4.810000000000000000e+02 1.613819184785856287e+00
4.820000000000000000e+02 1.613842871421165226e+00
4.830000000000000000e+02 1.613866552913894026e+00
4.840000000000000000e+02 1.613890229264042686e+00
4.850000000000000000e+02 1.613913900471611429e+00
4.860000000000000000e+02 1.613937566536600032e+00
4.870000000000000000e+02 1.613961227459008718e+00
4.880000000000000000e+02 1.613984883238837265e+00
4.890000000000000000e+02 1.614008533876085671e+00
4.900000000000000000e+02 1.614032179370754161e+00
4.910000000000000000e+02 1.614055819722842733e+00
4.920000000000000000e+02 1.614079454932350943e+00
4.930000000000000000e+02 1.614103084999279236e+00
4.940000000000000000e+02 1.614126709923627612e+00
4.950000000000000000e+02 1.614150329705395848e+00
4.960000000000000000e+02 1.614173944344583944e+00
4.970000000000000000e+02 1.614197553841192123e+00
4.980000000000000000e+02 1.614221158195220163e+00
4.990000000000000000e+02 1.614244757406668285e+00
5.000000000000000000e+02 1.614268351475536267e+00
5.010000000000000000e+02 1.614291940401824332e+00
5.020000000000000000e+02 1.614315524185532036e+00
5.030000000000000000e+02 1.614339102826660044e+00
5.040000000000000000e+02 1.614362676325207691e+00
5.050000000000000000e+02 1.614386244681175642e+00
5.060000000000000000e+02 1.614409807894563231e+00
5.070000000000000000e+02 1.614433365965370903e+00
5.080000000000000000e+02 1.614456918893598658e+00
5.090000000000000000e+02 1.614480466679246051e+00
5.100000000000000000e+02 1.614504009322313749e+00
5.110000000000000000e+02 1.614527546822801085e+00
5.120000000000000000e+02 1.614551079180708504e+00
5.130000000000000000e+02 1.614574606396036005e+00
5.140000000000000000e+02 1.614598128468783367e+00
5.150000000000000000e+02 1.614621645398950589e+00
5.160000000000000000e+02 1.614645157186537894e+00
5.170000000000000000e+02 1.614668663831545059e+00
5.180000000000000000e+02 1.614692165333972307e+00
5.190000000000000000e+02 1.614715661693819415e+00
5.200000000000000000e+02 1.614739152911086384e+00
5.210000000000000000e+02 1.614762638985773435e+00
5.220000000000000000e+02 1.614786119917880347e+00
5.230000000000000000e+02 1.614809595707407341e+00
5.240000000000000000e+02 1.614833066354354196e+00
5.250000000000000000e+02 1.614856531858721134e+00
5.260000000000000000e+02 1.614879992220507932e+00
5.270000000000000000e+02 1.614903447439714590e+00
5.280000000000000000e+02 1.614926897516341331e+00
5.290000000000000000e+02 1.614950342450387932e+00
5.300000000000000000e+02 1.614973782241854394e+00
5.310000000000000000e+02 1.614997216890741161e+00
5.320000000000000000e+02 1.615020646397047566e+00
5.330000000000000000e+02 1.615044070760774053e+00
5.340000000000000000e+02 1.615067489981920401e+00
5.350000000000000000e+02 1.615090904060486832e+00
5.360000000000000000e+02 1.615114312996473123e+00
5.370000000000000000e+02 1.615137716789879274e+00
5.380000000000000000e+02 1.615161115440705508e+00
5.390000000000000000e+02 1.615184508948951825e+00
5.400000000000000000e+02 1.615207897314618002e+00
5.410000000000000000e+02 1.615231280537704039e+00
5.420000000000000000e+02 1.615254658618209938e+00
5.430000000000000000e+02 1.615278031556136140e+00
5.440000000000000000e+02 1.615301399351481981e+00
5.450000000000000000e+02 1.615324762004247905e+00
5.460000000000000000e+02 1.615348119514433689e+00
5.470000000000000000e+02 1.615371471882039556e+00
5.480000000000000000e+02 1.615394819107065283e+00
5.490000000000000000e+02 1.615418161189511093e+00
5.500000000000000000e+02 1.615441498129376763e+00
5.510000000000000000e+02 1.615464829926662294e+00
5.520000000000000000e+02 1.615488156581367907e+00
5.530000000000000000e+02 1.615511478093493380e+00
5.540000000000000000e+02 1.615534794463038937e+00
5.550000000000000000e+02 1.615558105690004354e+00
5.560000000000000000e+02 1.615581411774389631e+00
5.570000000000000000e+02 1.615604712716194991e+00
5.580000000000000000e+02 1.615628008515420211e+00
5.590000000000000000e+02 1.615651299172065514e+00
5.600000000000000000e+02 1.615674584686130677e+00
5.610000000000000000e+02 1.615697865057615923e+00
5.620000000000000000e+02 1.615721140286521029e+00
5.630000000000000000e+02 1.615744410372845996e+00
5.640000000000000000e+02 1.615767675316591045e+00
5.650000000000000000e+02 1.615790935117755955e+00
5.660000000000000000e+02 1.615814189776340948e+00
5.670000000000000000e+02 1.615837439292345801e+00
5.680000000000000000e+02 1.615860683665770736e+00
5.690000000000000000e+02 1.615883922896615532e+00
5.700000000000000000e+02 1.615907156984880189e+00
5.710000000000000000e+02 1.615930385930564928e+00
5.720000000000000000e+02 1.615953609733669527e+00
5.730000000000000000e+02 1.615976828394194209e+00
5.740000000000000000e+02 1.616000041912138752e+00
5.750000000000000000e+02 1.616023250287503155e+00
5.760000000000000000e+02 1.616046453520287640e+00
5.770000000000000000e+02 1.616069651610491986e+00
5.780000000000000000e+02 1.616092844558116415e+00
5.790000000000000000e+02 1.616116032363160704e+00
5.800000000000000000e+02 1.616139215025624853e+00
5.810000000000000000e+02 1.616162392545509086e+00
5.820000000000000000e+02 1.616185564922813400e+00
5.830000000000000000e+02 1.616208732157537575e+00
5.840000000000000000e+02 1.616231894249681611e+00
5.850000000000000000e+02 1.616255051199245507e+00
5.860000000000000000e+02 1.616278203006229486e+00
5.870000000000000000e+02 1.616301349670633547e+00
5.880000000000000000e+02 1.616324491192457469e+00
5.890000000000000000e+02 1.616347627571701251e+00
5.900000000000000000e+02 1.616370758808365116e+00
5.910000000000000000e+02 1.616393884902448841e+00
5.920000000000000000e+02 1.616417005853952427e+00
5.930000000000000000e+02 1.616440121662876095e+00
5.940000000000000000e+02 1.616463232329219846e+00
5.950000000000000000e+02 1.616486337852983457e+00
5.960000000000000000e+02 1.616509438234166929e+00
5.970000000000000000e+02 1.616532533472770261e+00
5.980000000000000000e+02 1.616555623568793898e+00
5.990000000000000000e+02 1.616578708522237173e+00
6.000000000000000000e+02 1.616601788333100531e+00
6.010000000000000000e+02 1.616624863001383750e+00
6.020000000000000000e+02 1.616647932527087050e+00
6.030000000000000000e+02 1.616670996910210212e+00
6.040000000000000000e+02 1.616694056150753456e+00
6.050000000000000000e+02 1.616717110248716560e+00
6.060000000000000000e+02 1.616740159204099525e+00
6.070000000000000000e+02 1.616763203016902573e+00
6.080000000000000000e+02 1.616786241687125480e+00
6.090000000000000000e+02 1.616809275214768471e+00
6.100000000000000000e+02 1.616832303599831322e+00
6.110000000000000000e+02 1.616855326842314033e+00
6.120000000000000000e+02 1.616878344942216827e+00
6.130000000000000000e+02 1.616901357899539704e+00
6.140000000000000000e+02 1.616924365714282219e+00
6.150000000000000000e+02 1.616947368386445039e+00
6.160000000000000000e+02 1.616970365916027497e+00
6.170000000000000000e+02 1.616993358303030037e+00
6.180000000000000000e+02 1.617016345547452660e+00
6.190000000000000000e+02 1.617039327649294922e+00
6.200000000000000000e+02 1.617062304608557488e+00
6.210000000000000000e+02 1.617085276425239693e+00
6.220000000000000000e+02 1.617108243099341980e+00
6.230000000000000000e+02 1.617131204630864350e+00
6.240000000000000000e+02 1.617154161019806580e+00
6.250000000000000000e+02 1.617177112266168670e+00
6.260000000000000000e+02 1.617200058369950844e+00
6.270000000000000000e+02 1.617222999331152877e+00
6.280000000000000000e+02 1.617245935149774994e+00
6.290000000000000000e+02 1.617268865825816970e+00
6.300000000000000000e+02 1.617291791359278808e+00
6.310000000000000000e+02 1.617314711750160727e+00
6.320000000000000000e+02 1.617337626998462508e+00
6.330000000000000000e+02 1.617360537104184370e+00
6.340000000000000000e+02 1.617383442067326094e+00
6.350000000000000000e+02 1.617406341887887899e+00
6.360000000000000000e+02 1.617429236565869566e+00
6.370000000000000000e+02 1.617452126101271093e+00
6.380000000000000000e+02 1.617475010494092702e+00
6.390000000000000000e+02 1.617497889744334172e+00
6.400000000000000000e+02 1.617520763851995724e+00
6.410000000000000000e+02 1.617543632817077137e+00
6.420000000000000000e+02 1.617566496639578411e+00
6.430000000000000000e+02 1.617589355319499766e+00
6.440000000000000000e+02 1.617612208856840983e+00
6.450000000000000000e+02 1.617635057251602282e+00
6.460000000000000000e+02 1.617657900503783441e+00
6.470000000000000000e+02 1.617680738613384683e+00
6.480000000000000000e+02 1.617703571580405786e+00
6.490000000000000000e+02 1.617726399404846749e+00
6.500000000000000000e+02 1.617749222086707794e+00
6.510000000000000000e+02 1.617772039625988700e+00
6.520000000000000000e+02 1.617794852022689689e+00
6.530000000000000000e+02 1.617817659276810538e+00
6.540000000000000000e+02 1.617840461388351248e+00
6.550000000000000000e+02 1.617863258357312040e+00
6.560000000000000000e+02 1.617886050183692914e+00
6.570000000000000000e+02 1.617908836867493427e+00
6.580000000000000000e+02 1.617931618408714245e+00
6.590000000000000000e+02 1.617954394807354701e+00
6.600000000000000000e+02 1.617977166063415240e+00
6.610000000000000000e+02 1.617999932176895861e+00
6.620000000000000000e+02 1.618022693147796121e+00
6.630000000000000000e+02 1.618045448976116685e+00
6.640000000000000000e+02 1.618068199661856887e+00
6.650000000000000000e+02 1.618090945205017173e+00
6.660000000000000000e+02 1.618113685605597540e+00
6.670000000000000000e+02 1.618136420863597769e+00
6.680000000000000000e+02 1.618159150979017857e+00
6.690000000000000000e+02 1.618181875951858029e+00
6.700000000000000000e+02 1.618204595782118060e+00
6.710000000000000000e+02 1.618227310469798175e+00
6.720000000000000000e+02 1.618250020014898150e+00
6.730000000000000000e+02 1.618272724417417985e+00
6.740000000000000000e+02 1.618295423677357903e+00
6.750000000000000000e+02 1.618318117794717681e+00
6.760000000000000000e+02 1.618340806769497542e+00
6.770000000000000000e+02 1.618363490601697263e+00
6.780000000000000000e+02 1.618386169291317067e+00
6.790000000000000000e+02 1.618408842838356732e+00
6.800000000000000000e+02 1.618431511242816256e+00
6.810000000000000000e+02 1.618454174504695864e+00
6.820000000000000000e+02 1.618476832623995332e+00
6.830000000000000000e+02 1.618499485600714660e+00
6.840000000000000000e+02 1.618522133434854293e+00
6.850000000000000000e+02 1.618544776126413565e+00
6.860000000000000000e+02 1.618567413675392919e+00
6.870000000000000000e+02 1.618590046081792133e+00
6.880000000000000000e+02 1.618612673345611430e+00
6.890000000000000000e+02 1.618635295466850588e+00
6.900000000000000000e+02 1.618657912445509606e+00
6.910000000000000000e+02 1.618680524281588706e+00
6.920000000000000000e+02 1.618703130975087889e+00
6.930000000000000000e+02 1.618725732526006933e+00
6.940000000000000000e+02 1.618748328934345837e+00
6.950000000000000000e+02 1.618770920200104602e+00
6.960000000000000000e+02 1.618793506323283671e+00
6.970000000000000000e+02 1.618816087303882378e+00
6.980000000000000000e+02 1.618838663141901169e+00
6.990000000000000000e+02 1.618861233837339819e+00
7.000000000000000000e+02 1.618883799390198552e+00
7.010000000000000000e+02 1.618906359800477146e+00
7.020000000000000000e+02 1.618928915068175822e+00
7.030000000000000000e+02 1.618951465193294359e+00
7.040000000000000000e+02 1.618974010175832756e+00
7.050000000000000000e+02 1.618996550015791236e+00
7.060000000000000000e+02 1.619019084713169576e+00
7.070000000000000000e+02 1.619041614267967999e+00
7.080000000000000000e+02 1.619064138680186282e+00
7.090000000000000000e+02 1.619086657949824426e+00
7.100000000000000000e+02 1.619109172076882652e+00
7.110000000000000000e+02 1.619131681061360961e+00
7.120000000000000000e+02 1.619154184903258908e+00
7.130000000000000000e+02 1.619176683602576938e+00
7.140000000000000000e+02 1.619199177159315051e+00
7.150000000000000000e+02 1.619221665573473024e+00
7.160000000000000000e+02 1.619244148845050857e+00
7.170000000000000000e+02 1.619266626974048773e+00
7.180000000000000000e+02 1.619289099960466771e+00
7.190000000000000000e+02 1.619311567804304408e+00
7.200000000000000000e+02 1.619334030505562128e+00
7.210000000000000000e+02 1.619356488064239930e+00
7.220000000000000000e+02 1.619378940480337592e+00
7.230000000000000000e+02 1.619401387753855115e+00
7.240000000000000000e+02 1.619423829884792720e+00
7.250000000000000000e+02 1.619446266873150186e+00
7.260000000000000000e+02 1.619468698718927735e+00
7.270000000000000000e+02 1.619491125422125144e+00
7.280000000000000000e+02 1.619513546982742414e+00
7.290000000000000000e+02 1.619535963400779766e+00
7.300000000000000000e+02 1.619558374676236978e+00
7.310000000000000000e+02 1.619580780809114273e+00
7.320000000000000000e+02 1.619603181799411429e+00
7.330000000000000000e+02 1.619625577647128667e+00
7.340000000000000000e+02 1.619647968352265766e+00
7.350000000000000000e+02 1.619670353914822725e+00
7.360000000000000000e+02 1.619692734334799766e+00
7.370000000000000000e+02 1.619715109612196668e+00
7.380000000000000000e+02 1.619737479747013431e+00
7.390000000000000000e+02 1.619759844739250498e+00
7.400000000000000000e+02 1.619782204588907204e+00
7.410000000000000000e+02 1.619804559295983992e+00
7.420000000000000000e+02 1.619826908860480641e+00
7.430000000000000000e+02 1.619849253282397372e+00
7.440000000000000000e+02 1.619871592561733964e+00
7.450000000000000000e+02 1.619893926698490638e+00
7.460000000000000000e+02 1.619916255692667173e+00
7.470000000000000000e+02 1.619938579544263568e+00
7.480000000000000000e+02 1.619960898253280046e+00
7.490000000000000000e+02 1.619983211819716384e+00
7.500000000000000000e+02 1.620005520243572805e+00
7.510000000000000000e+02 1.620027823524849087e+00
7.520000000000000000e+02 1.620050121663545228e+00
7.530000000000000000e+02 1.620072414659661453e+00
7.540000000000000000e+02 1.620094702513197538e+00
7.550000000000000000e+02 1.620116985224153705e+00
7.560000000000000000e+02 1.620139262792529733e+00
7.570000000000000000e+02 1.620161535218325843e+00
7.580000000000000000e+02 1.620183802501541814e+00
7.590000000000000000e+02 1.620206064642177646e+00
7.600000000000000000e+02 1.620228321640233560e+00
7.610000000000000000e+02 1.620250573495709334e+00
7.620000000000000000e+02 1.620272820208605191e+00
7.630000000000000000e+02 1.620295061778920909e+00
7.640000000000000000e+02 1.620317298206656709e+00
7.650000000000000000e+02 1.620339529491812147e+00
7.660000000000000000e+02 1.620361755634387890e+00
7.670000000000000000e+02 1.620383976634383494e+00
7.680000000000000000e+02 1.620406192491798958e+00
7.690000000000000000e+02 1.620428403206634282e+00
7.700000000000000000e+02 1.620450608778889690e+00
7.710000000000000000e+02 1.620472809208565179e+00
7.720000000000000000e+02 1.620495004495660529e+00
7.730000000000000000e+02 1.620517194640175740e+00
7.740000000000000000e+02 1.620539379642111033e+00
7.750000000000000000e+02 1.620561559501466187e+00
7.760000000000000000e+02 1.620583734218241201e+00
7.770000000000000000e+02 1.620605903792436298e+00
7.780000000000000000e+02 1.620628068224051255e+00
7.790000000000000000e+02 1.620650227513086294e+00
7.800000000000000000e+02 1.620672381659541195e+00
7.810000000000000000e+02 1.620694530663416177e+00
7.820000000000000000e+02 1.620716674524711021e+00
7.830000000000000000e+02 1.620738813243425724e+00
7.840000000000000000e+02 1.620760946819560511e+00
7.850000000000000000e+02 1.620783075253115380e+00
7.860000000000000000e+02 1.620805198544089887e+00
7.870000000000000000e+02 1.620827316692484477e+00
7.880000000000000000e+02 1.620849429698299149e+00
7.890000000000000000e+02 1.620871537561533682e+00
7.900000000000000000e+02 1.620893640282188075e+00
7.910000000000000000e+02 1.620915737860262551e+00
7.920000000000000000e+02 1.620937830295756887e+00
7.930000000000000000e+02 1.620959917588671306e+00
7.940000000000000000e+02 1.620981999739005586e+00
7.950000000000000000e+02 1.621004076746759726e+00
7.960000000000000000e+02 1.621026148611933948e+00
7.970000000000000000e+02 1.621048215334528253e+00
7.980000000000000000e+02 1.621070276914542196e+00
7.990000000000000000e+02 1.621092333351976222e+00
8.000000000000000000e+02 1.621114384646830331e+00
8.010000000000000000e+02 1.621136430799104300e+00
8.020000000000000000e+02 1.621158471808798129e+00
8.030000000000000000e+02 1.621180507675912041e+00
8.040000000000000000e+02 1.621202538400445814e+00
8.050000000000000000e+02 1.621224563982399669e+00
8.060000000000000000e+02 1.621246584421773385e+00
8.070000000000000000e+02 1.621268599718567183e+00
8.080000000000000000e+02 1.621290609872780841e+00
8.090000000000000000e+02 1.621312614884414360e+00
8.100000000000000000e+02 1.621334614753467962e+00
8.110000000000000000e+02 1.621356609479941424e+00
8.120000000000000000e+02 1.621378599063834747e+00
8.130000000000000000e+02 1.621400583505148152e+00
8.140000000000000000e+02 1.621422562803881640e+00
8.150000000000000000e+02 1.621444536960034988e+00
8.160000000000000000e+02 1.621466505973608196e+00
8.170000000000000000e+02 1.621488469844601266e+00
8.180000000000000000e+02 1.621510428573014639e+00
8.190000000000000000e+02 1.621532382158847652e+00
8.200000000000000000e+02 1.621554330602100746e+00
8.210000000000000000e+02 1.621576273902773702e+00
8.220000000000000000e+02 1.621598212060866739e+00
8.230000000000000000e+02 1.621620145076379638e+00
8.240000000000000000e+02 1.621642072949312618e+00
8.250000000000000000e+02 1.621663995679665460e+00
8.260000000000000000e+02 1.621685913267438162e+00
8.270000000000000000e+02 1.621707825712630946e+00
8.280000000000000000e+02 1.621729733015243591e+00
8.290000000000000000e+02 1.621751635175276318e+00
8.300000000000000000e+02 1.621773532192728906e+00
8.310000000000000000e+02 1.621795424067601576e+00
8.320000000000000000e+02 1.621817310799894107e+00
8.330000000000000000e+02 1.621839192389606499e+00
8.340000000000000000e+02 1.621861068836738973e+00
8.350000000000000000e+02 1.621882940141291307e+00
8.360000000000000000e+02 1.621904806303263724e+00
8.370000000000000000e+02 1.621926667322656002e+00
8.380000000000000000e+02 1.621948523199468140e+00
8.390000000000000000e+02 1.621970373933700360e+00
8.400000000000000000e+02 1.621992219525352441e+00
8.410000000000000000e+02 1.622014059974424605e+00
8.420000000000000000e+02 1.622035895280916629e+00
8.430000000000000000e+02 1.622057725444828735e+00
8.440000000000000000e+02 1.622079550466160702e+00
8.450000000000000000e+02 1.622101370344912530e+00
8.460000000000000000e+02 1.622123185081084440e+00
8.470000000000000000e+02 1.622144994674676211e+00
8.480000000000000000e+02 1.622166799125688064e+00
8.490000000000000000e+02 1.622188598434119777e+00
8.500000000000000000e+02 1.622210392599971351e+00
8.510000000000000000e+02 1.622232181623243008e+00
8.520000000000000000e+02 1.622253965503934525e+00
8.530000000000000000e+02 1.622275744242046125e+00
8.540000000000000000e+02 1.622297517837577585e+00
8.550000000000000000e+02 1.622319286290529128e+00
8.560000000000000000e+02 1.622341049600900531e+00
8.570000000000000000e+02 1.622362807768691795e+00
8.580000000000000000e+02 1.622384560793903141e+00
8.590000000000000000e+02 1.622406308676534348e+00
8.600000000000000000e+02 1.622428051416585637e+00
8.610000000000000000e+02 1.622449789014056787e+00
8.620000000000000000e+02 1.622471521468948019e+00
8.630000000000000000e+02 1.622493248781258890e+00
8.640000000000000000e+02 1.622514970950990065e+00
8.650000000000000000e+02 1.622536687978141101e+00
8.660000000000000000e+02 1.622558399862711997e+00
8.670000000000000000e+02 1.622580106604702754e+00
8.680000000000000000e+02 1.622601808204113594e+00
8.690000000000000000e+02 1.622623504660944516e+00
8.700000000000000000e+02 1.622645195975195298e+00
8.710000000000000000e+02 1.622666882146865941e+00
8.720000000000000000e+02 1.622688563175956444e+00
8.730000000000000000e+02 1.622710239062467252e+00
8.740000000000000000e+02 1.622731909806397699e+00
8.750000000000000000e+02 1.622753575407748228e+00
8.760000000000000000e+02 1.622775235866518617e+00
8.770000000000000000e+02 1.622796891182709089e+00
8.780000000000000000e+02 1.622818541356319422e+00
8.790000000000000000e+02 1.622840186387349837e+00
8.800000000000000000e+02 1.622861826275800112e+00
8.810000000000000000e+02 1.622883461021670248e+00
8.820000000000000000e+02 1.622905090624960467e+00
8.830000000000000000e+02 1.622926715085670768e+00
8.840000000000000000e+02 1.622948334403800708e+00
8.850000000000000000e+02 1.622969948579350730e+00
8.860000000000000000e+02 1.622991557612320834e+00
8.870000000000000000e+02 1.623013161502710799e+00
8.880000000000000000e+02 1.623034760250520625e+00
8.890000000000000000e+02 1.623056353855750533e+00
8.900000000000000000e+02 1.623077942318400302e+00
8.910000000000000000e+02 1.623099525638470153e+00
8.920000000000000000e+02 1.623121103815959865e+00
8.930000000000000000e+02 1.623142676850869437e+00
8.940000000000000000e+02 1.623164244743199092e+00
8.950000000000000000e+02 1.623185807492948607e+00
8.960000000000000000e+02 1.623207365100118205e+00
8.970000000000000000e+02 1.623228917564707663e+00
8.980000000000000000e+02 1.623250464886717204e+00
8.990000000000000000e+02 1.623272007066146605e+00
9.000000000000000000e+02 1.623293544102995867e+00
9.010000000000000000e+02 1.623315075997265211e+00
9.020000000000000000e+02 1.623336602748954416e+00
9.030000000000000000e+02 1.623358124358063703e+00
9.040000000000000000e+02 1.623379640824592851e+00
9.050000000000000000e+02 1.623401152148541859e+00
9.060000000000000000e+02 1.623422658329910950e+00
9.070000000000000000e+02 1.623444159368700124e+00
9.080000000000000000e+02 1.623465655264908936e+00
9.090000000000000000e+02 1.623487146018538052e+00
9.100000000000000000e+02 1.623508631629586807e+00
9.110000000000000000e+02 1.623530112098055644e+00
9.120000000000000000e+02 1.623551587423944564e+00
9.130000000000000000e+02 1.623573057607253123e+00
9.140000000000000000e+02 1.623594522647981986e+00
9.150000000000000000e+02 1.623615982546130487e+00
9.160000000000000000e+02 1.623637437301699071e+00
9.170000000000000000e+02 1.623658886914687738e+00
9.180000000000000000e+02 1.623680331385096265e+00
9.190000000000000000e+02 1.623701770712924652e+00
9.200000000000000000e+02 1.623723204898173123e+00
9.210000000000000000e+02 1.623744633940841453e+00
9.220000000000000000e+02 1.623766057840929866e+00
9.230000000000000000e+02 1.623787476598438140e+00
9.240000000000000000e+02 1.623808890213366274e+00
9.250000000000000000e+02 1.623830298685714491e+00
9.260000000000000000e+02 1.623851702015482568e+00
9.270000000000000000e+02 1.623873100202670727e+00
9.280000000000000000e+02 1.623894493247278747e+00
9.290000000000000000e+02 1.623915881149306628e+00
9.300000000000000000e+02 1.623937263908754591e+00
9.310000000000000000e+02 1.623958641525622637e+00
9.320000000000000000e+02 1.623980013999910543e+00
9.330000000000000000e+02 1.624001381331618310e+00
9.340000000000000000e+02 1.624022743520745937e+00
9.350000000000000000e+02 1.624044100567293647e+00
9.360000000000000000e+02 1.624065452471261439e+00
9.370000000000000000e+02 1.624086799232649092e+00
9.380000000000000000e+02 1.624108140851456605e+00
9.390000000000000000e+02 1.624129477327684201e+00
9.400000000000000000e+02 1.624150808661331657e+00
9.410000000000000000e+02 1.624172134852398974e+00
9.420000000000000000e+02 1.624193455900886374e+00
9.430000000000000000e+02 1.624214771806793856e+00
9.440000000000000000e+02 1.624236082570120976e+00
9.450000000000000000e+02 1.624257388190868401e+00
9.460000000000000000e+02 1.624278688669035464e+00
9.470000000000000000e+02 1.624299984004622610e+00
9.480000000000000000e+02 1.624321274197629839e+00
9.490000000000000000e+02 1.624342559248056928e+00
9.500000000000000000e+02 1.624363839155903877e+00
9.510000000000000000e+02 1.624385113921170909e+00
9.520000000000000000e+02 1.624406383543857801e+00
9.530000000000000000e+02 1.624427648023964554e+00
9.540000000000000000e+02 1.624448907361491390e+00
9.550000000000000000e+02 1.624470161556438308e+00
9.560000000000000000e+02 1.624491410608805086e+00
9.570000000000000000e+02 1.624512654518591726e+00
9.580000000000000000e+02 1.624533893285798225e+00
9.590000000000000000e+02 1.624555126910425029e+00
9.600000000000000000e+02 1.624576355392471472e+00
9.610000000000000000e+02 1.624597578731937997e+00
9.620000000000000000e+02 1.624618796928824382e+00
9.630000000000000000e+02 1.624640009983130851e+00
9.640000000000000000e+02 1.624661217894857179e+00
9.650000000000000000e+02 1.624682420664003590e+00
9.660000000000000000e+02 1.624703618290569862e+00
9.670000000000000000e+02 1.624724810774555994e+00
9.680000000000000000e+02 1.624745998115962209e+00
9.690000000000000000e+02 1.624767180314788284e+00
9.700000000000000000e+02 1.624788357371034442e+00
9.710000000000000000e+02 1.624809529284700460e+00
9.720000000000000000e+02 1.624830696055786561e+00
9.730000000000000000e+02 1.624851857684292300e+00
9.740000000000000000e+02 1.624873014170218344e+00
9.750000000000000000e+02 1.624894165513564248e+00
9.760000000000000000e+02 1.624915311714330013e+00
9.770000000000000000e+02 1.624936452772515638e+00
9.780000000000000000e+02 1.624957588688121346e+00
9.790000000000000000e+02 1.624978719461147136e+00
9.800000000000000000e+02 1.624999845091592787e+00
9.810000000000000000e+02 1.625020965579458299e+00
9.820000000000000000e+02 1.625042080924743892e+00
9.830000000000000000e+02 1.625063191127449347e+00
9.840000000000000000e+02 1.625084296187574662e+00
9.850000000000000000e+02 1.625105396105120059e+00
9.860000000000000000e+02 1.625126490880085539e+00
9.870000000000000000e+02 1.625147580512470658e+00
9.880000000000000000e+02 1.625168665002275858e+00
9.890000000000000000e+02 1.625189744349501142e+00
9.900000000000000000e+02 1.625210818554146286e+00
9.910000000000000000e+02 1.625231887616211512e+00
9.920000000000000000e+02 1.625252951535696377e+00
9.930000000000000000e+02 1.625274010312601547e+00
9.940000000000000000e+02 1.625295063946926355e+00
9.950000000000000000e+02 1.625316112438671468e+00
9.960000000000000000e+02 1.625337155787836219e+00
9.970000000000000000e+02 1.625358193994421052e+00
9.980000000000000000e+02 1.625379227058425968e+00
9.990000000000000000e+02 1.625400254979850523e+00
1.000000000000000000e+03 1.625421277758695382e+00
1.001000000000000000e+03 1.625442295394959880e+00
1.002000000000000000e+03 1.625463307888644460e+00
1.003000000000000000e+03 1.625484315239749122e+00
1.004000000000000000e+03 1.625505317448273646e+00
1.005000000000000000e+03 1.625526314514218029e+00
1.006000000000000000e+03 1.625547306437582495e+00
1.007000000000000000e+03 1.625568293218366822e+00
1.008000000000000000e+03 1.625589274856571009e+00
1.009000000000000000e+03 1.625610251352195279e+00
1.010000000000000000e+03 1.625631222705239631e+00
1.011000000000000000e+03 1.625652188915703844e+00
1.012000000000000000e+03 1.625673149983587917e+00
1.013000000000000000e+03 1.625694105908891851e+00
1.014000000000000000e+03 1.625715056691616089e+00
1.015000000000000000e+03 1.625736002331759966e+00
1.016000000000000000e+03 1.625756942829323926e+00
1.017000000000000000e+03 1.625777878184307745e+00
1.018000000000000000e+03 1.625798808396711648e+00
1.019000000000000000e+03 1.625819733466535411e+00
1.020000000000000000e+03 1.625840653393779256e+00
1.021000000000000000e+03 1.625861568178442962e+00
