# order=12: data_wav [pixel], data_wavsolution [micron]
3.000000000000000000e+00 1.899242131493129371e+00
4.000000000000000000e+00 1.899268046426617396e+00
5.000000000000000000e+00 1.899293956036560260e+00
6.000000000000000000e+00 1.899319860322957965e+00
7.000000000000000000e+00 1.899345759285810509e+00
8.000000000000000000e+00 1.899371652925117893e+00
9.000000000000000000e+00 1.899397541240880116e+00
1.000000000000000000e+01 1.899423424233097180e+00
1.100000000000000000e+01 1.899449301901768861e+00
1.200000000000000000e+01 1.899475174246895604e+00
1.300000000000000000e+01 1.899501041268477186e+00
1.400000000000000000e+01 1.899526902966513386e+00
1.500000000000000000e+01 1.899552759341004649e+00
1.600000000000000000e+01 1.899578610391950528e+00
1.700000000000000000e+01 1.899604456119351470e+00
1.800000000000000000e+01 1.899630296523207029e+00
1.900000000000000000e+01 1.899656131603517650e+00
2.000000000000000000e+01 1.899681961360282889e+00
2.100000000000000000e+01 1.899707785793502968e+00
2.200000000000000000e+01 1.899733604903177886e+00
2.300000000000000000e+01 1.899759418689307866e+00
2.400000000000000000e+01 1.899785227151892464e+00
2.500000000000000000e+01 1.899811030290931901e+00
2.600000000000000000e+01 1.899836828106426179e+00
2.700000000000000000e+01 1.899862620598375296e+00
2.800000000000000000e+01 1.899888407766779252e+00
2.900000000000000000e+01 1.899914189611638049e+00
3.000000000000000000e+01 1.899939966132951463e+00
3.100000000000000000e+01 1.899965737330719939e+00
3.200000000000000000e+01 1.899991503204943255e+00
3.300000000000000000e+01 1.900017263755621411e+00
3.400000000000000000e+01 1.900043018982754184e+00
3.500000000000000000e+01 1.900068768886342019e+00
3.600000000000000000e+01 1.900094513466384472e+00
3.700000000000000000e+01 1.900120252722881986e+00
3.800000000000000000e+01 1.900145986655834118e+00
3.900000000000000000e+01 1.900171715265241090e+00
4.000000000000000000e+01 1.900197438551103124e+00
4.100000000000000000e+01 1.900223156513419775e+00
4.200000000000000000e+01 1.900248869152191267e+00
4.300000000000000000e+01 1.900274576467417598e+00
4.400000000000000000e+01 1.900300278459098990e+00
4.500000000000000000e+01 1.900325975127235001e+00
4.600000000000000000e+01 1.900351666471825851e+00
4.700000000000000000e+01 1.900377352492871541e+00
4.800000000000000000e+01 1.900403033190371849e+00
4.900000000000000000e+01 1.900428708564327218e+00
5.000000000000000000e+01 1.900454378614737427e+00
5.100000000000000000e+01 1.900480043341602476e+00
5.200000000000000000e+01 1.900505702744922365e+00
5.300000000000000000e+01 1.900531356824696871e+00
5.400000000000000000e+01 1.900557005580926440e+00
5.500000000000000000e+01 1.900582649013610625e+00
5.600000000000000000e+01 1.900608287122749873e+00
5.700000000000000000e+01 1.900633919908343739e+00
5.800000000000000000e+01 1.900659547370392666e+00
5.900000000000000000e+01 1.900685169508896211e+00
6.000000000000000000e+01 1.900710786323854595e+00
6.100000000000000000e+01 1.900736397815268042e+00
6.200000000000000000e+01 1.900762003983136106e+00
6.300000000000000000e+01 1.900787604827459010e+00
6.400000000000000000e+01 1.900813200348236753e+00
6.500000000000000000e+01 1.900838790545469337e+00
6.600000000000000000e+01 1.900864375419156760e+00
6.700000000000000000e+01 1.900889954969299023e+00
6.800000000000000000e+01 1.900915529195896125e+00
6.900000000000000000e+01 1.900941098098948068e+00
7.000000000000000000e+01 1.900966661678454850e+00
7.100000000000000000e+01 1.900992219934416250e+00
7.200000000000000000e+01 1.901017772866832711e+00
7.300000000000000000e+01 1.901043320475704013e+00
7.400000000000000000e+01 1.901068862761029932e+00
7.500000000000000000e+01 1.901094399722810913e+00
7.600000000000000000e+01 1.901119931361046511e+00
7.700000000000000000e+01 1.901145457675737171e+00
7.800000000000000000e+01 1.901170978666882450e+00
7.900000000000000000e+01 1.901196494334482567e+00
8.000000000000000000e+01 1.901222004678537747e+00
8.100000000000000000e+01 1.901247509699047544e+00
8.200000000000000000e+01 1.901273009396012181e+00
8.300000000000000000e+01 1.901298503769431658e+00
8.400000000000000000e+01 1.901323992819305975e+00
8.500000000000000000e+01 1.901349476545635131e+00
8.600000000000000000e+01 1.901374954948419127e+00
8.700000000000000000e+01 1.901400428027657963e+00
8.800000000000000000e+01 1.901425895783351638e+00
8.900000000000000000e+01 1.901451358215500154e+00
9.000000000000000000e+01 1.901476815324103509e+00
9.100000000000000000e+01 1.901502267109161703e+00
9.200000000000000000e+01 1.901527713570674516e+00
9.300000000000000000e+01 1.901553154708642390e+00
9.400000000000000000e+01 1.901578590523064882e+00
9.500000000000000000e+01 1.901604021013942436e+00
9.600000000000000000e+01 1.901629446181274607e+00
9.700000000000000000e+01 1.901654866025061841e+00
9.800000000000000000e+01 1.901680280545303692e+00
9.900000000000000000e+01 1.901705689742000605e+00
1.000000000000000000e+02 1.901731093615152135e+00
1.010000000000000000e+02 1.901756492164758505e+00
1.020000000000000000e+02 1.901781885390819715e+00
1.030000000000000000e+02 1.901807273293335765e+00
1.040000000000000000e+02 1.901832655872306654e+00
1.050000000000000000e+02 1.901858033127732384e+00
1.060000000000000000e+02 1.901883405059612953e+00
1.070000000000000000e+02 1.901908771667948361e+00
1.080000000000000000e+02 1.901934132952738610e+00
1.090000000000000000e+02 1.901959488913983698e+00
1.100000000000000000e+02 1.901984839551683626e+00
1.110000000000000000e+02 1.902010184865838394e+00
1.120000000000000000e+02 1.902035524856447779e+00
1.130000000000000000e+02 1.902060859523512226e+00
1.140000000000000000e+02 1.902086188867031291e+00
1.150000000000000000e+02 1.902111512887005418e+00
1.160000000000000000e+02 1.902136831583434162e+00
1.170000000000000000e+02 1.902162144956317968e+00
1.180000000000000000e+02 1.902187453005656392e+00
1.190000000000000000e+02 1.902212755731449656e+00
1.200000000000000000e+02 1.902238053133697981e+00
1.210000000000000000e+02 1.902263345212400925e+00
1.220000000000000000e+02 1.902288631967558707e+00
1.230000000000000000e+02 1.902313913399171330e+00
1.240000000000000000e+02 1.902339189507238792e+00
1.250000000000000000e+02 1.902364460291761095e+00
1.260000000000000000e+02 1.902389725752738237e+00
1.270000000000000000e+02 1.902414985890170218e+00
1.280000000000000000e+02 1.902440240704057040e+00
1.290000000000000000e+02 1.902465490194398701e+00
1.300000000000000000e+02 1.902490734361195202e+00
1.310000000000000000e+02 1.902515973204446320e+00
1.320000000000000000e+02 1.902541206724152500e+00
1.330000000000000000e+02 1.902566434920313521e+00
1.340000000000000000e+02 1.902591657792929158e+00
1.350000000000000000e+02 1.902616875341999858e+00
1.360000000000000000e+02 1.902642087567525175e+00
1.370000000000000000e+02 1.902667294469505332e+00
1.380000000000000000e+02 1.902692496047940551e+00
1.390000000000000000e+02 1.902717692302830388e+00
1.400000000000000000e+02 1.902742883234175064e+00
1.410000000000000000e+02 1.902768068841974802e+00
1.420000000000000000e+02 1.902793249126229158e+00
1.430000000000000000e+02 1.902818424086938354e+00
1.440000000000000000e+02 1.902843593724102389e+00
1.450000000000000000e+02 1.902868758037721264e+00
1.460000000000000000e+02 1.902893917027794979e+00
1.470000000000000000e+02 1.902919070694323533e+00
1.480000000000000000e+02 1.902944219037306928e+00
1.490000000000000000e+02 1.902969362056744940e+00
1.500000000000000000e+02 1.902994499752638013e+00
1.510000000000000000e+02 1.903019632124985927e+00
1.520000000000000000e+02 1.903044759173788458e+00
1.530000000000000000e+02 1.903069880899046051e+00
1.540000000000000000e+02 1.903094997300758484e+00
1.550000000000000000e+02 1.903120108378925535e+00
1.560000000000000000e+02 1.903145214133547647e+00
1.570000000000000000e+02 1.903170314564624377e+00
1.580000000000000000e+02 1.903195409672155947e+00
1.590000000000000000e+02 1.903220499456142578e+00
1.600000000000000000e+02 1.903245583916583827e+00
1.610000000000000000e+02 1.903270663053479916e+00
1.620000000000000000e+02 1.903295736866830845e+00
1.630000000000000000e+02 1.903320805356636614e+00
1.640000000000000000e+02 1.903345868522897222e+00
1.650000000000000000e+02 1.903370926365612670e+00
1.660000000000000000e+02 1.903395978884782958e+00
1.670000000000000000e+02 1.903421026080408085e+00
1.680000000000000000e+02 1.903446067952488052e+00
1.690000000000000000e+02 1.903471104501022859e+00
1.700000000000000000e+02 1.903496135726012284e+00
1.710000000000000000e+02 1.903521161627456770e+00
1.720000000000000000e+02 1.903546182205356097e+00
1.730000000000000000e+02 1.903571197459710040e+00
1.740000000000000000e+02 1.903596207390519046e+00
1.750000000000000000e+02 1.903621211997782670e+00
1.760000000000000000e+02 1.903646211281501355e+00
1.770000000000000000e+02 1.903671205241674658e+00
1.780000000000000000e+02 1.903696193878303022e+00
1.790000000000000000e+02 1.903721177191386005e+00
1.800000000000000000e+02 1.903746155180923827e+00
1.810000000000000000e+02 1.903771127846916489e+00
1.820000000000000000e+02 1.903796095189363990e+00
1.830000000000000000e+02 1.903821057208266332e+00
1.840000000000000000e+02 1.903846013903623735e+00
1.850000000000000000e+02 1.903870965275435534e+00
1.860000000000000000e+02 1.903895911323702395e+00
1.870000000000000000e+02 1.903920852048424095e+00
1.880000000000000000e+02 1.903945787449600635e+00
1.890000000000000000e+02 1.903970717527232015e+00
1.900000000000000000e+02 1.903995642281318235e+00
1.910000000000000000e+02 1.904020561711859072e+00
1.920000000000000000e+02 1.904045475818854971e+00
1.930000000000000000e+02 1.904070384602305488e+00
1.940000000000000000e+02 1.904095288062211067e+00
1.950000000000000000e+02 1.904120186198571263e+00
1.960000000000000000e+02 1.904145079011386521e+00
1.970000000000000000e+02 1.904169966500656397e+00
1.980000000000000000e+02 1.904194848666381334e+00
1.990000000000000000e+02 1.904219725508560890e+00
2.000000000000000000e+02 1.904244597027195285e+00
2.010000000000000000e+02 1.904269463222284520e+00
2.020000000000000000e+02 1.904294324093828594e+00
2.030000000000000000e+02 1.904319179641827509e+00
2.040000000000000000e+02 1.904344029866281263e+00
2.050000000000000000e+02 1.904368874767189856e+00
2.060000000000000000e+02 1.904393714344553290e+00
2.070000000000000000e+02 1.904418548598371563e+00
2.080000000000000000e+02 1.904443377528644676e+00
2.090000000000000000e+02 1.904468201135372629e+00
2.100000000000000000e+02 1.904493019418555422e+00
2.110000000000000000e+02 1.904517832378192832e+00
2.120000000000000000e+02 1.904542640014285304e+00
2.130000000000000000e+02 1.904567442326832394e+00
2.140000000000000000e+02 1.904592239315834545e+00
2.150000000000000000e+02 1.904617030981291315e+00
2.160000000000000000e+02 1.904641817323203146e+00
2.170000000000000000e+02 1.904666598341569594e+00
2.180000000000000000e+02 1.904691374036390883e+00
2.190000000000000000e+02 1.904716144407667233e+00
2.200000000000000000e+02 1.904740909455398201e+00
2.210000000000000000e+02 1.904765669179584009e+00
2.220000000000000000e+02 1.904790423580224656e+00
2.230000000000000000e+02 1.904815172657320144e+00
2.240000000000000000e+02 1.904839916410870471e+00
2.250000000000000000e+02 1.904864654840875637e+00
2.260000000000000000e+02 1.904889387947335644e+00
2.270000000000000000e+02 1.904914115730250490e+00
2.280000000000000000e+02 1.904938838189620176e+00
2.290000000000000000e+02 1.904963555325444480e+00
2.300000000000000000e+02 1.904988267137723845e+00
2.310000000000000000e+02 1.905012973626458050e+00
2.320000000000000000e+02 1.905037674791646873e+00
2.330000000000000000e+02 1.905062370633290758e+00
2.340000000000000000e+02 1.905087061151389261e+00
2.350000000000000000e+02 1.905111746345942825e+00
2.360000000000000000e+02 1.905136426216951007e+00
2.370000000000000000e+02 1.905161100764414250e+00
2.380000000000000000e+02 1.905185769988332112e+00
2.390000000000000000e+02 1.905210433888704813e+00
2.400000000000000000e+02 1.905235092465532354e+00
2.410000000000000000e+02 1.905259745718814957e+00
2.420000000000000000e+02 1.905284393648552177e+00
2.430000000000000000e+02 1.905309036254744237e+00
2.440000000000000000e+02 1.905333673537391137e+00
2.450000000000000000e+02 1.905358305496492877e+00
2.460000000000000000e+02 1.905382932132049456e+00
2.470000000000000000e+02 1.905407553444060653e+00
2.480000000000000000e+02 1.905432169432526912e+00
2.490000000000000000e+02 1.905456780097448011e+00
2.500000000000000000e+02 1.905481385438823949e+00
2.510000000000000000e+02 1.905505985456654505e+00
2.520000000000000000e+02 1.905530580150940123e+00
2.530000000000000000e+02 1.905555169521680359e+00
2.540000000000000000e+02 1.905579753568875656e+00
2.550000000000000000e+02 1.905604332292525571e+00
2.560000000000000000e+02 1.905628905692630548e+00
2.570000000000000000e+02 1.905653473769190143e+00
2.580000000000000000e+02 1.905678036522204577e+00
2.590000000000000000e+02 1.905702593951674073e+00
2.600000000000000000e+02 1.905727146057598187e+00
2.610000000000000000e+02 1.905751692839977141e+00
2.620000000000000000e+02 1.905776234298810934e+00
2.630000000000000000e+02 1.905800770434099567e+00
2.640000000000000000e+02 1.905825301245843040e+00
2.650000000000000000e+02 1.905849826734041352e+00
2.660000000000000000e+02 1.905874346898694505e+00
2.670000000000000000e+02 1.905898861739802497e+00
2.680000000000000000e+02 1.905923371257365107e+00
2.690000000000000000e+02 1.905947875451382778e+00
2.700000000000000000e+02 1.905972374321855289e+00
2.710000000000000000e+02 1.905996867868782418e+00
2.720000000000000000e+02 1.906021356092164609e+00
2.730000000000000000e+02 1.906045838992001640e+00
2.740000000000000000e+02 1.906070316568293288e+00
2.750000000000000000e+02 1.906094788821039998e+00
2.760000000000000000e+02 1.906119255750241326e+00
2.770000000000000000e+02 1.906143717355897493e+00
2.780000000000000000e+02 1.906168173638008501e+00
2.790000000000000000e+02 1.906192624596574570e+00
2.800000000000000000e+02 1.906217070231595256e+00
2.810000000000000000e+02 1.906241510543070783e+00
2.820000000000000000e+02 1.906265945531001149e+00
2.830000000000000000e+02 1.906290375195386355e+00
2.840000000000000000e+02 1.906314799536226401e+00
2.850000000000000000e+02 1.906339218553521286e+00
2.860000000000000000e+02 1.906363632247271012e+00
2.870000000000000000e+02 1.906388040617475577e+00
2.880000000000000000e+02 1.906412443664134759e+00
2.890000000000000000e+02 1.906436841387249004e+00
2.900000000000000000e+02 1.906461233786818088e+00
2.910000000000000000e+02 1.906485620862841790e+00
2.920000000000000000e+02 1.906510002615320554e+00
2.930000000000000000e+02 1.906534379044254157e+00
2.940000000000000000e+02 1.906558750149642378e+00
2.950000000000000000e+02 1.906583115931485439e+00
2.960000000000000000e+02 1.906607476389783562e+00
2.970000000000000000e+02 1.906631831524536302e+00
2.980000000000000000e+02 1.906656181335743883e+00
2.990000000000000000e+02 1.906680525823406525e+00
3.000000000000000000e+02 1.906704864987523784e+00
3.010000000000000000e+02 1.906729198828095884e+00
3.020000000000000000e+02 1.906753527345122823e+00
3.030000000000000000e+02 1.906777850538604602e+00
3.040000000000000000e+02 1.906802168408541220e+00
3.050000000000000000e+02 1.906826480954932679e+00
3.060000000000000000e+02 1.906850788177778977e+00
3.070000000000000000e+02 1.906875090077080115e+00
3.080000000000000000e+02 1.906899386652835870e+00
3.090000000000000000e+02 1.906923677905046688e+00
3.100000000000000000e+02 1.906947963833712345e+00
3.110000000000000000e+02 1.906972244438832620e+00
3.120000000000000000e+02 1.906996519720407957e+00
3.130000000000000000e+02 1.907020789678437911e+00
3.140000000000000000e+02 1.907045054312922927e+00
3.150000000000000000e+02 1.907069313623862561e+00
3.160000000000000000e+02 1.907093567611257257e+00
3.170000000000000000e+02 1.907117816275106570e+00
3.180000000000000000e+02 1.907142059615410723e+00
3.190000000000000000e+02 1.907166297632169716e+00
3.200000000000000000e+02 1.907190530325383548e+00
3.210000000000000000e+02 1.907214757695052443e+00
3.220000000000000000e+02 1.907238979741175955e+00
3.230000000000000000e+02 1.907263196463754307e+00
3.240000000000000000e+02 1.907287407862787498e+00
3.250000000000000000e+02 1.907311613938275308e+00
3.260000000000000000e+02 1.907335814690218179e+00
3.270000000000000000e+02 1.907360010118615889e+00
3.280000000000000000e+02 1.907384200223468440e+00
3.290000000000000000e+02 1.907408385004775830e+00
3.300000000000000000e+02 1.907432564462537838e+00
3.310000000000000000e+02 1.907456738596754908e+00
3.320000000000000000e+02 1.907480907407426596e+00
3.330000000000000000e+02 1.907505070894553345e+00
3.340000000000000000e+02 1.907529229058134712e+00
3.350000000000000000e+02 1.907553381898171141e+00
3.360000000000000000e+02 1.907577529414662187e+00
3.370000000000000000e+02 1.907601671607608074e+00
3.380000000000000000e+02 1.907625808477009022e+00
3.390000000000000000e+02 1.907649940022864588e+00
3.400000000000000000e+02 1.907674066245174993e+00
3.410000000000000000e+02 1.907698187143940238e+00
3.420000000000000000e+02 1.907722302719160323e+00
3.430000000000000000e+02 1.907746412970835248e+00
3.440000000000000000e+02 1.907770517898965013e+00
3.450000000000000000e+02 1.907794617503549617e+00
3.460000000000000000e+02 1.907818711784589061e+00
3.470000000000000000e+02 1.907842800742083345e+00
3.480000000000000000e+02 1.907866884376032246e+00
3.490000000000000000e+02 1.907890962686436209e+00
3.500000000000000000e+02 1.907915035673295012e+00
3.510000000000000000e+02 1.907939103336608433e+00
3.520000000000000000e+02 1.907963165676376915e+00
3.530000000000000000e+02 1.907987222692600016e+00
3.540000000000000000e+02 1.908011274385278178e+00
3.550000000000000000e+02 1.908035320754410957e+00
3.560000000000000000e+02 1.908059361799998577e+00
3.570000000000000000e+02 1.908083397522041258e+00
3.580000000000000000e+02 1.908107427920538557e+00
3.590000000000000000e+02 1.908131452995490696e+00
3.600000000000000000e+02 1.908155472746897674e+00
3.610000000000000000e+02 1.908179487174759492e+00
3.620000000000000000e+02 1.908203496279076150e+00
3.630000000000000000e+02 1.908227500059847648e+00
3.640000000000000000e+02 1.908251498517073985e+00
3.650000000000000000e+02 1.908275491650755162e+00
3.660000000000000000e+02 1.908299479460891179e+00
3.670000000000000000e+02 1.908323461947482036e+00
3.680000000000000000e+02 1.908347439110527510e+00
3.690000000000000000e+02 1.908371410950028046e+00
3.700000000000000000e+02 1.908395377465983422e+00
3.710000000000000000e+02 1.908419338658393416e+00
3.720000000000000000e+02 1.908443294527258471e+00
3.730000000000000000e+02 1.908467245072578145e+00
3.740000000000000000e+02 1.908491190294352879e+00
3.750000000000000000e+02 1.908515130192582232e+00
3.760000000000000000e+02 1.908539064767266424e+00
3.770000000000000000e+02 1.908562994018405679e+00
3.780000000000000000e+02 1.908586917945999550e+00
3.790000000000000000e+02 1.908610836550048262e+00
3.800000000000000000e+02 1.908634749830551813e+00
3.810000000000000000e+02 1.908658657787510204e+00
3.820000000000000000e+02 1.908682560420923435e+00
3.830000000000000000e+02 1.908706457730791506e+00
3.840000000000000000e+02 1.908730349717114416e+00
3.850000000000000000e+02 1.908754236379892166e+00
3.860000000000000000e+02 1.908778117719124756e+00
3.870000000000000000e+02 1.908801993734812186e+00
3.880000000000000000e+02 1.908825864426954233e+00
3.890000000000000000e+02 1.908849729795551342e+00
3.900000000000000000e+02 1.908873589840603291e+00
3.910000000000000000e+02 1.908897444562109857e+00
3.920000000000000000e+02 1.908921293960071486e+00
3.930000000000000000e+02 1.908945138034487732e+00
3.940000000000000000e+02 1.908968976785359040e+00
3.950000000000000000e+02 1.908992810212684965e+00
3.960000000000000000e+02 1.909016638316465730e+00
3.970000000000000000e+02 1.909040461096701335e+00
3.980000000000000000e+02 1.909064278553392002e+00
3.990000000000000000e+02 1.909088090686537287e+00
4.000000000000000000e+02 1.909111897496137411e+00
4.010000000000000000e+02 1.909135698982192375e+00
4.020000000000000000e+02 1.909159495144702179e+00
4.030000000000000000e+02 1.909183285983666822e+00
4.040000000000000000e+02 1.909207071499086306e+00
4.050000000000000000e+02 1.909230851690960629e+00
4.060000000000000000e+02 1.909254626559289791e+00
4.070000000000000000e+02 1.909278396104073572e+00
4.080000000000000000e+02 1.909302160325312414e+00
4.090000000000000000e+02 1.909325919223006096e+00
4.100000000000000000e+02 1.909349672797154396e+00
4.110000000000000000e+02 1.909373421047757757e+00
4.120000000000000000e+02 1.909397163974815737e+00
4.130000000000000000e+02 1.909420901578328778e+00
4.140000000000000000e+02 1.909444633858296436e+00
4.150000000000000000e+02 1.909468360814719157e+00
4.160000000000000000e+02 1.909492082447596495e+00
4.170000000000000000e+02 1.909515798756928673e+00
4.180000000000000000e+02 1.909539509742715691e+00
4.190000000000000000e+02 1.909563215404957548e+00
4.200000000000000000e+02 1.909586915743654245e+00
4.210000000000000000e+02 1.909610610758806004e+00
4.220000000000000000e+02 1.909634300450412381e+00
4.230000000000000000e+02 1.909657984818473375e+00
4.240000000000000000e+02 1.909681663862989431e+00
4.250000000000000000e+02 1.909705337583960327e+00
4.260000000000000000e+02 1.909729005981386063e+00
4.270000000000000000e+02 1.909752669055266638e+00
4.280000000000000000e+02 1.909776326805601832e+00
4.290000000000000000e+02 1.909799979232392086e+00
4.300000000000000000e+02 1.909823626335637181e+00
4.310000000000000000e+02 1.909847268115336894e+00
4.320000000000000000e+02 1.909870904571491668e+00
4.330000000000000000e+02 1.909894535704101060e+00
4.340000000000000000e+02 1.909918161513165513e+00
4.350000000000000000e+02 1.909941781998684585e+00
4.360000000000000000e+02 1.909965397160658496e+00
4.370000000000000000e+02 1.909989006999087247e+00
4.380000000000000000e+02 1.910012611513971059e+00
4.390000000000000000e+02 1.910036210705309490e+00
4.400000000000000000e+02 1.910059804573102760e+00
4.410000000000000000e+02 1.910083393117350870e+00
4.420000000000000000e+02 1.910106976338053819e+00
4.430000000000000000e+02 1.910130554235211608e+00
4.440000000000000000e+02 1.910154126808824238e+00
4.450000000000000000e+02 1.910177694058891706e+00
4.460000000000000000e+02 1.910201255985413793e+00
4.470000000000000000e+02 1.910224812588390941e+00
4.480000000000000000e+02 1.910248363867822929e+00
4.490000000000000000e+02 1.910271909823709535e+00
4.500000000000000000e+02 1.910295450456051203e+00
4.510000000000000000e+02 1.910318985764847488e+00
4.520000000000000000e+02 1.910342515750098835e+00
4.530000000000000000e+02 1.910366040411804800e+00
4.540000000000000000e+02 1.910389559749965827e+00
4.550000000000000000e+02 1.910413073764581471e+00
4.560000000000000000e+02 1.910436582455651955e+00
4.570000000000000000e+02 1.910460085823177501e+00
4.580000000000000000e+02 1.910483583867157664e+00
4.590000000000000000e+02 1.910507076587592667e+00
4.600000000000000000e+02 1.910530563984482511e+00
4.610000000000000000e+02 1.910554046057827193e+00
4.620000000000000000e+02 1.910577522807626716e+00
4.630000000000000000e+02 1.910600994233881078e+00
4.640000000000000000e+02 1.910624460336590280e+00
4.650000000000000000e+02 1.910647921115754322e+00
4.660000000000000000e+02 1.910671376571372981e+00
4.670000000000000000e+02 1.910694826703446703e+00
4.680000000000000000e+02 1.910718271511975264e+00
4.690000000000000000e+02 1.910741710996958442e+00
4.700000000000000000e+02 1.910765145158396683e+00
4.710000000000000000e+02 1.910788573996289541e+00
4.720000000000000000e+02 1.910811997510637461e+00
4.730000000000000000e+02 1.910835415701439999e+00
4.740000000000000000e+02 1.910858828568697598e+00
4.750000000000000000e+02 1.910882236112409815e+00
4.760000000000000000e+02 1.910905638332576872e+00
4.770000000000000000e+02 1.910929035229198991e+00
4.780000000000000000e+02 1.910952426802275728e+00
4.790000000000000000e+02 1.910975813051807304e+00
4.800000000000000000e+02 1.910999193977793720e+00
4.810000000000000000e+02 1.911022569580234975e+00
4.820000000000000000e+02 1.911045939859131071e+00
4.830000000000000000e+02 1.911069304814482006e+00
4.840000000000000000e+02 1.911092664446287781e+00
4.850000000000000000e+02 1.911116018754548174e+00
4.860000000000000000e+02 1.911139367739263628e+00
4.870000000000000000e+02 1.911162711400433922e+00
4.880000000000000000e+02 1.911186049738059056e+00
4.890000000000000000e+02 1.911209382752138808e+00
4.900000000000000000e+02 1.911232710442673621e+00
4.910000000000000000e+02 1.911256032809663052e+00
4.920000000000000000e+02 1.911279349853107545e+00
4.930000000000000000e+02 1.911302661573006656e+00
4.940000000000000000e+02 1.911325967969360606e+00
4.950000000000000000e+02 1.911349269042169619e+00
4.960000000000000000e+02 1.911372564791433248e+00
4.970000000000000000e+02 1.911395855217151718e+00
4.980000000000000000e+02 1.911419140319325027e+00
4.990000000000000000e+02 1.911442420097953176e+00
5.000000000000000000e+02 1.911465694553036387e+00
5.010000000000000000e+02 1.911488963684574216e+00
5.020000000000000000e+02 1.911512227492566662e+00
5.030000000000000000e+02 1.911535485977014170e+00
5.040000000000000000e+02 1.911558739137916518e+00
5.050000000000000000e+02 1.911581986975273706e+00
5.060000000000000000e+02 1.911605229489085733e+00
5.070000000000000000e+02 1.911628466679352378e+00
5.080000000000000000e+02 1.911651698546074085e+00
5.090000000000000000e+02 1.911674925089250632e+00
5.100000000000000000e+02 1.911698146308881796e+00
5.110000000000000000e+02 1.911721362204968022e+00
5.120000000000000000e+02 1.911744572777508866e+00
5.130000000000000000e+02 1.911767778026504772e+00
5.140000000000000000e+02 1.911790977951955295e+00
5.150000000000000000e+02 1.911814172553860658e+00
5.160000000000000000e+02 1.911837361832220861e+00
5.170000000000000000e+02 1.911860545787036125e+00
5.180000000000000000e+02 1.911883724418306008e+00
5.190000000000000000e+02 1.911906897726030730e+00
5.200000000000000000e+02 1.911930065710210291e+00
5.210000000000000000e+02 1.911953228370844693e+00
5.220000000000000000e+02 1.911976385707933934e+00
5.230000000000000000e+02 1.911999537721478015e+00
5.240000000000000000e+02 1.912022684411476936e+00
5.250000000000000000e+02 1.912045825777930474e+00
5.260000000000000000e+02 1.912068961820839075e+00
5.270000000000000000e+02 1.912092092540202515e+00
5.280000000000000000e+02 1.912115217936020573e+00
5.290000000000000000e+02 1.912138338008293692e+00
5.300000000000000000e+02 1.912161452757021651e+00
5.310000000000000000e+02 1.912184562182204228e+00
5.320000000000000000e+02 1.912207666283841867e+00
5.330000000000000000e+02 1.912230765061934123e+00
5.340000000000000000e+02 1.912253858516481220e+00
5.350000000000000000e+02 1.912276946647483378e+00
5.360000000000000000e+02 1.912300029454940153e+00
5.370000000000000000e+02 1.912323106938851769e+00
5.380000000000000000e+02 1.912346179099218224e+00
5.390000000000000000e+02 1.912369245936039519e+00
5.400000000000000000e+02 1.912392307449315654e+00
5.410000000000000000e+02 1.912415363639046628e+00
5.420000000000000000e+02 1.912438414505232442e+00
5.430000000000000000e+02 1.912461460047873096e+00
5.440000000000000000e+02 1.912484500266968590e+00
5.450000000000000000e+02 1.912507535162518923e+00
5.460000000000000000e+02 1.912530564734523875e+00
5.470000000000000000e+02 1.912553588982983888e+00
5.480000000000000000e+02 1.912576607907898740e+00
5.490000000000000000e+02 1.912599621509268211e+00
5.500000000000000000e+02 1.912622629787092743e+00
5.510000000000000000e+02 1.912645632741371893e+00
5.520000000000000000e+02 1.912668630372106104e+00
5.530000000000000000e+02 1.912691622679294934e+00
5.540000000000000000e+02 1.912714609662938603e+00
5.550000000000000000e+02 1.912737591323037334e+00
5.560000000000000000e+02 1.912760567659590683e+00
5.570000000000000000e+02 1.912783538672598871e+00
5.580000000000000000e+02 1.912806504362061899e+00
5.590000000000000000e+02 1.912829464727979767e+00
5.600000000000000000e+02 1.912852419770352475e+00
5.610000000000000000e+02 1.912875369489180022e+00
5.620000000000000000e+02 1.912898313884462409e+00
5.630000000000000000e+02 1.912921252956199636e+00
5.640000000000000000e+02 1.912944186704391702e+00
5.650000000000000000e+02 1.912967115129038609e+00
5.660000000000000000e+02 1.912990038230140133e+00
5.670000000000000000e+02 1.913012956007696719e+00
5.680000000000000000e+02 1.913035868461708144e+00
5.690000000000000000e+02 1.913058775592174188e+00
5.700000000000000000e+02 1.913081677399095293e+00
5.710000000000000000e+02 1.913104573882471016e+00
5.720000000000000000e+02 1.913127465042301800e+00
5.730000000000000000e+02 1.913150350878587203e+00
5.740000000000000000e+02 1.913173231391327445e+00
5.750000000000000000e+02 1.913196106580522526e+00
5.760000000000000000e+02 1.913218976446172670e+00
5.770000000000000000e+02 1.913241840988277431e+00
5.780000000000000000e+02 1.913264700206837032e+00
5.790000000000000000e+02 1.913287554101851473e+00
5.800000000000000000e+02 1.913310402673320754e+00
5.810000000000000000e+02 1.913333245921244874e+00
5.820000000000000000e+02 1.913356083845623834e+00
5.830000000000000000e+02 1.913378916446457634e+00
5.840000000000000000e+02 1.913401743723746273e+00
5.850000000000000000e+02 1.913424565677489531e+00
5.860000000000000000e+02 1.913447382307687850e+00
5.870000000000000000e+02 1.913470193614341008e+00
5.880000000000000000e+02 1.913492999597448785e+00
5.890000000000000000e+02 1.913515800257011623e+00
5.900000000000000000e+02 1.913538595593029079e+00
5.910000000000000000e+02 1.913561385605501597e+00
5.920000000000000000e+02 1.913584170294428732e+00
5.930000000000000000e+02 1.913606949659810930e+00
5.940000000000000000e+02 1.913629723701647745e+00
5.950000000000000000e+02 1.913652492419939399e+00
5.960000000000000000e+02 1.913675255814685894e+00
5.970000000000000000e+02 1.913698013885887228e+00
5.980000000000000000e+02 1.913720766633543402e+00
5.990000000000000000e+02 1.913743514057654638e+00
6.000000000000000000e+02 1.913766256158220491e+00
6.010000000000000000e+02 1.913788992935240962e+00
6.020000000000000000e+02 1.913811724388716495e+00
6.030000000000000000e+02 1.913834450518646868e+00
6.040000000000000000e+02 1.913857171325032080e+00
6.050000000000000000e+02 1.913879886807872133e+00
6.060000000000000000e+02 1.913902596967166803e+00
6.070000000000000000e+02 1.913925301802916534e+00
6.080000000000000000e+02 1.913948001315121106e+00
6.090000000000000000e+02 1.913970695503780295e+00
6.100000000000000000e+02 1.913993384368894546e+00
6.110000000000000000e+02 1.914016067910463414e+00
6.120000000000000000e+02 1.914038746128487345e+00
6.130000000000000000e+02 1.914061419022965893e+00
6.140000000000000000e+02 1.914084086593899281e+00
6.150000000000000000e+02 1.914106748841287509e+00
6.160000000000000000e+02 1.914129405765130798e+00
6.170000000000000000e+02 1.914152057365428705e+00
6.180000000000000000e+02 1.914174703642181452e+00
6.190000000000000000e+02 1.914197344595389039e+00
6.200000000000000000e+02 1.914219980225051465e+00
6.210000000000000000e+02 1.914242610531168731e+00
6.220000000000000000e+02 1.914265235513740837e+00
6.230000000000000000e+02 1.914287855172767783e+00
6.240000000000000000e+02 1.914310469508249346e+00
6.250000000000000000e+02 1.914333078520185971e+00
6.260000000000000000e+02 1.914355682208577436e+00
6.270000000000000000e+02 1.914378280573423519e+00
6.280000000000000000e+02 1.914400873614724663e+00
6.290000000000000000e+02 1.914423461332480425e+00
6.300000000000000000e+02 1.914446043726691249e+00
6.310000000000000000e+02 1.914468620797356690e+00
6.320000000000000000e+02 1.914491192544477194e+00
6.330000000000000000e+02 1.914513758968052315e+00
6.340000000000000000e+02 1.914536320068082276e+00
6.350000000000000000e+02 1.914558875844567298e+00
6.360000000000000000e+02 1.914581426297506939e+00
6.370000000000000000e+02 1.914603971426901419e+00
6.380000000000000000e+02 1.914626511232750739e+00
6.390000000000000000e+02 1.914649045715054898e+00
6.400000000000000000e+02 1.914671574873813897e+00
6.410000000000000000e+02 1.914694098709027736e+00
6.420000000000000000e+02 1.914716617220696415e+00
6.430000000000000000e+02 1.914739130408819934e+00
6.440000000000000000e+02 1.914761638273398070e+00
6.450000000000000000e+02 1.914784140814431268e+00
6.460000000000000000e+02 1.914806638031919306e+00
6.470000000000000000e+02 1.914829129925861961e+00
6.480000000000000000e+02 1.914851616496259679e+00
6.490000000000000000e+02 1.914874097743112014e+00
6.500000000000000000e+02 1.914896573666419410e+00
6.510000000000000000e+02 1.914919044266181425e+00
6.520000000000000000e+02 1.914941509542398501e+00
6.530000000000000000e+02 1.914963969495070195e+00
6.540000000000000000e+02 1.914986424124196729e+00
6.550000000000000000e+02 1.915008873429778324e+00
6.560000000000000000e+02 1.915031317411814538e+00
6.570000000000000000e+02 1.915053756070305591e+00
6.580000000000000000e+02 1.915076189405251483e+00
6.590000000000000000e+02 1.915098617416652216e+00
6.600000000000000000e+02 1.915121040104507788e+00
6.610000000000000000e+02 1.915143457468818200e+00
6.620000000000000000e+02 1.915165869509583452e+00
6.630000000000000000e+02 1.915188276226803321e+00
6.640000000000000000e+02 1.915210677620478252e+00
6.650000000000000000e+02 1.915233073690608023e+00
6.660000000000000000e+02 1.915255464437192634e+00
6.670000000000000000e+02 1.915277849860231862e+00
6.680000000000000000e+02 1.915300229959726153e+00
6.690000000000000000e+02 1.915322604735675061e+00
6.700000000000000000e+02 1.915344974188079030e+00
6.710000000000000000e+02 1.915367338316937618e+00
6.720000000000000000e+02 1.915389697122251267e+00
6.730000000000000000e+02 1.915412050604019534e+00
6.740000000000000000e+02 1.915434398762242640e+00
6.750000000000000000e+02 1.915456741596920587e+00
6.760000000000000000e+02 1.915479079108053373e+00
6.770000000000000000e+02 1.915501411295641221e+00
6.780000000000000000e+02 1.915523738159683687e+00
6.790000000000000000e+02 1.915546059700180992e+00
6.800000000000000000e+02 1.915568375917133137e+00
6.810000000000000000e+02 1.915590686810539900e+00
6.820000000000000000e+02 1.915612992380401725e+00
6.830000000000000000e+02 1.915635292626718389e+00
6.840000000000000000e+02 1.915657587549489893e+00
6.850000000000000000e+02 1.915679877148716237e+00
6.860000000000000000e+02 1.915702161424397199e+00
6.870000000000000000e+02 1.915724440376533222e+00
6.880000000000000000e+02 1.915746714005123863e+00
6.890000000000000000e+02 1.915768982310169566e+00
6.900000000000000000e+02 1.915791245291669886e+00
6.910000000000000000e+02 1.915813502949625269e+00
6.920000000000000000e+02 1.915835755284035269e+00
6.930000000000000000e+02 1.915858002294900109e+00
6.940000000000000000e+02 1.915880243982220010e+00
6.950000000000000000e+02 1.915902480345994530e+00
6.960000000000000000e+02 1.915924711386223889e+00
6.970000000000000000e+02 1.915946937102908088e+00
6.980000000000000000e+02 1.915969157496047126e+00
6.990000000000000000e+02 1.915991372565641004e+00
7.000000000000000000e+02 1.916013582311689722e+00
7.010000000000000000e+02 1.916035786734193280e+00
7.020000000000000000e+02 1.916057985833151678e+00
7.030000000000000000e+02 1.916080179608564915e+00
7.040000000000000000e+02 1.916102368060432770e+00
7.050000000000000000e+02 1.916124551188755687e+00
7.060000000000000000e+02 1.916146728993533443e+00
7.070000000000000000e+02 1.916168901474765818e+00
7.080000000000000000e+02 1.916191068632453254e+00
7.090000000000000000e+02 1.916213230466595308e+00
7.100000000000000000e+02 1.916235386977192423e+00
7.110000000000000000e+02 1.916257538164244156e+00
7.120000000000000000e+02 1.916279684027750729e+00
7.130000000000000000e+02 1.916301824567712364e+00
7.140000000000000000e+02 1.916323959784128617e+00
7.150000000000000000e+02 1.916346089676999709e+00
7.160000000000000000e+02 1.916368214246325641e+00
7.170000000000000000e+02 1.916390333492106413e+00
7.180000000000000000e+02 1.916412447414342024e+00
7.190000000000000000e+02 1.916434556013032475e+00
7.200000000000000000e+02 1.916456659288177766e+00
7.210000000000000000e+02 1.916478757239777897e+00
7.220000000000000000e+02 1.916500849867832867e+00
7.230000000000000000e+02 1.916522937172342678e+00
7.240000000000000000e+02 1.916545019153307106e+00
7.250000000000000000e+02 1.916567095810726595e+00
7.260000000000000000e+02 1.916589167144600925e+00
7.270000000000000000e+02 1.916611233154929872e+00
7.280000000000000000e+02 1.916633293841713881e+00
7.290000000000000000e+02 1.916655349204952508e+00
7.300000000000000000e+02 1.916677399244646196e+00
7.310000000000000000e+02 1.916699443960794502e+00
7.320000000000000000e+02 1.916721483353397648e+00
7.330000000000000000e+02 1.916743517422455856e+00
7.340000000000000000e+02 1.916765546167968681e+00
7.350000000000000000e+02 1.916787569589936346e+00
7.360000000000000000e+02 1.916809587688358851e+00
7.370000000000000000e+02 1.916831600463236196e+00
7.380000000000000000e+02 1.916853607914568380e+00
7.390000000000000000e+02 1.916875610042355405e+00
7.400000000000000000e+02 1.916897606846597268e+00
7.410000000000000000e+02 1.916919598327293972e+00
7.420000000000000000e+02 1.916941584484445515e+00
7.430000000000000000e+02 1.916963565318051899e+00
7.440000000000000000e+02 1.916985540828112899e+00
7.450000000000000000e+02 1.917007511014628962e+00
7.460000000000000000e+02 1.917029475877599864e+00
7.470000000000000000e+02 1.917051435417025385e+00
7.480000000000000000e+02 1.917073389632905966e+00
7.490000000000000000e+02 1.917095338525241166e+00
7.500000000000000000e+02 1.917117282094031427e+00
7.510000000000000000e+02 1.917139220339276307e+00
7.520000000000000000e+02 1.917161153260976025e+00
7.530000000000000000e+02 1.917183080859130806e+00
7.540000000000000000e+02 1.917205003133740204e+00
7.550000000000000000e+02 1.917226920084804442e+00
7.560000000000000000e+02 1.917248831712323520e+00
7.570000000000000000e+02 1.917270738016297438e+00
7.580000000000000000e+02 1.917292638996726195e+00
7.590000000000000000e+02 1.917314534653609792e+00
7.600000000000000000e+02 1.917336424986948229e+00
7.610000000000000000e+02 1.917358309996741506e+00
7.620000000000000000e+02 1.917380189682989622e+00
7.630000000000000000e+02 1.917402064045692356e+00
7.640000000000000000e+02 1.917423933084850152e+00
7.650000000000000000e+02 1.917445796800462787e+00
7.660000000000000000e+02 1.917467655192530041e+00
7.670000000000000000e+02 1.917489508261052356e+00
7.680000000000000000e+02 1.917511356006029288e+00
7.690000000000000000e+02 1.917533198427461283e+00
7.700000000000000000e+02 1.917555035525347895e+00
7.710000000000000000e+02 1.917576867299689569e+00
7.720000000000000000e+02 1.917598693750485861e+00
7.730000000000000000e+02 1.917620514877736992e+00
7.740000000000000000e+02 1.917642330681442964e+00
7.750000000000000000e+02 1.917664141161603997e+00
7.760000000000000000e+02 1.917685946318219647e+00
7.770000000000000000e+02 1.917707746151290138e+00
7.780000000000000000e+02 1.917729540660815468e+00
7.790000000000000000e+02 1.917751329846795638e+00
7.800000000000000000e+02 1.917773113709230648e+00
7.810000000000000000e+02 1.917794892248120275e+00
7.820000000000000000e+02 1.917816665463464965e+00
7.830000000000000000e+02 1.917838433355264494e+00
7.840000000000000000e+02 1.917860195923518862e+00
7.850000000000000000e+02 1.917881953168227849e+00
7.860000000000000000e+02 1.917903705089391897e+00
7.870000000000000000e+02 1.917925451687010563e+00
7.880000000000000000e+02 1.917947192961084291e+00
7.890000000000000000e+02 1.917968928911612636e+00
7.900000000000000000e+02 1.917990659538596043e+00
7.910000000000000000e+02 1.918012384842034068e+00
7.920000000000000000e+02 1.918034104821926933e+00
7.930000000000000000e+02 1.918055819478274859e+00
7.940000000000000000e+02 1.918077528811077404e+00
7.950000000000000000e+02 1.918099232820334787e+00
7.960000000000000000e+02 1.918120931506047011e+00
7.970000000000000000e+02 1.918142624868214074e+00
7.980000000000000000e+02 1.918164312906835978e+00
7.990000000000000000e+02 1.918185995621912721e+00
8.000000000000000000e+02 1.918207673013444303e+00
8.010000000000000000e+02 1.918229345081430726e+00
8.020000000000000000e+02 1.918251011825871988e+00
8.030000000000000000e+02 1.918272673246767868e+00
8.040000000000000000e+02 1.918294329344118809e+00
8.050000000000000000e+02 1.918315980117924591e+00
8.060000000000000000e+02 1.918337625568184990e+00
8.070000000000000000e+02 1.918359265694900451e+00
8.080000000000000000e+02 1.918380900498070529e+00
8.090000000000000000e+02 1.918402529977695670e+00
8.100000000000000000e+02 1.918424154133775428e+00
8.110000000000000000e+02 1.918445772966310026e+00
8.120000000000000000e+02 1.918467386475299685e+00
8.130000000000000000e+02 1.918488994660743963e+00
8.140000000000000000e+02 1.918510597522643080e+00
8.150000000000000000e+02 1.918532195060997037e+00
8.160000000000000000e+02 1.918553787275805833e+00
8.170000000000000000e+02 1.918575374167069469e+00
8.180000000000000000e+02 1.918596955734787946e+00
8.190000000000000000e+02 1.918618531978961261e+00
8.200000000000000000e+02 1.918640102899589417e+00
8.210000000000000000e+02 1.918661668496672412e+00
8.220000000000000000e+02 1.918683228770210247e+00
8.230000000000000000e+02 1.918704783720202700e+00
8.240000000000000000e+02 1.918726333346650215e+00
8.250000000000000000e+02 1.918747877649552569e+00
8.260000000000000000e+02 1.918769416628909541e+00
8.270000000000000000e+02 1.918790950284721575e+00
8.280000000000000000e+02 1.918812478616988226e+00
8.290000000000000000e+02 1.918834001625709940e+00
8.300000000000000000e+02 1.918855519310886271e+00
8.310000000000000000e+02 1.918877031672517441e+00
8.320000000000000000e+02 1.918898538710603674e+00
8.330000000000000000e+02 1.918920040425144524e+00
8.340000000000000000e+02 1.918941536816140214e+00
8.350000000000000000e+02 1.918963027883590744e+00
8.360000000000000000e+02 1.918984513627496113e+00
8.370000000000000000e+02 1.919005994047856323e+00
8.380000000000000000e+02 1.919027469144671372e+00
8.390000000000000000e+02 1.919048938917941260e+00
8.400000000000000000e+02 1.919070403367665989e+00
8.410000000000000000e+02 1.919091862493845557e+00
8.420000000000000000e+02 1.919113316296479965e+00
8.430000000000000000e+02 1.919134764775568991e+00
8.440000000000000000e+02 1.919156207931113078e+00
8.450000000000000000e+02 1.919177645763111784e+00
8.460000000000000000e+02 1.919199078271565551e+00
8.470000000000000000e+02 1.919220505456474157e+00
8.480000000000000000e+02 1.919241927317837382e+00
8.490000000000000000e+02 1.919263343855655446e+00
8.500000000000000000e+02 1.919284755069928572e+00
8.510000000000000000e+02 1.919306160960656316e+00
8.520000000000000000e+02 1.919327561527838899e+00
8.530000000000000000e+02 1.919348956771476544e+00
8.540000000000000000e+02 1.919370346691568807e+00
8.550000000000000000e+02 1.919391731288115910e+00
8.560000000000000000e+02 1.919413110561117852e+00
8.570000000000000000e+02 1.919434484510574634e+00
8.580000000000000000e+02 1.919455853136486256e+00
8.590000000000000000e+02 1.919477216438852718e+00
8.600000000000000000e+02 1.919498574417674019e+00
8.610000000000000000e+02 1.919519927072949939e+00
8.620000000000000000e+02 1.919541274404680919e+00
8.630000000000000000e+02 1.919562616412866740e+00
8.640000000000000000e+02 1.919583953097507401e+00
8.650000000000000000e+02 1.919605284458602679e+00
8.660000000000000000e+02 1.919626610496153019e+00
8.670000000000000000e+02 1.919647931210157976e+00
8.680000000000000000e+02 1.919669246600617996e+00
8.690000000000000000e+02 1.919690556667532633e+00
8.700000000000000000e+02 1.919711861410902110e+00
8.710000000000000000e+02 1.919733160830726648e+00
8.720000000000000000e+02 1.919754454927005805e+00
8.730000000000000000e+02 1.919775743699739801e+00
8.740000000000000000e+02 1.919797027148928636e+00
8.750000000000000000e+02 1.919818305274572312e+00
8.760000000000000000e+02 1.919839578076670827e+00
8.770000000000000000e+02 1.919860845555224182e+00
8.780000000000000000e+02 1.919882107710232377e+00
8.790000000000000000e+02 1.919903364541695412e+00
8.800000000000000000e+02 1.919924616049613286e+00
8.810000000000000000e+02 1.919945862233986000e+00
8.820000000000000000e+02 1.919967103094813554e+00
8.830000000000000000e+02 1.919988338632095726e+00
8.840000000000000000e+02 1.920009568845832959e+00
8.850000000000000000e+02 1.920030793736024810e+00
8.860000000000000000e+02 1.920052013302671723e+00
8.870000000000000000e+02 1.920073227545773475e+00
8.880000000000000000e+02 1.920094436465329846e+00
8.890000000000000000e+02 1.920115640061341056e+00
8.900000000000000000e+02 1.920136838333807328e+00
8.910000000000000000e+02 1.920158031282728217e+00
8.920000000000000000e+02 1.920179218908103946e+00
8.930000000000000000e+02 1.920200401209934515e+00
8.940000000000000000e+02 1.920221578188220146e+00
8.950000000000000000e+02 1.920242749842960395e+00
8.960000000000000000e+02 1.920263916174155483e+00
8.970000000000000000e+02 1.920285077181805411e+00
8.980000000000000000e+02 1.920306232865910179e+00
8.990000000000000000e+02 1.920327383226469564e+00
9.000000000000000000e+02 1.920348528263484011e+00
9.010000000000000000e+02 1.920369667976953298e+00
9.020000000000000000e+02 1.920390802366877425e+00
9.030000000000000000e+02 1.920411931433256170e+00
9.040000000000000000e+02 1.920433055176089976e+00
9.050000000000000000e+02 1.920454173595378622e+00
9.060000000000000000e+02 1.920475286691121886e+00
9.070000000000000000e+02 1.920496394463320211e+00
9.080000000000000000e+02 1.920517496911973154e+00
9.090000000000000000e+02 1.920538594037080937e+00
9.100000000000000000e+02 1.920559685838643782e+00
9.110000000000000000e+02 1.920580772316661244e+00
9.120000000000000000e+02 1.920601853471133547e+00
9.130000000000000000e+02 1.920622929302060689e+00
9.140000000000000000e+02 1.920643999809442892e+00
9.150000000000000000e+02 1.920665064993279714e+00
9.160000000000000000e+02 1.920686124853571375e+00
9.170000000000000000e+02 1.920707179390317876e+00
9.180000000000000000e+02 1.920728228603519216e+00
9.190000000000000000e+02 1.920749272493175175e+00
9.200000000000000000e+02 1.920770311059286195e+00
9.210000000000000000e+02 1.920791344301852055e+00
9.220000000000000000e+02 1.920812372220872755e+00
9.230000000000000000e+02 1.920833394816348072e+00
9.240000000000000000e+02 1.920854412088278451e+00
9.250000000000000000e+02 1.920875424036663670e+00
9.260000000000000000e+02 1.920896430661503507e+00
9.270000000000000000e+02 1.920917431962798405e+00
9.280000000000000000e+02 1.920938427940547921e+00
9.290000000000000000e+02 1.920959418594752277e+00
9.300000000000000000e+02 1.920980403925411695e+00
9.310000000000000000e+02 1.921001383932525730e+00
9.320000000000000000e+02 1.921022358616094605e+00
9.330000000000000000e+02 1.921043327976118320e+00
9.340000000000000000e+02 1.921064292012596875e+00
9.350000000000000000e+02 1.921085250725530269e+00
9.360000000000000000e+02 1.921106204114918725e+00
9.370000000000000000e+02 1.921127152180761577e+00
9.380000000000000000e+02 1.921148094923059491e+00
9.390000000000000000e+02 1.921169032341812244e+00
9.400000000000000000e+02 1.921189964437019837e+00
9.410000000000000000e+02 1.921210891208682270e+00
9.420000000000000000e+02 1.921231812656799542e+00
9.430000000000000000e+02 1.921252728781371433e+00
9.440000000000000000e+02 1.921273639582398385e+00
9.450000000000000000e+02 1.921294545059879955e+00
9.460000000000000000e+02 1.921315445213816586e+00
9.470000000000000000e+02 1.921336340044207835e+00
9.480000000000000000e+02 1.921357229551054147e+00
9.490000000000000000e+02 1.921378113734355075e+00
9.500000000000000000e+02 1.921398992594110844e+00
9.510000000000000000e+02 1.921419866130321674e+00
9.520000000000000000e+02 1.921440734342987122e+00
9.530000000000000000e+02 1.921461597232107410e+00
9.540000000000000000e+02 1.921482454797682538e+00
9.550000000000000000e+02 1.921503307039712505e+00
9.560000000000000000e+02 1.921524153958197312e+00
9.570000000000000000e+02 1.921544995553136959e+00
9.580000000000000000e+02 1.921565831824531445e+00
9.590000000000000000e+02 1.921586662772380771e+00
9.600000000000000000e+02 1.921607488396684937e+00
9.610000000000000000e+02 1.921628308697443721e+00
9.620000000000000000e+02 1.921649123674657567e+00
9.630000000000000000e+02 1.921669933328326252e+00
9.640000000000000000e+02 1.921690737658449555e+00
9.650000000000000000e+02 1.921711536665027920e+00
9.660000000000000000e+02 1.921732330348060902e+00
9.670000000000000000e+02 1.921753118707548946e+00
9.680000000000000000e+02 1.921773901743491608e+00
9.690000000000000000e+02 1.921794679455889110e+00
9.700000000000000000e+02 1.921815451844741673e+00
9.710000000000000000e+02 1.921836218910048855e+00
9.720000000000000000e+02 1.921856980651810876e+00
9.730000000000000000e+02 1.921877737070027736e+00
9.740000000000000000e+02 1.921898488164699437e+00
9.750000000000000000e+02 1.921919233935825977e+00
9.760000000000000000e+02 1.921939974383407357e+00
9.770000000000000000e+02 1.921960709507443577e+00
9.780000000000000000e+02 1.921981439307934636e+00
9.790000000000000000e+02 1.922002163784880535e+00
9.800000000000000000e+02 1.922022882938281274e+00
9.810000000000000000e+02 1.922043596768136853e+00
9.820000000000000000e+02 1.922064305274447049e+00
9.830000000000000000e+02 1.922085008457212307e+00
9.840000000000000000e+02 1.922105706316432405e+00
9.850000000000000000e+02 1.922126398852107121e+00
9.860000000000000000e+02 1.922147086064236898e+00
9.870000000000000000e+02 1.922167767952821293e+00
9.880000000000000000e+02 1.922188444517860528e+00
9.890000000000000000e+02 1.922209115759354825e+00
9.900000000000000000e+02 1.922229781677303739e+00
9.910000000000000000e+02 1.922250442271707493e+00
9.920000000000000000e+02 1.922271097542566087e+00
9.930000000000000000e+02 1.922291747489879743e+00
9.940000000000000000e+02 1.922312392113648016e+00
9.950000000000000000e+02 1.922333031413871129e+00
9.960000000000000000e+02 1.922353665390549082e+00
9.970000000000000000e+02 1.922374294043681875e+00
9.980000000000000000e+02 1.922394917373269285e+00
9.990000000000000000e+02 1.922415535379311757e+00
1.000000000000000000e+03 1.922436148061809069e+00
1.001000000000000000e+03 1.922456755420761221e+00
1.002000000000000000e+03 1.922477357456167990e+00
1.003000000000000000e+03 1.922497954168029821e+00
1.004000000000000000e+03 1.922518545556346492e+00
1.005000000000000000e+03 1.922539131621117781e+00
1.006000000000000000e+03 1.922559712362344131e+00
1.007000000000000000e+03 1.922580287780025099e+00
1.008000000000000000e+03 1.922600857874160907e+00
1.009000000000000000e+03 1.922621422644751776e+00
1.010000000000000000e+03 1.922641982091797264e+00
1.011000000000000000e+03 1.922662536215297591e+00
1.012000000000000000e+03 1.922683085015252757e+00
1.013000000000000000e+03 1.922703628491662986e+00
1.014000000000000000e+03 1.922724166644527832e+00
1.015000000000000000e+03 1.922744699473847518e+00
1.016000000000000000e+03 1.922765226979622044e+00
1.017000000000000000e+03 1.922785749161851188e+00
1.018000000000000000e+03 1.922806266020535393e+00
1.019000000000000000e+03 1.922826777555674438e+00
1.020000000000000000e+03 1.922847283767268323e+00
1.021000000000000000e+03 1.922867784655317047e+00
