# order=10: data_wav [pixel], data_wavsolution [micron]
3.000000000000000000e+00 1.632850425097749136e+00
4.000000000000000000e+00 1.632877232858673811e+00
5.000000000000000000e+00 1.632904037437511224e+00
6.000000000000000000e+00 1.632930838834261378e+00
7.000000000000000000e+00 1.632957637048924049e+00
8.000000000000000000e+00 1.632984432081499460e+00
9.000000000000000000e+00 1.633011223931987610e+00
1.000000000000000000e+01 1.633038012600388500e+00
1.100000000000000000e+01 1.633064798086701908e+00
1.200000000000000000e+01 1.633091580390928277e+00
1.300000000000000000e+01 1.633118359513067164e+00
1.400000000000000000e+01 1.633145135453118568e+00
1.500000000000000000e+01 1.633171908211082934e+00
1.600000000000000000e+01 1.633198677786959818e+00
1.700000000000000000e+01 1.633225444180749442e+00
1.800000000000000000e+01 1.633252207392451805e+00
1.900000000000000000e+01 1.633278967422066907e+00
2.000000000000000000e+01 1.633305724269594528e+00
2.100000000000000000e+01 1.633332477935034888e+00
2.200000000000000000e+01 1.633359228418387987e+00
2.300000000000000000e+01 1.633385975719653826e+00
2.400000000000000000e+01 1.633412719838832183e+00
2.500000000000000000e+01 1.633439460775923280e+00
2.600000000000000000e+01 1.633466198530927116e+00
2.700000000000000000e+01 1.633492933103843692e+00
2.800000000000000000e+01 1.633519664494672785e+00
2.900000000000000000e+01 1.633546392703414618e+00
3.000000000000000000e+01 1.633573117730069191e+00
3.100000000000000000e+01 1.633599839574636503e+00
3.200000000000000000e+01 1.633626558237116555e+00
3.300000000000000000e+01 1.633653273717509125e+00
3.400000000000000000e+01 1.633679986015814434e+00
3.500000000000000000e+01 1.633706695132032483e+00
3.600000000000000000e+01 1.633733401066163049e+00
3.700000000000000000e+01 1.633760103818206355e+00
3.800000000000000000e+01 1.633786803388162401e+00
3.900000000000000000e+01 1.633813499776031186e+00
4.000000000000000000e+01 1.633840192981812711e+00
4.100000000000000000e+01 1.633866883005506754e+00
4.200000000000000000e+01 1.633893569847113536e+00
4.300000000000000000e+01 1.633920253506633058e+00
4.400000000000000000e+01 1.633946933984065319e+00
4.500000000000000000e+01 1.633973611279410099e+00
4.600000000000000000e+01 1.634000285392667617e+00
4.700000000000000000e+01 1.634026956323837876e+00
4.800000000000000000e+01 1.634053624072920874e+00
4.900000000000000000e+01 1.634080288639916390e+00
5.000000000000000000e+01 1.634106950024824645e+00
5.100000000000000000e+01 1.634133608227645640e+00
5.200000000000000000e+01 1.634160263248379374e+00
5.300000000000000000e+01 1.634186915087025627e+00
5.400000000000000000e+01 1.634213563743584841e+00
5.500000000000000000e+01 1.634240209218056572e+00
5.600000000000000000e+01 1.634266851510440821e+00
5.700000000000000000e+01 1.634293490620738032e+00
5.800000000000000000e+01 1.634320126548947760e+00
5.900000000000000000e+01 1.634346759295070228e+00
6.000000000000000000e+01 1.634373388859105436e+00
6.100000000000000000e+01 1.634400015241053161e+00
6.200000000000000000e+01 1.634426638440913848e+00
6.300000000000000000e+01 1.634453258458687053e+00
6.400000000000000000e+01 1.634479875294372997e+00
6.500000000000000000e+01 1.634506488947971459e+00
6.600000000000000000e+01 1.634533099419482882e+00
6.700000000000000000e+01 1.634559706708906823e+00
6.800000000000000000e+01 1.634586310816243504e+00
6.900000000000000000e+01 1.634612911741492702e+00
7.000000000000000000e+01 1.634639509484654862e+00
7.100000000000000000e+01 1.634666104045729540e+00
7.200000000000000000e+01 1.634692695424716957e+00
7.300000000000000000e+01 1.634719283621617114e+00
7.400000000000000000e+01 1.634745868636429789e+00
7.500000000000000000e+01 1.634772450469155203e+00
7.600000000000000000e+01 1.634799029119793357e+00
7.700000000000000000e+01 1.634825604588344250e+00
7.800000000000000000e+01 1.634852176874807661e+00
7.900000000000000000e+01 1.634878745979184034e+00
8.000000000000000000e+01 1.634905311901472924e+00
8.100000000000000000e+01 1.634931874641674332e+00
8.200000000000000000e+01 1.634958434199788702e+00
8.300000000000000000e+01 1.634984990575815589e+00
8.400000000000000000e+01 1.635011543769755216e+00
8.500000000000000000e+01 1.635038093781607582e+00
8.600000000000000000e+01 1.635064640611372688e+00
8.700000000000000000e+01 1.635091184259050312e+00
8.800000000000000000e+01 1.635117724724640675e+00
8.900000000000000000e+01 1.635144262008143778e+00
9.000000000000000000e+01 1.635170796109559621e+00
9.100000000000000000e+01 1.635197327028887981e+00
9.200000000000000000e+01 1.635223854766129081e+00
9.300000000000000000e+01 1.635250379321282921e+00
9.400000000000000000e+01 1.635276900694349500e+00
9.500000000000000000e+01 1.635303418885328597e+00
9.600000000000000000e+01 1.635329933894220655e+00
9.700000000000000000e+01 1.635356445721025231e+00
9.800000000000000000e+01 1.635382954365742325e+00
9.900000000000000000e+01 1.635409459828372380e+00
1.000000000000000000e+02 1.635435962108914953e+00
1.010000000000000000e+02 1.635462461207370266e+00
1.020000000000000000e+02 1.635488957123738318e+00
1.030000000000000000e+02 1.635515449858018888e+00
1.040000000000000000e+02 1.635541939410212420e+00
1.050000000000000000e+02 1.635568425780318469e+00
1.060000000000000000e+02 1.635594908968337036e+00
1.070000000000000000e+02 1.635621388974268564e+00
1.080000000000000000e+02 1.635647865798112610e+00
1.090000000000000000e+02 1.635674339439869618e+00
1.100000000000000000e+02 1.635700809899538921e+00
1.110000000000000000e+02 1.635727277177121186e+00
1.120000000000000000e+02 1.635753741272615969e+00
1.130000000000000000e+02 1.635780202186023713e+00
1.140000000000000000e+02 1.635806659917343753e+00
1.150000000000000000e+02 1.635833114466576754e+00
1.160000000000000000e+02 1.635859565833722495e+00
1.170000000000000000e+02 1.635886014018780754e+00
1.180000000000000000e+02 1.635912459021751753e+00
1.190000000000000000e+02 1.635938900842635269e+00
1.200000000000000000e+02 1.635965339481431746e+00
1.210000000000000000e+02 1.635991774938140741e+00
1.220000000000000000e+02 1.636018207212762476e+00
1.230000000000000000e+02 1.636044636305296951e+00
1.240000000000000000e+02 1.636071062215743943e+00
1.250000000000000000e+02 1.636097484944103897e+00
1.260000000000000000e+02 1.636123904490376368e+00
1.270000000000000000e+02 1.636150320854561580e+00
1.280000000000000000e+02 1.636176734036659308e+00
1.290000000000000000e+02 1.636203144036669777e+00
1.300000000000000000e+02 1.636229550854593207e+00
1.310000000000000000e+02 1.636255954490428932e+00
1.320000000000000000e+02 1.636282354944177619e+00
1.330000000000000000e+02 1.636308752215838824e+00
1.340000000000000000e+02 1.636335146305412991e+00
1.350000000000000000e+02 1.636361537212899453e+00
1.360000000000000000e+02 1.636387924938298877e+00
1.370000000000000000e+02 1.636414309481610818e+00
1.380000000000000000e+02 1.636440690842835721e+00
1.390000000000000000e+02 1.636467069021973142e+00
1.400000000000000000e+02 1.636493444019023080e+00
1.410000000000000000e+02 1.636519815833985980e+00
1.420000000000000000e+02 1.636546184466861398e+00
1.430000000000000000e+02 1.636572549917649555e+00
1.440000000000000000e+02 1.636598912186350452e+00
1.450000000000000000e+02 1.636625271272963866e+00
1.460000000000000000e+02 1.636651627177490242e+00
1.470000000000000000e+02 1.636677979899929136e+00
1.480000000000000000e+02 1.636704329440280548e+00
1.490000000000000000e+02 1.636730675798544921e+00
1.500000000000000000e+02 1.636757018974721811e+00
1.510000000000000000e+02 1.636783358968811442e+00
1.520000000000000000e+02 1.636809695780813811e+00
1.530000000000000000e+02 1.636836029410728921e+00
1.540000000000000000e+02 1.636862359858556548e+00
1.550000000000000000e+02 1.636888687124296915e+00
1.560000000000000000e+02 1.636915011207950021e+00
1.570000000000000000e+02 1.636941332109515868e+00
1.580000000000000000e+02 1.636967649828994231e+00
1.590000000000000000e+02 1.636993964366385335e+00
1.600000000000000000e+02 1.637020275721689178e+00
1.610000000000000000e+02 1.637046583894905760e+00
1.620000000000000000e+02 1.637072888886034860e+00
1.630000000000000000e+02 1.637099190695076922e+00
1.640000000000000000e+02 1.637125489322031502e+00
1.650000000000000000e+02 1.637151784766898599e+00
1.660000000000000000e+02 1.637178077029678658e+00
1.670000000000000000e+02 1.637204366110371234e+00
1.680000000000000000e+02 1.637230652008976550e+00
1.690000000000000000e+02 1.637256934725494606e+00
1.700000000000000000e+02 1.637283214259925401e+00
1.710000000000000000e+02 1.637309490612268714e+00
1.720000000000000000e+02 1.637335763782524767e+00
1.730000000000000000e+02 1.637362033770693559e+00
1.740000000000000000e+02 1.637388300576774869e+00
1.750000000000000000e+02 1.637414564200769140e+00
1.760000000000000000e+02 1.637440824642675929e+00
1.770000000000000000e+02 1.637467081902495458e+00
1.780000000000000000e+02 1.637493335980227505e+00
1.790000000000000000e+02 1.637519586875872513e+00
1.800000000000000000e+02 1.637545834589430038e+00
1.810000000000000000e+02 1.637572079120900304e+00
1.820000000000000000e+02 1.637598320470283308e+00
1.830000000000000000e+02 1.637624558637578831e+00
1.840000000000000000e+02 1.637650793622787093e+00
1.850000000000000000e+02 1.637677025425908095e+00
1.860000000000000000e+02 1.637703254046941836e+00
1.870000000000000000e+02 1.637729479485888096e+00
1.880000000000000000e+02 1.637755701742747316e+00
1.890000000000000000e+02 1.637781920817519055e+00
1.900000000000000000e+02 1.637808136710203311e+00
1.910000000000000000e+02 1.637834349420800528e+00
1.920000000000000000e+02 1.637860558949310263e+00
1.930000000000000000e+02 1.637886765295732738e+00
1.940000000000000000e+02 1.637912968460067953e+00
1.950000000000000000e+02 1.637939168442315907e+00
1.960000000000000000e+02 1.637965365242476379e+00
1.970000000000000000e+02 1.637991558860549590e+00
1.980000000000000000e+02 1.638017749296535541e+00
1.990000000000000000e+02 1.638043936550434232e+00
2.000000000000000000e+02 1.638070120622245440e+00
2.010000000000000000e+02 1.638096301511969388e+00
2.020000000000000000e+02 1.638122479219606076e+00
2.030000000000000000e+02 1.638148653745155503e+00
2.040000000000000000e+02 1.638174825088617448e+00
2.050000000000000000e+02 1.638200993249992132e+00
2.060000000000000000e+02 1.638227158229279556e+00
2.070000000000000000e+02 1.638253320026479720e+00
2.080000000000000000e+02 1.638279478641592624e+00
2.090000000000000000e+02 1.638305634074618045e+00
2.100000000000000000e+02 1.638331786325556205e+00
2.110000000000000000e+02 1.638357935394407106e+00
2.120000000000000000e+02 1.638384081281170523e+00
2.130000000000000000e+02 1.638410223985846681e+00
2.140000000000000000e+02 1.638436363508435578e+00
2.150000000000000000e+02 1.638462499848937215e+00
2.160000000000000000e+02 1.638488633007351591e+00
2.170000000000000000e+02 1.638514762983678485e+00
2.180000000000000000e+02 1.638540889777918119e+00
2.190000000000000000e+02 1.638567013390070493e+00
2.200000000000000000e+02 1.638593133820135606e+00
2.210000000000000000e+02 1.638619251068113236e+00
2.220000000000000000e+02 1.638645365134003606e+00
2.230000000000000000e+02 1.638671476017806716e+00
2.240000000000000000e+02 1.638697583719522566e+00
2.250000000000000000e+02 1.638723688239150933e+00
2.260000000000000000e+02 1.638749789576692040e+00
2.270000000000000000e+02 1.638775887732145886e+00
2.280000000000000000e+02 1.638801982705512472e+00
2.290000000000000000e+02 1.638828074496791798e+00
2.300000000000000000e+02 1.638854163105983641e+00
2.310000000000000000e+02 1.638880248533088224e+00
2.320000000000000000e+02 1.638906330778105325e+00
2.330000000000000000e+02 1.638932409841035387e+00
2.340000000000000000e+02 1.638958485721877967e+00
2.350000000000000000e+02 1.638984558420633286e+00
2.360000000000000000e+02 1.639010627937301345e+00
2.370000000000000000e+02 1.639036694271882144e+00
2.380000000000000000e+02 1.639062757424375461e+00
2.390000000000000000e+02 1.639088817394781517e+00
2.400000000000000000e+02 1.639114874183100312e+00
2.410000000000000000e+02 1.639140927789331847e+00
2.420000000000000000e+02 1.639166978213475900e+00
2.430000000000000000e+02 1.639193025455532693e+00
2.440000000000000000e+02 1.639219069515502225e+00
2.450000000000000000e+02 1.639245110393384497e+00
2.460000000000000000e+02 1.639271148089179286e+00
2.470000000000000000e+02 1.639297182602886815e+00
2.480000000000000000e+02 1.639323213934507084e+00
2.490000000000000000e+02 1.639349242084040092e+00
2.500000000000000000e+02 1.639375267051485618e+00
2.510000000000000000e+02 1.639401288836843884e+00
2.520000000000000000e+02 1.639427307440114889e+00
2.530000000000000000e+02 1.639453322861298634e+00
2.540000000000000000e+02 1.639479335100395119e+00
2.550000000000000000e+02 1.639505344157404121e+00
2.560000000000000000e+02 1.639531350032325863e+00
2.570000000000000000e+02 1.639557352725160344e+00
2.580000000000000000e+02 1.639583352235907343e+00
2.590000000000000000e+02 1.639609348564567304e+00
2.600000000000000000e+02 1.639635341711139782e+00
2.610000000000000000e+02 1.639661331675625000e+00
2.620000000000000000e+02 1.639687318458022736e+00
2.630000000000000000e+02 1.639713302058333433e+00
2.640000000000000000e+02 1.639739282476556648e+00
2.650000000000000000e+02 1.639765259712692602e+00
2.660000000000000000e+02 1.639791233766741074e+00
2.670000000000000000e+02 1.639817204638702508e+00
2.680000000000000000e+02 1.639843172328576459e+00
2.690000000000000000e+02 1.639869136836363150e+00
2.700000000000000000e+02 1.639895098162062359e+00
2.710000000000000000e+02 1.639921056305674529e+00
2.720000000000000000e+02 1.639947011267199217e+00
2.730000000000000000e+02 1.639972963046636645e+00
2.740000000000000000e+02 1.639998911643986812e+00
2.750000000000000000e+02 1.640024857059249497e+00
2.760000000000000000e+02 1.640050799292424921e+00
2.770000000000000000e+02 1.640076738343513085e+00
2.780000000000000000e+02 1.640102674212513989e+00
2.790000000000000000e+02 1.640128606899427632e+00
2.800000000000000000e+02 1.640154536404253793e+00
2.810000000000000000e+02 1.640180462726992694e+00
2.820000000000000000e+02 1.640206385867644334e+00
2.830000000000000000e+02 1.640232305826208714e+00
2.840000000000000000e+02 1.640258222602685612e+00
2.850000000000000000e+02 1.640284136197075249e+00
2.860000000000000000e+02 1.640310046609377626e+00
2.870000000000000000e+02 1.640335953839592742e+00
2.880000000000000000e+02 1.640361857887720376e+00
2.890000000000000000e+02 1.640387758753760750e+00
2.900000000000000000e+02 1.640413656437713863e+00
2.910000000000000000e+02 1.640439550939579716e+00
2.920000000000000000e+02 1.640465442259358086e+00
2.930000000000000000e+02 1.640491330397049197e+00
2.940000000000000000e+02 1.640517215352653047e+00
2.950000000000000000e+02 1.640543097126169636e+00
2.960000000000000000e+02 1.640568975717598743e+00
2.970000000000000000e+02 1.640594851126940812e+00
2.980000000000000000e+02 1.640620723354195398e+00
2.990000000000000000e+02 1.640646592399362502e+00
3.000000000000000000e+02 1.640672458262442568e+00
3.010000000000000000e+02 1.640698320943435151e+00
3.020000000000000000e+02 1.640724180442340474e+00
3.030000000000000000e+02 1.640750036759158537e+00
3.040000000000000000e+02 1.640775889893889339e+00
3.050000000000000000e+02 1.640801739846532659e+00
3.060000000000000000e+02 1.640827586617088718e+00
3.070000000000000000e+02 1.640853430205557517e+00
3.080000000000000000e+02 1.640879270611939056e+00
3.090000000000000000e+02 1.640905107836233112e+00
3.100000000000000000e+02 1.640930941878439908e+00
3.110000000000000000e+02 1.640956772738559444e+00
3.120000000000000000e+02 1.640982600416591719e+00
3.130000000000000000e+02 1.641008424912536512e+00
3.140000000000000000e+02 1.641034246226394044e+00
3.150000000000000000e+02 1.641060064358164317e+00
3.160000000000000000e+02 1.641085879307847328e+00
3.170000000000000000e+02 1.641111691075443080e+00
3.180000000000000000e+02 1.641137499660951349e+00
3.190000000000000000e+02 1.641163305064372357e+00
3.200000000000000000e+02 1.641189107285705884e+00
3.210000000000000000e+02 1.641214906324952372e+00
3.220000000000000000e+02 1.641240702182111377e+00
3.230000000000000000e+02 1.641266494857183122e+00
3.240000000000000000e+02 1.641292284350167607e+00
3.250000000000000000e+02 1.641318070661064832e+00
3.260000000000000000e+02 1.641343853789874574e+00
3.270000000000000000e+02 1.641369633736597056e+00
3.280000000000000000e+02 1.641395410501232277e+00
3.290000000000000000e+02 1.641421184083780238e+00
3.300000000000000000e+02 1.641446954484240717e+00
3.310000000000000000e+02 1.641472721702613935e+00
3.320000000000000000e+02 1.641498485738899893e+00
3.330000000000000000e+02 1.641524246593098590e+00
3.340000000000000000e+02 1.641550004265209806e+00
3.350000000000000000e+02 1.641575758755233760e+00
3.360000000000000000e+02 1.641601510063170455e+00
3.370000000000000000e+02 1.641627258189019889e+00
3.380000000000000000e+02 1.641653003132781841e+00
3.390000000000000000e+02 1.641678744894456754e+00
3.400000000000000000e+02 1.641704483474044185e+00
3.410000000000000000e+02 1.641730218871544134e+00
3.420000000000000000e+02 1.641755951086957044e+00
3.430000000000000000e+02 1.641781680120282472e+00
3.440000000000000000e+02 1.641807405971520639e+00
3.450000000000000000e+02 1.641833128640671546e+00
3.460000000000000000e+02 1.641858848127734971e+00
3.470000000000000000e+02 1.641884564432711358e+00
3.480000000000000000e+02 1.641910277555600262e+00
3.490000000000000000e+02 1.641935987496401905e+00
3.500000000000000000e+02 1.641961694255116067e+00
3.510000000000000000e+02 1.641987397831743190e+00
3.520000000000000000e+02 1.642013098226282830e+00
3.530000000000000000e+02 1.642038795438735210e+00
3.540000000000000000e+02 1.642064489469100108e+00
3.550000000000000000e+02 1.642090180317377968e+00
3.560000000000000000e+02 1.642115867983568345e+00
3.570000000000000000e+02 1.642141552467671461e+00
3.580000000000000000e+02 1.642167233769687096e+00
3.590000000000000000e+02 1.642192911889615692e+00
3.600000000000000000e+02 1.642218586827456805e+00
3.610000000000000000e+02 1.642244258583210659e+00
3.620000000000000000e+02 1.642269927156877252e+00
3.630000000000000000e+02 1.642295592548456362e+00
3.640000000000000000e+02 1.642321254757948434e+00
3.650000000000000000e+02 1.642346913785353024e+00
3.660000000000000000e+02 1.642372569630670132e+00
3.670000000000000000e+02 1.642398222293900201e+00
3.680000000000000000e+02 1.642423871775042787e+00
3.690000000000000000e+02 1.642449518074098114e+00
3.700000000000000000e+02 1.642475161191066180e+00
3.710000000000000000e+02 1.642500801125946985e+00
3.720000000000000000e+02 1.642526437878740309e+00
3.730000000000000000e+02 1.642552071449446371e+00
3.740000000000000000e+02 1.642577701838065174e+00
3.750000000000000000e+02 1.642603329044596716e+00
3.760000000000000000e+02 1.642628953069040776e+00
3.770000000000000000e+02 1.642654573911397575e+00
3.780000000000000000e+02 1.642680191571667114e+00
3.790000000000000000e+02 1.642705806049849393e+00
3.800000000000000000e+02 1.642731417345944189e+00
3.810000000000000000e+02 1.642757025459951947e+00
3.820000000000000000e+02 1.642782630391872001e+00
3.830000000000000000e+02 1.642808232141705016e+00
3.840000000000000000e+02 1.642833830709450771e+00
3.850000000000000000e+02 1.642859426095109043e+00
3.860000000000000000e+02 1.642885018298680055e+00
3.870000000000000000e+02 1.642910607320163807e+00
3.880000000000000000e+02 1.642936193159560077e+00
3.890000000000000000e+02 1.642961775816869308e+00
3.900000000000000000e+02 1.642987355292091056e+00
3.910000000000000000e+02 1.643012931585225322e+00
3.920000000000000000e+02 1.643038504696272550e+00
3.930000000000000000e+02 1.643064074625232296e+00
3.940000000000000000e+02 1.643089641372104781e+00
3.950000000000000000e+02 1.643115204936890006e+00
3.960000000000000000e+02 1.643140765319587970e+00
3.970000000000000000e+02 1.643166322520198452e+00
3.980000000000000000e+02 1.643191876538721674e+00
3.990000000000000000e+02 1.643217427375157635e+00
4.000000000000000000e+02 1.643242975029506336e+00
4.010000000000000000e+02 1.643268519501767555e+00
4.020000000000000000e+02 1.643294060791941735e+00
4.030000000000000000e+02 1.643319598900028433e+00
4.040000000000000000e+02 1.643345133826027649e+00
4.050000000000000000e+02 1.643370665569939826e+00
4.060000000000000000e+02 1.643396194131764521e+00
4.070000000000000000e+02 1.643421719511501955e+00
4.080000000000000000e+02 1.643447241709152129e+00
4.090000000000000000e+02 1.643472760724714821e+00
4.100000000000000000e+02 1.643498276558190474e+00
4.110000000000000000e+02 1.643523789209578645e+00
4.120000000000000000e+02 1.643549298678879333e+00
4.130000000000000000e+02 1.643574804966092984e+00
4.140000000000000000e+02 1.643600308071219152e+00
4.150000000000000000e+02 1.643625807994258059e+00
4.160000000000000000e+02 1.643651304735209706e+00
4.170000000000000000e+02 1.643676798294074093e+00
4.180000000000000000e+02 1.643702288670850997e+00
4.190000000000000000e+02 1.643727775865540641e+00
4.200000000000000000e+02 1.643753259878143025e+00
4.210000000000000000e+02 1.643778740708658148e+00
4.220000000000000000e+02 1.643804218357085789e+00
4.230000000000000000e+02 1.643829692823426392e+00
4.240000000000000000e+02 1.643855164107679290e+00
4.250000000000000000e+02 1.643880632209845150e+00
4.260000000000000000e+02 1.643906097129923749e+00
4.270000000000000000e+02 1.643931558867914866e+00
4.280000000000000000e+02 1.643957017423818723e+00
4.290000000000000000e+02 1.643982472797635319e+00
4.300000000000000000e+02 1.644007924989364433e+00
4.310000000000000000e+02 1.644033373999006287e+00
4.320000000000000000e+02 1.644058819826560880e+00
4.330000000000000000e+02 1.644084262472028213e+00
4.340000000000000000e+02 1.644109701935408285e+00
4.350000000000000000e+02 1.644135138216700875e+00
4.360000000000000000e+02 1.644160571315906205e+00
4.370000000000000000e+02 1.644186001233024275e+00
4.380000000000000000e+02 1.644211427968055084e+00
4.390000000000000000e+02 1.644236851520998410e+00
4.400000000000000000e+02 1.644262271891854477e+00
4.410000000000000000e+02 1.644287689080623283e+00
4.420000000000000000e+02 1.644313103087304828e+00
4.430000000000000000e+02 1.644338513911898891e+00
4.440000000000000000e+02 1.644363921554405694e+00
4.450000000000000000e+02 1.644389326014825237e+00
4.460000000000000000e+02 1.644414727293157519e+00
4.470000000000000000e+02 1.644440125389402318e+00
4.480000000000000000e+02 1.644465520303560080e+00
4.490000000000000000e+02 1.644490912035630359e+00
4.500000000000000000e+02 1.644516300585613156e+00
4.510000000000000000e+02 1.644541685953508914e+00
4.520000000000000000e+02 1.644567068139317190e+00
4.530000000000000000e+02 1.644592447143038205e+00
4.540000000000000000e+02 1.644617822964671960e+00
4.550000000000000000e+02 1.644643195604218233e+00
4.560000000000000000e+02 1.644668565061677468e+00
4.570000000000000000e+02 1.644693931337049220e+00
4.580000000000000000e+02 1.644719294430333711e+00
4.590000000000000000e+02 1.644744654341530721e+00
4.600000000000000000e+02 1.644770011070640692e+00
4.610000000000000000e+02 1.644795364617663180e+00
4.620000000000000000e+02 1.644820714982598409e+00
4.630000000000000000e+02 1.644846062165446154e+00
4.640000000000000000e+02 1.644871406166206862e+00
4.650000000000000000e+02 1.644896746984880087e+00
4.660000000000000000e+02 1.644922084621466052e+00
4.670000000000000000e+02 1.644947419075964534e+00
4.680000000000000000e+02 1.644972750348375978e+00
4.690000000000000000e+02 1.644998078438699940e+00
4.700000000000000000e+02 1.645023403346936641e+00
4.710000000000000000e+02 1.645048725073086082e+00
4.720000000000000000e+02 1.645074043617148041e+00
4.730000000000000000e+02 1.645099358979122739e+00
4.740000000000000000e+02 1.645124671159010177e+00
4.750000000000000000e+02 1.645149980156810354e+00
4.760000000000000000e+02 1.645175285972523271e+00
4.770000000000000000e+02 1.645200588606148706e+00
4.780000000000000000e+02 1.645225888057686880e+00
4.790000000000000000e+02 1.645251184327137794e+00
4.800000000000000000e+02 1.645276477414501226e+00
4.810000000000000000e+02 1.645301767319777619e+00
4.820000000000000000e+02 1.645327054042966530e+00
4.830000000000000000e+02 1.645352337584068181e+00
4.840000000000000000e+02 1.645377617943082349e+00
4.850000000000000000e+02 1.645402895120009479e+00
4.860000000000000000e+02 1.645428169114849126e+00
4.870000000000000000e+02 1.645453439927601513e+00
4.880000000000000000e+02 1.645478707558266640e+00
4.890000000000000000e+02 1.645503972006844284e+00
4.900000000000000000e+02 1.645529233273334668e+00
4.910000000000000000e+02 1.645554491357737792e+00
4.920000000000000000e+02 1.645579746260053655e+00
4.930000000000000000e+02 1.645604997980282036e+00
4.940000000000000000e+02 1.645630246518423379e+00
4.950000000000000000e+02 1.645655491874477239e+00
4.960000000000000000e+02 1.645680734048443616e+00
4.970000000000000000e+02 1.645705973040322956e+00
4.980000000000000000e+02 1.645731208850114813e+00
4.990000000000000000e+02 1.645756441477819410e+00
5.000000000000000000e+02 1.645781670923436746e+00
5.010000000000000000e+02 1.645806897186966822e+00
5.020000000000000000e+02 1.645832120268409415e+00
5.030000000000000000e+02 1.645857340167764749e+00
5.040000000000000000e+02 1.645882556885032821e+00
5.050000000000000000e+02 1.645907770420213412e+00
5.060000000000000000e+02 1.645932980773306964e+00
5.070000000000000000e+02 1.645958187944313034e+00
5.080000000000000000e+02 1.645983391933231843e+00
5.090000000000000000e+02 1.646008592740063392e+00
5.100000000000000000e+02 1.646033790364807459e+00
5.110000000000000000e+02 1.646058984807464265e+00
5.120000000000000000e+02 1.646084176068033811e+00
5.130000000000000000e+02 1.646109364146516096e+00
5.140000000000000000e+02 1.646134549042910900e+00
5.150000000000000000e+02 1.646159730757218664e+00
5.160000000000000000e+02 1.646184909289438947e+00
5.170000000000000000e+02 1.646210084639571747e+00
5.180000000000000000e+02 1.646235256807617509e+00
5.190000000000000000e+02 1.646260425793575788e+00
5.200000000000000000e+02 1.646285591597446807e+00
5.210000000000000000e+02 1.646310754219230565e+00
5.220000000000000000e+02 1.646335913658926842e+00
5.230000000000000000e+02 1.646361069916536080e+00
5.240000000000000000e+02 1.646386222992057835e+00
5.250000000000000000e+02 1.646411372885492330e+00
5.260000000000000000e+02 1.646436519596839343e+00
5.270000000000000000e+02 1.646461663126099317e+00
5.280000000000000000e+02 1.646486803473271809e+00
5.290000000000000000e+02 1.646511940638357041e+00
5.300000000000000000e+02 1.646537074621354790e+00
5.310000000000000000e+02 1.646562205422265501e+00
5.320000000000000000e+02 1.646587333041088730e+00
5.330000000000000000e+02 1.646612457477824698e+00
5.340000000000000000e+02 1.646637578732473406e+00
5.350000000000000000e+02 1.646662696805034631e+00
5.360000000000000000e+02 1.646687811695508596e+00
5.370000000000000000e+02 1.646712923403895301e+00
5.380000000000000000e+02 1.646738031930194746e+00
5.390000000000000000e+02 1.646763137274406708e+00
5.400000000000000000e+02 1.646788239436531631e+00
5.410000000000000000e+02 1.646813338416569072e+00
5.420000000000000000e+02 1.646838434214519253e+00
5.430000000000000000e+02 1.646863526830381952e+00
5.440000000000000000e+02 1.646888616264157390e+00
5.450000000000000000e+02 1.646913702515845568e+00
5.460000000000000000e+02 1.646938785585446485e+00
5.470000000000000000e+02 1.646963865472960142e+00
5.480000000000000000e+02 1.646988942178386317e+00
5.490000000000000000e+02 1.647014015701725231e+00
5.500000000000000000e+02 1.647039086042976885e+00
5.510000000000000000e+02 1.647064153202141279e+00
5.520000000000000000e+02 1.647089217179218190e+00
5.530000000000000000e+02 1.647114277974207841e+00
5.540000000000000000e+02 1.647139335587110232e+00
5.550000000000000000e+02 1.647164390017925362e+00
5.560000000000000000e+02 1.647189441266653231e+00
5.570000000000000000e+02 1.647214489333293619e+00
5.580000000000000000e+02 1.647239534217846746e+00
5.590000000000000000e+02 1.647264575920312391e+00
5.600000000000000000e+02 1.647289614440690997e+00
5.610000000000000000e+02 1.647314649778982121e+00
5.620000000000000000e+02 1.647339681935185984e+00
5.630000000000000000e+02 1.647364710909302588e+00
5.640000000000000000e+02 1.647389736701331930e+00
5.650000000000000000e+02 1.647414759311273791e+00
5.660000000000000000e+02 1.647439778739128391e+00
5.670000000000000000e+02 1.647464794984895731e+00
5.680000000000000000e+02 1.647489808048575588e+00
5.690000000000000000e+02 1.647514817930168407e+00
5.700000000000000000e+02 1.647539824629673744e+00
5.710000000000000000e+02 1.647564828147091820e+00
5.720000000000000000e+02 1.647589828482422414e+00
5.730000000000000000e+02 1.647614825635665969e+00
5.740000000000000000e+02 1.647639819606822043e+00
5.750000000000000000e+02 1.647664810395890855e+00
5.760000000000000000e+02 1.647689798002872186e+00
5.770000000000000000e+02 1.647714782427766478e+00
5.780000000000000000e+02 1.647739763670573288e+00
5.790000000000000000e+02 1.647764741731292837e+00
5.800000000000000000e+02 1.647789716609925126e+00
5.810000000000000000e+02 1.647814688306469932e+00
5.820000000000000000e+02 1.647839656820927479e+00
5.830000000000000000e+02 1.647864622153297764e+00
5.840000000000000000e+02 1.647889584303580790e+00
5.850000000000000000e+02 1.647914543271776555e+00
5.860000000000000000e+02 1.647939499057884838e+00
5.870000000000000000e+02 1.647964451661905860e+00
5.880000000000000000e+02 1.647989401083839622e+00
5.890000000000000000e+02 1.648014347323685902e+00
5.900000000000000000e+02 1.648039290381445143e+00
5.910000000000000000e+02 1.648064230257116902e+00
5.920000000000000000e+02 1.648089166950701401e+00
5.930000000000000000e+02 1.648114100462198417e+00
5.940000000000000000e+02 1.648139030791608395e+00
5.950000000000000000e+02 1.648163957938930890e+00
5.960000000000000000e+02 1.648188881904166125e+00
5.970000000000000000e+02 1.648213802687313878e+00
5.980000000000000000e+02 1.648238720288374592e+00
5.990000000000000000e+02 1.648263634707347824e+00
6.000000000000000000e+02 1.648288545944233796e+00
6.010000000000000000e+02 1.648313453999032507e+00
6.020000000000000000e+02 1.648338358871743736e+00
6.030000000000000000e+02 1.648363260562367705e+00
6.040000000000000000e+02 1.648388159070904413e+00
6.050000000000000000e+02 1.648413054397353861e+00
6.060000000000000000e+02 1.648437946541716048e+00
6.070000000000000000e+02 1.648462835503990753e+00
6.080000000000000000e+02 1.648487721284178198e+00
6.090000000000000000e+02 1.648512603882278382e+00
6.100000000000000000e+02 1.648537483298291084e+00
6.110000000000000000e+02 1.648562359532216748e+00
6.120000000000000000e+02 1.648587232584054929e+00
6.130000000000000000e+02 1.648612102453805850e+00
6.140000000000000000e+02 1.648636969141469288e+00
6.150000000000000000e+02 1.648661832647045689e+00
6.160000000000000000e+02 1.648686692970534606e+00
6.170000000000000000e+02 1.648711550111936264e+00
6.180000000000000000e+02 1.648736404071250439e+00
6.190000000000000000e+02 1.648761254848477575e+00
6.200000000000000000e+02 1.648786102443617230e+00
6.210000000000000000e+02 1.648810946856669624e+00
6.220000000000000000e+02 1.648835788087634757e+00
6.230000000000000000e+02 1.648860626136512408e+00
6.240000000000000000e+02 1.648885461003302799e+00
6.250000000000000000e+02 1.648910292688005930e+00
6.260000000000000000e+02 1.648935121190621800e+00
6.270000000000000000e+02 1.648959946511150187e+00
6.280000000000000000e+02 1.648984768649591537e+00
6.290000000000000000e+02 1.649009587605945404e+00
6.300000000000000000e+02 1.649034403380212011e+00
6.310000000000000000e+02 1.649059215972391135e+00
6.320000000000000000e+02 1.649084025382482999e+00
6.330000000000000000e+02 1.649108831610487602e+00
6.340000000000000000e+02 1.649133634656404945e+00
6.350000000000000000e+02 1.649158434520235028e+00
6.360000000000000000e+02 1.649183231201977629e+00
6.370000000000000000e+02 1.649208024701632969e+00
6.380000000000000000e+02 1.649232815019201048e+00
6.390000000000000000e+02 1.649257602154681868e+00
6.400000000000000000e+02 1.649282386108075205e+00
6.410000000000000000e+02 1.649307166879381281e+00
6.420000000000000000e+02 1.649331944468600097e+00
6.430000000000000000e+02 1.649356718875731653e+00
6.440000000000000000e+02 1.649381490100775949e+00
6.450000000000000000e+02 1.649406258143732762e+00
6.460000000000000000e+02 1.649431023004602315e+00
6.470000000000000000e+02 1.649455784683384385e+00
6.480000000000000000e+02 1.649480543180079417e+00
6.490000000000000000e+02 1.649505298494686967e+00
6.500000000000000000e+02 1.649530050627207256e+00
6.510000000000000000e+02 1.649554799577640285e+00
6.520000000000000000e+02 1.649579545345986054e+00
6.530000000000000000e+02 1.649604287932244340e+00
6.540000000000000000e+02 1.649629027336415366e+00
6.550000000000000000e+02 1.649653763558499131e+00
6.560000000000000000e+02 1.649678496598495414e+00
6.570000000000000000e+02 1.649703226456404659e+00
6.580000000000000000e+02 1.649727953132226421e+00
6.590000000000000000e+02 1.649752676625960923e+00
6.600000000000000000e+02 1.649777396937607943e+00
6.610000000000000000e+02 1.649802114067167924e+00
6.620000000000000000e+02 1.649826828014640423e+00
6.630000000000000000e+02 1.649851538780025662e+00
6.640000000000000000e+02 1.649876246363323418e+00
6.650000000000000000e+02 1.649900950764534135e+00
6.660000000000000000e+02 1.649925651983657371e+00
6.670000000000000000e+02 1.649950350020693346e+00
6.680000000000000000e+02 1.649975044875642061e+00
6.690000000000000000e+02 1.649999736548503293e+00
6.700000000000000000e+02 1.650024425039277487e+00
6.710000000000000000e+02 1.650049110347964199e+00
6.720000000000000000e+02 1.650073792474563428e+00
6.730000000000000000e+02 1.650098471419075619e+00
6.740000000000000000e+02 1.650123147181500327e+00
6.750000000000000000e+02 1.650147819761837775e+00
6.760000000000000000e+02 1.650172489160087963e+00
6.770000000000000000e+02 1.650197155376250890e+00
6.780000000000000000e+02 1.650221818410326335e+00
6.790000000000000000e+02 1.650246478262314520e+00
6.800000000000000000e+02 1.650271134932215444e+00
6.810000000000000000e+02 1.650295788420029108e+00
6.820000000000000000e+02 1.650320438725755290e+00
6.830000000000000000e+02 1.650345085849394211e+00
6.840000000000000000e+02 1.650369729790945872e+00
6.850000000000000000e+02 1.650394370550410272e+00
6.860000000000000000e+02 1.650419008127787190e+00
6.870000000000000000e+02 1.650443642523076848e+00
6.880000000000000000e+02 1.650468273736279246e+00
6.890000000000000000e+02 1.650492901767394383e+00
6.900000000000000000e+02 1.650517526616422037e+00
6.910000000000000000e+02 1.650542148283362653e+00
6.920000000000000000e+02 1.650566766768215787e+00
6.930000000000000000e+02 1.650591382070981439e+00
6.940000000000000000e+02 1.650615994191660052e+00
6.950000000000000000e+02 1.650640603130251183e+00
6.960000000000000000e+02 1.650665208886755053e+00
6.970000000000000000e+02 1.650689811461171663e+00
6.980000000000000000e+02 1.650714410853501013e+00
6.990000000000000000e+02 1.650739007063742880e+00
7.000000000000000000e+02 1.650763600091897487e+00
7.010000000000000000e+02 1.650788189937964834e+00
7.020000000000000000e+02 1.650812776601944698e+00
7.030000000000000000e+02 1.650837360083837524e+00
7.040000000000000000e+02 1.650861940383642867e+00
7.050000000000000000e+02 1.650886517501360951e+00
7.060000000000000000e+02 1.650911091436991773e+00
7.070000000000000000e+02 1.650935662190535114e+00
7.080000000000000000e+02 1.650960229761991194e+00
7.090000000000000000e+02 1.650984794151360013e+00
7.100000000000000000e+02 1.651009355358641573e+00
7.110000000000000000e+02 1.651033913383835650e+00
7.120000000000000000e+02 1.651058468226942466e+00
7.130000000000000000e+02 1.651083019887962022e+00
7.140000000000000000e+02 1.651107568366894318e+00
7.150000000000000000e+02 1.651132113663739354e+00
7.160000000000000000e+02 1.651156655778496907e+00
7.170000000000000000e+02 1.651181194711167199e+00
7.180000000000000000e+02 1.651205730461750232e+00
7.190000000000000000e+02 1.651230263030245782e+00
7.200000000000000000e+02 1.651254792416654293e+00
7.210000000000000000e+02 1.651279318620975323e+00
7.220000000000000000e+02 1.651303841643209092e+00
7.230000000000000000e+02 1.651328361483355378e+00
7.240000000000000000e+02 1.651352878141414626e+00
7.250000000000000000e+02 1.651377391617386392e+00
7.260000000000000000e+02 1.651401901911270897e+00
7.270000000000000000e+02 1.651426409023067921e+00
7.280000000000000000e+02 1.651450912952777905e+00
7.290000000000000000e+02 1.651475413700400408e+00
7.300000000000000000e+02 1.651499911265935649e+00
7.310000000000000000e+02 1.651524405649383409e+00
7.320000000000000000e+02 1.651548896850744130e+00
7.330000000000000000e+02 1.651573384870017369e+00
7.340000000000000000e+02 1.651597869707203348e+00
7.350000000000000000e+02 1.651622351362302066e+00
7.360000000000000000e+02 1.651646829835313302e+00
7.370000000000000000e+02 1.651671305126237499e+00
7.380000000000000000e+02 1.651695777235074214e+00
7.390000000000000000e+02 1.651720246161823447e+00
7.400000000000000000e+02 1.651744711906485641e+00
7.410000000000000000e+02 1.651769174469060353e+00
7.420000000000000000e+02 1.651793633849547804e+00
7.430000000000000000e+02 1.651818090047947996e+00
7.440000000000000000e+02 1.651842543064260926e+00
7.450000000000000000e+02 1.651866992898486375e+00
7.460000000000000000e+02 1.651891439550624563e+00
7.470000000000000000e+02 1.651915883020675491e+00
7.480000000000000000e+02 1.651940323308639158e+00
7.490000000000000000e+02 1.651964760414515343e+00
7.500000000000000000e+02 1.651989194338304268e+00
7.510000000000000000e+02 1.652013625080005932e+00
7.520000000000000000e+02 1.652038052639620336e+00
7.530000000000000000e+02 1.652062477017147257e+00
7.540000000000000000e+02 1.652086898212587140e+00
7.550000000000000000e+02 1.652111316225939319e+00
7.560000000000000000e+02 1.652135731057204460e+00
7.570000000000000000e+02 1.652160142706382340e+00
7.580000000000000000e+02 1.652184551173472737e+00
7.590000000000000000e+02 1.652208956458475875e+00
7.600000000000000000e+02 1.652233358561391752e+00
7.610000000000000000e+02 1.652257757482220146e+00
7.620000000000000000e+02 1.652282153220961503e+00
7.630000000000000000e+02 1.652306545777615376e+00
7.640000000000000000e+02 1.652330935152181768e+00
7.650000000000000000e+02 1.652355321344661121e+00
7.660000000000000000e+02 1.652379704355052992e+00
7.670000000000000000e+02 1.652404084183357602e+00
7.680000000000000000e+02 1.652428460829574952e+00
7.690000000000000000e+02 1.652452834293705042e+00
7.700000000000000000e+02 1.652477204575747649e+00
7.710000000000000000e+02 1.652501571675702996e+00
7.720000000000000000e+02 1.652525935593571083e+00
7.730000000000000000e+02 1.652550296329351909e+00
7.740000000000000000e+02 1.652574653883045475e+00
7.750000000000000000e+02 1.652599008254651558e+00
7.760000000000000000e+02 1.652623359444170381e+00
7.770000000000000000e+02 1.652647707451601722e+00
7.780000000000000000e+02 1.652672052276946024e+00
7.790000000000000000e+02 1.652696393920202844e+00
7.800000000000000000e+02 1.652720732381372404e+00
7.810000000000000000e+02 1.652745067660454703e+00
7.820000000000000000e+02 1.652769399757449520e+00
7.830000000000000000e+02 1.652793728672357298e+00
7.840000000000000000e+02 1.652818054405177595e+00
7.850000000000000000e+02 1.652842376955910630e+00
7.860000000000000000e+02 1.652866696324556184e+00
7.870000000000000000e+02 1.652891012511114477e+00
7.880000000000000000e+02 1.652915325515585732e+00
7.890000000000000000e+02 1.652939635337969282e+00
7.900000000000000000e+02 1.652963941978265794e+00
7.910000000000000000e+02 1.652988245436474823e+00
7.920000000000000000e+02 1.653012545712596815e+00
7.930000000000000000e+02 1.653036842806631102e+00
7.940000000000000000e+02 1.653061136718578350e+00
7.950000000000000000e+02 1.653085427448438116e+00
7.960000000000000000e+02 1.653109714996210844e+00
7.970000000000000000e+02 1.653133999361896089e+00
7.980000000000000000e+02 1.653158280545493852e+00
7.990000000000000000e+02 1.653182558547004577e+00
8.000000000000000000e+02 1.653206833366427819e+00
8.010000000000000000e+02 1.653231105003763801e+00
8.020000000000000000e+02 1.653255373459012523e+00
8.030000000000000000e+02 1.653279638732173762e+00
8.040000000000000000e+02 1.653303900823247963e+00
8.050000000000000000e+02 1.653328159732234681e+00
8.060000000000000000e+02 1.653352415459133917e+00
8.070000000000000000e+02 1.653376668003946115e+00
8.080000000000000000e+02 1.653400917366670830e+00
8.090000000000000000e+02 1.653425163547308285e+00
8.100000000000000000e+02 1.653449406545858480e+00
8.110000000000000000e+02 1.653473646362321414e+00
8.120000000000000000e+02 1.653497882996696866e+00
8.130000000000000000e+02 1.653522116448985058e+00
8.140000000000000000e+02 1.653546346719185989e+00
8.150000000000000000e+02 1.653570573807299660e+00
8.160000000000000000e+02 1.653594797713325848e+00
8.170000000000000000e+02 1.653619018437264776e+00
8.180000000000000000e+02 1.653643235979116444e+00
8.190000000000000000e+02 1.653667450338880851e+00
8.200000000000000000e+02 1.653691661516557776e+00
8.210000000000000000e+02 1.653715869512147663e+00
8.220000000000000000e+02 1.653740074325650067e+00
8.230000000000000000e+02 1.653764275957064989e+00
8.240000000000000000e+02 1.653788474406392872e+00
8.250000000000000000e+02 1.653812669673633273e+00
8.260000000000000000e+02 1.653836861758786414e+00
8.270000000000000000e+02 1.653861050661852294e+00
8.280000000000000000e+02 1.653885236382830914e+00
8.290000000000000000e+02 1.653909418921722052e+00
8.300000000000000000e+02 1.653933598278525929e+00
8.310000000000000000e+02 1.653957774453242546e+00
8.320000000000000000e+02 1.653981947445871681e+00
8.330000000000000000e+02 1.654006117256413777e+00
8.340000000000000000e+02 1.654030283884868391e+00
8.350000000000000000e+02 1.654054447331235744e+00
8.360000000000000000e+02 1.654078607595515615e+00
8.370000000000000000e+02 1.654102764677708448e+00
8.380000000000000000e+02 1.654126918577813798e+00
8.390000000000000000e+02 1.654151069295831888e+00
8.400000000000000000e+02 1.654175216831762718e+00
8.410000000000000000e+02 1.654199361185606065e+00
8.420000000000000000e+02 1.654223502357362152e+00
8.430000000000000000e+02 1.654247640347030979e+00
8.440000000000000000e+02 1.654271775154612545e+00
8.450000000000000000e+02 1.654295906780106629e+00
8.460000000000000000e+02 1.654320035223513674e+00
8.470000000000000000e+02 1.654344160484833237e+00
8.480000000000000000e+02 1.654368282564065318e+00
8.490000000000000000e+02 1.654392401461210360e+00
8.500000000000000000e+02 1.654416517176267920e+00
8.510000000000000000e+02 1.654440629709238220e+00
8.520000000000000000e+02 1.654464739060121259e+00
8.530000000000000000e+02 1.654488845228917038e+00
8.540000000000000000e+02 1.654512948215625334e+00
8.550000000000000000e+02 1.654537048020246370e+00
8.560000000000000000e+02 1.654561144642780146e+00
8.570000000000000000e+02 1.654585238083226661e+00
8.580000000000000000e+02 1.654609328341585694e+00
8.590000000000000000e+02 1.654633415417857467e+00
8.600000000000000000e+02 1.654657499312041979e+00
8.610000000000000000e+02 1.654681580024139231e+00
8.620000000000000000e+02 1.654705657554149001e+00
8.630000000000000000e+02 1.654729731902071510e+00
8.640000000000000000e+02 1.654753803067906759e+00
8.650000000000000000e+02 1.654777871051654747e+00
8.660000000000000000e+02 1.654801935853315475e+00
8.670000000000000000e+02 1.654825997472888721e+00
8.680000000000000000e+02 1.654850055910374707e+00
8.690000000000000000e+02 1.654874111165773432e+00
8.700000000000000000e+02 1.654898163239084674e+00
8.710000000000000000e+02 1.654922212130308656e+00
8.720000000000000000e+02 1.654946257839445378e+00
8.730000000000000000e+02 1.654970300366494840e+00
8.740000000000000000e+02 1.654994339711457041e+00
8.750000000000000000e+02 1.655018375874331760e+00
8.760000000000000000e+02 1.655042408855119218e+00
8.770000000000000000e+02 1.655066438653819416e+00
8.780000000000000000e+02 1.655090465270432354e+00
8.790000000000000000e+02 1.655114488704957809e+00
8.800000000000000000e+02 1.655138508957396004e+00
8.810000000000000000e+02 1.655162526027746939e+00
8.820000000000000000e+02 1.655186539916010613e+00
8.830000000000000000e+02 1.655210550622186805e+00
8.840000000000000000e+02 1.655234558146275736e+00
8.850000000000000000e+02 1.655258562488277407e+00
8.860000000000000000e+02 1.655282563648191818e+00
8.870000000000000000e+02 1.655306561626018969e+00
8.880000000000000000e+02 1.655330556421758637e+00
8.890000000000000000e+02 1.655354548035411044e+00
8.900000000000000000e+02 1.655378536466976191e+00
8.910000000000000000e+02 1.655402521716453856e+00
8.920000000000000000e+02 1.655426503783844261e+00
8.930000000000000000e+02 1.655450482669147405e+00
8.940000000000000000e+02 1.655474458372363289e+00
8.950000000000000000e+02 1.655498430893491912e+00
8.960000000000000000e+02 1.655522400232533053e+00
8.970000000000000000e+02 1.655546366389486934e+00
8.980000000000000000e+02 1.655570329364353555e+00
8.990000000000000000e+02 1.655594289157132915e+00
9.000000000000000000e+02 1.655618245767824792e+00
9.010000000000000000e+02 1.655642199196429409e+00
9.020000000000000000e+02 1.655666149442946766e+00
9.030000000000000000e+02 1.655690096507376863e+00
9.040000000000000000e+02 1.655714040389719477e+00
9.050000000000000000e+02 1.655737981089974831e+00
9.060000000000000000e+02 1.655761918608142924e+00
9.070000000000000000e+02 1.655785852944223757e+00
9.080000000000000000e+02 1.655809784098217108e+00
9.090000000000000000e+02 1.655833712070123420e+00
9.100000000000000000e+02 1.655857636859942250e+00
9.110000000000000000e+02 1.655881558467673598e+00
9.120000000000000000e+02 1.655905476893317907e+00
9.130000000000000000e+02 1.655929392136874734e+00
9.140000000000000000e+02 1.655953304198344300e+00
9.150000000000000000e+02 1.655977213077726606e+00
9.160000000000000000e+02 1.656001118775021430e+00
9.170000000000000000e+02 1.656025021290229216e+00
9.180000000000000000e+02 1.656048920623349519e+00
9.190000000000000000e+02 1.656072816774382561e+00
9.200000000000000000e+02 1.656096709743328121e+00
9.210000000000000000e+02 1.656120599530186643e+00
9.220000000000000000e+02 1.656144486134957683e+00
9.230000000000000000e+02 1.656168369557641462e+00
9.240000000000000000e+02 1.656192249798237759e+00
9.250000000000000000e+02 1.656216126856747017e+00
9.260000000000000000e+02 1.656240000733168793e+00
9.270000000000000000e+02 1.656263871427503309e+00
9.280000000000000000e+02 1.656287738939750342e+00
9.290000000000000000e+02 1.656311603269910337e+00
9.300000000000000000e+02 1.656335464417982850e+00
9.310000000000000000e+02 1.656359322383968102e+00
9.320000000000000000e+02 1.656383177167866094e+00
9.330000000000000000e+02 1.656407028769676604e+00
9.340000000000000000e+02 1.656430877189400075e+00
9.350000000000000000e+02 1.656454722427036064e+00
9.360000000000000000e+02 1.656478564482584570e+00
9.370000000000000000e+02 1.656502403356046038e+00
9.380000000000000000e+02 1.656526239047420024e+00
9.390000000000000000e+02 1.656550071556706749e+00
9.400000000000000000e+02 1.656573900883906214e+00
9.410000000000000000e+02 1.656597727029018419e+00
9.420000000000000000e+02 1.656621549992043141e+00
9.430000000000000000e+02 1.656645369772980603e+00
9.440000000000000000e+02 1.656669186371830804e+00
9.450000000000000000e+02 1.656692999788593745e+00
9.460000000000000000e+02 1.656716810023269204e+00
9.470000000000000000e+02 1.656740617075857402e+00
9.480000000000000000e+02 1.656764420946358340e+00
9.490000000000000000e+02 1.656788221634772018e+00
9.500000000000000000e+02 1.656812019141098213e+00
9.510000000000000000e+02 1.656835813465337148e+00
9.520000000000000000e+02 1.656859604607488823e+00
9.530000000000000000e+02 1.656883392567553237e+00
9.540000000000000000e+02 1.656907177345530391e+00
9.550000000000000000e+02 1.656930958941420062e+00
9.560000000000000000e+02 1.656954737355222473e+00
9.570000000000000000e+02 1.656978512586937624e+00
9.580000000000000000e+02 1.657002284636565292e+00
9.590000000000000000e+02 1.657026053504105700e+00
9.600000000000000000e+02 1.657049819189559070e+00
9.610000000000000000e+02 1.657073581692924735e+00
9.620000000000000000e+02 1.657097341014203362e+00
9.630000000000000000e+02 1.657121097153394507e+00
9.640000000000000000e+02 1.657144850110498391e+00
9.650000000000000000e+02 1.657168599885515015e+00
9.660000000000000000e+02 1.657192346478444378e+00
9.670000000000000000e+02 1.657216089889286259e+00
9.680000000000000000e+02 1.657239830118040880e+00
9.690000000000000000e+02 1.657263567164708240e+00
9.700000000000000000e+02 1.657287301029288340e+00
9.710000000000000000e+02 1.657311031711780958e+00
9.720000000000000000e+02 1.657334759212186537e+00
9.730000000000000000e+02 1.657358483530504412e+00
9.740000000000000000e+02 1.657382204666735248e+00
9.750000000000000000e+02 1.657405922620878824e+00
9.760000000000000000e+02 1.657429637392934918e+00
9.770000000000000000e+02 1.657453348982903751e+00
9.780000000000000000e+02 1.657477057390785324e+00
9.790000000000000000e+02 1.657500762616579415e+00
9.800000000000000000e+02 1.657524464660286245e+00
9.810000000000000000e+02 1.657548163521906037e+00
9.820000000000000000e+02 1.657571859201438125e+00
9.830000000000000000e+02 1.657595551698883174e+00
9.840000000000000000e+02 1.657619241014240741e+00
9.850000000000000000e+02 1.657642927147511047e+00
9.860000000000000000e+02 1.657666610098694093e+00
9.870000000000000000e+02 1.657690289867789879e+00
9.880000000000000000e+02 1.657713966454798182e+00
9.890000000000000000e+02 1.657737639859719225e+00
9.900000000000000000e+02 1.657761310082553008e+00
9.910000000000000000e+02 1.657784977123299530e+00
9.920000000000000000e+02 1.657808640981958570e+00
9.930000000000000000e+02 1.657832301658530350e+00
9.940000000000000000e+02 1.657855959153014869e+00
9.950000000000000000e+02 1.657879613465412127e+00
9.960000000000000000e+02 1.657903264595722126e+00
9.970000000000000000e+02 1.657926912543944642e+00
9.980000000000000000e+02 1.657950557310079898e+00
9.990000000000000000e+02 1.657974198894127671e+00
1.000000000000000000e+03 1.657997837296088406e+00
1.001000000000000000e+03 1.658021472515961658e+00
1.002000000000000000e+03 1.658045104553747651e+00
1.003000000000000000e+03 1.658068733409446383e+00
1.004000000000000000e+03 1.658092359083057854e+00
1.005000000000000000e+03 1.658115981574581843e+00
1.006000000000000000e+03 1.658139600884018572e+00
1.007000000000000000e+03 1.658163217011368040e+00
1.008000000000000000e+03 1.658186829956630026e+00
1.009000000000000000e+03 1.658210439719804974e+00
1.010000000000000000e+03 1.658234046300892439e+00
1.011000000000000000e+03 1.658257649699892644e+00
1.012000000000000000e+03 1.658281249916805589e+00
1.013000000000000000e+03 1.658304846951631051e+00
1.014000000000000000e+03 1.658328440804369253e+00
1.015000000000000000e+03 1.658352031475020194e+00
1.016000000000000000e+03 1.658375618963583875e+00
1.017000000000000000e+03 1.658399203270060074e+00
1.018000000000000000e+03 1.658422784394449012e+00
1.019000000000000000e+03 1.658446362336750690e+00
1.020000000000000000e+03 1.658469937096965108e+00
1.021000000000000000e+03 1.658493508675092265e+00
