# order=21: data_wav [pixel], data_wavsolution [micron]
3.000000000000000000e+00 2.144464319435032351e+00
4.000000000000000000e+00 2.144496541586867089e+00
5.000000000000000000e+00 2.144528760656098765e+00
6.000000000000000000e+00 2.144560976640776495e+00
7.000000000000000000e+00 2.144593189538948952e+00
8.000000000000000000e+00 2.144625399348665695e+00
9.000000000000000000e+00 2.144657606067974953e+00
1.000000000000000000e+01 2.144689809694926286e+00
1.100000000000000000e+01 2.144722010227568365e+00
1.200000000000000000e+01 2.144754207663950751e+00
1.300000000000000000e+01 2.144786402002121228e+00
1.400000000000000000e+01 2.144818593240129800e+00
1.500000000000000000e+01 2.144850781376025139e+00
1.600000000000000000e+01 2.144882966407855918e+00
1.700000000000000000e+01 2.144915148333671251e+00
1.800000000000000000e+01 2.144947327151520700e+00
1.900000000000000000e+01 2.144979502859452491e+00
2.000000000000000000e+01 2.145011675455515743e+00
2.100000000000000000e+01 2.145043844937759570e+00
2.200000000000000000e+01 2.145076011304232644e+00
2.300000000000000000e+01 2.145108174552984526e+00
2.400000000000000000e+01 2.145140334682063443e+00
2.500000000000000000e+01 2.145172491689518957e+00
2.600000000000000000e+01 2.145204645573399738e+00
2.700000000000000000e+01 2.145236796331755347e+00
2.800000000000000000e+01 2.145268943962633568e+00
2.900000000000000000e+01 2.145301088464084405e+00
3.000000000000000000e+01 2.145333229834156530e+00
3.100000000000000000e+01 2.145365368070898615e+00
3.200000000000000000e+01 2.145397503172359777e+00
3.300000000000000000e+01 2.145429635136589130e+00
3.400000000000000000e+01 2.145461763961635793e+00
3.500000000000000000e+01 2.145493889645548435e+00
3.600000000000000000e+01 2.145526012186376175e+00
3.700000000000000000e+01 2.145558131582167682e+00
3.800000000000000000e+01 2.145590247830972519e+00
3.900000000000000000e+01 2.145622360930838912e+00
4.000000000000000000e+01 2.145654470879816422e+00
4.100000000000000000e+01 2.145686577675953721e+00
4.200000000000000000e+01 2.145718681317299925e+00
4.300000000000000000e+01 2.145750781801903706e+00
4.400000000000000000e+01 2.145782879127814624e+00
4.500000000000000000e+01 2.145814973293080907e+00
4.600000000000000000e+01 2.145847064295752116e+00
4.700000000000000000e+01 2.145879152133876921e+00
4.800000000000000000e+01 2.145911236805504441e+00
4.900000000000000000e+01 2.145943318308683345e+00
5.000000000000000000e+01 2.145975396641463195e+00
5.100000000000000000e+01 2.146007471801892219e+00
5.200000000000000000e+01 2.146039543788019976e+00
5.300000000000000000e+01 2.146071612597895140e+00
5.400000000000000000e+01 2.146103678229566825e+00
5.500000000000000000e+01 2.146135740681084147e+00
5.600000000000000000e+01 2.146167799950495336e+00
5.700000000000000000e+01 2.146199856035850395e+00
5.800000000000000000e+01 2.146231908935197108e+00
5.900000000000000000e+01 2.146263958646585923e+00
6.000000000000000000e+01 2.146296005168064180e+00
6.100000000000000000e+01 2.146328048497682328e+00
6.200000000000000000e+01 2.146360088633488150e+00
6.300000000000000000e+01 2.146392125573531651e+00
6.400000000000000000e+01 2.146424159315860614e+00
6.500000000000000000e+01 2.146456189858525043e+00
6.600000000000000000e+01 2.146488217199573612e+00
6.700000000000000000e+01 2.146520241337054991e+00
6.800000000000000000e+01 2.146552262269018740e+00
6.900000000000000000e+01 2.146584279993513089e+00
7.000000000000000000e+01 2.146616294508587597e+00
7.100000000000000000e+01 2.146648305812290491e+00
7.200000000000000000e+01 2.146680313902671777e+00
7.300000000000000000e+01 2.146712318777779682e+00
7.400000000000000000e+01 2.146744320435663322e+00
7.500000000000000000e+01 2.146776318874372258e+00
7.600000000000000000e+01 2.146808314091954273e+00
7.700000000000000000e+01 2.146840306086459371e+00
7.800000000000000000e+01 2.146872294855935781e+00
7.900000000000000000e+01 2.146904280398433063e+00
8.000000000000000000e+01 2.146936262711999888e+00
8.100000000000000000e+01 2.146968241794685373e+00
8.200000000000000000e+01 2.147000217644538189e+00
8.300000000000000000e+01 2.147032190259607898e+00
8.400000000000000000e+01 2.147064159637942726e+00
8.500000000000000000e+01 2.147096125777592235e+00
8.600000000000000000e+01 2.147128088676605095e+00
8.700000000000000000e+01 2.147160048333029980e+00
8.800000000000000000e+01 2.147192004744916893e+00
8.900000000000000000e+01 2.147223957910313619e+00
9.000000000000000000e+01 2.147255907827269716e+00
9.100000000000000000e+01 2.147287854493833859e+00
9.200000000000000000e+01 2.147319797908055605e+00
9.300000000000000000e+01 2.147351738067983185e+00
9.400000000000000000e+01 2.147383674971666156e+00
9.500000000000000000e+01 2.147415608617153193e+00
9.600000000000000000e+01 2.147447539002493411e+00
9.700000000000000000e+01 2.147479466125735481e+00
9.800000000000000000e+01 2.147511389984928520e+00
9.900000000000000000e+01 2.147543310578121645e+00
1.000000000000000000e+02 2.147575227903363970e+00
1.010000000000000000e+02 2.147607141958703725e+00
1.020000000000000000e+02 2.147639052742190913e+00
1.030000000000000000e+02 2.147670960251873762e+00
1.040000000000000000e+02 2.147702864485801388e+00
1.050000000000000000e+02 2.147734765442022464e+00
1.060000000000000000e+02 2.147766663118586994e+00
1.070000000000000000e+02 2.147798557513542761e+00
1.080000000000000000e+02 2.147830448624939326e+00
1.090000000000000000e+02 2.147862336450825360e+00
1.100000000000000000e+02 2.147894220989250424e+00
1.110000000000000000e+02 2.147926102238262747e+00
1.120000000000000000e+02 2.147957980195911887e+00
1.130000000000000000e+02 2.147989854860246517e+00
1.140000000000000000e+02 2.148021726229315753e+00
1.150000000000000000e+02 2.148053594301168268e+00
1.160000000000000000e+02 2.148085459073853176e+00
1.170000000000000000e+02 2.148117320545419595e+00
1.180000000000000000e+02 2.148149178713916196e+00
1.190000000000000000e+02 2.148181033577392096e+00
1.200000000000000000e+02 2.148212885133896854e+00
1.210000000000000000e+02 2.148244733381478255e+00
1.220000000000000000e+02 2.148276578318186303e+00
1.230000000000000000e+02 2.148308419942069225e+00
1.240000000000000000e+02 2.148340258251176582e+00
1.250000000000000000e+02 2.148372093243557046e+00
1.260000000000000000e+02 2.148403924917259733e+00
1.270000000000000000e+02 2.148435753270333315e+00
1.280000000000000000e+02 2.148467578300826908e+00
1.290000000000000000e+02 2.148499400006789628e+00
1.300000000000000000e+02 2.148531218386270147e+00
1.310000000000000000e+02 2.148563033437318026e+00
1.320000000000000000e+02 2.148594845157981492e+00
1.330000000000000000e+02 2.148626653546309662e+00
1.340000000000000000e+02 2.148658458600352095e+00
1.350000000000000000e+02 2.148690260318157463e+00
1.360000000000000000e+02 2.148722058697773996e+00
1.370000000000000000e+02 2.148753853737251696e+00
1.380000000000000000e+02 2.148785645434639235e+00
1.390000000000000000e+02 2.148817433787985287e+00
1.400000000000000000e+02 2.148849218795338967e+00
1.410000000000000000e+02 2.148881000454749390e+00
1.420000000000000000e+02 2.148912778764265230e+00
1.430000000000000000e+02 2.148944553721935602e+00
1.440000000000000000e+02 2.148976325325809622e+00
1.450000000000000000e+02 2.149008093573935962e+00
1.460000000000000000e+02 2.149039858464364183e+00
1.470000000000000000e+02 2.149071619995142512e+00
1.480000000000000000e+02 2.149103378164320066e+00
1.490000000000000000e+02 2.149135132969946405e+00
1.500000000000000000e+02 2.149166884410069756e+00
1.510000000000000000e+02 2.149198632482739679e+00
1.520000000000000000e+02 2.149230377186004848e+00
1.530000000000000000e+02 2.149262118517913933e+00
1.540000000000000000e+02 2.149293856476516495e+00
1.550000000000000000e+02 2.149325591059861207e+00
1.560000000000000000e+02 2.149357322265997183e+00
1.570000000000000000e+02 2.149389050092973097e+00
1.580000000000000000e+02 2.149420774538838064e+00
1.590000000000000000e+02 2.149452495601641200e+00
1.600000000000000000e+02 2.149484213279431177e+00
1.610000000000000000e+02 2.149515927570257112e+00
1.620000000000000000e+02 2.149547638472168121e+00
1.630000000000000000e+02 2.149579345983212875e+00
1.640000000000000000e+02 2.149611050101440490e+00
1.650000000000000000e+02 2.149642750824900084e+00
1.660000000000000000e+02 2.149674448151640771e+00
1.670000000000000000e+02 2.149706142079710780e+00
1.680000000000000000e+02 2.149737832607159671e+00
1.690000000000000000e+02 2.149769519732036560e+00
1.700000000000000000e+02 2.149801203452389675e+00
1.710000000000000000e+02 2.149832883766269020e+00
1.720000000000000000e+02 2.149864560671722380e+00
1.730000000000000000e+02 2.149896234166799758e+00
1.740000000000000000e+02 2.149927904249549382e+00
1.750000000000000000e+02 2.149959570918020813e+00
1.760000000000000000e+02 2.149991234170262722e+00
1.770000000000000000e+02 2.150022894004323781e+00
1.780000000000000000e+02 2.150054550418253552e+00
1.790000000000000000e+02 2.150086203410100261e+00
1.800000000000000000e+02 2.150117852977913913e+00
1.810000000000000000e+02 2.150149499119742735e+00
1.820000000000000000e+02 2.150181141833635401e+00
1.830000000000000000e+02 2.150212781117641914e+00
1.840000000000000000e+02 2.150244416969810501e+00
1.850000000000000000e+02 2.150276049388190280e+00
1.860000000000000000e+02 2.150307678370829922e+00
1.870000000000000000e+02 2.150339303915778988e+00
1.880000000000000000e+02 2.150370926021086149e+00
1.890000000000000000e+02 2.150402544684800521e+00
1.900000000000000000e+02 2.150434159904970777e+00
1.910000000000000000e+02 2.150465771679646032e+00
1.920000000000000000e+02 2.150497380006874959e+00
1.930000000000000000e+02 2.150528984884707118e+00
1.940000000000000000e+02 2.150560586311191180e+00
1.950000000000000000e+02 2.150592184284376263e+00
1.960000000000000000e+02 2.150623778802311037e+00
1.970000000000000000e+02 2.150655369863044619e+00
1.980000000000000000e+02 2.150686957464625682e+00
1.990000000000000000e+02 2.150718541605103784e+00
2.000000000000000000e+02 2.150750122282527599e+00
2.010000000000000000e+02 2.150781699494946242e+00
2.020000000000000000e+02 2.150813273240408385e+00
2.030000000000000000e+02 2.150844843516963145e+00
2.040000000000000000e+02 2.150876410322659638e+00
2.050000000000000000e+02 2.150907973655546535e+00
2.060000000000000000e+02 2.150939533513672952e+00
2.070000000000000000e+02 2.150971089895087562e+00
2.080000000000000000e+02 2.151002642797839925e+00
2.090000000000000000e+02 2.151034192219978713e+00
2.100000000000000000e+02 2.151065738159553042e+00
2.110000000000000000e+02 2.151097280614611584e+00
2.120000000000000000e+02 2.151128819583203011e+00
2.130000000000000000e+02 2.151160355063377327e+00
2.140000000000000000e+02 2.151191887053182761e+00
2.150000000000000000e+02 2.151223415550668427e+00
2.160000000000000000e+02 2.151254940553882999e+00
2.170000000000000000e+02 2.151286462060876037e+00
2.180000000000000000e+02 2.151317980069696212e+00
2.190000000000000000e+02 2.151349494578392196e+00
2.200000000000000000e+02 2.151381005585013551e+00
2.210000000000000000e+02 2.151412513087608946e+00
2.220000000000000000e+02 2.151444017084227056e+00
2.230000000000000000e+02 2.151475517572917440e+00
2.240000000000000000e+02 2.151507014551728325e+00
2.250000000000000000e+02 2.151538508018709273e+00
2.260000000000000000e+02 2.151569997971909398e+00
2.270000000000000000e+02 2.151601484409376930e+00
2.280000000000000000e+02 2.151632967329161872e+00
2.290000000000000000e+02 2.151664446729312008e+00
2.300000000000000000e+02 2.151695922607877343e+00
2.310000000000000000e+02 2.151727394962906104e+00
2.320000000000000000e+02 2.151758863792447407e+00
2.330000000000000000e+02 2.151790329094550369e+00
2.340000000000000000e+02 2.151821790867264106e+00
2.350000000000000000e+02 2.151853249108637289e+00
2.360000000000000000e+02 2.151884703816719480e+00
2.370000000000000000e+02 2.151916154989558461e+00
2.380000000000000000e+02 2.151947602625204681e+00
2.390000000000000000e+02 2.151979046721705924e+00
2.400000000000000000e+02 2.152010487277111306e+00
2.410000000000000000e+02 2.152041924289470387e+00
2.420000000000000000e+02 2.152073357756831840e+00
2.430000000000000000e+02 2.152104787677244779e+00
2.440000000000000000e+02 2.152136214048757878e+00
2.450000000000000000e+02 2.152167636869419809e+00
2.460000000000000000e+02 2.152199056137280575e+00
2.470000000000000000e+02 2.152230471850387961e+00
2.480000000000000000e+02 2.152261884006791970e+00
2.490000000000000000e+02 2.152293292604540831e+00
2.500000000000000000e+02 2.152324697641684104e+00
2.510000000000000000e+02 2.152356099116270016e+00
2.520000000000000000e+02 2.152387497026348129e+00
2.530000000000000000e+02 2.152418891369967557e+00
2.540000000000000000e+02 2.152450282145176530e+00
2.550000000000000000e+02 2.152481669350024607e+00
2.560000000000000000e+02 2.152513052982560460e+00
2.570000000000000000e+02 2.152544433040833205e+00
2.580000000000000000e+02 2.152575809522891959e+00
2.590000000000000000e+02 2.152607182426785393e+00
2.600000000000000000e+02 2.152638551750562179e+00
2.610000000000000000e+02 2.152669917492272322e+00
2.620000000000000000e+02 2.152701279649964050e+00
2.630000000000000000e+02 2.152732638221686035e+00
2.640000000000000000e+02 2.152763993205487836e+00
2.650000000000000000e+02 2.152795344599418570e+00
2.660000000000000000e+02 2.152826692401526465e+00
2.670000000000000000e+02 2.152858036609861081e+00
2.680000000000000000e+02 2.152889377222471534e+00
2.690000000000000000e+02 2.152920714237406052e+00
2.700000000000000000e+02 2.152952047652714196e+00
2.710000000000000000e+02 2.152983377466444637e+00
2.720000000000000000e+02 2.153014703676646491e+00
2.730000000000000000e+02 2.153046026281368430e+00
2.740000000000000000e+02 2.153077345278660015e+00
2.750000000000000000e+02 2.153108660666569918e+00
2.760000000000000000e+02 2.153139972443146810e+00
2.770000000000000000e+02 2.153171280606440252e+00
2.780000000000000000e+02 2.153202585154498472e+00
2.790000000000000000e+02 2.153233886085371029e+00
2.800000000000000000e+02 2.153265183397106597e+00
2.810000000000000000e+02 2.153296477087754290e+00
2.820000000000000000e+02 2.153327767155363226e+00
2.830000000000000000e+02 2.153359053597982076e+00
2.840000000000000000e+02 2.153390336413659956e+00
2.850000000000000000e+02 2.153421615600445538e+00
2.860000000000000000e+02 2.153452891156388382e+00
2.870000000000000000e+02 2.153484163079537161e+00
2.880000000000000000e+02 2.153515431367940547e+00
2.890000000000000000e+02 2.153546696019647655e+00
2.900000000000000000e+02 2.153577957032708046e+00
2.910000000000000000e+02 2.153609214405169503e+00
2.920000000000000000e+02 2.153640468135082475e+00
2.930000000000000000e+02 2.153671718220494302e+00
2.940000000000000000e+02 2.153702964659455432e+00
2.950000000000000000e+02 2.153734207450014093e+00
2.960000000000000000e+02 2.153765446590218957e+00
2.970000000000000000e+02 2.153796682078120028e+00
2.980000000000000000e+02 2.153827913911765091e+00
2.990000000000000000e+02 2.153859142089203704e+00
3.000000000000000000e+02 2.153890366608484985e+00
3.010000000000000000e+02 2.153921587467657606e+00
3.020000000000000000e+02 2.153952804664770682e+00
3.030000000000000000e+02 2.153984018197873329e+00
3.040000000000000000e+02 2.154015228065014220e+00
3.050000000000000000e+02 2.154046434264242027e+00
3.060000000000000000e+02 2.154077636793606310e+00
3.070000000000000000e+02 2.154108835651156184e+00
3.080000000000000000e+02 2.154140030834939878e+00
3.090000000000000000e+02 2.154171222343006953e+00
3.100000000000000000e+02 2.154202410173406079e+00
3.110000000000000000e+02 2.154233594324186374e+00
3.120000000000000000e+02 2.154264774793396509e+00
3.130000000000000000e+02 2.154295951579086044e+00
3.140000000000000000e+02 2.154327124679303207e+00
3.150000000000000000e+02 2.154358294092097559e+00
3.160000000000000000e+02 2.154389459815518215e+00
3.170000000000000000e+02 2.154420621847613404e+00
3.180000000000000000e+02 2.154451780186432241e+00
3.190000000000000000e+02 2.154482934830024288e+00
3.200000000000000000e+02 2.154514085776438215e+00
3.210000000000000000e+02 2.154545233023722695e+00
3.220000000000000000e+02 2.154576376569926843e+00
3.230000000000000000e+02 2.154607516413100221e+00
3.240000000000000000e+02 2.154638652551291056e+00
3.250000000000000000e+02 2.154669784982548464e+00
3.260000000000000000e+02 2.154700913704921117e+00
3.270000000000000000e+02 2.154732038716459019e+00
3.280000000000000000e+02 2.154763160015209955e+00
3.290000000000000000e+02 2.154794277599223928e+00
3.300000000000000000e+02 2.154825391466549167e+00
3.310000000000000000e+02 2.154856501615234787e+00
3.320000000000000000e+02 2.154887608043329905e+00
3.330000000000000000e+02 2.154918710748883193e+00
3.340000000000000000e+02 2.154949809729944210e+00
3.350000000000000000e+02 2.154980904984561629e+00
3.360000000000000000e+02 2.155011996510784122e+00
3.370000000000000000e+02 2.155043084306660806e+00
3.380000000000000000e+02 2.155074168370240795e+00
3.390000000000000000e+02 2.155105248699572762e+00
3.400000000000000000e+02 2.155136325292706267e+00
3.410000000000000000e+02 2.155167398147689983e+00
3.420000000000000000e+02 2.155198467262572581e+00
3.430000000000000000e+02 2.155229532635403178e+00
3.440000000000000000e+02 2.155260594264230889e+00
3.450000000000000000e+02 2.155291652147104831e+00
3.460000000000000000e+02 2.155322706282073675e+00
3.470000000000000000e+02 2.155353756667186094e+00
3.480000000000000000e+02 2.155384803300491647e+00
3.490000000000000000e+02 2.155415846180039452e+00
3.500000000000000000e+02 2.155446885303877735e+00
3.510000000000000000e+02 2.155477920670055614e+00
3.520000000000000000e+02 2.155508952276622647e+00
3.530000000000000000e+02 2.155539980121627508e+00
3.540000000000000000e+02 2.155571004203118868e+00
3.550000000000000000e+02 2.155602024519145843e+00
3.560000000000000000e+02 2.155633041067757549e+00
3.570000000000000000e+02 2.155664053847003103e+00
3.580000000000000000e+02 2.155695062854930732e+00
3.590000000000000000e+02 2.155726068089590441e+00
3.600000000000000000e+02 2.155757069549030458e+00
3.610000000000000000e+02 2.155788067231299898e+00
3.620000000000000000e+02 2.155819061134447878e+00
3.630000000000000000e+02 2.155850051256523070e+00
3.640000000000000000e+02 2.155881037595575034e+00
3.650000000000000000e+02 2.155912020149651998e+00
3.660000000000000000e+02 2.155942998916803521e+00
3.670000000000000000e+02 2.155973973895078277e+00
3.680000000000000000e+02 2.156004945082525381e+00
3.690000000000000000e+02 2.156035912477193506e+00
3.700000000000000000e+02 2.156066876077132211e+00
3.710000000000000000e+02 2.156097835880389724e+00
3.720000000000000000e+02 2.156128791885015605e+00
3.730000000000000000e+02 2.156159744089058528e+00
3.740000000000000000e+02 2.156190692490567606e+00
3.750000000000000000e+02 2.156221637087591514e+00
3.760000000000000000e+02 2.156252577878179366e+00
3.770000000000000000e+02 2.156283514860380279e+00
3.780000000000000000e+02 2.156314448032243369e+00
3.790000000000000000e+02 2.156345377391816864e+00
3.800000000000000000e+02 2.156376302937150768e+00
3.810000000000000000e+02 2.156407224666293310e+00
3.820000000000000000e+02 2.156438142577293604e+00
3.830000000000000000e+02 2.156469056668200768e+00
3.840000000000000000e+02 2.156499966937063473e+00
3.850000000000000000e+02 2.156530873381931279e+00
3.860000000000000000e+02 2.156561776000852415e+00
3.870000000000000000e+02 2.156592674791875996e+00
3.880000000000000000e+02 2.156623569753051584e+00
3.890000000000000000e+02 2.156654460882427848e+00
3.900000000000000000e+02 2.156685348178053463e+00
3.910000000000000000e+02 2.156716231637977543e+00
3.920000000000000000e+02 2.156747111260249206e+00
3.930000000000000000e+02 2.156777987042917122e+00
3.940000000000000000e+02 2.156808858984030852e+00
3.950000000000000000e+02 2.156839727081638625e+00
3.960000000000000000e+02 2.156870591333789999e+00
3.970000000000000000e+02 2.156901451738533648e+00
3.980000000000000000e+02 2.156932308293918688e+00
3.990000000000000000e+02 2.156963160997993789e+00
4.000000000000000000e+02 2.156994009848808069e+00
4.010000000000000000e+02 2.157024854844410644e+00
4.020000000000000000e+02 2.157055695982850185e+00
4.030000000000000000e+02 2.157086533262176253e+00
4.040000000000000000e+02 2.157117366680437076e+00
4.050000000000000000e+02 2.157148196235682214e+00
4.060000000000000000e+02 2.157179021925959894e+00
4.070000000000000000e+02 2.157209843749320122e+00
4.080000000000000000e+02 2.157240661703811124e+00
4.090000000000000000e+02 2.157271475787482018e+00
4.100000000000000000e+02 2.157302285998381919e+00
4.110000000000000000e+02 2.157333092334559499e+00
4.120000000000000000e+02 2.157363894794064318e+00
4.130000000000000000e+02 2.157394693374944605e+00
4.140000000000000000e+02 2.157425488075249476e+00
4.150000000000000000e+02 2.157456278893028490e+00
4.160000000000000000e+02 2.157487065826329875e+00
4.170000000000000000e+02 2.157517848873203192e+00
4.180000000000000000e+02 2.157548628031697113e+00
4.190000000000000000e+02 2.157579403299860754e+00
4.200000000000000000e+02 2.157610174675742787e+00
4.210000000000000000e+02 2.157640942157392328e+00
4.220000000000000000e+02 2.157671705742858492e+00
4.230000000000000000e+02 2.157702465430189953e+00
4.240000000000000000e+02 2.157733221217436270e+00
4.250000000000000000e+02 2.157763973102645672e+00
4.260000000000000000e+02 2.157794721083867717e+00
4.270000000000000000e+02 2.157825465159150635e+00
4.280000000000000000e+02 2.157856205326544430e+00
4.290000000000000000e+02 2.157886941584096885e+00
4.300000000000000000e+02 2.157917673929858005e+00
4.310000000000000000e+02 2.157948402361876461e+00
4.320000000000000000e+02 2.157979126878200926e+00
4.330000000000000000e+02 2.158009847476880516e+00
4.340000000000000000e+02 2.158040564155964347e+00
4.350000000000000000e+02 2.158071276913501091e+00
4.360000000000000000e+02 2.158101985747539864e+00
4.370000000000000000e+02 2.158132690656130226e+00
4.380000000000000000e+02 2.158163391637319961e+00
4.390000000000000000e+02 2.158194088689158630e+00
4.400000000000000000e+02 2.158224781809695791e+00
4.410000000000000000e+02 2.158255470996979231e+00
4.420000000000000000e+02 2.158286156249058951e+00
4.430000000000000000e+02 2.158316837563983182e+00
4.440000000000000000e+02 2.158347514939801481e+00
4.450000000000000000e+02 2.158378188374562523e+00
4.460000000000000000e+02 2.158408857866315422e+00
4.470000000000000000e+02 2.158439523413108851e+00
4.480000000000000000e+02 2.158470185012991926e+00
4.490000000000000000e+02 2.158500842664013319e+00
4.500000000000000000e+02 2.158531496364222591e+00
4.510000000000000000e+02 2.158562146111668856e+00
4.520000000000000000e+02 2.158592791904400343e+00
4.530000000000000000e+02 2.158623433740466169e+00
4.540000000000000000e+02 2.158654071617915449e+00
4.550000000000000000e+02 2.158684705534797299e+00
4.560000000000000000e+02 2.158715335489160836e+00
4.570000000000000000e+02 2.158745961479054287e+00
4.580000000000000000e+02 2.158776583502527213e+00
4.590000000000000000e+02 2.158807201557628730e+00
4.600000000000000000e+02 2.158837815642407065e+00
4.610000000000000000e+02 2.158868425754912224e+00
4.620000000000000000e+02 2.158899031893191989e+00
4.630000000000000000e+02 2.158929634055296365e+00
4.640000000000000000e+02 2.158960232239273580e+00
4.650000000000000000e+02 2.158990826443173194e+00
4.660000000000000000e+02 2.159021416665043880e+00
4.670000000000000000e+02 2.159052002902934309e+00
4.680000000000000000e+02 2.159082585154894041e+00
4.690000000000000000e+02 2.159113163418971748e+00
4.700000000000000000e+02 2.159143737693216547e+00
4.710000000000000000e+02 2.159174307975677110e+00
4.720000000000000000e+02 2.159204874264402552e+00
4.730000000000000000e+02 2.159235436557441545e+00
4.740000000000000000e+02 2.159265994852843651e+00
4.750000000000000000e+02 2.159296549148657540e+00
4.760000000000000000e+02 2.159327099442932330e+00
4.770000000000000000e+02 2.159357645733716691e+00
4.780000000000000000e+02 2.159388188019059740e+00
4.790000000000000000e+02 2.159418726297010593e+00
4.800000000000000000e+02 2.159449260565617923e+00
4.810000000000000000e+02 2.159479790822930845e+00
4.820000000000000000e+02 2.159510317066998475e+00
4.830000000000000000e+02 2.159540839295869485e+00
4.840000000000000000e+02 2.159571357507592992e+00
4.850000000000000000e+02 2.159601871700218112e+00
4.860000000000000000e+02 2.159632381871793960e+00
4.870000000000000000e+02 2.159662888020368765e+00
4.880000000000000000e+02 2.159693390143992087e+00
4.890000000000000000e+02 2.159723888240712597e+00
4.900000000000000000e+02 2.159754382308579412e+00
4.910000000000000000e+02 2.159784872345641649e+00
4.920000000000000000e+02 2.159815358349947978e+00
4.930000000000000000e+02 2.159845840319547960e+00
4.940000000000000000e+02 2.159876318252489824e+00
4.950000000000000000e+02 2.159906792146822685e+00
4.960000000000000000e+02 2.159937262000595659e+00
4.970000000000000000e+02 2.159967727811857863e+00
4.980000000000000000e+02 2.159998189578657968e+00
4.990000000000000000e+02 2.160028647299045534e+00
5.000000000000000000e+02 2.160059100971068791e+00
5.010000000000000000e+02 2.160089550592776853e+00
5.020000000000000000e+02 2.160119996162218836e+00
5.030000000000000000e+02 2.160150437677443858e+00
5.040000000000000000e+02 2.160180875136500589e+00
5.050000000000000000e+02 2.160211308537438146e+00
5.060000000000000000e+02 2.160241737878305646e+00
5.070000000000000000e+02 2.160272163157151759e+00
5.080000000000000000e+02 2.160302584372026047e+00
5.090000000000000000e+02 2.160333001520976293e+00
5.100000000000000000e+02 2.160363414602052945e+00
5.110000000000000000e+02 2.160393823613303788e+00
5.120000000000000000e+02 2.160424228552777937e+00
5.130000000000000000e+02 2.160454629418525396e+00
5.140000000000000000e+02 2.160485026208593951e+00
5.150000000000000000e+02 2.160515418921032715e+00
5.160000000000000000e+02 2.160545807553891251e+00
5.170000000000000000e+02 2.160576192105218229e+00
5.180000000000000000e+02 2.160606572573062767e+00
5.190000000000000000e+02 2.160636948955473535e+00
5.200000000000000000e+02 2.160667321250499651e+00
5.210000000000000000e+02 2.160697689456189785e+00
5.220000000000000000e+02 2.160728053570593499e+00
5.230000000000000000e+02 2.160758413591759464e+00
5.240000000000000000e+02 2.160788769517736796e+00
5.250000000000000000e+02 2.160819121346573723e+00
5.260000000000000000e+02 2.160849469076320251e+00
5.270000000000000000e+02 2.160879812705024605e+00
5.280000000000000000e+02 2.160910152230736347e+00
5.290000000000000000e+02 2.160940487651504149e+00
5.300000000000000000e+02 2.160970818965376683e+00
5.310000000000000000e+02 2.161001146170403064e+00
5.320000000000000000e+02 2.161031469264632854e+00
5.330000000000000000e+02 2.161061788246114279e+00
5.340000000000000000e+02 2.161092103112896901e+00
5.350000000000000000e+02 2.161122413863028946e+00
5.360000000000000000e+02 2.161152720494559976e+00
5.370000000000000000e+02 2.161183023005538661e+00
5.380000000000000000e+02 2.161213321394014120e+00
5.390000000000000000e+02 2.161243615658035466e+00
5.400000000000000000e+02 2.161273905795651373e+00
5.410000000000000000e+02 2.161304191804910957e+00
5.420000000000000000e+02 2.161334473683863333e+00
5.430000000000000000e+02 2.161364751430557174e+00
5.440000000000000000e+02 2.161395025043041596e+00
5.450000000000000000e+02 2.161425294519365714e+00
5.460000000000000000e+02 2.161455559857577757e+00
5.470000000000000000e+02 2.161485821055727730e+00
5.480000000000000000e+02 2.161516078111864303e+00
5.490000000000000000e+02 2.161546331024035705e+00
5.500000000000000000e+02 2.161576579790291941e+00
5.510000000000000000e+02 2.161606824408681238e+00
5.520000000000000000e+02 2.161637064877252712e+00
5.530000000000000000e+02 2.161667301194055923e+00
5.540000000000000000e+02 2.161697533357139100e+00
5.550000000000000000e+02 2.161727761364551359e+00
5.560000000000000000e+02 2.161757985214341815e+00
5.570000000000000000e+02 2.161788204904559585e+00
5.580000000000000000e+02 2.161818420433253340e+00
5.590000000000000000e+02 2.161848631798472198e+00
5.600000000000000000e+02 2.161878838998265273e+00
5.610000000000000000e+02 2.161909042030680794e+00
5.620000000000000000e+02 2.161939240893768766e+00
5.630000000000000000e+02 2.161969435585577415e+00
5.640000000000000000e+02 2.161999626104156302e+00
5.650000000000000000e+02 2.162029812447554100e+00
5.660000000000000000e+02 2.162059994613819480e+00
5.670000000000000000e+02 2.162090172601001559e+00
5.680000000000000000e+02 2.162120346407149452e+00
5.690000000000000000e+02 2.162150516030312275e+00
5.700000000000000000e+02 2.162180681468538701e+00
5.710000000000000000e+02 2.162210842719877846e+00
5.720000000000000000e+02 2.162240999782378825e+00
5.730000000000000000e+02 2.162271152654090312e+00
5.740000000000000000e+02 2.162301301333061421e+00
5.750000000000000000e+02 2.162331445817340825e+00
5.760000000000000000e+02 2.162361586104977640e+00
5.770000000000000000e+02 2.162391722194021426e+00
5.780000000000000000e+02 2.162421854082520412e+00
5.790000000000000000e+02 2.162451981768523712e+00
5.800000000000000000e+02 2.162482105250080888e+00
5.810000000000000000e+02 2.162512224525239724e+00
5.820000000000000000e+02 2.162542339592050222e+00
5.830000000000000000e+02 2.162572450448561057e+00
5.840000000000000000e+02 2.162602557092821343e+00
5.850000000000000000e+02 2.162632659522879752e+00
5.860000000000000000e+02 2.162662757736784958e+00
5.870000000000000000e+02 2.162692851732586519e+00
5.880000000000000000e+02 2.162722941508333552e+00
5.890000000000000000e+02 2.162753027062074285e+00
5.900000000000000000e+02 2.162783108391858278e+00
5.910000000000000000e+02 2.162813185495734203e+00
5.920000000000000000e+02 2.162843258371751176e+00
5.930000000000000000e+02 2.162873327017958314e+00
5.940000000000000000e+02 2.162903391432403843e+00
5.950000000000000000e+02 2.162933451613137770e+00
5.960000000000000000e+02 2.162963507558208320e+00
5.970000000000000000e+02 2.162993559265665056e+00
5.980000000000000000e+02 2.163023606733556203e+00
5.990000000000000000e+02 2.163053649959931324e+00
6.000000000000000000e+02 2.163083688942839089e+00
6.010000000000000000e+02 2.163113723680328615e+00
6.020000000000000000e+02 2.163143754170448574e+00
6.030000000000000000e+02 2.163173780411248526e+00
6.040000000000000000e+02 2.163203802400777143e+00
6.050000000000000000e+02 2.163233820137083097e+00
6.060000000000000000e+02 2.163263833618215504e+00
6.070000000000000000e+02 2.163293842842223480e+00
6.080000000000000000e+02 2.163323847807156142e+00
6.090000000000000000e+02 2.163353848511062161e+00
6.100000000000000000e+02 2.163383844951990653e+00
6.110000000000000000e+02 2.163413837127990291e+00
6.120000000000000000e+02 2.163443825037110635e+00
6.130000000000000000e+02 2.163473808677399912e+00
6.140000000000000000e+02 2.163503788046907683e+00
6.150000000000000000e+02 2.163533763143683064e+00
6.160000000000000000e+02 2.163563733965774283e+00
6.170000000000000000e+02 2.163593700511230455e+00
6.180000000000000000e+02 2.163623662778101142e+00
6.190000000000000000e+02 2.163653620764435015e+00
6.200000000000000000e+02 2.163683574468280746e+00
6.210000000000000000e+02 2.163713523887687451e+00
6.220000000000000000e+02 2.163743469020704246e+00
6.230000000000000000e+02 2.163773409865380248e+00
6.240000000000000000e+02 2.163803346419764129e+00
6.250000000000000000e+02 2.163833278681905004e+00
6.260000000000000000e+02 2.163863206649851545e+00
6.270000000000000000e+02 2.163893130321653313e+00
6.280000000000000000e+02 2.163923049695358536e+00
6.290000000000000000e+02 2.163952964769016774e+00
6.300000000000000000e+02 2.163982875540676698e+00
6.310000000000000000e+02 2.164012782008387425e+00
6.320000000000000000e+02 2.164042684170197628e+00
6.330000000000000000e+02 2.164072582024156866e+00
6.340000000000000000e+02 2.164102475568313366e+00
6.350000000000000000e+02 2.164132364800716690e+00
6.360000000000000000e+02 2.164162249719415509e+00
6.370000000000000000e+02 2.164192130322458940e+00
6.380000000000000000e+02 2.164222006607896098e+00
6.390000000000000000e+02 2.164251878573775212e+00
6.400000000000000000e+02 2.164281746218146285e+00
6.410000000000000000e+02 2.164311609539057546e+00
6.420000000000000000e+02 2.164341468534558111e+00
6.430000000000000000e+02 2.164371323202697095e+00
6.440000000000000000e+02 2.164401173541523171e+00
6.450000000000000000e+02 2.164431019549085899e+00
6.460000000000000000e+02 2.164460861223433508e+00
6.470000000000000000e+02 2.164490698562615556e+00
6.480000000000000000e+02 2.164520531564681161e+00
6.490000000000000000e+02 2.164550360227678105e+00
6.500000000000000000e+02 2.164580184549656838e+00
6.510000000000000000e+02 2.164610004528665588e+00
6.520000000000000000e+02 2.164639820162753026e+00
6.530000000000000000e+02 2.164669631449968712e+00
6.540000000000000000e+02 2.164699438388361319e+00
6.550000000000000000e+02 2.164729240975979963e+00
6.560000000000000000e+02 2.164759039210873315e+00
6.570000000000000000e+02 2.164788833091090936e+00
6.580000000000000000e+02 2.164818622614681054e+00
6.590000000000000000e+02 2.164848407779693229e+00
6.600000000000000000e+02 2.164878188584176133e+00
6.610000000000000000e+02 2.164907965026178882e+00
6.620000000000000000e+02 2.164937737103750148e+00
6.630000000000000000e+02 2.164967504814939048e+00
6.640000000000000000e+02 2.164997268157795141e+00
6.650000000000000000e+02 2.165027027130366211e+00
6.660000000000000000e+02 2.165056781730702262e+00
6.670000000000000000e+02 2.165086531956851967e+00
6.680000000000000000e+02 2.165116277806863998e+00
6.690000000000000000e+02 2.165146019278787470e+00
6.700000000000000000e+02 2.165175756370671500e+00
6.710000000000000000e+02 2.165205489080565204e+00
6.720000000000000000e+02 2.165235217406517254e+00
6.730000000000000000e+02 2.165264941346576322e+00
6.740000000000000000e+02 2.165294660898791967e+00
6.750000000000000000e+02 2.165324376061212863e+00
6.760000000000000000e+02 2.165354086831888125e+00
6.770000000000000000e+02 2.165383793208866425e+00
6.780000000000000000e+02 2.165413495190197324e+00
6.790000000000000000e+02 2.165443192773929049e+00
6.800000000000000000e+02 2.165472885958111160e+00
6.810000000000000000e+02 2.165502574740792330e+00
6.820000000000000000e+02 2.165532259120021230e+00
6.830000000000000000e+02 2.165561939093847421e+00
6.840000000000000000e+02 2.165591614660320019e+00
6.850000000000000000e+02 2.165621285817487252e+00
6.860000000000000000e+02 2.165650952563398235e+00
6.870000000000000000e+02 2.165680614896102529e+00
6.880000000000000000e+02 2.165710272813648363e+00
6.890000000000000000e+02 2.165739926314085295e+00
6.900000000000000000e+02 2.165769575395461999e+00
6.910000000000000000e+02 2.165799220055827146e+00
6.920000000000000000e+02 2.165828860293230296e+00
6.930000000000000000e+02 2.165858496105720565e+00
6.940000000000000000e+02 2.165888127491346182e+00
6.950000000000000000e+02 2.165917754448156263e+00
6.960000000000000000e+02 2.165947376974200367e+00
6.970000000000000000e+02 2.165976995067526722e+00
6.980000000000000000e+02 2.166006608726184890e+00
6.990000000000000000e+02 2.166036217948223541e+00
7.000000000000000000e+02 2.166065822731691792e+00
7.010000000000000000e+02 2.166095423074638315e+00
7.020000000000000000e+02 2.166125018975112226e+00
7.030000000000000000e+02 2.166154610431162642e+00
7.040000000000000000e+02 2.166184197440838233e+00
7.050000000000000000e+02 2.166213780002188560e+00
7.060000000000000000e+02 2.166243358113261852e+00
7.070000000000000000e+02 2.166272931772107668e+00
7.080000000000000000e+02 2.166302500976774237e+00
7.090000000000000000e+02 2.166332065725311562e+00
7.100000000000000000e+02 2.166361626015767872e+00
7.110000000000000000e+02 2.166391181846192282e+00
7.120000000000000000e+02 2.166420733214633909e+00
7.130000000000000000e+02 2.166450280119141425e+00
7.140000000000000000e+02 2.166479822557763946e+00
7.150000000000000000e+02 2.166509360528551031e+00
7.160000000000000000e+02 2.166538894029550466e+00
7.170000000000000000e+02 2.166568423058812254e+00
7.180000000000000000e+02 2.166597947614384623e+00
7.190000000000000000e+02 2.166627467694317133e+00
7.200000000000000000e+02 2.166656983296658456e+00
7.210000000000000000e+02 2.166686494419457265e+00
7.220000000000000000e+02 2.166716001060763119e+00
7.230000000000000000e+02 2.166745503218624691e+00
7.240000000000000000e+02 2.166775000891091096e+00
7.250000000000000000e+02 2.166804494076211007e+00
7.260000000000000000e+02 2.166833982772033984e+00
7.270000000000000000e+02 2.166863466976608255e+00
7.280000000000000000e+02 2.166892946687982935e+00
7.290000000000000000e+02 2.166922421904207585e+00
7.300000000000000000e+02 2.166951892623330433e+00
7.310000000000000000e+02 2.166981358843401040e+00
7.320000000000000000e+02 2.167010820562467632e+00
7.330000000000000000e+02 2.167040277778580215e+00
7.340000000000000000e+02 2.167069730489787016e+00
7.350000000000000000e+02 2.167099178694136707e+00
7.360000000000000000e+02 2.167128622389679293e+00
7.370000000000000000e+02 2.167158061574463002e+00
7.380000000000000000e+02 2.167187496246536949e+00
7.390000000000000000e+02 2.167216926403950250e+00
7.400000000000000000e+02 2.167246352044751578e+00
7.410000000000000000e+02 2.167275773166990493e+00
7.420000000000000000e+02 2.167305189768715223e+00
7.430000000000000000e+02 2.167334601847974884e+00
7.440000000000000000e+02 2.167364009402818592e+00
7.450000000000000000e+02 2.167393412431295907e+00
7.460000000000000000e+02 2.167422810931454613e+00
7.470000000000000000e+02 2.167452204901344714e+00
7.480000000000000000e+02 2.167481594339014439e+00
7.490000000000000000e+02 2.167510979242513347e+00
7.500000000000000000e+02 2.167540359609890110e+00
7.510000000000000000e+02 2.167569735439193401e+00
7.520000000000000000e+02 2.167599106728472780e+00
7.530000000000000000e+02 2.167628473475776918e+00
7.540000000000000000e+02 2.167657835679154488e+00
7.550000000000000000e+02 2.167687193336655049e+00
7.560000000000000000e+02 2.167716546446327275e+00
7.570000000000000000e+02 2.167745895006220280e+00
7.580000000000000000e+02 2.167775239014382738e+00
7.590000000000000000e+02 2.167804578468863763e+00
7.600000000000000000e+02 2.167833913367712473e+00
7.610000000000000000e+02 2.167863243708977539e+00
7.620000000000000000e+02 2.167892569490708077e+00
7.630000000000000000e+02 2.167921890710953203e+00
7.640000000000000000e+02 2.167951207367762034e+00
7.650000000000000000e+02 2.167980519459182798e+00
7.660000000000000000e+02 2.168009826983265054e+00
7.670000000000000000e+02 2.168039129938057474e+00
7.680000000000000000e+02 2.168068428321609620e+00
7.690000000000000000e+02 2.168097722131969718e+00
7.700000000000000000e+02 2.168127011367186885e+00
7.710000000000000000e+02 2.168156296025310681e+00
7.720000000000000000e+02 2.168185576104389334e+00
7.730000000000000000e+02 2.168214851602472404e+00
7.740000000000000000e+02 2.168244122517608119e+00
7.750000000000000000e+02 2.168273388847846039e+00
7.760000000000000000e+02 2.168302650591235281e+00
7.770000000000000000e+02 2.168331907745824516e+00
7.780000000000000000e+02 2.168361160309662417e+00
7.790000000000000000e+02 2.168390408280798098e+00
7.800000000000000000e+02 2.168419651657281122e+00
7.810000000000000000e+02 2.168448890437159715e+00
7.820000000000000000e+02 2.168478124618483438e+00
7.830000000000000000e+02 2.168507354199300963e+00
7.840000000000000000e+02 2.168536579177660961e+00
7.850000000000000000e+02 2.168565799551612994e+00
7.860000000000000000e+02 2.168595015319205732e+00
7.870000000000000000e+02 2.168624226478487849e+00
7.880000000000000000e+02 2.168653433027508903e+00
7.890000000000000000e+02 2.168682634964317124e+00
7.900000000000000000e+02 2.168711832286962515e+00
7.910000000000000000e+02 2.168741024993492861e+00
7.920000000000000000e+02 2.168770213081958165e+00
7.930000000000000000e+02 2.168799396550407099e+00
7.940000000000000000e+02 2.168828575396887892e+00
7.950000000000000000e+02 2.168857749619450548e+00
7.960000000000000000e+02 2.168886919216143294e+00
7.970000000000000000e+02 2.168916084185015691e+00
7.980000000000000000e+02 2.168945244524116411e+00
7.990000000000000000e+02 2.168974400231494126e+00
8.000000000000000000e+02 2.169003551305198396e+00
8.010000000000000000e+02 2.169032697743277449e+00
8.020000000000000000e+02 2.169061839543781289e+00
8.030000000000000000e+02 2.169090976704757701e+00
8.040000000000000000e+02 2.169120109224256687e+00
8.050000000000000000e+02 2.169149237100326477e+00
8.060000000000000000e+02 2.169178360331016631e+00
8.070000000000000000e+02 2.169207478914375820e+00
8.080000000000000000e+02 2.169236592848452716e+00
8.090000000000000000e+02 2.169265702131296436e+00
8.100000000000000000e+02 2.169294806760956540e+00
8.110000000000000000e+02 2.169323906735481255e+00
8.120000000000000000e+02 2.169353002052920143e+00
8.130000000000000000e+02 2.169382092711321430e+00
8.140000000000000000e+02 2.169411178708734678e+00
8.150000000000000000e+02 2.169440260043209001e+00
8.160000000000000000e+02 2.169469336712792629e+00
8.170000000000000000e+02 2.169498408715535120e+00
8.180000000000000000e+02 2.169527476049485148e+00
8.190000000000000000e+02 2.169556538712692273e+00
8.200000000000000000e+02 2.169585596703204722e+00
8.210000000000000000e+02 2.169614650019071611e+00
8.220000000000000000e+02 2.169643698658342057e+00
8.230000000000000000e+02 2.169672742619065176e+00
8.240000000000000000e+02 2.169701781899289639e+00
8.250000000000000000e+02 2.169730816497064563e+00
8.260000000000000000e+02 2.169759846410439064e+00
8.270000000000000000e+02 2.169788871637461813e+00
8.280000000000000000e+02 2.169817892176181928e+00
8.290000000000000000e+02 2.169846908024648080e+00
8.300000000000000000e+02 2.169875919180909829e+00
8.310000000000000000e+02 2.169904925643015847e+00
8.320000000000000000e+02 2.169933927409015251e+00
8.330000000000000000e+02 2.169962924476956267e+00
8.340000000000000000e+02 2.169991916844888902e+00
8.350000000000000000e+02 2.170020904510861381e+00
8.360000000000000000e+02 2.170049887472923267e+00
8.370000000000000000e+02 2.170078865729123230e+00
8.380000000000000000e+02 2.170107839277509942e+00
8.390000000000000000e+02 2.170136808116132521e+00
8.400000000000000000e+02 2.170165772243040525e+00
8.410000000000000000e+02 2.170194731656282183e+00
8.420000000000000000e+02 2.170223686353906611e+00
8.430000000000000000e+02 2.170252636333962926e+00
8.440000000000000000e+02 2.170281581594500242e+00
8.450000000000000000e+02 2.170310522133567233e+00
8.460000000000000000e+02 2.170339457949213013e+00
8.470000000000000000e+02 2.170368389039486701e+00
8.480000000000000000e+02 2.170397315402436966e+00
8.490000000000000000e+02 2.170426237036112926e+00
8.500000000000000000e+02 2.170455153938563253e+00
8.510000000000000000e+02 2.170484066107837506e+00
8.520000000000000000e+02 2.170512973541983914e+00
8.530000000000000000e+02 2.170541876239052481e+00
8.540000000000000000e+02 2.170570774197090991e+00
8.550000000000000000e+02 2.170599667414149447e+00
8.560000000000000000e+02 2.170628555888276079e+00
8.570000000000000000e+02 2.170657439617520001e+00
8.580000000000000000e+02 2.170686318599930331e+00
8.590000000000000000e+02 2.170715192833556184e+00
8.600000000000000000e+02 2.170744062316446232e+00
8.610000000000000000e+02 2.170772927046649592e+00
8.620000000000000000e+02 2.170801787022215379e+00
8.630000000000000000e+02 2.170830642241192265e+00
8.640000000000000000e+02 2.170859492701629367e+00
8.650000000000000000e+02 2.170888338401575357e+00
8.660000000000000000e+02 2.170917179339079794e+00
8.670000000000000000e+02 2.170946015512190908e+00
8.680000000000000000e+02 2.170974846918958256e+00
8.690000000000000000e+02 2.171003673557430957e+00
8.700000000000000000e+02 2.171032495425657238e+00
8.710000000000000000e+02 2.171061312521686659e+00
8.720000000000000000e+02 2.171090124843567892e+00
8.730000000000000000e+02 2.171118932389350054e+00
8.740000000000000000e+02 2.171147735157081815e+00
8.750000000000000000e+02 2.171176533144812737e+00
8.760000000000000000e+02 2.171205326350591491e+00
8.770000000000000000e+02 2.171234114772466750e+00
8.780000000000000000e+02 2.171262898408488073e+00
8.790000000000000000e+02 2.171291677256703689e+00
8.800000000000000000e+02 2.171320451315163158e+00
8.810000000000000000e+02 2.171349220581915151e+00
8.820000000000000000e+02 2.171377985055008786e+00
8.830000000000000000e+02 2.171406744732493177e+00
8.840000000000000000e+02 2.171435499612416997e+00
8.850000000000000000e+02 2.171464249692829362e+00
8.860000000000000000e+02 2.171492994971778945e+00
8.870000000000000000e+02 2.171521735447315304e+00
8.880000000000000000e+02 2.171550471117486669e+00
8.890000000000000000e+02 2.171579201980342599e+00
8.900000000000000000e+02 2.171607928033932211e+00
8.910000000000000000e+02 2.171636649276303732e+00
8.920000000000000000e+02 2.171665365705506723e+00
8.930000000000000000e+02 2.171694077319589855e+00
8.940000000000000000e+02 2.171722784116601801e+00
8.950000000000000000e+02 2.171751486094592565e+00
8.960000000000000000e+02 2.171780183251609930e+00
8.970000000000000000e+02 2.171808875585703902e+00
8.980000000000000000e+02 2.171837563094922707e+00
8.990000000000000000e+02 2.171866245777315463e+00
9.000000000000000000e+02 2.171894923630931284e+00
9.010000000000000000e+02 2.171923596653819288e+00
9.020000000000000000e+02 2.171952264844028146e+00
9.030000000000000000e+02 2.171980928199606531e+00
9.040000000000000000e+02 2.172009586718604446e+00
9.050000000000000000e+02 2.172038240399069675e+00
9.060000000000000000e+02 2.172066889239052223e+00
9.070000000000000000e+02 2.172095533236600318e+00
9.080000000000000000e+02 2.172124172389763075e+00
9.090000000000000000e+02 2.172152806696589611e+00
9.100000000000000000e+02 2.172181436155128598e+00
9.110000000000000000e+02 2.172210060763429595e+00
9.120000000000000000e+02 2.172238680519540832e+00
9.130000000000000000e+02 2.172267295421512312e+00
9.140000000000000000e+02 2.172295905467391819e+00
9.150000000000000000e+02 2.172324510655228913e+00
9.160000000000000000e+02 2.172353110983072710e+00
9.170000000000000000e+02 2.172381706448971883e+00
9.180000000000000000e+02 2.172410297050975103e+00
9.190000000000000000e+02 2.172438882787132375e+00
9.200000000000000000e+02 2.172467463655491482e+00
9.210000000000000000e+02 2.172496039654101985e+00
9.220000000000000000e+02 2.172524610781012999e+00
9.230000000000000000e+02 2.172553177034273197e+00
9.240000000000000000e+02 2.172581738411931696e+00
9.250000000000000000e+02 2.172610294912037165e+00
9.260000000000000000e+02 2.172638846532639167e+00
9.270000000000000000e+02 2.172667393271785929e+00
9.280000000000000000e+02 2.172695935127527012e+00
9.290000000000000000e+02 2.172724472097911086e+00
9.300000000000000000e+02 2.172753004180987269e+00
9.310000000000000000e+02 2.172781531374804675e+00
9.320000000000000000e+02 2.172810053677411979e+00
9.330000000000000000e+02 2.172838571086857851e+00
9.340000000000000000e+02 2.172867083601191851e+00
9.350000000000000000e+02 2.172895591218462652e+00
9.360000000000000000e+02 2.172924093936719370e+00
9.370000000000000000e+02 2.172952591754011120e+00
9.380000000000000000e+02 2.172981084668386131e+00
9.390000000000000000e+02 2.173009572677894408e+00
9.400000000000000000e+02 2.173038055780584177e+00
9.410000000000000000e+02 2.173066533974504555e+00
9.420000000000000000e+02 2.173095007257704658e+00
9.430000000000000000e+02 2.173123475628233603e+00
9.440000000000000000e+02 2.173151939084139617e+00
9.450000000000000000e+02 2.173180397623472704e+00
9.460000000000000000e+02 2.173208851244281092e+00
9.470000000000000000e+02 2.173237299944613898e+00
9.480000000000000000e+02 2.173265743722520238e+00
9.490000000000000000e+02 2.173294182576048783e+00
9.500000000000000000e+02 2.173322616503249094e+00
9.510000000000000000e+02 2.173351045502169399e+00
9.520000000000000000e+02 2.173379469570859257e+00
9.530000000000000000e+02 2.173407888707367341e+00
9.540000000000000000e+02 2.173436302909742768e+00
9.550000000000000000e+02 2.173464712176034652e+00
9.560000000000000000e+02 2.173493116504291223e+00
9.570000000000000000e+02 2.173521515892562483e+00
9.580000000000000000e+02 2.173549910338896218e+00
9.590000000000000000e+02 2.173578299841342432e+00
9.600000000000000000e+02 2.173606684397949795e+00
9.610000000000000000e+02 2.173635064006766981e+00
9.620000000000000000e+02 2.173663438665843550e+00
9.630000000000000000e+02 2.173691808373227730e+00
9.640000000000000000e+02 2.173720173126969080e+00
9.650000000000000000e+02 2.173748532925116272e+00
9.660000000000000000e+02 2.173776887765717980e+00
9.670000000000000000e+02 2.173805237646823763e+00
9.680000000000000000e+02 2.173833582566482736e+00
9.690000000000000000e+02 2.173861922522743129e+00
9.700000000000000000e+02 2.173890257513654056e+00
9.710000000000000000e+02 2.173918587537265079e+00
9.720000000000000000e+02 2.173946912591624425e+00
9.730000000000000000e+02 2.173975232674781655e+00
9.740000000000000000e+02 2.174003547784785439e+00
9.750000000000000000e+02 2.174031857919684896e+00
9.760000000000000000e+02 2.174060163077528696e+00
9.770000000000000000e+02 2.174088463256366399e+00
9.780000000000000000e+02 2.174116758454246234e+00
9.790000000000000000e+02 2.174145048669217317e+00
9.800000000000000000e+02 2.174173333899329208e+00
9.810000000000000000e+02 2.174201614142630579e+00
9.820000000000000000e+02 2.174229889397170101e+00
9.830000000000000000e+02 2.174258159660996892e+00
9.840000000000000000e+02 2.174286424932160067e+00
9.850000000000000000e+02 2.174314685208708298e+00
9.860000000000000000e+02 2.174342940488691145e+00
9.870000000000000000e+02 2.174371190770156836e+00
9.880000000000000000e+02 2.174399436051154932e+00
9.890000000000000000e+02 2.174427676329733661e+00
9.900000000000000000e+02 2.174455911603943026e+00
9.910000000000000000e+02 2.174484141871831255e+00
9.920000000000000000e+02 2.174512367131447466e+00
9.930000000000000000e+02 2.174540587380840773e+00
9.940000000000000000e+02 2.174568802618060293e+00
9.950000000000000000e+02 2.174597012841154253e+00
9.960000000000000000e+02 2.174625218048172215e+00
9.970000000000000000e+02 2.174653418237163294e+00
9.980000000000000000e+02 2.174681613406176162e+00
9.990000000000000000e+02 2.174709803553259491e+00
1.000000000000000000e+03 2.174737988676462841e+00
1.001000000000000000e+03 2.174766168773834885e+00
1.002000000000000000e+03 2.174794343843424738e+00
1.003000000000000000e+03 2.174822513883281072e+00
1.004000000000000000e+03 2.174850678891453448e+00
1.005000000000000000e+03 2.174878838865990094e+00
1.006000000000000000e+03 2.174906993804940125e+00
1.007000000000000000e+03 2.174935143706353102e+00
1.008000000000000000e+03 2.174963288568277697e+00
1.009000000000000000e+03 2.174991428388762138e+00
1.010000000000000000e+03 2.175019563165856429e+00
1.011000000000000000e+03 2.175047692897609242e+00
1.012000000000000000e+03 2.175075817582069249e+00
1.013000000000000000e+03 2.175103937217285566e+00
1.014000000000000000e+03 2.175132051801307309e+00
1.015000000000000000e+03 2.175160161332183151e+00
1.016000000000000000e+03 2.175188265807962651e+00
1.017000000000000000e+03 2.175216365226694037e+00
1.018000000000000000e+03 2.175244459586426871e+00
1.019000000000000000e+03 2.175272548885209378e+00
1.020000000000000000e+03 2.175300633121091565e+00
1.021000000000000000e+03 2.175328712292121658e+00
