# order=2: data_wav [pixel], data_wavsolution [micron]
3.000000000000000000e+00 1.396578880542944212e+00
4.000000000000000000e+00 1.396602220091804902e+00
5.000000000000000000e+00 1.396625556537229196e+00
6.000000000000000000e+00 1.396648889879217315e+00
7.000000000000000000e+00 1.396672220117769037e+00
8.000000000000000000e+00 1.396695547252884362e+00
9.000000000000000000e+00 1.396718871284563290e+00
1.000000000000000000e+01 1.396742192212806044e+00
1.100000000000000000e+01 1.396765510037612401e+00
1.200000000000000000e+01 1.396788824758982583e+00
1.300000000000000000e+01 1.396812136376916147e+00
1.400000000000000000e+01 1.396835444891413536e+00
1.500000000000000000e+01 1.396858750302474528e+00
1.600000000000000000e+01 1.396882052610099345e+00
1.700000000000000000e+01 1.396905351814287544e+00
1.800000000000000000e+01 1.396928647915039567e+00
1.900000000000000000e+01 1.396951940912355417e+00
2.000000000000000000e+01 1.396975230806234647e+00
2.100000000000000000e+01 1.396998517596677702e+00
2.200000000000000000e+01 1.397021801283684361e+00
2.300000000000000000e+01 1.397045081867254845e+00
2.400000000000000000e+01 1.397068359347388711e+00
2.500000000000000000e+01 1.397091633724086401e+00
2.600000000000000000e+01 1.397114904997347917e+00
2.700000000000000000e+01 1.397138173167172814e+00
2.800000000000000000e+01 1.397161438233561537e+00
2.900000000000000000e+01 1.397184700196513862e+00
3.000000000000000000e+01 1.397207959056029791e+00
3.100000000000000000e+01 1.397231214812109545e+00
3.200000000000000000e+01 1.397254467464752903e+00
3.300000000000000000e+01 1.397277717013959863e+00
3.400000000000000000e+01 1.397300963459730649e+00
3.500000000000000000e+01 1.397324206802064817e+00
3.600000000000000000e+01 1.397347447040962809e+00
3.700000000000000000e+01 1.397370684176424627e+00
3.800000000000000000e+01 1.397393918208449826e+00
3.900000000000000000e+01 1.397417149137038850e+00
4.000000000000000000e+01 1.397440376962191477e+00
4.100000000000000000e+01 1.397463601683907930e+00
4.200000000000000000e+01 1.397486823302187764e+00
4.300000000000000000e+01 1.397510041817031423e+00
4.400000000000000000e+01 1.397533257228438908e+00
4.500000000000000000e+01 1.397556469536409773e+00
4.600000000000000000e+01 1.397579678740944464e+00
4.700000000000000000e+01 1.397602884842042759e+00
4.800000000000000000e+01 1.397626087839704878e+00
4.900000000000000000e+01 1.397649287733930379e+00
5.000000000000000000e+01 1.397672484524719705e+00
5.100000000000000000e+01 1.397695678212072634e+00
5.200000000000000000e+01 1.397718868795989389e+00
5.300000000000000000e+01 1.397742056276469746e+00
5.400000000000000000e+01 1.397765240653513708e+00
5.500000000000000000e+01 1.397788421927121272e+00
5.600000000000000000e+01 1.397811600097292661e+00
5.700000000000000000e+01 1.397834775164027654e+00
5.800000000000000000e+01 1.397857947127326250e+00
5.900000000000000000e+01 1.397881115987188450e+00
6.000000000000000000e+01 1.397904281743614474e+00
6.100000000000000000e+01 1.397927444396604102e+00
6.200000000000000000e+01 1.397950603946157333e+00
6.300000000000000000e+01 1.397973760392274389e+00
6.400000000000000000e+01 1.397996913734955049e+00
6.500000000000000000e+01 1.398020063974199312e+00
6.600000000000000000e+01 1.398043211110007178e+00
6.700000000000000000e+01 1.398066355142378869e+00
6.800000000000000000e+01 1.398089496071314164e+00
6.900000000000000000e+01 1.398112633896813062e+00
7.000000000000000000e+01 1.398135768618875785e+00
7.100000000000000000e+01 1.398158900237501889e+00
7.200000000000000000e+01 1.398182028752691819e+00
7.300000000000000000e+01 1.398205154164445574e+00
7.400000000000000000e+01 1.398228276472762710e+00
7.500000000000000000e+01 1.398251395677643671e+00
7.600000000000000000e+01 1.398274511779088458e+00
7.700000000000000000e+01 1.398297624777096626e+00
7.800000000000000000e+01 1.398320734671668619e+00
7.900000000000000000e+01 1.398343841462804216e+00
8.000000000000000000e+01 1.398366945150503415e+00
8.100000000000000000e+01 1.398390045734766440e+00
8.200000000000000000e+01 1.398413143215593069e+00
8.300000000000000000e+01 1.398436237592983300e+00
8.400000000000000000e+01 1.398459328866937135e+00
8.500000000000000000e+01 1.398482417037454795e+00
8.600000000000000000e+01 1.398505502104536058e+00
8.700000000000000000e+01 1.398528584068180924e+00
8.800000000000000000e+01 1.398551662928389616e+00
8.900000000000000000e+01 1.398574738685161689e+00
9.000000000000000000e+01 1.398597811338497809e+00
9.100000000000000000e+01 1.398620880888397311e+00
9.200000000000000000e+01 1.398643947334860638e+00
9.300000000000000000e+01 1.398667010677887568e+00
9.400000000000000000e+01 1.398690070917478101e+00
9.500000000000000000e+01 1.398713128053632238e+00
9.600000000000000000e+01 1.398736182086350199e+00
9.700000000000000000e+01 1.398759233015631764e+00
9.800000000000000000e+01 1.398782280841476933e+00
9.900000000000000000e+01 1.398805325563885926e+00
1.000000000000000000e+02 1.398828367182858523e+00
1.010000000000000000e+02 1.398851405698394723e+00
1.020000000000000000e+02 1.398874441110494748e+00
1.030000000000000000e+02 1.398897473419158155e+00
1.040000000000000000e+02 1.398920502624385387e+00
1.050000000000000000e+02 1.398943528726176444e+00
1.060000000000000000e+02 1.398966551724530882e+00
1.070000000000000000e+02 1.398989571619449146e+00
1.080000000000000000e+02 1.399012588410931013e+00
1.090000000000000000e+02 1.399035602098976705e+00
1.100000000000000000e+02 1.399058612683585778e+00
1.110000000000000000e+02 1.399081620164758677e+00
1.120000000000000000e+02 1.399104624542495179e+00
1.130000000000000000e+02 1.399127625816795506e+00
1.140000000000000000e+02 1.399150623987659436e+00
1.150000000000000000e+02 1.399173619055086970e+00
1.160000000000000000e+02 1.399196611019078107e+00
1.170000000000000000e+02 1.399219599879633069e+00
1.180000000000000000e+02 1.399242585636751635e+00
1.190000000000000000e+02 1.399265568290433803e+00
1.200000000000000000e+02 1.399288547840679575e+00
1.210000000000000000e+02 1.399311524287489172e+00
1.220000000000000000e+02 1.399334497630862373e+00
1.230000000000000000e+02 1.399357467870799399e+00
1.240000000000000000e+02 1.399380435007299806e+00
1.250000000000000000e+02 1.399403399040364038e+00
1.260000000000000000e+02 1.399426359969991873e+00
1.270000000000000000e+02 1.399449317796183534e+00
1.280000000000000000e+02 1.399472272518938576e+00
1.290000000000000000e+02 1.399495224138257443e+00
1.300000000000000000e+02 1.399518172654140136e+00
1.310000000000000000e+02 1.399541118066586209e+00
1.320000000000000000e+02 1.399564060375596108e+00
1.330000000000000000e+02 1.399586999581169611e+00
1.340000000000000000e+02 1.399609935683306716e+00
1.350000000000000000e+02 1.399632868682007647e+00
1.360000000000000000e+02 1.399655798577272181e+00
1.370000000000000000e+02 1.399678725369100318e+00
1.380000000000000000e+02 1.399701649057492281e+00
1.390000000000000000e+02 1.399724569642447847e+00
1.400000000000000000e+02 1.399747487123967016e+00
1.410000000000000000e+02 1.399770401502049788e+00
1.420000000000000000e+02 1.399793312776696386e+00
1.430000000000000000e+02 1.399816220947906364e+00
1.440000000000000000e+02 1.399839126015680391e+00
1.450000000000000000e+02 1.399862027980017798e+00
1.460000000000000000e+02 1.399884926840919031e+00
1.470000000000000000e+02 1.399907822598383866e+00
1.480000000000000000e+02 1.399930715252412305e+00
1.490000000000000000e+02 1.399953604803004570e+00
1.500000000000000000e+02 1.399976491250160437e+00
1.510000000000000000e+02 1.399999374593879908e+00
1.520000000000000000e+02 1.400022254834162982e+00
1.530000000000000000e+02 1.400045131971009882e+00
1.540000000000000000e+02 1.400068006004420385e+00
1.550000000000000000e+02 1.400090876934394490e+00
1.560000000000000000e+02 1.400113744760932200e+00
1.570000000000000000e+02 1.400136609484033734e+00
1.580000000000000000e+02 1.400159471103698872e+00
1.590000000000000000e+02 1.400182329619927835e+00
1.600000000000000000e+02 1.400205185032720179e+00
1.610000000000000000e+02 1.400228037342076348e+00
1.620000000000000000e+02 1.400250886547996121e+00
1.630000000000000000e+02 1.400273732650479719e+00
1.640000000000000000e+02 1.400296575649526920e+00
1.650000000000000000e+02 1.400319415545137725e+00
1.660000000000000000e+02 1.400342252337312132e+00
1.670000000000000000e+02 1.400365086026050365e+00
1.680000000000000000e+02 1.400387916611352201e+00
1.690000000000000000e+02 1.400410744093217641e+00
1.700000000000000000e+02 1.400433568471646684e+00
1.710000000000000000e+02 1.400456389746639552e+00
1.720000000000000000e+02 1.400479207918196023e+00
1.730000000000000000e+02 1.400502022986316097e+00
1.740000000000000000e+02 1.400524834950999997e+00
1.750000000000000000e+02 1.400547643812247278e+00
1.760000000000000000e+02 1.400570449570058607e+00
1.770000000000000000e+02 1.400593252224433316e+00
1.780000000000000000e+02 1.400616051775371851e+00
1.790000000000000000e+02 1.400638848222873989e+00
1.800000000000000000e+02 1.400661641566939730e+00
1.810000000000000000e+02 1.400684431807569075e+00
1.820000000000000000e+02 1.400707218944762245e+00
1.830000000000000000e+02 1.400730002978519018e+00
1.840000000000000000e+02 1.400752783908839394e+00
1.850000000000000000e+02 1.400775561735723596e+00
1.860000000000000000e+02 1.400798336459171400e+00
1.870000000000000000e+02 1.400821108079182808e+00
1.880000000000000000e+02 1.400843876595758042e+00
1.890000000000000000e+02 1.400866642008896656e+00
1.900000000000000000e+02 1.400889404318599096e+00
1.910000000000000000e+02 1.400912163524865361e+00
1.920000000000000000e+02 1.400934919627695008e+00
1.930000000000000000e+02 1.400957672627088479e+00
1.940000000000000000e+02 1.400980422523045554e+00
1.950000000000000000e+02 1.401003169315566455e+00
1.960000000000000000e+02 1.401025913004650736e+00
1.970000000000000000e+02 1.401048653590298843e+00
1.980000000000000000e+02 1.401071391072510552e+00
1.990000000000000000e+02 1.401094125451286088e+00
2.000000000000000000e+02 1.401116856726625226e+00
2.010000000000000000e+02 1.401139584898527968e+00
2.020000000000000000e+02 1.401162309966994313e+00
2.030000000000000000e+02 1.401185031932024483e+00
2.040000000000000000e+02 1.401207750793618256e+00
2.050000000000000000e+02 1.401230466551775633e+00
2.060000000000000000e+02 1.401253179206496613e+00
2.070000000000000000e+02 1.401275888757781418e+00
2.080000000000000000e+02 1.401298595205629827e+00
2.090000000000000000e+02 1.401321298550042060e+00
2.100000000000000000e+02 1.401343998791017675e+00
2.110000000000000000e+02 1.401366695928557116e+00
2.120000000000000000e+02 1.401389389962660159e+00
2.130000000000000000e+02 1.401412080893327028e+00
2.140000000000000000e+02 1.401434768720557278e+00
2.150000000000000000e+02 1.401457453444351353e+00
2.160000000000000000e+02 1.401480135064709254e+00
2.170000000000000000e+02 1.401502813581630535e+00
2.180000000000000000e+02 1.401525488995115643e+00
2.190000000000000000e+02 1.401548161305164353e+00
2.200000000000000000e+02 1.401570830511776666e+00
2.210000000000000000e+02 1.401593496614952805e+00
2.220000000000000000e+02 1.401616159614692547e+00
2.230000000000000000e+02 1.401638819510995893e+00
2.240000000000000000e+02 1.401661476303863063e+00
2.250000000000000000e+02 1.401684129993293837e+00
2.260000000000000000e+02 1.401706780579288214e+00
2.270000000000000000e+02 1.401729428061846194e+00
2.280000000000000000e+02 1.401752072440968000e+00
2.290000000000000000e+02 1.401774713716653187e+00
2.300000000000000000e+02 1.401797351888902421e+00
2.310000000000000000e+02 1.401819986957715036e+00
2.320000000000000000e+02 1.401842618923091477e+00
2.330000000000000000e+02 1.401865247785031521e+00
2.340000000000000000e+02 1.401887873543535168e+00
2.350000000000000000e+02 1.401910496198602640e+00
2.360000000000000000e+02 1.401933115750233716e+00
2.370000000000000000e+02 1.401955732198428395e+00
2.380000000000000000e+02 1.401978345543186677e+00
2.390000000000000000e+02 1.402000955784508784e+00
2.400000000000000000e+02 1.402023562922394495e+00
2.410000000000000000e+02 1.402046166956843809e+00
2.420000000000000000e+02 1.402068767887856726e+00
2.430000000000000000e+02 1.402091365715433469e+00
2.440000000000000000e+02 1.402113960439573814e+00
2.450000000000000000e+02 1.402136552060277985e+00
2.460000000000000000e+02 1.402159140577545537e+00
2.470000000000000000e+02 1.402181725991376915e+00
2.480000000000000000e+02 1.402204308301771896e+00
2.490000000000000000e+02 1.402226887508730702e+00
2.500000000000000000e+02 1.402249463612253111e+00
2.510000000000000000e+02 1.402272036612339123e+00
2.520000000000000000e+02 1.402294606508988739e+00
2.530000000000000000e+02 1.402317173302202180e+00
2.540000000000000000e+02 1.402339736991979224e+00
2.550000000000000000e+02 1.402362297578319872e+00
2.560000000000000000e+02 1.402384855061224123e+00
2.570000000000000000e+02 1.402407409440692199e+00
2.580000000000000000e+02 1.402429960716723878e+00
2.590000000000000000e+02 1.402452508889319160e+00
2.600000000000000000e+02 1.402475053958478268e+00
2.610000000000000000e+02 1.402497595924200757e+00
2.620000000000000000e+02 1.402520134786487294e+00
2.630000000000000000e+02 1.402542670545337211e+00
2.640000000000000000e+02 1.402565203200750954e+00
2.650000000000000000e+02 1.402587732752728300e+00
2.660000000000000000e+02 1.402610259201269249e+00
2.670000000000000000e+02 1.402632782546373802e+00
2.680000000000000000e+02 1.402655302788042180e+00
2.690000000000000000e+02 1.402677819926274161e+00
2.700000000000000000e+02 1.402700333961069745e+00
2.710000000000000000e+02 1.402722844892429155e+00
2.720000000000000000e+02 1.402745352720352168e+00
2.730000000000000000e+02 1.402767857444838784e+00
2.740000000000000000e+02 1.402790359065889225e+00
2.750000000000000000e+02 1.402812857583503048e+00
2.760000000000000000e+02 1.402835352997680696e+00
2.770000000000000000e+02 1.402857845308422169e+00
2.780000000000000000e+02 1.402880334515727023e+00
2.790000000000000000e+02 1.402902820619595703e+00
2.800000000000000000e+02 1.402925303620027986e+00
2.810000000000000000e+02 1.402947783517024094e+00
2.820000000000000000e+02 1.402970260310583583e+00
2.830000000000000000e+02 1.402992734000706898e+00
2.840000000000000000e+02 1.403015204587393816e+00
2.850000000000000000e+02 1.403037672070644559e+00
2.860000000000000000e+02 1.403060136450458906e+00
2.870000000000000000e+02 1.403082597726836855e+00
2.880000000000000000e+02 1.403105055899778408e+00
2.890000000000000000e+02 1.403127510969283787e+00
2.900000000000000000e+02 1.403149962935352768e+00
2.910000000000000000e+02 1.403172411797985353e+00
2.920000000000000000e+02 1.403194857557181541e+00
2.930000000000000000e+02 1.403217300212941554e+00
2.940000000000000000e+02 1.403239739765265170e+00
2.950000000000000000e+02 1.403262176214152612e+00
2.960000000000000000e+02 1.403284609559603435e+00
2.970000000000000000e+02 1.403307039801618084e+00
2.980000000000000000e+02 1.403329466940196335e+00
2.990000000000000000e+02 1.403351890975338412e+00
3.000000000000000000e+02 1.403374311907043870e+00
3.010000000000000000e+02 1.403396729735313153e+00
3.020000000000000000e+02 1.403419144460146262e+00
3.030000000000000000e+02 1.403441556081542751e+00
3.040000000000000000e+02 1.403463964599503067e+00
3.050000000000000000e+02 1.403486370014026985e+00
3.060000000000000000e+02 1.403508772325114506e+00
3.070000000000000000e+02 1.403531171532765853e+00
3.080000000000000000e+02 1.403553567636980803e+00
3.090000000000000000e+02 1.403575960637759357e+00
3.100000000000000000e+02 1.403598350535101735e+00
3.110000000000000000e+02 1.403620737329007717e+00
3.120000000000000000e+02 1.403643121019477302e+00
3.130000000000000000e+02 1.403665501606510491e+00
3.140000000000000000e+02 1.403687879090107504e+00
3.150000000000000000e+02 1.403710253470267899e+00
3.160000000000000000e+02 1.403732624746992341e+00
3.170000000000000000e+02 1.403754992920280165e+00
3.180000000000000000e+02 1.403777357990131813e+00
3.190000000000000000e+02 1.403799719956547065e+00
3.200000000000000000e+02 1.403822078819525920e+00
3.210000000000000000e+02 1.403844434579068601e+00
3.220000000000000000e+02 1.403866787235174884e+00
3.230000000000000000e+02 1.403889136787844771e+00
3.240000000000000000e+02 1.403911483237078262e+00
3.250000000000000000e+02 1.403933826582875577e+00
3.260000000000000000e+02 1.403956166825236496e+00
3.270000000000000000e+02 1.403978503964161018e+00
3.280000000000000000e+02 1.404000837999649365e+00
3.290000000000000000e+02 1.404023168931701093e+00
3.300000000000000000e+02 1.404045496760316647e+00
3.310000000000000000e+02 1.404067821485496026e+00
3.320000000000000000e+02 1.404090143107238786e+00
3.330000000000000000e+02 1.404112461625545372e+00
3.340000000000000000e+02 1.404134777040415782e+00
3.350000000000000000e+02 1.404157089351849574e+00
3.360000000000000000e+02 1.404179398559847192e+00
3.370000000000000000e+02 1.404201704664408412e+00
3.380000000000000000e+02 1.404224007665533236e+00
3.390000000000000000e+02 1.404246307563221885e+00
3.400000000000000000e+02 1.404268604357474137e+00
3.410000000000000000e+02 1.404290898048289993e+00
3.420000000000000000e+02 1.404313188635669452e+00
3.430000000000000000e+02 1.404335476119612736e+00
3.440000000000000000e+02 1.404357760500119623e+00
3.450000000000000000e+02 1.404380041777190113e+00
3.460000000000000000e+02 1.404402319950824429e+00
3.470000000000000000e+02 1.404424595021022348e+00
3.480000000000000000e+02 1.404446866987783871e+00
3.490000000000000000e+02 1.404469135851108996e+00
3.500000000000000000e+02 1.404491401610997947e+00
3.510000000000000000e+02 1.404513664267450501e+00
3.520000000000000000e+02 1.404535923820466659e+00
3.530000000000000000e+02 1.404558180270046419e+00
3.540000000000000000e+02 1.404580433616190005e+00
3.550000000000000000e+02 1.404602683858897194e+00
3.560000000000000000e+02 1.404624930998168209e+00
3.570000000000000000e+02 1.404647175034002604e+00
3.580000000000000000e+02 1.404669415966400825e+00
3.590000000000000000e+02 1.404691653795362649e+00
3.600000000000000000e+02 1.404713888520888299e+00
3.610000000000000000e+02 1.404736120142977329e+00
3.620000000000000000e+02 1.404758348661630185e+00
3.630000000000000000e+02 1.404780574076846866e+00
3.640000000000000000e+02 1.404802796388626929e+00
3.650000000000000000e+02 1.404825015596970816e+00
3.660000000000000000e+02 1.404847231701878307e+00
3.670000000000000000e+02 1.404869444703349624e+00
3.680000000000000000e+02 1.404891654601384321e+00
3.690000000000000000e+02 1.404913861395982844e+00
3.700000000000000000e+02 1.404936065087145192e+00
3.710000000000000000e+02 1.404958265674870921e+00
3.720000000000000000e+02 1.404980463159160475e+00
3.730000000000000000e+02 1.405002657540013633e+00
3.740000000000000000e+02 1.405024848817430394e+00
3.750000000000000000e+02 1.405047036991410980e+00
3.760000000000000000e+02 1.405069222061955170e+00
3.770000000000000000e+02 1.405091404029062963e+00
3.780000000000000000e+02 1.405113582892734581e+00
3.790000000000000000e+02 1.405135758652969580e+00
3.800000000000000000e+02 1.405157931309768404e+00
3.810000000000000000e+02 1.405180100863131054e+00
3.820000000000000000e+02 1.405202267313057085e+00
3.830000000000000000e+02 1.405224430659546941e+00
3.840000000000000000e+02 1.405246590902600401e+00
3.850000000000000000e+02 1.405268748042217686e+00
3.860000000000000000e+02 1.405290902078398352e+00
3.870000000000000000e+02 1.405313053011142843e+00
3.880000000000000000e+02 1.405335200840451160e+00
3.890000000000000000e+02 1.405357345566322858e+00
3.900000000000000000e+02 1.405379487188758381e+00
3.910000000000000000e+02 1.405401625707757507e+00
3.920000000000000000e+02 1.405423761123320459e+00
3.930000000000000000e+02 1.405445893435446791e+00
3.940000000000000000e+02 1.405468022644136949e+00
3.950000000000000000e+02 1.405490148749390711e+00
3.960000000000000000e+02 1.405512271751208297e+00
3.970000000000000000e+02 1.405534391649589487e+00
3.980000000000000000e+02 1.405556508444534280e+00
3.990000000000000000e+02 1.405578622136042677e+00
4.000000000000000000e+02 1.405600732724114899e+00
4.010000000000000000e+02 1.405622840208750723e+00
4.020000000000000000e+02 1.405644944589950152e+00
4.030000000000000000e+02 1.405667045867713183e+00
4.040000000000000000e+02 1.405689144042040040e+00
4.050000000000000000e+02 1.405711239112930500e+00
4.060000000000000000e+02 1.405733331080384563e+00
4.070000000000000000e+02 1.405755419944402451e+00
4.080000000000000000e+02 1.405777505704983943e+00
4.090000000000000000e+02 1.405799588362129038e+00
4.100000000000000000e+02 1.405821667915837736e+00
4.110000000000000000e+02 1.405843744366110259e+00
4.120000000000000000e+02 1.405865817712946386e+00
4.130000000000000000e+02 1.405887887956346116e+00
4.140000000000000000e+02 1.405909955096309671e+00
4.150000000000000000e+02 1.405932019132836608e+00
4.160000000000000000e+02 1.405954080065927592e+00
4.170000000000000000e+02 1.405976137895581957e+00
4.180000000000000000e+02 1.405998192621800147e+00
4.190000000000000000e+02 1.406020244244581718e+00
4.200000000000000000e+02 1.406042292763927337e+00
4.210000000000000000e+02 1.406064338179836337e+00
4.220000000000000000e+02 1.406086380492309162e+00
4.230000000000000000e+02 1.406108419701345591e+00
4.240000000000000000e+02 1.406130455806945623e+00
4.250000000000000000e+02 1.406152488809109480e+00
4.260000000000000000e+02 1.406174518707836940e+00
4.270000000000000000e+02 1.406196545503128004e+00
4.280000000000000000e+02 1.406218569194982670e+00
4.290000000000000000e+02 1.406240589783401163e+00
4.300000000000000000e+02 1.406262607268383258e+00
4.310000000000000000e+02 1.406284621649928956e+00
4.320000000000000000e+02 1.406306632928038480e+00
4.330000000000000000e+02 1.406328641102711607e+00
4.340000000000000000e+02 1.406350646173948338e+00
4.350000000000000000e+02 1.406372648141748671e+00
4.360000000000000000e+02 1.406394647006112830e+00
4.370000000000000000e+02 1.406416642767040592e+00
4.380000000000000000e+02 1.406438635424531958e+00
4.390000000000000000e+02 1.406460624978587148e+00
4.400000000000000000e+02 1.406482611429205720e+00
4.410000000000000000e+02 1.406504594776388117e+00
4.420000000000000000e+02 1.406526575020134340e+00
4.430000000000000000e+02 1.406548552160443943e+00
4.440000000000000000e+02 1.406570526197317372e+00
4.450000000000000000e+02 1.406592497130754404e+00
4.460000000000000000e+02 1.406614464960755262e+00
4.470000000000000000e+02 1.406636429687319723e+00
4.480000000000000000e+02 1.406658391310447787e+00
4.490000000000000000e+02 1.406680349830139454e+00
4.500000000000000000e+02 1.406702305246394724e+00
4.510000000000000000e+02 1.406724257559213820e+00
4.520000000000000000e+02 1.406746206768596519e+00
4.530000000000000000e+02 1.406768152874543043e+00
4.540000000000000000e+02 1.406790095877053171e+00
4.550000000000000000e+02 1.406812035776126901e+00
4.560000000000000000e+02 1.406833972571764235e+00
4.570000000000000000e+02 1.406855906263965172e+00
4.580000000000000000e+02 1.406877836852729935e+00
4.590000000000000000e+02 1.406899764338058301e+00
4.600000000000000000e+02 1.406921688719950492e+00
4.610000000000000000e+02 1.406943609998406064e+00
4.620000000000000000e+02 1.406965528173425461e+00
4.630000000000000000e+02 1.406987443245008462e+00
4.640000000000000000e+02 1.407009355213155288e+00
4.650000000000000000e+02 1.407031264077865718e+00
4.660000000000000000e+02 1.407053169839139750e+00
4.670000000000000000e+02 1.407075072496977386e+00
4.680000000000000000e+02 1.407096972051378625e+00
4.690000000000000000e+02 1.407118868502343689e+00
4.700000000000000000e+02 1.407140761849872579e+00
4.710000000000000000e+02 1.407162652093964850e+00
4.720000000000000000e+02 1.407184539234620946e+00
4.730000000000000000e+02 1.407206423271840645e+00
4.740000000000000000e+02 1.407228304205623948e+00
4.750000000000000000e+02 1.407250182035970854e+00
4.760000000000000000e+02 1.407272056762881585e+00
4.770000000000000000e+02 1.407293928386355919e+00
4.780000000000000000e+02 1.407315796906394079e+00
4.790000000000000000e+02 1.407337662322995619e+00
4.800000000000000000e+02 1.407359524636160986e+00
4.810000000000000000e+02 1.407381383845890177e+00
4.820000000000000000e+02 1.407403239952182750e+00
4.830000000000000000e+02 1.407425092955039148e+00
4.840000000000000000e+02 1.407446942854459149e+00
4.850000000000000000e+02 1.407468789650442753e+00
4.860000000000000000e+02 1.407490633342990183e+00
4.870000000000000000e+02 1.407512473932101216e+00
4.880000000000000000e+02 1.407534311417775852e+00
4.890000000000000000e+02 1.407556145800014091e+00
4.900000000000000000e+02 1.407577977078816156e+00
4.910000000000000000e+02 1.407599805254181824e+00
4.920000000000000000e+02 1.407621630326111317e+00
4.930000000000000000e+02 1.407643452294604192e+00
4.940000000000000000e+02 1.407665271159660891e+00
4.950000000000000000e+02 1.407687086921281194e+00
4.960000000000000000e+02 1.407708899579465101e+00
4.970000000000000000e+02 1.407730709134212832e+00
4.980000000000000000e+02 1.407752515585524167e+00
4.990000000000000000e+02 1.407774318933399105e+00
5.000000000000000000e+02 1.407796119177837868e+00
5.010000000000000000e+02 1.407817916318840235e+00
5.020000000000000000e+02 1.407839710356406204e+00
5.030000000000000000e+02 1.407861501290535777e+00
5.040000000000000000e+02 1.407883289121229176e+00
5.050000000000000000e+02 1.407905073848486177e+00
5.060000000000000000e+02 1.407926855472306782e+00
5.070000000000000000e+02 1.407948633992690990e+00
5.080000000000000000e+02 1.407970409409639023e+00
5.090000000000000000e+02 1.407992181723150660e+00
5.100000000000000000e+02 1.408013950933226122e+00
5.110000000000000000e+02 1.408035717039864965e+00
5.120000000000000000e+02 1.408057480043067633e+00
5.130000000000000000e+02 1.408079239942833905e+00
5.140000000000000000e+02 1.408100996739164001e+00
5.150000000000000000e+02 1.408122750432057479e+00
5.160000000000000000e+02 1.408144501021514783e+00
5.170000000000000000e+02 1.408166248507535911e+00
5.180000000000000000e+02 1.408187992890120421e+00
5.190000000000000000e+02 1.408209734169268756e+00
5.200000000000000000e+02 1.408231472344980695e+00
5.210000000000000000e+02 1.408253207417256236e+00
5.220000000000000000e+02 1.408274939386095603e+00
5.230000000000000000e+02 1.408296668251498573e+00
5.240000000000000000e+02 1.408318394013465147e+00
5.250000000000000000e+02 1.408340116671995546e+00
5.260000000000000000e+02 1.408361836227089547e+00
5.270000000000000000e+02 1.408383552678747153e+00
5.280000000000000000e+02 1.408405266026968361e+00
5.290000000000000000e+02 1.408426976271753395e+00
5.300000000000000000e+02 1.408448683413101810e+00
5.310000000000000000e+02 1.408470387451014272e+00
5.320000000000000000e+02 1.408492088385490115e+00
5.330000000000000000e+02 1.408513786216529784e+00
5.340000000000000000e+02 1.408535480944133056e+00
5.350000000000000000e+02 1.408557172568299931e+00
5.360000000000000000e+02 1.408578861089030632e+00
5.370000000000000000e+02 1.408600546506324935e+00
5.380000000000000000e+02 1.408622228820182842e+00
5.390000000000000000e+02 1.408643908030604353e+00
5.400000000000000000e+02 1.408665584137589688e+00
5.410000000000000000e+02 1.408687257141138627e+00
5.420000000000000000e+02 1.408708927041251169e+00
5.430000000000000000e+02 1.408730593837927536e+00
5.440000000000000000e+02 1.408752257531167285e+00
5.450000000000000000e+02 1.408773918120970858e+00
5.460000000000000000e+02 1.408795575607338257e+00
5.470000000000000000e+02 1.408817229990269038e+00
5.480000000000000000e+02 1.408838881269763643e+00
5.490000000000000000e+02 1.408860529445822074e+00
5.500000000000000000e+02 1.408882174518443886e+00
5.510000000000000000e+02 1.408903816487629523e+00
5.520000000000000000e+02 1.408925455353378764e+00
5.530000000000000000e+02 1.408947091115691608e+00
5.540000000000000000e+02 1.408968723774568277e+00
5.550000000000000000e+02 1.408990353330008549e+00
5.560000000000000000e+02 1.409011979782012425e+00
5.570000000000000000e+02 1.409033603130579904e+00
5.580000000000000000e+02 1.409055223375711208e+00
5.590000000000000000e+02 1.409076840517406115e+00
5.600000000000000000e+02 1.409098454555664626e+00
5.610000000000000000e+02 1.409120065490486962e+00
5.620000000000000000e+02 1.409141673321872901e+00
5.630000000000000000e+02 1.409163278049822443e+00
5.640000000000000000e+02 1.409184879674335589e+00
5.650000000000000000e+02 1.409206478195412560e+00
5.660000000000000000e+02 1.409228073613053134e+00
5.670000000000000000e+02 1.409249665927257311e+00
5.680000000000000000e+02 1.409271255138025092e+00
5.690000000000000000e+02 1.409292841245356698e+00
5.700000000000000000e+02 1.409314424249251907e+00
5.710000000000000000e+02 1.409336004149710941e+00
5.720000000000000000e+02 1.409357580946733357e+00
5.730000000000000000e+02 1.409379154640319598e+00
5.740000000000000000e+02 1.409400725230469442e+00
5.750000000000000000e+02 1.409422292717183112e+00
5.760000000000000000e+02 1.409443857100460384e+00
5.770000000000000000e+02 1.409465418380301260e+00
5.780000000000000000e+02 1.409486976556705740e+00
5.790000000000000000e+02 1.409508531629673822e+00
5.800000000000000000e+02 1.409530083599205730e+00
5.810000000000000000e+02 1.409551632465301241e+00
5.820000000000000000e+02 1.409573178227960577e+00
5.830000000000000000e+02 1.409594720887183295e+00
5.840000000000000000e+02 1.409616260442969837e+00
5.850000000000000000e+02 1.409637796895320205e+00
5.860000000000000000e+02 1.409659330244233955e+00
5.870000000000000000e+02 1.409680860489711529e+00
5.880000000000000000e+02 1.409702387631752707e+00
5.890000000000000000e+02 1.409723911670357488e+00
5.900000000000000000e+02 1.409745432605526094e+00
5.910000000000000000e+02 1.409766950437258304e+00
5.920000000000000000e+02 1.409788465165554117e+00
5.930000000000000000e+02 1.409809976790413755e+00
5.940000000000000000e+02 1.409831485311836774e+00
5.950000000000000000e+02 1.409852990729823841e+00
5.960000000000000000e+02 1.409874493044374288e+00
5.970000000000000000e+02 1.409895992255488339e+00
5.980000000000000000e+02 1.409917488363166216e+00
5.990000000000000000e+02 1.409938981367407695e+00
6.000000000000000000e+02 1.409960471268213000e+00
6.010000000000000000e+02 1.409981958065581908e+00
6.020000000000000000e+02 1.410003441759514420e+00
6.030000000000000000e+02 1.410024922350010534e+00
6.040000000000000000e+02 1.410046399837070252e+00
6.050000000000000000e+02 1.410067874220693795e+00
6.060000000000000000e+02 1.410089345500880942e+00
6.070000000000000000e+02 1.410110813677631914e+00
6.080000000000000000e+02 1.410132278750946266e+00
6.090000000000000000e+02 1.410153740720824445e+00
6.100000000000000000e+02 1.410175199587266448e+00
6.110000000000000000e+02 1.410196655350271833e+00
6.120000000000000000e+02 1.410218108009841043e+00
6.130000000000000000e+02 1.410239557565973856e+00
6.140000000000000000e+02 1.410261004018670272e+00
6.150000000000000000e+02 1.410282447367930514e+00
6.160000000000000000e+02 1.410303887613754359e+00
6.170000000000000000e+02 1.410325324756141807e+00
6.180000000000000000e+02 1.410346758795092859e+00
6.190000000000000000e+02 1.410368189730607735e+00
6.200000000000000000e+02 1.410389617562686215e+00
6.210000000000000000e+02 1.410411042291328299e+00
6.220000000000000000e+02 1.410432463916534207e+00
6.230000000000000000e+02 1.410453882438303719e+00
6.240000000000000000e+02 1.410475297856636834e+00
6.250000000000000000e+02 1.410496710171533552e+00
6.260000000000000000e+02 1.410518119382994096e+00
6.270000000000000000e+02 1.410539525491018242e+00
6.280000000000000000e+02 1.410560928495605992e+00
6.290000000000000000e+02 1.410582328396757568e+00
6.300000000000000000e+02 1.410603725194472746e+00
6.310000000000000000e+02 1.410625118888751528e+00
6.320000000000000000e+02 1.410646509479593913e+00
6.330000000000000000e+02 1.410667896967000123e+00
6.340000000000000000e+02 1.410689281350969937e+00
6.350000000000000000e+02 1.410710662631503354e+00
6.360000000000000000e+02 1.410732040808600374e+00
6.370000000000000000e+02 1.410753415882261219e+00
6.380000000000000000e+02 1.410774787852485668e+00
6.390000000000000000e+02 1.410796156719273942e+00
6.400000000000000000e+02 1.410817522482625597e+00
6.410000000000000000e+02 1.410838885142541077e+00
6.420000000000000000e+02 1.410860244699020161e+00
6.430000000000000000e+02 1.410881601152063070e+00
6.440000000000000000e+02 1.410902954501669360e+00
6.450000000000000000e+02 1.410924304747839475e+00
6.460000000000000000e+02 1.410945651890573416e+00
6.470000000000000000e+02 1.410966995929870738e+00
6.480000000000000000e+02 1.410988336865731885e+00
6.490000000000000000e+02 1.411009674698156635e+00
6.500000000000000000e+02 1.411031009427144989e+00
6.510000000000000000e+02 1.411052341052697168e+00
6.520000000000000000e+02 1.411073669574812950e+00
6.530000000000000000e+02 1.411094994993492335e+00
6.540000000000000000e+02 1.411116317308735546e+00
6.550000000000000000e+02 1.411137636520542360e+00
6.560000000000000000e+02 1.411158952628912777e+00
6.570000000000000000e+02 1.411180265633846798e+00
6.580000000000000000e+02 1.411201575535344643e+00
6.590000000000000000e+02 1.411222882333405870e+00
6.600000000000000000e+02 1.411244186028031145e+00
6.610000000000000000e+02 1.411265486619219800e+00
6.620000000000000000e+02 1.411286784106972281e+00
6.630000000000000000e+02 1.411308078491288365e+00
6.640000000000000000e+02 1.411329369772168052e+00
6.650000000000000000e+02 1.411350657949611564e+00
6.660000000000000000e+02 1.411371943023618680e+00
6.670000000000000000e+02 1.411393224994189399e+00
6.680000000000000000e+02 1.411414503861323722e+00
6.690000000000000000e+02 1.411435779625021869e+00
6.700000000000000000e+02 1.411457052285283620e+00
6.710000000000000000e+02 1.411478321842108974e+00
6.720000000000000000e+02 1.411499588295498153e+00
6.730000000000000000e+02 1.411520851645450714e+00
6.740000000000000000e+02 1.411542111891967100e+00
6.750000000000000000e+02 1.411563369035047311e+00
6.760000000000000000e+02 1.411584623074690903e+00
6.770000000000000000e+02 1.411605874010898320e+00
6.780000000000000000e+02 1.411627121843669563e+00
6.790000000000000000e+02 1.411648366573004187e+00
6.800000000000000000e+02 1.411669608198902637e+00
6.810000000000000000e+02 1.411690846721364689e+00
6.820000000000000000e+02 1.411712082140390345e+00
6.830000000000000000e+02 1.411733314455979826e+00
6.840000000000000000e+02 1.411754543668132911e+00
6.850000000000000000e+02 1.411775769776849598e+00
6.860000000000000000e+02 1.411796992782129889e+00
6.870000000000000000e+02 1.411818212683974005e+00
6.880000000000000000e+02 1.411839429482381725e+00
6.890000000000000000e+02 1.411860643177353047e+00
6.900000000000000000e+02 1.411881853768888195e+00
6.910000000000000000e+02 1.411903061256986947e+00
6.920000000000000000e+02 1.411924265641649301e+00
6.930000000000000000e+02 1.411945466922875259e+00
6.940000000000000000e+02 1.411966665100665042e+00
6.950000000000000000e+02 1.411987860175018428e+00
6.960000000000000000e+02 1.412009052145935417e+00
6.970000000000000000e+02 1.412030241013416010e+00
6.980000000000000000e+02 1.412051426777460428e+00
6.990000000000000000e+02 1.412072609438068449e+00
7.000000000000000000e+02 1.412093788995240295e+00
7.010000000000000000e+02 1.412114965448975523e+00
7.020000000000000000e+02 1.412136138799274576e+00
7.030000000000000000e+02 1.412157309046137232e+00
7.040000000000000000e+02 1.412178476189563714e+00
7.050000000000000000e+02 1.412199640229553799e+00
7.060000000000000000e+02 1.412220801166107487e+00
7.070000000000000000e+02 1.412241958999224778e+00
7.080000000000000000e+02 1.412263113728905672e+00
7.090000000000000000e+02 1.412284265355150392e+00
7.100000000000000000e+02 1.412305413877958715e+00
7.110000000000000000e+02 1.412326559297330864e+00
7.120000000000000000e+02 1.412347701613266615e+00
7.130000000000000000e+02 1.412368840825765970e+00
7.140000000000000000e+02 1.412389976934828928e+00
7.150000000000000000e+02 1.412411109940455489e+00
7.160000000000000000e+02 1.412432239842645876e+00
7.170000000000000000e+02 1.412453366641399866e+00
7.180000000000000000e+02 1.412474490336717681e+00
7.190000000000000000e+02 1.412495610928598877e+00
7.200000000000000000e+02 1.412516728417043899e+00
7.210000000000000000e+02 1.412537842802052523e+00
7.220000000000000000e+02 1.412558954083624974e+00
7.230000000000000000e+02 1.412580062261761027e+00
7.240000000000000000e+02 1.412601167336460684e+00
7.250000000000000000e+02 1.412622269307723943e+00
7.260000000000000000e+02 1.412643368175551029e+00
7.270000000000000000e+02 1.412664463939941495e+00
7.280000000000000000e+02 1.412685556600896009e+00
7.290000000000000000e+02 1.412706646158413903e+00
7.300000000000000000e+02 1.412727732612495624e+00
7.310000000000000000e+02 1.412748815963140947e+00
7.320000000000000000e+02 1.412769896210349874e+00
7.330000000000000000e+02 1.412790973354122626e+00
7.340000000000000000e+02 1.412812047394458759e+00
7.350000000000000000e+02 1.412833118331358717e+00
7.360000000000000000e+02 1.412854186164822501e+00
7.370000000000000000e+02 1.412875250894849888e+00
7.380000000000000000e+02 1.412896312521440656e+00
7.390000000000000000e+02 1.412917371044595471e+00
7.400000000000000000e+02 1.412938426464313668e+00
7.410000000000000000e+02 1.412959478780595690e+00
7.420000000000000000e+02 1.412980527993441315e+00
7.430000000000000000e+02 1.413001574102850544e+00
7.440000000000000000e+02 1.413022617108823598e+00
7.450000000000000000e+02 1.413043657011360255e+00
7.460000000000000000e+02 1.413064693810460515e+00
7.470000000000000000e+02 1.413085727506124600e+00
7.480000000000000000e+02 1.413106758098352067e+00
7.490000000000000000e+02 1.413127785587143359e+00
7.500000000000000000e+02 1.413148809972498476e+00
7.510000000000000000e+02 1.413169831254416975e+00
7.520000000000000000e+02 1.413190849432899299e+00
7.530000000000000000e+02 1.413211864507945226e+00
7.540000000000000000e+02 1.413232876479554978e+00
7.550000000000000000e+02 1.413253885347728112e+00
7.560000000000000000e+02 1.413274891112465070e+00
7.570000000000000000e+02 1.413295893773765854e+00
7.580000000000000000e+02 1.413316893331630020e+00
7.590000000000000000e+02 1.413337889786058010e+00
7.600000000000000000e+02 1.413358883137049604e+00
7.610000000000000000e+02 1.413379873384604801e+00
7.620000000000000000e+02 1.413400860528723824e+00
7.630000000000000000e+02 1.413421844569406449e+00
7.640000000000000000e+02 1.413442825506652678e+00
7.650000000000000000e+02 1.413463803340462732e+00
7.660000000000000000e+02 1.413484778070836168e+00
7.670000000000000000e+02 1.413505749697773428e+00
7.680000000000000000e+02 1.413526718221274514e+00
7.690000000000000000e+02 1.413547683641338981e+00
7.700000000000000000e+02 1.413568645957967274e+00
7.710000000000000000e+02 1.413589605171159169e+00
7.720000000000000000e+02 1.413610561280914890e+00
7.730000000000000000e+02 1.413631514287233992e+00
7.740000000000000000e+02 1.413652464190116920e+00
7.750000000000000000e+02 1.413673410989563672e+00
7.760000000000000000e+02 1.413694354685573806e+00
7.770000000000000000e+02 1.413715295278147766e+00
7.780000000000000000e+02 1.413736232767285328e+00
7.790000000000000000e+02 1.413757167152986716e+00
7.800000000000000000e+02 1.413778098435251485e+00
7.810000000000000000e+02 1.413799026614080079e+00
7.820000000000000000e+02 1.413819951689472276e+00
7.830000000000000000e+02 1.413840873661428299e+00
7.840000000000000000e+02 1.413861792529947925e+00
7.850000000000000000e+02 1.413882708295031154e+00
7.860000000000000000e+02 1.413903620956677987e+00
7.870000000000000000e+02 1.413924530514888644e+00
7.880000000000000000e+02 1.413945436969662905e+00
7.890000000000000000e+02 1.413966340321000770e+00
7.900000000000000000e+02 1.413987240568902237e+00
7.910000000000000000e+02 1.414008137713367530e+00
7.920000000000000000e+02 1.414029031754396426e+00
7.930000000000000000e+02 1.414049922691988925e+00
7.940000000000000000e+02 1.414070810526145250e+00
7.950000000000000000e+02 1.414091695256865178e+00
7.960000000000000000e+02 1.414112576884148709e+00
7.970000000000000000e+02 1.414133455407995843e+00
7.980000000000000000e+02 1.414154330828406803e+00
7.990000000000000000e+02 1.414175203145381365e+00
8.000000000000000000e+02 1.414196072358919531e+00
8.010000000000000000e+02 1.414216938469021523e+00
8.020000000000000000e+02 1.414237801475687117e+00
8.030000000000000000e+02 1.414258661378916315e+00
8.040000000000000000e+02 1.414279518178709116e+00
8.050000000000000000e+02 1.414300371875065743e+00
8.060000000000000000e+02 1.414321222467985972e+00
8.070000000000000000e+02 1.414342069957469805e+00
8.080000000000000000e+02 1.414362914343517241e+00
8.090000000000000000e+02 1.414383755626128503e+00
8.100000000000000000e+02 1.414404593805303367e+00
8.110000000000000000e+02 1.414425428881041835e+00
8.120000000000000000e+02 1.414446260853344128e+00
8.130000000000000000e+02 1.414467089722210025e+00
8.140000000000000000e+02 1.414487915487639524e+00
8.150000000000000000e+02 1.414508738149632627e+00
8.160000000000000000e+02 1.414529557708189555e+00
8.170000000000000000e+02 1.414550374163310087e+00
8.180000000000000000e+02 1.414571187514994222e+00
8.190000000000000000e+02 1.414591997763242182e+00
8.200000000000000000e+02 1.414612804908053745e+00
8.210000000000000000e+02 1.414633608949428911e+00
8.220000000000000000e+02 1.414654409887367681e+00
8.230000000000000000e+02 1.414675207721870276e+00
8.240000000000000000e+02 1.414696002452936474e+00
8.250000000000000000e+02 1.414716794080566276e+00
8.260000000000000000e+02 1.414737582604759902e+00
8.270000000000000000e+02 1.414758368025517132e+00
8.280000000000000000e+02 1.414779150342837966e+00
8.290000000000000000e+02 1.414799929556722402e+00
8.300000000000000000e+02 1.414820705667170664e+00
8.310000000000000000e+02 1.414841478674182307e+00
8.320000000000000000e+02 1.414862248577757997e+00
8.330000000000000000e+02 1.414883015377897069e+00
8.340000000000000000e+02 1.414903779074599965e+00
8.350000000000000000e+02 1.414924539667866465e+00
8.360000000000000000e+02 1.414945297157696569e+00
8.370000000000000000e+02 1.414966051544090497e+00
8.380000000000000000e+02 1.414986802827048029e+00
8.390000000000000000e+02 1.415007551006569164e+00
8.400000000000000000e+02 1.415028296082653902e+00
8.410000000000000000e+02 1.415049038055302466e+00
8.420000000000000000e+02 1.415069776924514633e+00
8.430000000000000000e+02 1.415090512690290403e+00
8.440000000000000000e+02 1.415111245352629998e+00
8.450000000000000000e+02 1.415131974911532975e+00
8.460000000000000000e+02 1.415152701366999777e+00
8.470000000000000000e+02 1.415173424719030404e+00
8.480000000000000000e+02 1.415194144967624412e+00
8.490000000000000000e+02 1.415214862112782246e+00
8.500000000000000000e+02 1.415235576154503905e+00
8.510000000000000000e+02 1.415256287092788945e+00
8.520000000000000000e+02 1.415276994927637810e+00
8.530000000000000000e+02 1.415297699659050279e+00
8.540000000000000000e+02 1.415318401287026351e+00
8.550000000000000000e+02 1.415339099811566248e+00
8.560000000000000000e+02 1.415359795232669748e+00
8.570000000000000000e+02 1.415380487550336852e+00
8.580000000000000000e+02 1.415401176764567559e+00
8.590000000000000000e+02 1.415421862875362091e+00
8.600000000000000000e+02 1.415442545882720227e+00
8.610000000000000000e+02 1.415463225786641965e+00
8.620000000000000000e+02 1.415483902587127529e+00
8.630000000000000000e+02 1.415504576284176697e+00
8.640000000000000000e+02 1.415525246877789467e+00
8.650000000000000000e+02 1.415545914367965841e+00
8.660000000000000000e+02 1.415566578754706040e+00
8.670000000000000000e+02 1.415587240038009842e+00
8.680000000000000000e+02 1.415607898217877247e+00
8.690000000000000000e+02 1.415628553294308478e+00
