# order=7: data_wav [pixel], data_wavsolution [micron]
3.000000000000000000e+00 1.430567330562070971e+00
4.000000000000000000e+00 1.430566747070371791e+00
5.000000000000000000e+00 1.430566464063887100e+00
6.000000000000000000e+00 1.430566481542616675e+00
7.000000000000000000e+00 1.430566799506560738e+00
8.000000000000000000e+00 1.430567417955719289e+00
9.000000000000000000e+00 1.430568336890092329e+00
1.000000000000000000e+01 1.430569556309679635e+00
1.100000000000000000e+01 1.430571076214481430e+00
1.200000000000000000e+01 1.430572896604497712e+00
1.300000000000000000e+01 1.430575017479728261e+00
1.400000000000000000e+01 1.430577438840173299e+00
1.500000000000000000e+01 1.430580160685832825e+00
1.600000000000000000e+01 1.430583183016706617e+00
1.700000000000000000e+01 1.430586505832794897e+00
1.800000000000000000e+01 1.430590129134097443e+00
1.900000000000000000e+01 1.430594052920614700e+00
2.000000000000000000e+01 1.430598277192346224e+00
2.100000000000000000e+01 1.430602801949292013e+00
2.200000000000000000e+01 1.430607627191452513e+00
2.300000000000000000e+01 1.430612752918827280e+00
2.400000000000000000e+01 1.430618179131416312e+00
2.500000000000000000e+01 1.430623905829220055e+00
2.600000000000000000e+01 1.430629933012238064e+00
2.700000000000000000e+01 1.430636260680470562e+00
2.800000000000000000e+01 1.430642888833917326e+00
2.900000000000000000e+01 1.430649817472578578e+00
3.000000000000000000e+01 1.430657046596454318e+00
3.100000000000000000e+01 1.430664576205544325e+00
3.200000000000000000e+01 1.430672406299848820e+00
3.300000000000000000e+01 1.430680536879367803e+00
3.400000000000000000e+01 1.430688967944101053e+00
3.500000000000000000e+01 1.430697699494048791e+00
3.600000000000000000e+01 1.430706731529211018e+00
3.700000000000000000e+01 1.430716064049587732e+00
3.800000000000000000e+01 1.430725697055178713e+00
3.900000000000000000e+01 1.430735630545983961e+00
4.000000000000000000e+01 1.430745864522003918e+00
4.100000000000000000e+01 1.430756398983238142e+00
4.200000000000000000e+01 1.430767233929686855e+00
4.300000000000000000e+01 1.430778369361349833e+00
4.400000000000000000e+01 1.430789805278227300e+00
4.500000000000000000e+01 1.430801541680319255e+00
4.600000000000000000e+01 1.430813578567625699e+00
4.700000000000000000e+01 1.430825915940146409e+00
4.800000000000000000e+01 1.430838553797881607e+00
4.900000000000000000e+01 1.430851492140831072e+00
5.000000000000000000e+01 1.430864730968995024e+00
5.100000000000000000e+01 1.430878270282373466e+00
5.200000000000000000e+01 1.430892110080966395e+00
5.300000000000000000e+01 1.430906250364773591e+00
5.400000000000000000e+01 1.430920691133795275e+00
5.500000000000000000e+01 1.430935432388031225e+00
5.600000000000000000e+01 1.430950474127481886e+00
5.700000000000000000e+01 1.430965816352146591e+00
5.800000000000000000e+01 1.430981459062026007e+00
5.900000000000000000e+01 1.430997402257119688e+00
6.000000000000000000e+01 1.431013645937427858e+00
6.100000000000000000e+01 1.431030190102950517e+00
6.200000000000000000e+01 1.431047034753687441e+00
6.300000000000000000e+01 1.431064179889638854e+00
6.400000000000000000e+01 1.431081625510804756e+00
6.500000000000000000e+01 1.431099371617184923e+00
6.600000000000000000e+01 1.431117418208779579e+00
6.700000000000000000e+01 1.431135765285588501e+00
6.800000000000000000e+01 1.431154412847612134e+00
6.900000000000000000e+01 1.431173360894850033e+00
7.000000000000000000e+01 1.431192609427302198e+00
7.100000000000000000e+01 1.431212158444969074e+00
7.200000000000000000e+01 1.431232007947850216e+00
7.300000000000000000e+01 1.431252157935945624e+00
7.400000000000000000e+01 1.431272608409255742e+00
7.500000000000000000e+01 1.431293359367780127e+00
7.600000000000000000e+01 1.431314410811518778e+00
7.700000000000000000e+01 1.431335762740472139e+00
7.800000000000000000e+01 1.431357415154639767e+00
7.900000000000000000e+01 1.431379368054021661e+00
8.000000000000000000e+01 1.431401621438618266e+00
8.100000000000000000e+01 1.431424175308429136e+00
8.200000000000000000e+01 1.431447029663454273e+00
8.300000000000000000e+01 1.431470184503694121e+00
8.400000000000000000e+01 1.431493639829148234e+00
8.500000000000000000e+01 1.431517395639816836e+00
8.600000000000000000e+01 1.431541451935699705e+00
8.700000000000000000e+01 1.431565808716797061e+00
8.800000000000000000e+01 1.431590465983108906e+00
8.900000000000000000e+01 1.431615423734635018e+00
9.000000000000000000e+01 1.431640681971375617e+00
9.100000000000000000e+01 1.431666240693330705e+00
9.200000000000000000e+01 1.431692099900500281e+00
9.300000000000000000e+01 1.431718259592884124e+00
9.400000000000000000e+01 1.431744719770482455e+00
9.500000000000000000e+01 1.431771480433295052e+00
9.600000000000000000e+01 1.431798541581322137e+00
9.700000000000000000e+01 1.431825903214563711e+00
9.800000000000000000e+01 1.431853565333019773e+00
9.900000000000000000e+01 1.431881527936690102e+00
1.000000000000000000e+02 1.431909791025574918e+00
1.010000000000000000e+02 1.431938354599674001e+00
1.020000000000000000e+02 1.431967218658987573e+00
1.030000000000000000e+02 1.431996383203515633e+00
1.040000000000000000e+02 1.432025848233258181e+00
1.050000000000000000e+02 1.432055613748214995e+00
1.060000000000000000e+02 1.432085679748386298e+00
1.070000000000000000e+02 1.432116046233771867e+00
1.080000000000000000e+02 1.432146713204371924e+00
1.090000000000000000e+02 1.432177680660186470e+00
1.100000000000000000e+02 1.432208948601215504e+00
1.110000000000000000e+02 1.432240517027458804e+00
1.120000000000000000e+02 1.432272385938916592e+00
1.130000000000000000e+02 1.432304555335588869e+00
1.140000000000000000e+02 1.432337025217475412e+00
1.150000000000000000e+02 1.432369795584576444e+00
1.160000000000000000e+02 1.432402866436891964e+00
1.170000000000000000e+02 1.432436237774421750e+00
1.180000000000000000e+02 1.432469909597166025e+00
1.190000000000000000e+02 1.432503881905124565e+00
1.200000000000000000e+02 1.432538154698297816e+00
1.210000000000000000e+02 1.432572727976685334e+00
1.220000000000000000e+02 1.432607601740287118e+00
1.230000000000000000e+02 1.432642775989103612e+00
1.240000000000000000e+02 1.432678250723134372e+00
1.250000000000000000e+02 1.432714025942379399e+00
1.260000000000000000e+02 1.432750101646839136e+00
1.270000000000000000e+02 1.432786477836513139e+00
1.280000000000000000e+02 1.432823154511401409e+00
1.290000000000000000e+02 1.432860131671504389e+00
1.300000000000000000e+02 1.432897409316821635e+00
1.310000000000000000e+02 1.432934987447353148e+00
1.320000000000000000e+02 1.432972866063099371e+00
1.330000000000000000e+02 1.433011045164059860e+00
1.340000000000000000e+02 1.433049524750234838e+00
1.350000000000000000e+02 1.433088304821624082e+00
1.360000000000000000e+02 1.433127385378227814e+00
1.370000000000000000e+02 1.433166766420046034e+00
1.380000000000000000e+02 1.433206447947078521e+00
1.390000000000000000e+02 1.433246429959325496e+00
1.400000000000000000e+02 1.433286712456786960e+00
1.410000000000000000e+02 1.433327295439462690e+00
1.420000000000000000e+02 1.433368178907353130e+00
1.430000000000000000e+02 1.433409362860457614e+00
1.440000000000000000e+02 1.433450847298776809e+00
1.450000000000000000e+02 1.433492632222310270e+00
1.460000000000000000e+02 1.433534717631058220e+00
1.470000000000000000e+02 1.433577103525020435e+00
1.480000000000000000e+02 1.433619789904197139e+00
1.490000000000000000e+02 1.433662776768588332e+00
1.500000000000000000e+02 1.433706064118194012e+00
1.510000000000000000e+02 1.433749651953013959e+00
1.520000000000000000e+02 1.433793540273048395e+00
1.530000000000000000e+02 1.433837729078297096e+00
1.540000000000000000e+02 1.433882218368760286e+00
1.550000000000000000e+02 1.433927008144437965e+00
1.560000000000000000e+02 1.433972098405330131e+00
1.570000000000000000e+02 1.434017489151436564e+00
1.580000000000000000e+02 1.434063180382757485e+00
1.590000000000000000e+02 1.434109172099292673e+00
1.600000000000000000e+02 1.434155464301042571e+00
1.610000000000000000e+02 1.434202056988006735e+00
1.620000000000000000e+02 1.434248950160185165e+00
1.630000000000000000e+02 1.434296143817578084e+00
1.640000000000000000e+02 1.434343637960185491e+00
1.650000000000000000e+02 1.434391432588007387e+00
1.660000000000000000e+02 1.434439527701043549e+00
1.670000000000000000e+02 1.434487923299294199e+00
1.680000000000000000e+02 1.434536619382759337e+00
1.690000000000000000e+02 1.434585615951438742e+00
1.700000000000000000e+02 1.434634913005332635e+00
1.710000000000000000e+02 1.434684510544441016e+00
1.720000000000000000e+02 1.434734408568763664e+00
1.730000000000000000e+02 1.434784607078300800e+00
1.740000000000000000e+02 1.434835106073052424e+00
1.750000000000000000e+02 1.434885905553018315e+00
1.760000000000000000e+02 1.434937005518198694e+00
1.770000000000000000e+02 1.434988405968593561e+00
1.780000000000000000e+02 1.435040106904202695e+00
1.790000000000000000e+02 1.435092108325026317e+00
1.800000000000000000e+02 1.435144410231064427e+00
1.810000000000000000e+02 1.435197012622316803e+00
1.820000000000000000e+02 1.435249915498783668e+00
1.830000000000000000e+02 1.435303118860465021e+00
1.840000000000000000e+02 1.435356622707360641e+00
1.850000000000000000e+02 1.435410427039470749e+00
1.860000000000000000e+02 1.435464531856795345e+00
1.870000000000000000e+02 1.435518937159334207e+00
1.880000000000000000e+02 1.435573642947087558e+00
1.890000000000000000e+02 1.435628649220055397e+00
1.900000000000000000e+02 1.435683955978237725e+00
1.910000000000000000e+02 1.435739563221634318e+00
1.920000000000000000e+02 1.435795470950245178e+00
1.930000000000000000e+02 1.435851679164070749e+00
1.940000000000000000e+02 1.435908187863110586e+00
1.950000000000000000e+02 1.435964997047364911e+00
1.960000000000000000e+02 1.436022106716833502e+00
1.970000000000000000e+02 1.436079516871516581e+00
1.980000000000000000e+02 1.436137227511414149e+00
1.990000000000000000e+02 1.436195238636526206e+00
2.000000000000000000e+02 1.436253550246852528e+00
2.010000000000000000e+02 1.436312162342393339e+00
2.020000000000000000e+02 1.436371074923148417e+00
2.030000000000000000e+02 1.436430287989117982e+00
2.040000000000000000e+02 1.436489801540302036e+00
2.050000000000000000e+02 1.436549615576700578e+00
2.060000000000000000e+02 1.436609730098313387e+00
2.070000000000000000e+02 1.436670145105140683e+00
2.080000000000000000e+02 1.436730860597182247e+00
2.090000000000000000e+02 1.436791876574438298e+00
2.100000000000000000e+02 1.436853193036908838e+00
2.110000000000000000e+02 1.436914809984593866e+00
2.120000000000000000e+02 1.436976727417493160e+00
2.130000000000000000e+02 1.437038945335606943e+00
2.140000000000000000e+02 1.437101463738935214e+00
2.150000000000000000e+02 1.437164282627477752e+00
2.160000000000000000e+02 1.437227402001234777e+00
2.170000000000000000e+02 1.437290821860206069e+00
2.180000000000000000e+02 1.437354542204392072e+00
2.190000000000000000e+02 1.437418563033792340e+00
2.200000000000000000e+02 1.437482884348406875e+00
2.210000000000000000e+02 1.437547506148236121e+00
2.220000000000000000e+02 1.437612428433279410e+00
2.230000000000000000e+02 1.437677651203537410e+00
2.240000000000000000e+02 1.437743174459009676e+00
2.250000000000000000e+02 1.437808998199696431e+00
2.260000000000000000e+02 1.437875122425597674e+00
2.270000000000000000e+02 1.437941547136713183e+00
2.280000000000000000e+02 1.438008272333043180e+00
2.290000000000000000e+02 1.438075298014587666e+00
2.300000000000000000e+02 1.438142624181346418e+00
2.310000000000000000e+02 1.438210250833319659e+00
2.320000000000000000e+02 1.438278177970507388e+00
2.330000000000000000e+02 1.438346405592909605e+00
2.340000000000000000e+02 1.438414933700526088e+00
2.350000000000000000e+02 1.438483762293356838e+00
2.360000000000000000e+02 1.438552891371402298e+00
2.370000000000000000e+02 1.438622320934662024e+00
2.380000000000000000e+02 1.438692050983136017e+00
2.390000000000000000e+02 1.438762081516824720e+00
2.400000000000000000e+02 1.438832412535727689e+00
2.410000000000000000e+02 1.438903044039845147e+00
2.420000000000000000e+02 1.438973976029176871e+00
2.430000000000000000e+02 1.439045208503723083e+00
2.440000000000000000e+02 1.439116741463483784e+00
2.450000000000000000e+02 1.439188574908458751e+00
2.460000000000000000e+02 1.439260708838648428e+00
2.470000000000000000e+02 1.439333143254052150e+00
2.480000000000000000e+02 1.439405878154670582e+00
2.490000000000000000e+02 1.439478913540503280e+00
2.500000000000000000e+02 1.439552249411550466e+00
2.510000000000000000e+02 1.439625885767811919e+00
2.520000000000000000e+02 1.439699822609287860e+00
2.530000000000000000e+02 1.439774059935978290e+00
2.540000000000000000e+02 1.439848597747883208e+00
2.550000000000000000e+02 1.439923436045002392e+00
2.560000000000000000e+02 1.439998574827336064e+00
2.570000000000000000e+02 1.440074014094884003e+00
2.580000000000000000e+02 1.440149753847646430e+00
2.590000000000000000e+02 1.440225794085623345e+00
2.600000000000000000e+02 1.440302134808814749e+00
2.610000000000000000e+02 1.440378776017220419e+00
2.620000000000000000e+02 1.440455717710840577e+00
2.630000000000000000e+02 1.440532959889675224e+00
2.640000000000000000e+02 1.440610502553724137e+00
2.650000000000000000e+02 1.440688345702987538e+00
2.660000000000000000e+02 1.440766489337465206e+00
2.670000000000000000e+02 1.440844933457157584e+00
2.680000000000000000e+02 1.440923678062064006e+00
2.690000000000000000e+02 1.441002723152185139e+00
2.700000000000000000e+02 1.441082068727520538e+00
2.710000000000000000e+02 1.441161714788070425e+00
2.720000000000000000e+02 1.441241661333834800e+00
2.730000000000000000e+02 1.441321908364813442e+00
2.740000000000000000e+02 1.441402455881006572e+00
2.750000000000000000e+02 1.441483303882414191e+00
2.760000000000000000e+02 1.441564452369036076e+00
2.770000000000000000e+02 1.441645901340872449e+00
2.780000000000000000e+02 1.441727650797923310e+00
2.790000000000000000e+02 1.441809700740188438e+00
2.800000000000000000e+02 1.441892051167668054e+00
2.810000000000000000e+02 1.441974702080362158e+00
2.820000000000000000e+02 1.442057653478270529e+00
2.830000000000000000e+02 1.442140905361393388e+00
2.840000000000000000e+02 1.442224457729730736e+00
2.850000000000000000e+02 1.442308310583282349e+00
2.860000000000000000e+02 1.442392463922048451e+00
2.870000000000000000e+02 1.442476917746029041e+00
2.880000000000000000e+02 1.442561672055223898e+00
2.890000000000000000e+02 1.442646726849633465e+00
2.900000000000000000e+02 1.442732082129257076e+00
2.910000000000000000e+02 1.442817737894095398e+00
2.920000000000000000e+02 1.442903694144147986e+00
2.930000000000000000e+02 1.442989950879415062e+00
2.940000000000000000e+02 1.443076508099896405e+00
2.950000000000000000e+02 1.443163365805592235e+00
2.960000000000000000e+02 1.443250523996502555e+00
2.970000000000000000e+02 1.443337982672627140e+00
2.980000000000000000e+02 1.443425741833966214e+00
2.990000000000000000e+02 1.443513801480519776e+00
3.000000000000000000e+02 1.443602161612287826e+00
3.010000000000000000e+02 1.443690822229270143e+00
3.020000000000000000e+02 1.443779783331466948e+00
3.030000000000000000e+02 1.443869044918878020e+00
3.040000000000000000e+02 1.443958606991503579e+00
3.050000000000000000e+02 1.444048469549343627e+00
3.060000000000000000e+02 1.444138632592398164e+00
3.070000000000000000e+02 1.444229096120666966e+00
3.080000000000000000e+02 1.444319860134150257e+00
3.090000000000000000e+02 1.444410924632847815e+00
3.100000000000000000e+02 1.444502289616759860e+00
3.110000000000000000e+02 1.444593955085886394e+00
3.120000000000000000e+02 1.444685921040227417e+00
3.130000000000000000e+02 1.444778187479782705e+00
3.140000000000000000e+02 1.444870754404552482e+00
3.150000000000000000e+02 1.444963621814536747e+00
3.160000000000000000e+02 1.445056789709735279e+00
3.170000000000000000e+02 1.445150258090148299e+00
3.180000000000000000e+02 1.445244026955775585e+00
3.190000000000000000e+02 1.445338096306617359e+00
3.200000000000000000e+02 1.445432466142673622e+00
3.210000000000000000e+02 1.445527136463944373e+00
3.220000000000000000e+02 1.445622107270429391e+00
3.230000000000000000e+02 1.445717378562128896e+00
3.240000000000000000e+02 1.445812950339042890e+00
3.250000000000000000e+02 1.445908822601171151e+00
3.260000000000000000e+02 1.446004995348513900e+00
3.270000000000000000e+02 1.446101468581071137e+00
3.280000000000000000e+02 1.446198242298842640e+00
3.290000000000000000e+02 1.446295316501828632e+00
3.300000000000000000e+02 1.446392691190029112e+00
3.310000000000000000e+02 1.446490366363443858e+00
3.320000000000000000e+02 1.446588342022073093e+00
3.330000000000000000e+02 1.446686618165916816e+00
3.340000000000000000e+02 1.446785194794974805e+00
3.350000000000000000e+02 1.446884071909247282e+00
3.360000000000000000e+02 1.446983249508734248e+00
3.370000000000000000e+02 1.447082727593435481e+00
3.380000000000000000e+02 1.447182506163351201e+00
3.390000000000000000e+02 1.447282585218481410e+00
3.400000000000000000e+02 1.447382964758825885e+00
3.410000000000000000e+02 1.447483644784385071e+00
3.420000000000000000e+02 1.447584625295158300e+00
3.430000000000000000e+02 1.447685906291146241e+00
3.440000000000000000e+02 1.447787487772348447e+00
3.450000000000000000e+02 1.447889369738765142e+00
3.460000000000000000e+02 1.447991552190396103e+00
3.470000000000000000e+02 1.448094035127241552e+00
3.480000000000000000e+02 1.448196818549301490e+00
3.490000000000000000e+02 1.448299902456575694e+00
3.500000000000000000e+02 1.448403286849064386e+00
3.510000000000000000e+02 1.448506971726767567e+00
3.520000000000000000e+02 1.448610957089685236e+00
3.530000000000000000e+02 1.448715242937817171e+00
3.540000000000000000e+02 1.448819829271163595e+00
3.550000000000000000e+02 1.448924716089724285e+00
3.560000000000000000e+02 1.449029903393499463e+00
3.570000000000000000e+02 1.449135391182489130e+00
3.580000000000000000e+02 1.449241179456693285e+00
3.590000000000000000e+02 1.449347268216111706e+00
3.600000000000000000e+02 1.449453657460744616e+00
3.610000000000000000e+02 1.449560347190591791e+00
3.620000000000000000e+02 1.449667337405653678e+00
3.630000000000000000e+02 1.449774628105929608e+00
3.640000000000000000e+02 1.449882219291420249e+00
3.650000000000000000e+02 1.449990110962125156e+00
3.660000000000000000e+02 1.450098303118044551e+00
3.670000000000000000e+02 1.450206795759178435e+00
3.680000000000000000e+02 1.450315588885526585e+00
3.690000000000000000e+02 1.450424682497089224e+00
3.700000000000000000e+02 1.450534076593866128e+00
3.710000000000000000e+02 1.450643771175857744e+00
3.720000000000000000e+02 1.450753766243063625e+00
3.730000000000000000e+02 1.450864061795483773e+00
3.740000000000000000e+02 1.450974657833118631e+00
3.750000000000000000e+02 1.451085554355967533e+00
3.760000000000000000e+02 1.451196751364031146e+00
3.770000000000000000e+02 1.451308248857309025e+00
3.780000000000000000e+02 1.451420046835801392e+00
3.790000000000000000e+02 1.451532145299508247e+00
3.800000000000000000e+02 1.451644544248429369e+00
3.810000000000000000e+02 1.451757243682564980e+00
3.820000000000000000e+02 1.451870243601915078e+00
3.830000000000000000e+02 1.451983544006479443e+00
3.840000000000000000e+02 1.452097144896258296e+00
3.850000000000000000e+02 1.452211046271251638e+00
3.860000000000000000e+02 1.452325248131459245e+00
3.870000000000000000e+02 1.452439750476881342e+00
3.880000000000000000e+02 1.452554553307517926e+00
3.890000000000000000e+02 1.452669656623368999e+00
3.900000000000000000e+02 1.452785060424434338e+00
3.910000000000000000e+02 1.452900764710713943e+00
3.920000000000000000e+02 1.453016769482208259e+00
3.930000000000000000e+02 1.453133074738916841e+00
3.940000000000000000e+02 1.453249680480839912e+00
3.950000000000000000e+02 1.453366586707977248e+00
3.960000000000000000e+02 1.453483793420329073e+00
3.970000000000000000e+02 1.453601300617895387e+00
3.980000000000000000e+02 1.453719108300675966e+00
3.990000000000000000e+02 1.453837216468671034e+00
4.000000000000000000e+02 1.453955625121880590e+00
4.010000000000000000e+02 1.454074334260304635e+00
4.020000000000000000e+02 1.454193343883942946e+00
4.030000000000000000e+02 1.454312653992795745e+00
4.040000000000000000e+02 1.454432264586862811e+00
4.050000000000000000e+02 1.454552175666144365e+00
4.060000000000000000e+02 1.454672387230640407e+00
4.070000000000000000e+02 1.454792899280350937e+00
4.080000000000000000e+02 1.454913711815275734e+00
4.090000000000000000e+02 1.455034824835415019e+00
4.100000000000000000e+02 1.455156238340768571e+00
4.110000000000000000e+02 1.455277952331336611e+00
4.120000000000000000e+02 1.455399966807119139e+00
4.130000000000000000e+02 1.455522281768116155e+00
4.140000000000000000e+02 1.455644897214327438e+00
4.150000000000000000e+02 1.455767813145753209e+00
4.160000000000000000e+02 1.455891029562393246e+00
4.170000000000000000e+02 1.456014546464247994e+00
4.180000000000000000e+02 1.456138363851316786e+00
4.190000000000000000e+02 1.456262481723600288e+00
4.200000000000000000e+02 1.456386900081098057e+00
4.210000000000000000e+02 1.456511618923810314e+00
4.220000000000000000e+02 1.456636638251737059e+00
4.230000000000000000e+02 1.456761958064878071e+00
4.240000000000000000e+02 1.456887578363233571e+00
4.250000000000000000e+02 1.457013499146803559e+00
4.260000000000000000e+02 1.457139720415587814e+00
4.270000000000000000e+02 1.457266242169586556e+00
4.280000000000000000e+02 1.457393064408799788e+00
4.290000000000000000e+02 1.457520187133227285e+00
4.300000000000000000e+02 1.457647610342869271e+00
4.310000000000000000e+02 1.457775334037725523e+00
4.320000000000000000e+02 1.457903358217796486e+00
4.330000000000000000e+02 1.458031682883081714e+00
4.340000000000000000e+02 1.458160308033581209e+00
4.350000000000000000e+02 1.458289233669295415e+00
4.360000000000000000e+02 1.458418459790223887e+00
4.370000000000000000e+02 1.458547986396366847e+00
4.380000000000000000e+02 1.458677813487724073e+00
4.390000000000000000e+02 1.458807941064295788e+00
4.400000000000000000e+02 1.458938369126081991e+00
4.410000000000000000e+02 1.459069097673082460e+00
4.420000000000000000e+02 1.459200126705297418e+00
4.430000000000000000e+02 1.459331456222726864e+00
4.440000000000000000e+02 1.459463086225370576e+00
4.450000000000000000e+02 1.459595016713228777e+00
4.460000000000000000e+02 1.459727247686301466e+00
4.470000000000000000e+02 1.459859779144588643e+00
4.480000000000000000e+02 1.459992611088090086e+00
4.490000000000000000e+02 1.460125743516805796e+00
4.500000000000000000e+02 1.460259176430736217e+00
4.510000000000000000e+02 1.460392909829880903e+00
4.520000000000000000e+02 1.460526943714240078e+00
4.530000000000000000e+02 1.460661278083813519e+00
4.540000000000000000e+02 1.460795912938601449e+00
4.550000000000000000e+02 1.460930848278603866e+00
4.560000000000000000e+02 1.461066084103820772e+00
4.570000000000000000e+02 1.461201620414251945e+00
4.580000000000000000e+02 1.461337457209897606e+00
4.590000000000000000e+02 1.461473594490757533e+00
4.600000000000000000e+02 1.461610032256831948e+00
4.610000000000000000e+02 1.461746770508120852e+00
4.620000000000000000e+02 1.461883809244624244e+00
4.630000000000000000e+02 1.462021148466341902e+00
4.640000000000000000e+02 1.462158788173274049e+00
4.650000000000000000e+02 1.462296728365420462e+00
4.660000000000000000e+02 1.462434969042781585e+00
4.670000000000000000e+02 1.462573510205356753e+00
4.680000000000000000e+02 1.462712351853146631e+00
4.690000000000000000e+02 1.462851493986150775e+00
4.700000000000000000e+02 1.462990936604369407e+00
4.710000000000000000e+02 1.463130679707802528e+00
4.720000000000000000e+02 1.463270723296449916e+00
4.730000000000000000e+02 1.463411067370311791e+00
4.740000000000000000e+02 1.463551711929387933e+00
4.750000000000000000e+02 1.463692656973678785e+00
4.760000000000000000e+02 1.463833902503183904e+00
4.770000000000000000e+02 1.463975448517903288e+00
4.780000000000000000e+02 1.464117295017837383e+00
4.790000000000000000e+02 1.464259442002985745e+00
4.800000000000000000e+02 1.464401889473348373e+00
4.810000000000000000e+02 1.464544637428925711e+00
4.820000000000000000e+02 1.464687685869717093e+00
4.830000000000000000e+02 1.464831034795723186e+00
4.840000000000000000e+02 1.464974684206943767e+00
4.850000000000000000e+02 1.465118634103378614e+00
4.860000000000000000e+02 1.465262884485027728e+00
4.870000000000000000e+02 1.465407435351891552e+00
4.880000000000000000e+02 1.465552286703969642e+00
4.890000000000000000e+02 1.465697438541261999e+00
4.900000000000000000e+02 1.465842890863769066e+00
4.910000000000000000e+02 1.465988643671490399e+00
4.920000000000000000e+02 1.466134696964425999e+00
4.930000000000000000e+02 1.466281050742576308e+00
4.940000000000000000e+02 1.466427705005940885e+00
4.950000000000000000e+02 1.466574659754519949e+00
4.960000000000000000e+02 1.466721914988313280e+00
4.970000000000000000e+02 1.466869470707321099e+00
4.980000000000000000e+02 1.467017326911543407e+00
4.990000000000000000e+02 1.467165483600979980e+00
5.000000000000000000e+02 1.467313940775631043e+00
5.010000000000000000e+02 1.467462698435496593e+00
5.020000000000000000e+02 1.467611756580576632e+00
5.030000000000000000e+02 1.467761115210870937e+00
5.040000000000000000e+02 1.467910774326379730e+00
5.050000000000000000e+02 1.468060733927102790e+00
5.060000000000000000e+02 1.468210994013040338e+00
5.070000000000000000e+02 1.468361554584192374e+00
5.080000000000000000e+02 1.468512415640558677e+00
5.090000000000000000e+02 1.468663577182139690e+00
5.100000000000000000e+02 1.468815039208934747e+00
5.110000000000000000e+02 1.468966801720944515e+00
5.120000000000000000e+02 1.469118864718168549e+00
5.130000000000000000e+02 1.469271228200607071e+00
5.140000000000000000e+02 1.469423892168260082e+00
5.150000000000000000e+02 1.469576856621127359e+00
5.160000000000000000e+02 1.469730121559209124e+00
5.170000000000000000e+02 1.469883686982505155e+00
5.180000000000000000e+02 1.470037552891015675e+00
5.190000000000000000e+02 1.470191719284740683e+00
5.200000000000000000e+02 1.470346186163680180e+00
5.210000000000000000e+02 1.470500953527833943e+00
5.220000000000000000e+02 1.470656021377202194e+00
5.230000000000000000e+02 1.470811389711784933e+00
5.240000000000000000e+02 1.470967058531581939e+00
5.250000000000000000e+02 1.471123027836593433e+00
5.260000000000000000e+02 1.471279297626819194e+00
5.270000000000000000e+02 1.471435867902259664e+00
5.280000000000000000e+02 1.471592738662914401e+00
5.290000000000000000e+02 1.471749909908783405e+00
5.300000000000000000e+02 1.471907381639867118e+00
5.310000000000000000e+02 1.472065153856164876e+00
5.320000000000000000e+02 1.472223226557677345e+00
5.330000000000000000e+02 1.472381599744404079e+00
5.340000000000000000e+02 1.472540273416345302e+00
5.350000000000000000e+02 1.472699247573501014e+00
5.360000000000000000e+02 1.472858522215870991e+00
5.370000000000000000e+02 1.473018097343455457e+00
5.380000000000000000e+02 1.473177972956254411e+00
5.390000000000000000e+02 1.473338149054267632e+00
5.400000000000000000e+02 1.473498625637495341e+00
5.410000000000000000e+02 1.473659402705937538e+00
5.420000000000000000e+02 1.473820480259594223e+00
5.430000000000000000e+02 1.473981858298465175e+00
5.440000000000000000e+02 1.474143536822550393e+00
5.450000000000000000e+02 1.474305515831850322e+00
5.460000000000000000e+02 1.474467795326364516e+00
5.470000000000000000e+02 1.474630375306093200e+00
5.480000000000000000e+02 1.474793255771036149e+00
5.490000000000000000e+02 1.474956436721193587e+00
5.500000000000000000e+02 1.475119918156565513e+00
5.510000000000000000e+02 1.475283700077151705e+00
5.520000000000000000e+02 1.475447782482952386e+00
5.530000000000000000e+02 1.475612165373967555e+00
5.540000000000000000e+02 1.475776848750197212e+00
5.550000000000000000e+02 1.475941832611641136e+00
5.560000000000000000e+02 1.476107116958299548e+00
5.570000000000000000e+02 1.476272701790172226e+00
5.580000000000000000e+02 1.476438587107259393e+00
5.590000000000000000e+02 1.476604772909561047e+00
5.600000000000000000e+02 1.476771259197076969e+00
5.610000000000000000e+02 1.476938045969807600e+00
5.620000000000000000e+02 1.477105133227752276e+00
5.630000000000000000e+02 1.477272520970911662e+00
5.640000000000000000e+02 1.477440209199285315e+00
5.650000000000000000e+02 1.477608197912873456e+00
5.660000000000000000e+02 1.477776487111676085e+00
5.670000000000000000e+02 1.477945076795692980e+00
5.680000000000000000e+02 1.478113966964924364e+00
5.690000000000000000e+02 1.478283157619370014e+00
5.700000000000000000e+02 1.478452648759030152e+00
5.710000000000000000e+02 1.478622440383904779e+00
5.720000000000000000e+02 1.478792532493993894e+00
5.730000000000000000e+02 1.478962925089297276e+00
5.740000000000000000e+02 1.479133618169815145e+00
5.750000000000000000e+02 1.479304611735547503e+00
5.760000000000000000e+02 1.479475905786494128e+00
5.770000000000000000e+02 1.479647500322655240e+00
5.780000000000000000e+02 1.479819395344030619e+00
5.790000000000000000e+02 1.479991590850620709e+00
5.800000000000000000e+02 1.480164086842425064e+00
5.810000000000000000e+02 1.480336883319443686e+00
5.820000000000000000e+02 1.480509980281677018e+00
5.830000000000000000e+02 1.480683377729124617e+00
5.840000000000000000e+02 1.480857075661786482e+00
5.850000000000000000e+02 1.481031074079663057e+00
5.860000000000000000e+02 1.481205372982753898e+00
5.870000000000000000e+02 1.481379972371059006e+00
5.880000000000000000e+02 1.481554872244578824e+00
5.890000000000000000e+02 1.481730072603312909e+00
5.900000000000000000e+02 1.481905573447261260e+00
5.910000000000000000e+02 1.482081374776424321e+00
5.920000000000000000e+02 1.482257476590801648e+00
5.930000000000000000e+02 1.482433878890393242e+00
5.940000000000000000e+02 1.482610581675199546e+00
5.950000000000000000e+02 1.482787584945220116e+00
5.960000000000000000e+02 1.482964888700455175e+00
5.970000000000000000e+02 1.483142492940904500e+00
5.980000000000000000e+02 1.483320397666568313e+00
5.990000000000000000e+02 1.483498602877446615e+00
6.000000000000000000e+02 1.483677108573539183e+00
6.010000000000000000e+02 1.483855914754846239e+00
6.020000000000000000e+02 1.484035021421367784e+00
6.030000000000000000e+02 1.484214428573103817e+00
6.040000000000000000e+02 1.484394136210054116e+00
6.050000000000000000e+02 1.484574144332218681e+00
6.060000000000000000e+02 1.484754452939597957e+00
6.070000000000000000e+02 1.484935062032191500e+00
6.080000000000000000e+02 1.485115971609999530e+00
6.090000000000000000e+02 1.485297181673021827e+00
6.100000000000000000e+02 1.485478692221258612e+00
6.110000000000000000e+02 1.485660503254709885e+00
6.120000000000000000e+02 1.485842614773375647e+00
6.130000000000000000e+02 1.486025026777255675e+00
6.140000000000000000e+02 1.486207739266350192e+00
6.150000000000000000e+02 1.486390752240658975e+00
6.160000000000000000e+02 1.486574065700182246e+00
6.170000000000000000e+02 1.486757679644920005e+00
6.180000000000000000e+02 1.486941594074872253e+00
6.190000000000000000e+02 1.487125808990038767e+00
6.200000000000000000e+02 1.487310324390419769e+00
6.210000000000000000e+02 1.487495140276015260e+00
6.220000000000000000e+02 1.487680256646825017e+00
6.230000000000000000e+02 1.487865673502849262e+00
6.240000000000000000e+02 1.488051390844087774e+00
6.250000000000000000e+02 1.488237408670540773e+00
6.260000000000000000e+02 1.488423726982208262e+00
6.270000000000000000e+02 1.488610345779090238e+00
6.280000000000000000e+02 1.488797265061186481e+00
6.290000000000000000e+02 1.488984484828497212e+00
6.300000000000000000e+02 1.489172005081022432e+00
6.310000000000000000e+02 1.489359825818761918e+00
6.320000000000000000e+02 1.489547947041715892e+00
6.330000000000000000e+02 1.489736368749884354e+00
6.340000000000000000e+02 1.489925090943267083e+00
6.350000000000000000e+02 1.490114113621864300e+00
6.360000000000000000e+02 1.490303436785676006e+00
6.370000000000000000e+02 1.490493060434701977e+00
6.380000000000000000e+02 1.490682984568942437e+00
6.390000000000000000e+02 1.490873209188397386e+00
6.400000000000000000e+02 1.491063734293066601e+00
6.410000000000000000e+02 1.491254559882950304e+00
6.420000000000000000e+02 1.491445685958048495e+00
6.430000000000000000e+02 1.491637112518360953e+00
6.440000000000000000e+02 1.491828839563887898e+00
6.450000000000000000e+02 1.492020867094629333e+00
6.460000000000000000e+02 1.492213195110585033e+00
6.470000000000000000e+02 1.492405823611755222e+00
6.480000000000000000e+02 1.492598752598139900e+00
6.490000000000000000e+02 1.492791982069738843e+00
6.500000000000000000e+02 1.492985512026552275e+00
6.510000000000000000e+02 1.493179342468580195e+00
6.520000000000000000e+02 1.493373473395822604e+00
6.530000000000000000e+02 1.493567904808279279e+00
6.540000000000000000e+02 1.493762636705950442e+00
6.550000000000000000e+02 1.493957669088835871e+00
6.560000000000000000e+02 1.494153001956935789e+00
6.570000000000000000e+02 1.494348635310250195e+00
6.580000000000000000e+02 1.494544569148778868e+00
6.590000000000000000e+02 1.494740803472522028e+00
6.600000000000000000e+02 1.494937338281479677e+00
6.610000000000000000e+02 1.495134173575651815e+00
6.620000000000000000e+02 1.495331309355038218e+00
6.630000000000000000e+02 1.495528745619639110e+00
6.640000000000000000e+02 1.495726482369454269e+00
6.650000000000000000e+02 1.495924519604483915e+00
6.660000000000000000e+02 1.496122857324728050e+00
6.670000000000000000e+02 1.496321495530186674e+00
6.680000000000000000e+02 1.496520434220859563e+00
6.690000000000000000e+02 1.496719673396746941e+00
6.700000000000000000e+02 1.496919213057848586e+00
6.710000000000000000e+02 1.497119053204164940e+00
6.720000000000000000e+02 1.497319193835695561e+00
6.730000000000000000e+02 1.497519634952440448e+00
6.740000000000000000e+02 1.497720376554399824e+00
6.750000000000000000e+02 1.497921418641573688e+00
6.760000000000000000e+02 1.498122761213962040e+00
6.770000000000000000e+02 1.498324404271564658e+00
6.780000000000000000e+02 1.498526347814381765e+00
6.790000000000000000e+02 1.498728591842413360e+00
6.800000000000000000e+02 1.498931136355659222e+00
6.810000000000000000e+02 1.499133981354119571e+00
6.820000000000000000e+02 1.499337126837794187e+00
6.830000000000000000e+02 1.499540572806683514e+00
6.840000000000000000e+02 1.499744319260787107e+00
6.850000000000000000e+02 1.499948366200104966e+00
6.860000000000000000e+02 1.500152713624637535e+00
6.870000000000000000e+02 1.500357361534384371e+00
6.880000000000000000e+02 1.500562309929345473e+00
6.890000000000000000e+02 1.500767558809521285e+00
6.900000000000000000e+02 1.500973108174911363e+00
6.910000000000000000e+02 1.501178958025515708e+00
6.920000000000000000e+02 1.501385108361334764e+00
6.930000000000000000e+02 1.501591559182368085e+00
6.940000000000000000e+02 1.501798310488615673e+00
6.950000000000000000e+02 1.502005362280077971e+00
6.960000000000000000e+02 1.502212714556754536e+00
6.970000000000000000e+02 1.502420367318645589e+00
6.980000000000000000e+02 1.502628320565750908e+00
6.990000000000000000e+02 1.502836574298070715e+00
7.000000000000000000e+02 1.503045128515605011e+00
7.010000000000000000e+02 1.503253983218353573e+00
7.020000000000000000e+02 1.503463138406316624e+00
7.030000000000000000e+02 1.503672594079494163e+00
7.040000000000000000e+02 1.503882350237885968e+00
7.050000000000000000e+02 1.504092406881492483e+00
7.060000000000000000e+02 1.504302764010313043e+00
7.070000000000000000e+02 1.504513421624348313e+00
7.080000000000000000e+02 1.504724379723597849e+00
7.090000000000000000e+02 1.504935638308061874e+00
7.100000000000000000e+02 1.505147197377740165e+00
7.110000000000000000e+02 1.505359056932632944e+00
7.120000000000000000e+02 1.505571216972740212e+00
7.130000000000000000e+02 1.505783677498061968e+00
7.140000000000000000e+02 1.505996438508597990e+00
7.150000000000000000e+02 1.506209500004348500e+00
7.160000000000000000e+02 1.506422861985313277e+00
7.170000000000000000e+02 1.506636524451492543e+00
7.180000000000000000e+02 1.506850487402886296e+00
7.190000000000000000e+02 1.507064750839494538e+00
7.200000000000000000e+02 1.507279314761317046e+00
7.210000000000000000e+02 1.507494179168354043e+00
7.220000000000000000e+02 1.507709344060605305e+00
7.230000000000000000e+02 1.507924809438071057e+00
7.240000000000000000e+02 1.508140575300751296e+00
7.250000000000000000e+02 1.508356641648646024e+00
7.260000000000000000e+02 1.508573008481755018e+00
7.270000000000000000e+02 1.508789675800078500e+00
7.280000000000000000e+02 1.509006643603616471e+00
7.290000000000000000e+02 1.509223911892368708e+00
7.300000000000000000e+02 1.509441480666335433e+00
7.310000000000000000e+02 1.509659349925516425e+00
7.320000000000000000e+02 1.509877519669912127e+00
7.330000000000000000e+02 1.510095989899522095e+00
7.340000000000000000e+02 1.510314760614346330e+00
7.350000000000000000e+02 1.510533831814385275e+00
7.360000000000000000e+02 1.510753203499638486e+00
7.370000000000000000e+02 1.510972875670105964e+00
7.380000000000000000e+02 1.511192848325788152e+00
7.390000000000000000e+02 1.511413121466684384e+00
7.400000000000000000e+02 1.511633695092795326e+00
7.410000000000000000e+02 1.511854569204120757e+00
7.420000000000000000e+02 1.512075743800660454e+00
7.430000000000000000e+02 1.512297218882414418e+00
7.440000000000000000e+02 1.512518994449383092e+00
7.450000000000000000e+02 1.512741070501566032e+00
7.460000000000000000e+02 1.512963447038963238e+00
7.470000000000000000e+02 1.513186124061575155e+00
7.480000000000000000e+02 1.513409101569401338e+00
7.490000000000000000e+02 1.513632379562441788e+00
7.500000000000000000e+02 1.513855958040696947e+00
7.510000000000000000e+02 1.514079837004166373e+00
7.520000000000000000e+02 1.514304016452850288e+00
7.530000000000000000e+02 1.514528496386748468e+00
7.540000000000000000e+02 1.514753276805861137e+00
7.550000000000000000e+02 1.514978357710188295e+00
7.560000000000000000e+02 1.515203739099729718e+00
7.570000000000000000e+02 1.515429420974485630e+00
7.580000000000000000e+02 1.515655403334456031e+00
7.590000000000000000e+02 1.515881686179640919e+00
7.600000000000000000e+02 1.516108269510040074e+00
7.610000000000000000e+02 1.516335153325653717e+00
7.620000000000000000e+02 1.516562337626481627e+00
7.630000000000000000e+02 1.516789822412524025e+00
7.640000000000000000e+02 1.517017607683780911e+00
7.650000000000000000e+02 1.517245693440252285e+00
7.660000000000000000e+02 1.517474079681937926e+00
7.670000000000000000e+02 1.517702766408838055e+00
7.680000000000000000e+02 1.517931753620952451e+00
7.690000000000000000e+02 1.518161041318281335e+00
7.700000000000000000e+02 1.518390629500824707e+00
7.710000000000000000e+02 1.518620518168582567e+00
7.720000000000000000e+02 1.518850707321554694e+00
7.730000000000000000e+02 1.519081196959741309e+00
7.740000000000000000e+02 1.519311987083142190e+00
7.750000000000000000e+02 1.519543077691757560e+00
7.760000000000000000e+02 1.519774468785587418e+00
7.770000000000000000e+02 1.520006160364631764e+00
7.780000000000000000e+02 1.520238152428890377e+00
7.790000000000000000e+02 1.520470444978363478e+00
7.800000000000000000e+02 1.520703038013051067e+00
7.810000000000000000e+02 1.520935931532952923e+00
7.820000000000000000e+02 1.521169125538069267e+00
7.830000000000000000e+02 1.521402620028399877e+00
7.840000000000000000e+02 1.521636415003945197e+00
7.850000000000000000e+02 1.521870510464704784e+00
7.860000000000000000e+02 1.522104906410678637e+00
7.870000000000000000e+02 1.522339602841867201e+00
7.880000000000000000e+02 1.522574599758270031e+00
7.890000000000000000e+02 1.522809897159887127e+00
7.900000000000000000e+02 1.523045495046718933e+00
7.910000000000000000e+02 1.523281393418765006e+00
7.920000000000000000e+02 1.523517592276025345e+00
7.930000000000000000e+02 1.523754091618500395e+00
7.940000000000000000e+02 1.523990891446189710e+00
7.950000000000000000e+02 1.524227991759093293e+00
7.960000000000000000e+02 1.524465392557211585e+00
7.970000000000000000e+02 1.524703093840544144e+00
7.980000000000000000e+02 1.524941095609090969e+00
7.990000000000000000e+02 1.525179397862852504e+00
8.000000000000000000e+02 1.525418000601828306e+00
8.010000000000000000e+02 1.525656903826018596e+00
8.020000000000000000e+02 1.525896107535423152e+00
8.030000000000000000e+02 1.526135611730042196e+00
8.040000000000000000e+02 1.526375416409875729e+00
8.050000000000000000e+02 1.526615521574923529e+00
8.060000000000000000e+02 1.526855927225185816e+00
8.070000000000000000e+02 1.527096633360662592e+00
8.080000000000000000e+02 1.527337639981353856e+00
8.090000000000000000e+02 1.527578947087259387e+00
8.100000000000000000e+02 1.527820554678379183e+00
8.110000000000000000e+02 1.528062462754713691e+00
8.120000000000000000e+02 1.528304671316262464e+00
8.130000000000000000e+02 1.528547180363025726e+00
8.140000000000000000e+02 1.528789989895003254e+00
8.150000000000000000e+02 1.529033099912195270e+00
8.160000000000000000e+02 1.529276510414601775e+00
8.170000000000000000e+02 1.529520221402222768e+00
8.180000000000000000e+02 1.529764232875058028e+00
8.190000000000000000e+02 1.530008544833107775e+00
8.200000000000000000e+02 1.530253157276371789e+00
8.210000000000000000e+02 1.530498070204850514e+00
8.220000000000000000e+02 1.530743283618543282e+00
8.230000000000000000e+02 1.530988797517450761e+00
8.240000000000000000e+02 1.531234611901572507e+00
8.250000000000000000e+02 1.531480726770908740e+00
8.260000000000000000e+02 1.531727142125459240e+00
8.270000000000000000e+02 1.531973857965224450e+00
8.280000000000000000e+02 1.532220874290203927e+00
8.290000000000000000e+02 1.532468191100397670e+00
8.300000000000000000e+02 1.532715808395805901e+00
8.310000000000000000e+02 1.532963726176428620e+00
8.320000000000000000e+02 1.533211944442265828e+00
8.330000000000000000e+02 1.533460463193317302e+00
8.340000000000000000e+02 1.533709282429583265e+00
8.350000000000000000e+02 1.533958402151063716e+00
8.360000000000000000e+02 1.534207822357758433e+00
8.370000000000000000e+02 1.534457543049667638e+00
8.380000000000000000e+02 1.534707564226791332e+00
8.390000000000000000e+02 1.534957885889129292e+00
8.400000000000000000e+02 1.535208508036681740e+00
8.410000000000000000e+02 1.535459430669448677e+00
8.420000000000000000e+02 1.535710653787429880e+00
8.430000000000000000e+02 1.535962177390625572e+00
8.440000000000000000e+02 1.536214001479035751e+00
8.450000000000000000e+02 1.536466126052660197e+00
8.460000000000000000e+02 1.536718551111499131e+00
8.470000000000000000e+02 1.536971276655552554e+00
8.480000000000000000e+02 1.537224302684820243e+00
8.490000000000000000e+02 1.537477629199302420e+00
8.500000000000000000e+02 1.537731256198999086e+00
8.510000000000000000e+02 1.537985183683910018e+00
8.520000000000000000e+02 1.538239411654035438e+00
8.530000000000000000e+02 1.538493940109375346e+00
8.540000000000000000e+02 1.538748769049929521e+00
8.550000000000000000e+02 1.539003898475698184e+00
8.560000000000000000e+02 1.539259328386681336e+00
8.570000000000000000e+02 1.539515058782878976e+00
8.580000000000000000e+02 1.539771089664290882e+00
8.590000000000000000e+02 1.540027421030917054e+00
8.600000000000000000e+02 1.540284052882757937e+00
8.610000000000000000e+02 1.540540985219813086e+00
8.620000000000000000e+02 1.540798218042082723e+00
8.630000000000000000e+02 1.541055751349566627e+00
8.640000000000000000e+02 1.541313585142265019e+00
8.650000000000000000e+02 1.541571719420177899e+00
8.660000000000000000e+02 1.541830154183305268e+00
8.670000000000000000e+02 1.542088889431646903e+00
8.680000000000000000e+02 1.542347925165203026e+00
8.690000000000000000e+02 1.542607261383973416e+00
8.700000000000000000e+02 1.542866898087958294e+00
8.710000000000000000e+02 1.543126835277157660e+00
8.720000000000000000e+02 1.543387072951571515e+00
8.730000000000000000e+02 1.543647611111199636e+00
8.740000000000000000e+02 1.543908449756042245e+00
8.750000000000000000e+02 1.544169588886099120e+00
8.760000000000000000e+02 1.544431028501370706e+00
8.770000000000000000e+02 1.544692768601856336e+00
8.780000000000000000e+02 1.544954809187556677e+00
8.790000000000000000e+02 1.545217150258471284e+00
8.800000000000000000e+02 1.545479791814600379e+00
8.810000000000000000e+02 1.545742733855943962e+00
8.820000000000000000e+02 1.546005976382501812e+00
8.830000000000000000e+02 1.546269519394274150e+00
8.840000000000000000e+02 1.546533362891260754e+00
8.850000000000000000e+02 1.546797506873462069e+00
8.860000000000000000e+02 1.547061951340877650e+00
8.870000000000000000e+02 1.547326696293507498e+00
8.880000000000000000e+02 1.547591741731352055e+00
8.890000000000000000e+02 1.547857087654410879e+00
8.900000000000000000e+02 1.548122734062683969e+00
8.910000000000000000e+02 1.548388680956171770e+00
8.920000000000000000e+02 1.548654928334873837e+00
8.930000000000000000e+02 1.548921476198790170e+00
8.940000000000000000e+02 1.549188324547920992e+00
8.950000000000000000e+02 1.549455473382266302e+00
8.960000000000000000e+02 1.549722922701826100e+00
8.970000000000000000e+02 1.549990672506600387e+00
8.980000000000000000e+02 1.550258722796588939e+00
8.990000000000000000e+02 1.550527073571791759e+00
9.000000000000000000e+02 1.550795724832209288e+00
9.010000000000000000e+02 1.551064676577841084e+00
9.020000000000000000e+02 1.551333928808687146e+00
9.030000000000000000e+02 1.551603481524747918e+00
9.040000000000000000e+02 1.551873334726022957e+00
9.050000000000000000e+02 1.552143488412512484e+00
9.060000000000000000e+02 1.552413942584216278e+00
9.070000000000000000e+02 1.552684697241134559e+00
9.080000000000000000e+02 1.552955752383267329e+00
9.090000000000000000e+02 1.553227108010614366e+00
9.100000000000000000e+02 1.553498764123175890e+00
9.110000000000000000e+02 1.553770720720951903e+00
9.120000000000000000e+02 1.554042977803942405e+00
9.130000000000000000e+02 1.554315535372147172e+00
9.140000000000000000e+02 1.554588393425566428e+00
9.150000000000000000e+02 1.554861551964199951e+00
9.160000000000000000e+02 1.555135010988047961e+00
9.170000000000000000e+02 1.555408770497110460e+00
9.180000000000000000e+02 1.555682830491387225e+00
9.190000000000000000e+02 1.555957190970878479e+00
9.200000000000000000e+02 1.556231851935584221e+00
9.210000000000000000e+02 1.556506813385504451e+00
9.220000000000000000e+02 1.556782075320638947e+00
9.230000000000000000e+02 1.557057637740987932e+00
9.240000000000000000e+02 1.557333500646551183e+00
9.250000000000000000e+02 1.557609664037329145e+00
9.260000000000000000e+02 1.557886127913321150e+00
9.270000000000000000e+02 1.558162892274527866e+00
9.280000000000000000e+02 1.558439957120948849e+00
9.290000000000000000e+02 1.558717322452584320e+00
9.300000000000000000e+02 1.558994988269434279e+00
9.310000000000000000e+02 1.559272954571498504e+00
9.320000000000000000e+02 1.559551221358777218e+00
9.330000000000000000e+02 1.559829788631270198e+00
9.340000000000000000e+02 1.560108656388977888e+00
9.350000000000000000e+02 1.560387824631899845e+00
9.360000000000000000e+02 1.560667293360036068e+00
9.370000000000000000e+02 1.560947062573387001e+00
9.380000000000000000e+02 1.561227132271952200e+00
9.390000000000000000e+02 1.561507502455731666e+00
9.400000000000000000e+02 1.561788173124725621e+00
9.410000000000000000e+02 1.562069144278934063e+00
9.420000000000000000e+02 1.562350415918356994e+00
9.430000000000000000e+02 1.562631988042994191e+00
9.440000000000000000e+02 1.562913860652845877e+00
9.450000000000000000e+02 1.563196033747912050e+00
9.460000000000000000e+02 1.563478507328192491e+00
9.470000000000000000e+02 1.563761281393687419e+00
9.480000000000000000e+02 1.564044355944396836e+00
9.490000000000000000e+02 1.564327730980320519e+00
9.500000000000000000e+02 1.564611406501458690e+00
9.510000000000000000e+02 1.564895382507811350e+00
9.520000000000000000e+02 1.565179658999378276e+00
9.530000000000000000e+02 1.565464235976159912e+00
9.540000000000000000e+02 1.565749113438155593e+00
9.550000000000000000e+02 1.566034291385365984e+00
9.560000000000000000e+02 1.566319769817790641e+00
9.570000000000000000e+02 1.566605548735429565e+00
9.580000000000000000e+02 1.566891628138283199e+00
9.590000000000000000e+02 1.567178008026351099e+00
9.600000000000000000e+02 1.567464688399633488e+00
9.610000000000000000e+02 1.567751669258130143e+00
9.620000000000000000e+02 1.568038950601841286e+00
9.630000000000000000e+02 1.568326532430766918e+00
9.640000000000000000e+02 1.568614414744907037e+00
9.650000000000000000e+02 1.568902597544261424e+00
9.660000000000000000e+02 1.569191080828830076e+00
9.670000000000000000e+02 1.569479864598613439e+00
9.680000000000000000e+02 1.569768948853611068e+00
9.690000000000000000e+02 1.570058333593823185e+00
9.700000000000000000e+02 1.570348018819249569e+00
9.710000000000000000e+02 1.570638004529890441e+00
9.720000000000000000e+02 1.570928290725745802e+00
9.730000000000000000e+02 1.571218877406815650e+00
9.740000000000000000e+02 1.571509764573099766e+00
9.750000000000000000e+02 1.571800952224598369e+00
9.760000000000000000e+02 1.572092440361311239e+00
9.770000000000000000e+02 1.572384228983238819e+00
9.780000000000000000e+02 1.572676318090380665e+00
9.790000000000000000e+02 1.572968707682736778e+00
9.800000000000000000e+02 1.573261397760307378e+00
9.810000000000000000e+02 1.573554388323092468e+00
9.820000000000000000e+02 1.573847679371092045e+00
9.830000000000000000e+02 1.574141270904305889e+00
9.840000000000000000e+02 1.574435162922734222e+00
9.850000000000000000e+02 1.574729355426376820e+00
9.860000000000000000e+02 1.575023848415234129e+00
9.870000000000000000e+02 1.575318641889305704e+00
9.880000000000000000e+02 1.575613735848591546e+00
9.890000000000000000e+02 1.575909130293092097e+00
9.900000000000000000e+02 1.576204825222806694e+00
9.910000000000000000e+02 1.576500820637736000e+00
9.920000000000000000e+02 1.576797116537879795e+00
9.930000000000000000e+02 1.577093712923237634e+00
9.940000000000000000e+02 1.577390609793810183e+00
9.950000000000000000e+02 1.577687807149596999e+00
9.960000000000000000e+02 1.577985304990598303e+00
9.970000000000000000e+02 1.578283103316814096e+00
9.980000000000000000e+02 1.578581202128244154e+00
9.990000000000000000e+02 1.578879601424888701e+00
1.000000000000000000e+03 1.579178301206747737e+00
1.001000000000000000e+03 1.579477301473821038e+00
1.002000000000000000e+03 1.579776602226108828e+00
1.003000000000000000e+03 1.580076203463611106e+00
1.004000000000000000e+03 1.580376105186327873e+00
1.005000000000000000e+03 1.580676307394258906e+00
1.006000000000000000e+03 1.580976810087404205e+00
1.007000000000000000e+03 1.581277613265764215e+00
1.008000000000000000e+03 1.581578716929338491e+00
1.009000000000000000e+03 1.581880121078127255e+00
1.010000000000000000e+03 1.582181825712130285e+00
1.011000000000000000e+03 1.582483830831347804e+00
1.012000000000000000e+03 1.582786136435779811e+00
1.013000000000000000e+03 1.583088742525426085e+00
1.014000000000000000e+03 1.583391649100286847e+00
1.015000000000000000e+03 1.583694856160362097e+00
1.016000000000000000e+03 1.583998363705651835e+00
1.017000000000000000e+03 1.584302171736155840e+00
1.018000000000000000e+03 1.584606280251874111e+00
1.019000000000000000e+03 1.584910689252807092e+00
1.020000000000000000e+03 1.585215398738954340e+00
1.021000000000000000e+03 1.585520408710316076e+00
