# order=24: data_wav [pixel], data_wavsolution [micron]
3.000000000000000000e+00 2.358602867780456691e+00
4.000000000000000000e+00 2.358640700890648478e+00
5.000000000000000000e+00 2.358678531387819799e+00
6.000000000000000000e+00 2.358716359267691853e+00
7.000000000000000000e+00 2.358754184525987618e+00
8.000000000000000000e+00 2.358792007158428738e+00
9.000000000000000000e+00 2.358829827160738191e+00
1.000000000000000000e+01 2.358867644528637619e+00
1.100000000000000000e+01 2.358905459257850001e+00
1.200000000000000000e+01 2.358943271344096981e+00
1.300000000000000000e+01 2.358981080783101536e+00
1.400000000000000000e+01 2.359018887570584866e+00
1.500000000000000000e+01 2.359056691702270392e+00
1.600000000000000000e+01 2.359094493173879314e+00
1.700000000000000000e+01 2.359132291981135054e+00
1.800000000000000000e+01 2.359170088119758812e+00
1.900000000000000000e+01 2.359207881585473565e+00
2.000000000000000000e+01 2.359245672374001401e+00
2.100000000000000000e+01 2.359283460481064409e+00
2.200000000000000000e+01 2.359321245902385566e+00
2.300000000000000000e+01 2.359359028633686073e+00
2.400000000000000000e+01 2.359396808670688905e+00
2.500000000000000000e+01 2.359434586009116153e+00
2.600000000000000000e+01 2.359472360644690347e+00
2.700000000000000000e+01 2.359510132573133578e+00
2.800000000000000000e+01 2.359547901790167934e+00
2.900000000000000000e+01 2.359585668291515503e+00
3.000000000000000000e+01 2.359623432072899263e+00
3.100000000000000000e+01 2.359661193130041301e+00
3.200000000000000000e+01 2.359698951458663707e+00
3.300000000000000000e+01 2.359736707054488569e+00
3.400000000000000000e+01 2.359774459913238420e+00
3.500000000000000000e+01 2.359812210030635793e+00
3.600000000000000000e+01 2.359849957402402332e+00
3.700000000000000000e+01 2.359887702024260570e+00
3.800000000000000000e+01 2.359925443891933039e+00
3.900000000000000000e+01 2.359963183001142273e+00
4.000000000000000000e+01 2.360000919347609472e+00
4.100000000000000000e+01 2.360038652927058056e+00
4.200000000000000000e+01 2.360076383735209227e+00
4.300000000000000000e+01 2.360114111767786405e+00
4.400000000000000000e+01 2.360151837020511234e+00
4.500000000000000000e+01 2.360189559489105804e+00
4.600000000000000000e+01 2.360227279169292647e+00
4.700000000000000000e+01 2.360264996056794295e+00
4.800000000000000000e+01 2.360302710147332839e+00
4.900000000000000000e+01 2.360340421436630365e+00
5.000000000000000000e+01 2.360378129920409407e+00
5.100000000000000000e+01 2.360415835594392053e+00
5.200000000000000000e+01 2.360453538454300393e+00
5.300000000000000000e+01 2.360491238495857402e+00
5.400000000000000000e+01 2.360528935714784282e+00
5.500000000000000000e+01 2.360566630106804453e+00
5.600000000000000000e+01 2.360604321667639560e+00
5.700000000000000000e+01 2.360642010393012136e+00
5.800000000000000000e+01 2.360679696278644268e+00
5.900000000000000000e+01 2.360717379320258047e+00
6.000000000000000000e+01 2.360755059513576448e+00
6.100000000000000000e+01 2.360792736854321117e+00
6.200000000000000000e+01 2.360830411338214141e+00
6.300000000000000000e+01 2.360868082960978498e+00
6.400000000000000000e+01 2.360905751718336276e+00
6.500000000000000000e+01 2.360943417606009564e+00
6.600000000000000000e+01 2.360981080619720451e+00
6.700000000000000000e+01 2.361018740755191470e+00
6.800000000000000000e+01 2.361056398008145152e+00
6.900000000000000000e+01 2.361094052374303143e+00
7.000000000000000000e+01 2.361131703849388419e+00
7.100000000000000000e+01 2.361169352429122625e+00
7.200000000000000000e+01 2.361206998109228294e+00
7.300000000000000000e+01 2.361244640885427959e+00
7.400000000000000000e+01 2.361282280753443708e+00
7.500000000000000000e+01 2.361319917708998073e+00
7.600000000000000000e+01 2.361357551747812700e+00
7.700000000000000000e+01 2.361395182865610121e+00
7.800000000000000000e+01 2.361432811058112868e+00
7.900000000000000000e+01 2.361470436321043032e+00
8.000000000000000000e+01 2.361508058650122699e+00
8.100000000000000000e+01 2.361545678041074847e+00
8.200000000000000000e+01 2.361583294489620677e+00
8.300000000000000000e+01 2.361620907991483609e+00
8.400000000000000000e+01 2.361658518542385288e+00
8.500000000000000000e+01 2.361696126138047802e+00
8.600000000000000000e+01 2.361733730774193685e+00
8.700000000000000000e+01 2.361771332446545468e+00
8.800000000000000000e+01 2.361808931150825241e+00
8.900000000000000000e+01 2.361846526882755093e+00
9.000000000000000000e+01 2.361884119638057555e+00
9.100000000000000000e+01 2.361921709412454717e+00
9.200000000000000000e+01 2.361959296201669112e+00
9.300000000000000000e+01 2.361996880001422383e+00
9.400000000000000000e+01 2.362034460807437508e+00
9.500000000000000000e+01 2.362072038615436576e+00
9.600000000000000000e+01 2.362109613421142118e+00
9.700000000000000000e+01 2.362147185220275780e+00
9.800000000000000000e+01 2.362184754008560095e+00
9.900000000000000000e+01 2.362222319781717594e+00
1.000000000000000000e+02 2.362259882535469924e+00
1.010000000000000000e+02 2.362297442265540504e+00
1.020000000000000000e+02 2.362334998967650534e+00
1.030000000000000000e+02 2.362372552637522549e+00
1.040000000000000000e+02 2.362410103270879080e+00
1.050000000000000000e+02 2.362447650863442217e+00
1.060000000000000000e+02 2.362485195410934491e+00
1.070000000000000000e+02 2.362522736909077992e+00
1.080000000000000000e+02 2.362560275353594808e+00
1.090000000000000000e+02 2.362597810740207471e+00
1.100000000000000000e+02 2.362635343064638072e+00
1.110000000000000000e+02 2.362672872322609141e+00
1.120000000000000000e+02 2.362710398509842769e+00
1.130000000000000000e+02 2.362747921622061487e+00
1.140000000000000000e+02 2.362785441654986940e+00
1.150000000000000000e+02 2.362822958604342105e+00
1.160000000000000000e+02 2.362860472465849071e+00
1.170000000000000000e+02 2.362897983235229926e+00
1.180000000000000000e+02 2.362935490908207203e+00
1.190000000000000000e+02 2.362972995480502547e+00
1.200000000000000000e+02 2.363010496947839378e+00
1.210000000000000000e+02 2.363047995305938898e+00
1.220000000000000000e+02 2.363085490550523637e+00
1.230000000000000000e+02 2.363122982677316575e+00
1.240000000000000000e+02 2.363160471682038910e+00
1.250000000000000000e+02 2.363197957560414064e+00
1.260000000000000000e+02 2.363235440308163238e+00
1.270000000000000000e+02 2.363272919921009407e+00
1.280000000000000000e+02 2.363310396394674662e+00
1.290000000000000000e+02 2.363347869724881090e+00
1.300000000000000000e+02 2.363385339907351224e+00
1.310000000000000000e+02 2.363422806937807152e+00
1.320000000000000000e+02 2.363460270811970965e+00
1.330000000000000000e+02 2.363497731525565637e+00
1.340000000000000000e+02 2.363535189074312814e+00
1.350000000000000000e+02 2.363572643453935473e+00
1.360000000000000000e+02 2.363610094660154815e+00
1.370000000000000000e+02 2.363647542688693814e+00
1.380000000000000000e+02 2.363684987535275006e+00
1.390000000000000000e+02 2.363722429195620034e+00
1.400000000000000000e+02 2.363759867665451431e+00
1.410000000000000000e+02 2.363797302940491285e+00
1.420000000000000000e+02 2.363834735016462130e+00
1.430000000000000000e+02 2.363872163889086497e+00
1.440000000000000000e+02 2.363909589554086033e+00
1.450000000000000000e+02 2.363947012007183712e+00
1.460000000000000000e+02 2.363984431244101181e+00
1.470000000000000000e+02 2.364021847260560971e+00
1.480000000000000000e+02 2.364059260052285616e+00
1.490000000000000000e+02 2.364096669614996760e+00
1.500000000000000000e+02 2.364134075944417379e+00
1.510000000000000000e+02 2.364171479036269119e+00
1.520000000000000000e+02 2.364208878886274956e+00
1.530000000000000000e+02 2.364246275490156535e+00
1.540000000000000000e+02 2.364283668843636388e+00
1.550000000000000000e+02 2.364321058942437048e+00
1.560000000000000000e+02 2.364358445782280160e+00
1.570000000000000000e+02 2.364395829358888701e+00
1.580000000000000000e+02 2.364433209667984315e+00
1.590000000000000000e+02 2.364470586705289978e+00
1.600000000000000000e+02 2.364507960466527337e+00
1.610000000000000000e+02 2.364545330947418922e+00
1.620000000000000000e+02 2.364582698143686823e+00
1.630000000000000000e+02 2.364620062051053573e+00
1.640000000000000000e+02 2.364657422665241704e+00
1.650000000000000000e+02 2.364694779981972861e+00
1.660000000000000000e+02 2.364732133996969576e+00
1.670000000000000000e+02 2.364769484705953939e+00
1.680000000000000000e+02 2.364806832104648926e+00
1.690000000000000000e+02 2.364844176188776181e+00
1.700000000000000000e+02 2.364881516954058238e+00
1.710000000000000000e+02 2.364918854396217185e+00
1.720000000000000000e+02 2.364956188510975554e+00
1.730000000000000000e+02 2.364993519294054991e+00
1.740000000000000000e+02 2.365030846741178916e+00
1.750000000000000000e+02 2.365068170848068529e+00
1.760000000000000000e+02 2.365105491610446364e+00
1.770000000000000000e+02 2.365142809024035397e+00
1.780000000000000000e+02 2.365180123084556829e+00
1.790000000000000000e+02 2.365217433787733636e+00
1.800000000000000000e+02 2.365254741129287908e+00
1.810000000000000000e+02 2.365292045104942176e+00
1.820000000000000000e+02 2.365329345710418529e+00
1.830000000000000000e+02 2.365366642941439057e+00
1.840000000000000000e+02 2.365403936793725848e+00
1.850000000000000000e+02 2.365441227263001878e+00
1.860000000000000000e+02 2.365478514344989236e+00
1.870000000000000000e+02 2.365515798035409567e+00
1.880000000000000000e+02 2.365553078329985848e+00
1.890000000000000000e+02 2.365590355224440167e+00
1.900000000000000000e+02 2.365627628714494612e+00
1.910000000000000000e+02 2.365664898795871718e+00
1.920000000000000000e+02 2.365702165464293572e+00
1.930000000000000000e+02 2.365739428715482262e+00
1.940000000000000000e+02 2.365776688545160766e+00
1.950000000000000000e+02 2.365813944949050729e+00
1.960000000000000000e+02 2.365851197922874682e+00
1.970000000000000000e+02 2.365888447462354716e+00
1.980000000000000000e+02 2.365925693563213361e+00
1.990000000000000000e+02 2.365962936221172708e+00
2.000000000000000000e+02 2.366000175431955288e+00
2.010000000000000000e+02 2.366037411191282747e+00
2.020000000000000000e+02 2.366074643494878060e+00
2.030000000000000000e+02 2.366111872338463318e+00
2.040000000000000000e+02 2.366149097717760608e+00
2.050000000000000000e+02 2.366186319628492463e+00
2.060000000000000000e+02 2.366223538066380971e+00
2.070000000000000000e+02 2.366260753027148223e+00
2.080000000000000000e+02 2.366297964506517193e+00
2.090000000000000000e+02 2.366335172500209527e+00
2.100000000000000000e+02 2.366372377003947314e+00
2.110000000000000000e+02 2.366409578013453530e+00
2.120000000000000000e+02 2.366446775524450263e+00
2.130000000000000000e+02 2.366483969532659160e+00
2.140000000000000000e+02 2.366521160033803639e+00
2.150000000000000000e+02 2.366558347023604902e+00
2.160000000000000000e+02 2.366595530497785482e+00
2.170000000000000000e+02 2.366632710452068356e+00
2.180000000000000000e+02 2.366669886882174723e+00
2.190000000000000000e+02 2.366707059783827560e+00
2.200000000000000000e+02 2.366744229152748957e+00
2.210000000000000000e+02 2.366781394984661446e+00
2.220000000000000000e+02 2.366818557275287116e+00
2.230000000000000000e+02 2.366855716020348055e+00
2.240000000000000000e+02 2.366892871215566796e+00
2.250000000000000000e+02 2.366930022856665428e+00
2.260000000000000000e+02 2.366967170939366039e+00
2.270000000000000000e+02 2.367004315459391606e+00
2.280000000000000000e+02 2.367041456412463774e+00
2.290000000000000000e+02 2.367078593794305075e+00
2.300000000000000000e+02 2.367115727600638042e+00
2.310000000000000000e+02 2.367152857827184320e+00
2.320000000000000000e+02 2.367189984469666442e+00
2.330000000000000000e+02 2.367227107523806939e+00
2.340000000000000000e+02 2.367264226985327902e+00
2.350000000000000000e+02 2.367301342849951862e+00
2.360000000000000000e+02 2.367338455113400464e+00
2.370000000000000000e+02 2.367375563771396685e+00
2.380000000000000000e+02 2.367412668819662169e+00
2.390000000000000000e+02 2.367449770253919894e+00
2.400000000000000000e+02 2.367486868069891504e+00
2.410000000000000000e+02 2.367523962263299531e+00
2.420000000000000000e+02 2.367561052829866064e+00
2.430000000000000000e+02 2.367598139765314080e+00
2.440000000000000000e+02 2.367635223065365224e+00
2.450000000000000000e+02 2.367672302725741584e+00
2.460000000000000000e+02 2.367709378742166137e+00
2.470000000000000000e+02 2.367746451110360528e+00
2.480000000000000000e+02 2.367783519826047289e+00
2.490000000000000000e+02 2.367820584884948509e+00
2.500000000000000000e+02 2.367857646282787165e+00
2.510000000000000000e+02 2.367894704015284901e+00
2.520000000000000000e+02 2.367931758078163806e+00
2.530000000000000000e+02 2.367968808467146413e+00
2.540000000000000000e+02 2.368005855177955254e+00
2.550000000000000000e+02 2.368042898206312419e+00
2.560000000000000000e+02 2.368079937547940439e+00
2.570000000000000000e+02 2.368116973198560959e+00
2.580000000000000000e+02 2.368154005153896957e+00
2.590000000000000000e+02 2.368191033409670077e+00
2.600000000000000000e+02 2.368228057961602850e+00
2.610000000000000000e+02 2.368265078805417811e+00
2.620000000000000000e+02 2.368302095936836604e+00
2.630000000000000000e+02 2.368339109351582206e+00
2.640000000000000000e+02 2.368376119045376704e+00
2.650000000000000000e+02 2.368413125013942189e+00
2.660000000000000000e+02 2.368450127253001192e+00
2.670000000000000000e+02 2.368487125758275802e+00
2.680000000000000000e+02 2.368524120525488108e+00
2.690000000000000000e+02 2.368561111550361087e+00
2.700000000000000000e+02 2.368598098828615939e+00
2.710000000000000000e+02 2.368635082355976085e+00
2.720000000000000000e+02 2.368672062128162725e+00
2.730000000000000000e+02 2.368709038140898837e+00
2.740000000000000000e+02 2.368746010389906953e+00
2.750000000000000000e+02 2.368782978870908718e+00
2.760000000000000000e+02 2.368819943579626219e+00
2.770000000000000000e+02 2.368856904511782435e+00
2.780000000000000000e+02 2.368893861663099454e+00
2.790000000000000000e+02 2.368930815029299364e+00
2.800000000000000000e+02 2.368967764606104254e+00
2.810000000000000000e+02 2.369004710389237101e+00
2.820000000000000000e+02 2.369041652374419549e+00
2.830000000000000000e+02 2.369078590557374131e+00
2.840000000000000000e+02 2.369115524933822936e+00
2.850000000000000000e+02 2.369152455499488497e+00
2.860000000000000000e+02 2.369189382250092901e+00
2.870000000000000000e+02 2.369226305181358683e+00
2.880000000000000000e+02 2.369263224289007930e+00
2.890000000000000000e+02 2.369300139568762731e+00
2.900000000000000000e+02 2.369337051016345619e+00
2.910000000000000000e+02 2.369373958627479126e+00
2.920000000000000000e+02 2.369410862397884898e+00
2.930000000000000000e+02 2.369447762323285467e+00
2.940000000000000000e+02 2.369484658399403365e+00
2.950000000000000000e+02 2.369521550621960237e+00
2.960000000000000000e+02 2.369558438986679505e+00
2.970000000000000000e+02 2.369595323489282368e+00
2.980000000000000000e+02 2.369632204125491359e+00
2.990000000000000000e+02 2.369669080891029012e+00
3.000000000000000000e+02 2.369705953781617414e+00
3.010000000000000000e+02 2.369742822792979098e+00
3.020000000000000000e+02 2.369779687920835709e+00
3.030000000000000000e+02 2.369816549160910224e+00
3.040000000000000000e+02 2.369853406508924731e+00
3.050000000000000000e+02 2.369890259960601320e+00
3.060000000000000000e+02 2.369927109511662522e+00
3.070000000000000000e+02 2.369963955157830426e+00
3.080000000000000000e+02 2.370000796894827122e+00
3.090000000000000000e+02 2.370037634718375585e+00
3.100000000000000000e+02 2.370074468624197017e+00
3.110000000000000000e+02 2.370111298608014838e+00
3.120000000000000000e+02 2.370148124665550693e+00
3.130000000000000000e+02 2.370184946792526670e+00
3.140000000000000000e+02 2.370221764984665747e+00
3.150000000000000000e+02 2.370258579237689567e+00
3.160000000000000000e+02 2.370295389547320664e+00
3.170000000000000000e+02 2.370332195909281126e+00
3.180000000000000000e+02 2.370368998319293485e+00
3.190000000000000000e+02 2.370405796773079832e+00
3.200000000000000000e+02 2.370442591266362697e+00
3.210000000000000000e+02 2.370479381794864171e+00
3.220000000000000000e+02 2.370516168354306785e+00
3.230000000000000000e+02 2.370552950940412185e+00
3.240000000000000000e+02 2.370589729548903346e+00
3.250000000000000000e+02 2.370626504175501914e+00
3.260000000000000000e+02 2.370663274815930865e+00
3.270000000000000000e+02 2.370700041465911845e+00
3.280000000000000000e+02 2.370736804121167385e+00
3.290000000000000000e+02 2.370773562777420018e+00
3.300000000000000000e+02 2.370810317430391834e+00
3.310000000000000000e+02 2.370847068075804920e+00
3.320000000000000000e+02 2.370883814709381365e+00
3.330000000000000000e+02 2.370920557326844147e+00
3.340000000000000000e+02 2.370957295923914909e+00
3.350000000000000000e+02 2.370994030496316629e+00
3.360000000000000000e+02 2.371030761039770951e+00
3.370000000000000000e+02 2.371067487550000408e+00
3.380000000000000000e+02 2.371104210022727088e+00
3.390000000000000000e+02 2.371140928453673080e+00
3.400000000000000000e+02 2.371177642838561361e+00
3.410000000000000000e+02 2.371214353173114020e+00
3.420000000000000000e+02 2.371251059453052701e+00
3.430000000000000000e+02 2.371287761674100381e+00
3.440000000000000000e+02 2.371324459831979148e+00
3.450000000000000000e+02 2.371361153922411091e+00
3.460000000000000000e+02 2.371397843941118744e+00
3.470000000000000000e+02 2.371434529883823750e+00
3.480000000000000000e+02 2.371471211746249530e+00
3.490000000000000000e+02 2.371507889524117285e+00
3.500000000000000000e+02 2.371544563213149992e+00
3.510000000000000000e+02 2.371581232809069739e+00
3.520000000000000000e+02 2.371617898307598171e+00
3.530000000000000000e+02 2.371654559704458709e+00
3.540000000000000000e+02 2.371691216995372553e+00
3.550000000000000000e+02 2.371727870176063124e+00
3.560000000000000000e+02 2.371764519242251623e+00
3.570000000000000000e+02 2.371801164189660582e+00
3.580000000000000000e+02 2.371837805014012535e+00
3.590000000000000000e+02 2.371874441711030013e+00
3.600000000000000000e+02 2.371911074276434661e+00
3.610000000000000000e+02 2.371947702705949013e+00
3.620000000000000000e+02 2.371984326995295600e+00
3.630000000000000000e+02 2.372020947140196512e+00
3.640000000000000000e+02 2.372057563136373837e+00
3.650000000000000000e+02 2.372094174979550107e+00
3.660000000000000000e+02 2.372130782665447413e+00
3.670000000000000000e+02 2.372167386189787841e+00
3.680000000000000000e+02 2.372203985548294369e+00
3.690000000000000000e+02 2.372240580736688642e+00
3.700000000000000000e+02 2.372277171750693192e+00
3.710000000000000000e+02 2.372313758586030552e+00
3.720000000000000000e+02 2.372350341238422367e+00
3.730000000000000000e+02 2.372386919703591168e+00
3.740000000000000000e+02 2.372423493977259490e+00
3.750000000000000000e+02 2.372460064055149420e+00
3.760000000000000000e+02 2.372496629932983492e+00
3.770000000000000000e+02 2.372533191606483349e+00
3.780000000000000000e+02 2.372569749071371970e+00
3.790000000000000000e+02 2.372606302323370997e+00
3.800000000000000000e+02 2.372642851358203409e+00
3.810000000000000000e+02 2.372679396171590849e+00
3.820000000000000000e+02 2.372715936759255850e+00
3.830000000000000000e+02 2.372752473116920946e+00
3.840000000000000000e+02 2.372789005240308224e+00
3.850000000000000000e+02 2.372825533125139330e+00
3.860000000000000000e+02 2.372862056767137684e+00
3.870000000000000000e+02 2.372898576162024931e+00
3.880000000000000000e+02 2.372935091305523159e+00
3.890000000000000000e+02 2.372971602193354901e+00
3.900000000000000000e+02 2.373008108821242690e+00
3.910000000000000000e+02 2.373044611184908170e+00
3.920000000000000000e+02 2.373081109280074319e+00
3.930000000000000000e+02 2.373117603102463224e+00
3.940000000000000000e+02 2.373154092647796531e+00
3.950000000000000000e+02 2.373190577911797661e+00
3.960000000000000000e+02 2.373227058890187813e+00
3.970000000000000000e+02 2.373263535578689520e+00
3.980000000000000000e+02 2.373300007973025760e+00
3.990000000000000000e+02 2.373336476068917733e+00
4.000000000000000000e+02 2.373372939862088860e+00
4.010000000000000000e+02 2.373409399348260340e+00
4.020000000000000000e+02 2.373445854523155152e+00
4.030000000000000000e+02 2.373482305382495383e+00
4.040000000000000000e+02 2.373518751922003123e+00
4.050000000000000000e+02 2.373555194137400903e+00
4.060000000000000000e+02 2.373591632024410814e+00
4.070000000000000000e+02 2.373628065578755386e+00
4.080000000000000000e+02 2.373664494796157154e+00
4.090000000000000000e+02 2.373700919672337317e+00
4.100000000000000000e+02 2.373737340203019297e+00
4.110000000000000000e+02 2.373773756383924294e+00
4.120000000000000000e+02 2.373810168210775728e+00
4.130000000000000000e+02 2.373846575679295245e+00
4.140000000000000000e+02 2.373882978785204934e+00
4.150000000000000000e+02 2.373919377524227770e+00
4.160000000000000000e+02 2.373955771892085398e+00
4.170000000000000000e+02 2.373992161884500351e+00
4.180000000000000000e+02 2.374028547497194719e+00
4.190000000000000000e+02 2.374064928725891033e+00
4.200000000000000000e+02 2.374101305566311382e+00
4.210000000000000000e+02 2.374137678014178299e+00
4.220000000000000000e+02 2.374174046065213872e+00
4.230000000000000000e+02 2.374210409715140191e+00
4.240000000000000000e+02 2.374246768959680232e+00
4.250000000000000000e+02 2.374283123794555195e+00
4.260000000000000000e+02 2.374319474215488501e+00
4.270000000000000000e+02 2.374355820218201352e+00
4.280000000000000000e+02 2.374392161798416723e+00
4.290000000000000000e+02 2.374428498951856703e+00
4.300000000000000000e+02 2.374464831674243825e+00
4.310000000000000000e+02 2.374501159961299734e+00
4.320000000000000000e+02 2.374537483808747407e+00
4.330000000000000000e+02 2.374573803212308487e+00
4.340000000000000000e+02 2.374610118167705952e+00
4.350000000000000000e+02 2.374646428670661447e+00
4.360000000000000000e+02 2.374682734716897503e+00
4.370000000000000000e+02 2.374719036302136654e+00
4.380000000000000000e+02 2.374755333422100545e+00
4.390000000000000000e+02 2.374791626072512152e+00
4.400000000000000000e+02 2.374827914249093119e+00
4.410000000000000000e+02 2.374864197947566424e+00
4.420000000000000000e+02 2.374900477163653711e+00
4.430000000000000000e+02 2.374936751893077513e+00
4.440000000000000000e+02 2.374973022131559919e+00
4.450000000000000000e+02 2.375009287874823460e+00
4.460000000000000000e+02 2.375045549118590671e+00
4.470000000000000000e+02 2.375081805858583195e+00
4.480000000000000000e+02 2.375118058090523565e+00
4.490000000000000000e+02 2.375154305810134314e+00
4.500000000000000000e+02 2.375190549013137531e+00
4.510000000000000000e+02 2.375226787695255304e+00
4.520000000000000000e+02 2.375263021852210166e+00
4.530000000000000000e+02 2.375299251479724205e+00
4.540000000000000000e+02 2.375335476573519955e+00
4.550000000000000000e+02 2.375371697129319504e+00
4.560000000000000000e+02 2.375407913142844940e+00
4.570000000000000000e+02 2.375444124609819241e+00
4.580000000000000000e+02 2.375480331525964051e+00
4.590000000000000000e+02 2.375516533887001458e+00
4.600000000000000000e+02 2.375552731688654440e+00
4.610000000000000000e+02 2.375588924926644641e+00
4.620000000000000000e+02 2.375625113596695037e+00
4.630000000000000000e+02 2.375661297694527274e+00
4.640000000000000000e+02 2.375697477215863884e+00
4.650000000000000000e+02 2.375733652156426956e+00
4.660000000000000000e+02 2.375769822511939022e+00
4.670000000000000000e+02 2.375805988278122172e+00
4.680000000000000000e+02 2.375842149450698937e+00
4.690000000000000000e+02 2.375878306025390962e+00
4.700000000000000000e+02 2.375914457997921669e+00
4.710000000000000000e+02 2.375950605364012258e+00
4.720000000000000000e+02 2.375986748119385261e+00
4.730000000000000000e+02 2.376022886259763656e+00
4.740000000000000000e+02 2.376059019780868642e+00
4.750000000000000000e+02 2.376095148678423197e+00
4.760000000000000000e+02 2.376131272948149409e+00
4.770000000000000000e+02 2.376167392585769367e+00
4.780000000000000000e+02 2.376203507587006047e+00
4.790000000000000000e+02 2.376239617947580651e+00
4.800000000000000000e+02 2.376275723663216599e+00
4.810000000000000000e+02 2.376311824729635092e+00
4.820000000000000000e+02 2.376347921142559105e+00
4.830000000000000000e+02 2.376384012897710729e+00
4.840000000000000000e+02 2.376420099990812496e+00
4.850000000000000000e+02 2.376456182417586049e+00
4.860000000000000000e+02 2.376492260173754367e+00
4.870000000000000000e+02 2.376528333255039094e+00
4.880000000000000000e+02 2.376564401657163206e+00
4.890000000000000000e+02 2.376600465375848348e+00
4.900000000000000000e+02 2.376636524406817053e+00
4.910000000000000000e+02 2.376672578745791409e+00
4.920000000000000000e+02 2.376708628388493949e+00
4.930000000000000000e+02 2.376744673330647206e+00
4.940000000000000000e+02 2.376780713567972825e+00
4.950000000000000000e+02 2.376816749096193337e+00
4.960000000000000000e+02 2.376852779911031277e+00
4.970000000000000000e+02 2.376888806008208732e+00
4.980000000000000000e+02 2.376924827383447791e+00
4.990000000000000000e+02 2.376960844032470987e+00
5.000000000000000000e+02 2.376996855951000409e+00
5.010000000000000000e+02 2.377032863134758589e+00
5.020000000000000000e+02 2.377068865579467616e+00
5.030000000000000000e+02 2.377104863280849578e+00
5.040000000000000000e+02 2.377140856234627009e+00
5.050000000000000000e+02 2.377176844436522440e+00
5.060000000000000000e+02 2.377212827882257962e+00
5.070000000000000000e+02 2.377248806567555217e+00
5.080000000000000000e+02 2.377284780488137628e+00
5.090000000000000000e+02 2.377320749639726394e+00
5.100000000000000000e+02 2.377356714018044492e+00
5.110000000000000000e+02 2.377392673618814012e+00
5.120000000000000000e+02 2.377428628437757041e+00
5.130000000000000000e+02 2.377464578470596113e+00
5.140000000000000000e+02 2.377500523713053315e+00
5.150000000000000000e+02 2.377536464160851182e+00
5.160000000000000000e+02 2.377572399809711801e+00
5.170000000000000000e+02 2.377608330655357260e+00
5.180000000000000000e+02 2.377644256693510094e+00
5.190000000000000000e+02 2.377680177919892834e+00
5.200000000000000000e+02 2.377716094330227126e+00
5.210000000000000000e+02 2.377752005920235501e+00
5.220000000000000000e+02 2.377787912685640492e+00
5.230000000000000000e+02 2.377823814622164189e+00
5.240000000000000000e+02 2.377859711725529124e+00
5.250000000000000000e+02 2.377895603991456941e+00
5.260000000000000000e+02 2.377931491415670617e+00
5.270000000000000000e+02 2.377967373993891798e+00
5.280000000000000000e+02 2.378003251721843458e+00
5.290000000000000000e+02 2.378039124595247245e+00
5.300000000000000000e+02 2.378074992609825689e+00
5.310000000000000000e+02 2.378110855761300879e+00
5.320000000000000000e+02 2.378146714045395793e+00
5.330000000000000000e+02 2.378182567457831631e+00
5.340000000000000000e+02 2.378218415994331814e+00
5.350000000000000000e+02 2.378254259650617541e+00
5.360000000000000000e+02 2.378290098422411791e+00
5.370000000000000000e+02 2.378325932305436652e+00
5.380000000000000000e+02 2.378361761295414656e+00
5.390000000000000000e+02 2.378397585388067448e+00
5.400000000000000000e+02 2.378433404579118005e+00
5.410000000000000000e+02 2.378469218864287971e+00
5.420000000000000000e+02 2.378505028239299879e+00
5.430000000000000000e+02 2.378540832699876262e+00
5.440000000000000000e+02 2.378576632241739208e+00
5.450000000000000000e+02 2.378612426860610807e+00
5.460000000000000000e+02 2.378648216552213590e+00
5.470000000000000000e+02 2.378684001312269647e+00
5.480000000000000000e+02 2.378719781136501510e+00
5.490000000000000000e+02 2.378755556020631268e+00
5.500000000000000000e+02 2.378791325960381009e+00
5.510000000000000000e+02 2.378827090951473711e+00
5.520000000000000000e+02 2.378862850989631017e+00
5.530000000000000000e+02 2.378898606070575017e+00
5.540000000000000000e+02 2.378934356190028687e+00
5.550000000000000000e+02 2.378970101343713672e+00
5.560000000000000000e+02 2.379005841527352949e+00
5.570000000000000000e+02 2.379041576736668162e+00
5.580000000000000000e+02 2.379077306967381844e+00
5.590000000000000000e+02 2.379113032215216084e+00
5.600000000000000000e+02 2.379148752475893414e+00
5.610000000000000000e+02 2.379184467745135922e+00
5.620000000000000000e+02 2.379220178018666143e+00
5.630000000000000000e+02 2.379255883292206164e+00
5.640000000000000000e+02 2.379291583561478074e+00
5.650000000000000000e+02 2.379327278822204850e+00
5.660000000000000000e+02 2.379362969070107692e+00
5.670000000000000000e+02 2.379398654300910021e+00
5.680000000000000000e+02 2.379434334510333038e+00
5.690000000000000000e+02 2.379470009694099719e+00
5.700000000000000000e+02 2.379505679847932154e+00
5.710000000000000000e+02 2.379541344967552874e+00
5.720000000000000000e+02 2.379577005048683525e+00
5.730000000000000000e+02 2.379612660087047082e+00
5.740000000000000000e+02 2.379648310078365192e+00
5.750000000000000000e+02 2.379683955018360830e+00
5.760000000000000000e+02 2.379719594902755642e+00
5.770000000000000000e+02 2.379755229727272159e+00
5.780000000000000000e+02 2.379790859487632915e+00
5.790000000000000000e+02 2.379826484179559554e+00
5.800000000000000000e+02 2.379862103798775053e+00
5.810000000000000000e+02 2.379897718341001500e+00
5.820000000000000000e+02 2.379933327801960541e+00
5.830000000000000000e+02 2.379968932177375152e+00
5.840000000000000000e+02 2.380004531462967865e+00
5.850000000000000000e+02 2.380040125654459882e+00
5.860000000000000000e+02 2.380075714747574178e+00
5.870000000000000000e+02 2.380111298738033287e+00
5.880000000000000000e+02 2.380146877621558854e+00
5.890000000000000000e+02 2.380182451393873855e+00
5.900000000000000000e+02 2.380218020050699934e+00
5.910000000000000000e+02 2.380253583587759625e+00
5.920000000000000000e+02 2.380289142000775016e+00
5.930000000000000000e+02 2.380324695285468639e+00
5.940000000000000000e+02 2.380360243437563028e+00
5.950000000000000000e+02 2.380395786452779827e+00
5.960000000000000000e+02 2.380431324326841569e+00
5.970000000000000000e+02 2.380466857055470342e+00
5.980000000000000000e+02 2.380502384634389124e+00
5.990000000000000000e+02 2.380537907059319558e+00
6.000000000000000000e+02 2.380573424325983733e+00
6.010000000000000000e+02 2.380608936430104627e+00
6.020000000000000000e+02 2.380644443367404328e+00
6.030000000000000000e+02 2.380679945133604924e+00
6.040000000000000000e+02 2.380715441724428505e+00
6.050000000000000000e+02 2.380750933135597602e+00
6.060000000000000000e+02 2.380786419362834305e+00
6.070000000000000000e+02 2.380821900401861146e+00
6.080000000000000000e+02 2.380857376248400659e+00
6.090000000000000000e+02 2.380892846898174486e+00
6.100000000000000000e+02 2.380928312346905162e+00
6.110000000000000000e+02 2.380963772590314775e+00
6.120000000000000000e+02 2.380999227624126302e+00
6.130000000000000000e+02 2.381034677444060943e+00
6.140000000000000000e+02 2.381070122045842119e+00
6.150000000000000000e+02 2.381105561425191475e+00
6.160000000000000000e+02 2.381140995577831099e+00
6.170000000000000000e+02 2.381176424499483524e+00
6.180000000000000000e+02 2.381211848185871283e+00
6.190000000000000000e+02 2.381247266632716020e+00
6.200000000000000000e+02 2.381282679835740712e+00
6.210000000000000000e+02 2.381318087790667448e+00
6.220000000000000000e+02 2.381353490493218317e+00
6.230000000000000000e+02 2.381388887939115406e+00
6.240000000000000000e+02 2.381424280124081694e+00
6.250000000000000000e+02 2.381459667043838380e+00
6.260000000000000000e+02 2.381495048694108885e+00
6.270000000000000000e+02 2.381530425070614854e+00
6.280000000000000000e+02 2.381565796169078819e+00
6.290000000000000000e+02 2.381601161985222426e+00
6.300000000000000000e+02 2.381636522514769094e+00
6.310000000000000000e+02 2.381671877753440025e+00
6.320000000000000000e+02 2.381707227696958196e+00
6.330000000000000000e+02 2.381742572341045250e+00
6.340000000000000000e+02 2.381777911681424165e+00
6.350000000000000000e+02 2.381813245713817029e+00
6.360000000000000000e+02 2.381848574433945487e+00
6.370000000000000000e+02 2.381883897837532515e+00
6.380000000000000000e+02 2.381919215920300648e+00
6.390000000000000000e+02 2.381954528677971084e+00
6.400000000000000000e+02 2.381989836106266800e+00
6.410000000000000000e+02 2.382025138200910330e+00
6.420000000000000000e+02 2.382060434957623318e+00
6.430000000000000000e+02 2.382095726372128741e+00
6.440000000000000000e+02 2.382131012440147799e+00
6.450000000000000000e+02 2.382166293157403913e+00
6.460000000000000000e+02 2.382201568519618728e+00
6.470000000000000000e+02 2.382236838522514777e+00
6.480000000000000000e+02 2.382272103161814147e+00
6.490000000000000000e+02 2.382307362433239373e+00
6.500000000000000000e+02 2.382342616332512542e+00
6.510000000000000000e+02 2.382377864855355742e+00
6.520000000000000000e+02 2.382413107997491952e+00
6.530000000000000000e+02 2.382448345754642371e+00
6.540000000000000000e+02 2.382483578122530421e+00
6.550000000000000000e+02 2.382518805096877301e+00
6.560000000000000000e+02 2.382554026673406433e+00
6.570000000000000000e+02 2.382589242847839017e+00
6.580000000000000000e+02 2.382624453615898030e+00
6.590000000000000000e+02 2.382659658973305117e+00
6.600000000000000000e+02 2.382694858915783254e+00
6.610000000000000000e+02 2.382730053439054529e+00
6.620000000000000000e+02 2.382765242538841033e+00
6.630000000000000000e+02 2.382800426210864853e+00
6.640000000000000000e+02 2.382835604450848965e+00
6.650000000000000000e+02 2.382870777254515016e+00
6.660000000000000000e+02 2.382905944617585536e+00
6.670000000000000000e+02 2.382941106535782616e+00
6.680000000000000000e+02 2.382976263004828787e+00
6.690000000000000000e+02 2.383011414020446139e+00
6.700000000000000000e+02 2.383046559578356760e+00
6.710000000000000000e+02 2.383081699674283627e+00
6.720000000000000000e+02 2.383116834303948384e+00
6.730000000000000000e+02 2.383151963463073564e+00
6.740000000000000000e+02 2.383187087147381256e+00
6.750000000000000000e+02 2.383222205352593992e+00
6.760000000000000000e+02 2.383257318074433861e+00
6.770000000000000000e+02 2.383292425308623397e+00
6.780000000000000000e+02 2.383327527050884242e+00
6.790000000000000000e+02 2.383362623296939375e+00
6.800000000000000000e+02 2.383397714042510884e+00
6.810000000000000000e+02 2.383432799283320858e+00
6.820000000000000000e+02 2.383467879015091828e+00
6.830000000000000000e+02 2.383502953233545885e+00
6.840000000000000000e+02 2.383538021934405560e+00
6.850000000000000000e+02 2.383573085113392498e+00
6.860000000000000000e+02 2.383608142766229676e+00
6.870000000000000000e+02 2.383643194888638739e+00
6.880000000000000000e+02 2.383678241476342663e+00
6.890000000000000000e+02 2.383713282525063537e+00
6.900000000000000000e+02 2.383748318030523006e+00
6.910000000000000000e+02 2.383783347988444490e+00
6.920000000000000000e+02 2.383818372394549190e+00
6.930000000000000000e+02 2.383853391244559639e+00
6.940000000000000000e+02 2.383888404534198369e+00
6.950000000000000000e+02 2.383923412259187913e+00
6.960000000000000000e+02 2.383958414415249916e+00
6.970000000000000000e+02 2.383993410998106910e+00
6.980000000000000000e+02 2.384028402003481428e+00
6.990000000000000000e+02 2.384063387427095115e+00
7.000000000000000000e+02 2.384098367264670948e+00
7.010000000000000000e+02 2.384133341511931015e+00
7.020000000000000000e+02 2.384168310164597404e+00
7.030000000000000000e+02 2.384203273218392205e+00
7.040000000000000000e+02 2.384238230669038394e+00
7.050000000000000000e+02 2.384273182512257616e+00
7.060000000000000000e+02 2.384308128743772404e+00
7.070000000000000000e+02 2.384343069359304845e+00
7.080000000000000000e+02 2.384378004354577474e+00
7.090000000000000000e+02 2.384412933725312822e+00
7.100000000000000000e+02 2.384447857467232090e+00
7.110000000000000000e+02 2.384482775576058700e+00
7.120000000000000000e+02 2.384517688047514739e+00
7.130000000000000000e+02 2.384552594877321852e+00
7.140000000000000000e+02 2.384587496061202572e+00
7.150000000000000000e+02 2.384622391594879431e+00
7.160000000000000000e+02 2.384657281474074964e+00
7.170000000000000000e+02 2.384692165694510813e+00
7.180000000000000000e+02 2.384727044251909511e+00
7.190000000000000000e+02 2.384761917141993148e+00
7.200000000000000000e+02 2.384796784360484256e+00
7.210000000000000000e+02 2.384831645903105368e+00
7.220000000000000000e+02 2.384866501765578128e+00
7.230000000000000000e+02 2.384901351943625514e+00
7.240000000000000000e+02 2.384936196432969169e+00
7.250000000000000000e+02 2.384971035229331626e+00
7.260000000000000000e+02 2.385005868328434975e+00
7.270000000000000000e+02 2.385040695726001747e+00
7.280000000000000000e+02 2.385075517417754476e+00
7.290000000000000000e+02 2.385110333399414806e+00
7.300000000000000000e+02 2.385145143666705270e+00
7.310000000000000000e+02 2.385179948215348400e+00
7.320000000000000000e+02 2.385214747041066286e+00
7.330000000000000000e+02 2.385249540139581015e+00
7.340000000000000000e+02 2.385284327506615121e+00
7.350000000000000000e+02 2.385319109137890692e+00
7.360000000000000000e+02 2.385353885029130261e+00
7.370000000000000000e+02 2.385388655176055916e+00
7.380000000000000000e+02 2.385423419574389747e+00
7.390000000000000000e+02 2.385458178219854730e+00
7.400000000000000000e+02 2.385492931108172510e+00
7.410000000000000000e+02 2.385527678235065174e+00
7.420000000000000000e+02 2.385562419596255701e+00
7.430000000000000000e+02 2.385597155187466178e+00
7.440000000000000000e+02 2.385631885004418251e+00
7.450000000000000000e+02 2.385666609042834896e+00
7.460000000000000000e+02 2.385701327298438201e+00
7.470000000000000000e+02 2.385736039766950256e+00
7.480000000000000000e+02 2.385770746444094037e+00
7.490000000000000000e+02 2.385805447325590745e+00
7.500000000000000000e+02 2.385840142407163356e+00
7.510000000000000000e+02 2.385874831684533959e+00
7.520000000000000000e+02 2.385909515153424643e+00
7.530000000000000000e+02 2.385944192809558384e+00
7.540000000000000000e+02 2.385978864648656383e+00
7.550000000000000000e+02 2.386013530666442062e+00
7.560000000000000000e+02 2.386048190858636620e+00
7.570000000000000000e+02 2.386082845220963478e+00
7.580000000000000000e+02 2.386117493749143836e+00
7.590000000000000000e+02 2.386152136438900673e+00
7.600000000000000000e+02 2.386186773285955631e+00
7.610000000000000000e+02 2.386221404286031689e+00
7.620000000000000000e+02 2.386256029434850934e+00
7.630000000000000000e+02 2.386290648728135011e+00
7.640000000000000000e+02 2.386325262161607341e+00
7.650000000000000000e+02 2.386359869730989125e+00
7.660000000000000000e+02 2.386394471432003339e+00
7.670000000000000000e+02 2.386429067260372072e+00
7.680000000000000000e+02 2.386463657211817413e+00
7.690000000000000000e+02 2.386498241282061450e+00
7.700000000000000000e+02 2.386532819466827160e+00
7.710000000000000000e+02 2.386567391761836632e+00
7.720000000000000000e+02 2.386601958162811510e+00
7.730000000000000000e+02 2.386636518665474771e+00
7.740000000000000000e+02 2.386671073265548060e+00
7.750000000000000000e+02 2.386705621958754353e+00
7.760000000000000000e+02 2.386740164740815739e+00
7.770000000000000000e+02 2.386774701607454308e+00
7.780000000000000000e+02 2.386809232554392146e+00
7.790000000000000000e+02 2.386843757577351788e+00
7.800000000000000000e+02 2.386878276672055765e+00
7.810000000000000000e+02 2.386912789834225723e+00
7.820000000000000000e+02 2.386947297059584638e+00
7.830000000000000000e+02 2.386981798343854155e+00
7.840000000000000000e+02 2.387016293682757251e+00
7.850000000000000000e+02 2.387050783072015125e+00
7.860000000000000000e+02 2.387085266507351200e+00
7.870000000000000000e+02 2.387119743984487563e+00
7.880000000000000000e+02 2.387154215499145860e+00
7.890000000000000000e+02 2.387188681047048622e+00
7.900000000000000000e+02 2.387223140623918383e+00
7.910000000000000000e+02 2.387257594225477231e+00
7.920000000000000000e+02 2.387292041847447255e+00
7.930000000000000000e+02 2.387326483485551432e+00
7.940000000000000000e+02 2.387360919135511406e+00
7.950000000000000000e+02 2.387395348793049266e+00
7.960000000000000000e+02 2.387429772453887988e+00
7.970000000000000000e+02 2.387464190113749218e+00
7.980000000000000000e+02 2.387498601768355933e+00
7.990000000000000000e+02 2.387533007413429775e+00
8.000000000000000000e+02 2.387567407044693280e+00
8.010000000000000000e+02 2.387601800657868534e+00
8.020000000000000000e+02 2.387636188248678071e+00
8.030000000000000000e+02 2.387670569812843979e+00
8.040000000000000000e+02 2.387704945346088792e+00
8.050000000000000000e+02 2.387739314844134153e+00
8.060000000000000000e+02 2.387773678302703484e+00
8.070000000000000000e+02 2.387808035717517985e+00
8.080000000000000000e+02 2.387842387084300189e+00
8.090000000000000000e+02 2.387876732398772628e+00
8.100000000000000000e+02 2.387911071656657391e+00
8.110000000000000000e+02 2.387945404853677012e+00
8.120000000000000000e+02 2.387979731985553578e+00
8.130000000000000000e+02 2.388014053048009622e+00
8.140000000000000000e+02 2.388048368036766789e+00
8.150000000000000000e+02 2.388082676947547611e+00
8.160000000000000000e+02 2.388116979776074622e+00
8.170000000000000000e+02 2.388151276518070354e+00
8.180000000000000000e+02 2.388185567169256451e+00
8.190000000000000000e+02 2.388219851725355447e+00
8.200000000000000000e+02 2.388254130182089430e+00
8.210000000000000000e+02 2.388288402535180932e+00
8.220000000000000000e+02 2.388322668780352043e+00
8.230000000000000000e+02 2.388356928913325294e+00
8.240000000000000000e+02 2.388391182929823220e+00
8.250000000000000000e+02 2.388425430825567020e+00
8.260000000000000000e+02 2.388459672596280114e+00
8.270000000000000000e+02 2.388493908237684149e+00
8.280000000000000000e+02 2.388528137745501656e+00
8.290000000000000000e+02 2.388562361115454724e+00
8.300000000000000000e+02 2.388596578343265886e+00
8.310000000000000000e+02 2.388630789424657230e+00
8.320000000000000000e+02 2.388664994355351290e+00
8.330000000000000000e+02 2.388699193131069709e+00
8.340000000000000000e+02 2.388733385747535465e+00
8.350000000000000000e+02 2.388767572200470646e+00
8.360000000000000000e+02 2.388801752485596896e+00
8.370000000000000000e+02 2.388835926598637638e+00
8.380000000000000000e+02 2.388870094535314070e+00
8.390000000000000000e+02 2.388904256291349615e+00
8.400000000000000000e+02 2.388938411862465472e+00
8.410000000000000000e+02 2.388972561244384174e+00
8.420000000000000000e+02 2.389006704432828254e+00
8.430000000000000000e+02 2.389040841423519801e+00
8.440000000000000000e+02 2.389074972212181347e+00
8.450000000000000000e+02 2.389109096794534981e+00
8.460000000000000000e+02 2.389143215166303236e+00
8.470000000000000000e+02 2.389177327323207756e+00
8.480000000000000000e+02 2.389211433260971518e+00
8.490000000000000000e+02 2.389245532975316166e+00
8.500000000000000000e+02 2.389279626461964678e+00
8.510000000000000000e+02 2.389313713716638699e+00
8.520000000000000000e+02 2.389347794735061203e+00
8.530000000000000000e+02 2.389381869512953394e+00
8.540000000000000000e+02 2.389415938046038690e+00
8.550000000000000000e+02 2.389450000330038737e+00
8.560000000000000000e+02 2.389484056360676067e+00
8.570000000000000000e+02 2.389518106133672770e+00
8.580000000000000000e+02 2.389552149644750934e+00
8.590000000000000000e+02 2.389586186889633090e+00
8.600000000000000000e+02 2.389620217864041773e+00
8.610000000000000000e+02 2.389654242563699071e+00
8.620000000000000000e+02 2.389688260984327073e+00
8.630000000000000000e+02 2.389722273121648310e+00
8.640000000000000000e+02 2.389756278971384873e+00
8.650000000000000000e+02 2.389790278529258849e+00
8.660000000000000000e+02 2.389824271790993215e+00
8.670000000000000000e+02 2.389858258752309617e+00
8.680000000000000000e+02 2.389892239408930141e+00
8.690000000000000000e+02 2.389926213756577766e+00
8.700000000000000000e+02 2.389960181790974580e+00
8.710000000000000000e+02 2.389994143507842672e+00
8.720000000000000000e+02 2.390028098902904130e+00
8.730000000000000000e+02 2.390062047971881931e+00
8.740000000000000000e+02 2.390095990710497276e+00
8.750000000000000000e+02 2.390129927114473585e+00
8.760000000000000000e+02 2.390163857179532503e+00
8.770000000000000000e+02 2.390197780901396118e+00
8.780000000000000000e+02 2.390231698275787409e+00
8.790000000000000000e+02 2.390265609298428018e+00
8.800000000000000000e+02 2.390299513965040479e+00
8.810000000000000000e+02 2.390333412271346880e+00
8.820000000000000000e+02 2.390367304213070199e+00
8.830000000000000000e+02 2.390401189785931635e+00
8.840000000000000000e+02 2.390435068985654166e+00
8.850000000000000000e+02 2.390468941807959879e+00
8.860000000000000000e+02 2.390502808248571309e+00
8.870000000000000000e+02 2.390536668303210543e+00
8.880000000000000000e+02 2.390570521967599227e+00
8.890000000000000000e+02 2.390604369237460780e+00
8.900000000000000000e+02 2.390638210108516848e+00
8.910000000000000000e+02 2.390672044576489963e+00
8.920000000000000000e+02 2.390705872637101770e+00
8.930000000000000000e+02 2.390739694286075689e+00
8.940000000000000000e+02 2.390773509519132922e+00
8.950000000000000000e+02 2.390807318331996001e+00
8.960000000000000000e+02 2.390841120720387458e+00
8.970000000000000000e+02 2.390874916680029383e+00
8.980000000000000000e+02 2.390908706206644307e+00
8.990000000000000000e+02 2.390942489295954321e+00
9.000000000000000000e+02 2.390976265943681955e+00
9.010000000000000000e+02 2.391010036145548856e+00
9.020000000000000000e+02 2.391043799897277999e+00
9.030000000000000000e+02 2.391077557194591030e+00
9.040000000000000000e+02 2.391111308033210481e+00
9.050000000000000000e+02 2.391145052408858884e+00
9.060000000000000000e+02 2.391178790317258773e+00
9.070000000000000000e+02 2.391212521754131348e+00
9.080000000000000000e+02 2.391246246715200030e+00
9.090000000000000000e+02 2.391279965196186019e+00
9.100000000000000000e+02 2.391313677192812737e+00
9.110000000000000000e+02 2.391347382700801383e+00
9.120000000000000000e+02 2.391381081715874934e+00
9.130000000000000000e+02 2.391414774233755924e+00
9.140000000000000000e+02 2.391448460250165553e+00
9.150000000000000000e+02 2.391482139760827241e+00
9.160000000000000000e+02 2.391515812761462190e+00
9.170000000000000000e+02 2.391549479247793819e+00
9.180000000000000000e+02 2.391583139215543330e+00
9.190000000000000000e+02 2.391616792660433699e+00
9.200000000000000000e+02 2.391650439578187015e+00
9.210000000000000000e+02 2.391684079964525811e+00
9.220000000000000000e+02 2.391717713815171731e+00
9.230000000000000000e+02 2.391751341125847308e+00
9.240000000000000000e+02 2.391784961892275074e+00
9.250000000000000000e+02 2.391818576110177563e+00
9.260000000000000000e+02 2.391852183775275975e+00
9.270000000000000000e+02 2.391885784883293731e+00
9.280000000000000000e+02 2.391919379429952475e+00
9.290000000000000000e+02 2.391952967410974740e+00
9.300000000000000000e+02 2.391986548822082614e+00
9.310000000000000000e+02 2.392020123658998632e+00
9.320000000000000000e+02 2.392053691917444880e+00
9.330000000000000000e+02 2.392087253593143448e+00
9.340000000000000000e+02 2.392120808681817312e+00
9.350000000000000000e+02 2.392154357179187674e+00
9.360000000000000000e+02 2.392187899080977953e+00
9.370000000000000000e+02 2.392221434382909351e+00
9.380000000000000000e+02 2.392254963080705288e+00
9.390000000000000000e+02 2.392288485170086965e+00
9.400000000000000000e+02 2.392322000646777358e+00
9.410000000000000000e+02 2.392355509506498557e+00
9.420000000000000000e+02 2.392389011744972649e+00
9.430000000000000000e+02 2.392422507357922168e+00
9.440000000000000000e+02 2.392455996341069202e+00
9.450000000000000000e+02 2.392489478690135840e+00
9.460000000000000000e+02 2.392522954400845059e+00
9.470000000000000000e+02 2.392556423468918503e+00
9.480000000000000000e+02 2.392589885890078705e+00
9.490000000000000000e+02 2.392623341660047753e+00
9.500000000000000000e+02 2.392656790774548625e+00
9.510000000000000000e+02 2.392690233229302521e+00
9.520000000000000000e+02 2.392723669020032418e+00
9.530000000000000000e+02 2.392757098142459959e+00
9.540000000000000000e+02 2.392790520592308567e+00
9.550000000000000000e+02 2.392823936365299442e+00
9.560000000000000000e+02 2.392857345457155116e+00
9.570000000000000000e+02 2.392890747863598122e+00
9.580000000000000000e+02 2.392924143580350993e+00
9.590000000000000000e+02 2.392957532603135373e+00
9.600000000000000000e+02 2.392990914927673796e+00
9.610000000000000000e+02 2.393024290549688349e+00
9.620000000000000000e+02 2.393057659464901565e+00
9.630000000000000000e+02 2.393091021669035534e+00
9.640000000000000000e+02 2.393124377157813232e+00
9.650000000000000000e+02 2.393157725926955859e+00
9.660000000000000000e+02 2.393191067972186392e+00
9.670000000000000000e+02 2.393224403289226476e+00
9.680000000000000000e+02 2.393257731873799532e+00
9.690000000000000000e+02 2.393291053721626760e+00
9.700000000000000000e+02 2.393324368828430693e+00
9.710000000000000000e+02 2.393357677189933863e+00
9.720000000000000000e+02 2.393390978801858360e+00
9.730000000000000000e+02 2.393424273659926271e+00
9.740000000000000000e+02 2.393457561759860575e+00
9.750000000000000000e+02 2.393490843097382914e+00
9.760000000000000000e+02 2.393524117668215379e+00
9.770000000000000000e+02 2.393557385468080945e+00
9.780000000000000000e+02 2.393590646492701701e+00
9.790000000000000000e+02 2.393623900737799293e+00
9.800000000000000000e+02 2.393657148199097140e+00
9.810000000000000000e+02 2.393690388872316444e+00
9.820000000000000000e+02 2.393723622753179736e+00
9.830000000000000000e+02 2.393756849837409550e+00
9.840000000000000000e+02 2.393790070120728419e+00
9.850000000000000000e+02 2.393823283598857987e+00
9.860000000000000000e+02 2.393856490267520787e+00
9.870000000000000000e+02 2.393889690122439351e+00
9.880000000000000000e+02 2.393922883159335324e+00
9.890000000000000000e+02 2.393956069373931683e+00
9.900000000000000000e+02 2.393989248761950517e+00
9.910000000000000000e+02 2.394022421319113914e+00
9.920000000000000000e+02 2.394055587041143962e+00
9.930000000000000000e+02 2.394088745923763195e+00
9.940000000000000000e+02 2.394121897962694145e+00
9.950000000000000000e+02 2.394155043153658902e+00
9.960000000000000000e+02 2.394188181492379552e+00
9.970000000000000000e+02 2.394221312974578630e+00
9.980000000000000000e+02 2.394254437595978224e+00
9.990000000000000000e+02 2.394287555352300867e+00
1.000000000000000000e+03 2.394320666239268647e+00
1.001000000000000000e+03 2.394353770252603653e+00
1.002000000000000000e+03 2.394386867388028417e+00
1.003000000000000000e+03 2.394419957641265029e+00
1.004000000000000000e+03 2.394453041008036021e+00
1.005000000000000000e+03 2.394486117484063481e+00
1.006000000000000000e+03 2.394519187065069943e+00
1.007000000000000000e+03 2.394552249746777495e+00
1.008000000000000000e+03 2.394585305524908225e+00
1.009000000000000000e+03 2.394618354395184667e+00
1.010000000000000000e+03 2.394651396353328909e+00
1.011000000000000000e+03 2.394684431395063484e+00
1.012000000000000000e+03 2.394717459516110480e+00
1.013000000000000000e+03 2.394750480712192431e+00
1.014000000000000000e+03 2.394783494979030980e+00
1.015000000000000000e+03 2.394816502312349105e+00
1.016000000000000000e+03 2.394849502707868893e+00
1.017000000000000000e+03 2.394882496161312435e+00
1.018000000000000000e+03 2.394915482668402262e+00
1.019000000000000000e+03 2.394948462224860464e+00
1.020000000000000000e+03 2.394981434826409128e+00
1.021000000000000000e+03 2.395014400468770788e+00
