# order=12: data_wav [pixel], data_wavsolution [micron]
3.000000000000000000e+00 1.714724809451932286e+00
4.000000000000000000e+00 1.714753560761665296e+00
5.000000000000000000e+00 1.714782306740112228e+00
6.000000000000000000e+00 1.714811047387273080e+00
7.000000000000000000e+00 1.714839782703148297e+00
8.000000000000000000e+00 1.714868512687737212e+00
9.000000000000000000e+00 1.714897237341040270e+00
1.000000000000000000e+01 1.714925956663057471e+00
1.100000000000000000e+01 1.714954670653788593e+00
1.200000000000000000e+01 1.714983379313233858e+00
1.300000000000000000e+01 1.715012082641393043e+00
1.400000000000000000e+01 1.715040780638266371e+00
1.500000000000000000e+01 1.715069473303853620e+00
1.600000000000000000e+01 1.715098160638154789e+00
1.700000000000000000e+01 1.715126842641170102e+00
1.800000000000000000e+01 1.715155519312899557e+00
1.900000000000000000e+01 1.715184190653342933e+00
2.000000000000000000e+01 1.715212856662500451e+00
2.100000000000000000e+01 1.715241517340371891e+00
2.200000000000000000e+01 1.715270172686957251e+00
2.300000000000000000e+01 1.715298822702256754e+00
2.400000000000000000e+01 1.715327467386270399e+00
2.500000000000000000e+01 1.715356106738997966e+00
2.600000000000000000e+01 1.715384740760439675e+00
2.700000000000000000e+01 1.715413369450595304e+00
2.800000000000000000e+01 1.715441992809464855e+00
2.900000000000000000e+01 1.715470610837048548e+00
3.000000000000000000e+01 1.715499223533346385e+00
3.100000000000000000e+01 1.715527830898358141e+00
3.200000000000000000e+01 1.715556432932083819e+00
3.300000000000000000e+01 1.715585029634523639e+00
3.400000000000000000e+01 1.715613621005677603e+00
3.500000000000000000e+01 1.715642207045545486e+00
3.600000000000000000e+01 1.715670787754127291e+00
3.700000000000000000e+01 1.715699363131423238e+00
3.800000000000000000e+01 1.715727933177433329e+00
3.900000000000000000e+01 1.715756497892157340e+00
4.000000000000000000e+01 1.715785057275595271e+00
4.100000000000000000e+01 1.715813611327747346e+00
4.200000000000000000e+01 1.715842160048613563e+00
4.300000000000000000e+01 1.715870703438193701e+00
4.400000000000000000e+01 1.715899241496487759e+00
4.500000000000000000e+01 1.715927774223495961e+00
4.600000000000000000e+01 1.715956301619218305e+00
4.700000000000000000e+01 1.715984823683654570e+00
4.800000000000000000e+01 1.716013340416804756e+00
4.900000000000000000e+01 1.716041851818669084e+00
5.000000000000000000e+01 1.716070357889247555e+00
5.100000000000000000e+01 1.716098858628539947e+00
5.200000000000000000e+01 1.716127354036546260e+00
5.300000000000000000e+01 1.716155844113266715e+00
5.400000000000000000e+01 1.716184328858701313e+00
5.500000000000000000e+01 1.716212808272849610e+00
5.600000000000000000e+01 1.716241282355712272e+00
5.700000000000000000e+01 1.716269751107288855e+00
5.800000000000000000e+01 1.716298214527579358e+00
5.900000000000000000e+01 1.716326672616584004e+00
6.000000000000000000e+01 1.716355125374302792e+00
6.100000000000000000e+01 1.716383572800735280e+00
6.200000000000000000e+01 1.716412014895882132e+00
6.300000000000000000e+01 1.716440451659742905e+00
6.400000000000000000e+01 1.716468883092317599e+00
6.500000000000000000e+01 1.716497309193606435e+00
6.600000000000000000e+01 1.716525729963609193e+00
6.700000000000000000e+01 1.716554145402326093e+00
6.800000000000000000e+01 1.716582555509757135e+00
6.900000000000000000e+01 1.716610960285902099e+00
7.000000000000000000e+01 1.716639359730760983e+00
7.100000000000000000e+01 1.716667753844334010e+00
7.200000000000000000e+01 1.716696142626620958e+00
7.300000000000000000e+01 1.716724526077622048e+00
7.400000000000000000e+01 1.716752904197337060e+00
7.500000000000000000e+01 1.716781276985766214e+00
7.600000000000000000e+01 1.716809644442909288e+00
7.700000000000000000e+01 1.716838006568766506e+00
7.800000000000000000e+01 1.716866363363337866e+00
7.900000000000000000e+01 1.716894714826622925e+00
8.000000000000000000e+01 1.716923060958622349e+00
8.100000000000000000e+01 1.716951401759335694e+00
8.200000000000000000e+01 1.716979737228762959e+00
8.300000000000000000e+01 1.717008067366904367e+00
8.400000000000000000e+01 1.717036392173759696e+00
8.500000000000000000e+01 1.717064711649329167e+00
8.600000000000000000e+01 1.717093025793612560e+00
8.700000000000000000e+01 1.717121334606610095e+00
8.800000000000000000e+01 1.717149638088321550e+00
8.900000000000000000e+01 1.717177936238747149e+00
9.000000000000000000e+01 1.717206229057886668e+00
9.100000000000000000e+01 1.717234516545740330e+00
9.200000000000000000e+01 1.717262798702307913e+00
9.300000000000000000e+01 1.717291075527589639e+00
9.400000000000000000e+01 1.717319347021585285e+00
9.500000000000000000e+01 1.717347613184295074e+00
9.600000000000000000e+01 1.717375874015718784e+00
9.700000000000000000e+01 1.717404129515856637e+00
9.800000000000000000e+01 1.717432379684708410e+00
9.900000000000000000e+01 1.717460624522274326e+00
1.000000000000000000e+02 1.717488864028554163e+00
1.010000000000000000e+02 1.717517098203548143e+00
1.020000000000000000e+02 1.717545327047256043e+00
1.030000000000000000e+02 1.717573550559678086e+00
1.040000000000000000e+02 1.717601768740814050e+00
1.050000000000000000e+02 1.717629981590664157e+00
1.060000000000000000e+02 1.717658189109228184e+00
1.070000000000000000e+02 1.717686391296506354e+00
1.080000000000000000e+02 1.717714588152498445e+00
1.090000000000000000e+02 1.717742779677204679e+00
1.100000000000000000e+02 1.717770965870624833e+00
1.110000000000000000e+02 1.717799146732758908e+00
1.120000000000000000e+02 1.717827322263607348e+00
1.130000000000000000e+02 1.717855492463169487e+00
1.140000000000000000e+02 1.717883657331445768e+00
1.150000000000000000e+02 1.717911816868436192e+00
1.160000000000000000e+02 1.717939971074140537e+00
1.170000000000000000e+02 1.717968119948559025e+00
1.180000000000000000e+02 1.717996263491691433e+00
1.190000000000000000e+02 1.718024401703537984e+00
1.200000000000000000e+02 1.718052534584098456e+00
1.210000000000000000e+02 1.718080662133373071e+00
1.220000000000000000e+02 1.718108784351361606e+00
1.230000000000000000e+02 1.718136901238064063e+00
1.240000000000000000e+02 1.718165012793480662e+00
1.250000000000000000e+02 1.718193119017611403e+00
1.260000000000000000e+02 1.718221219910456066e+00
1.270000000000000000e+02 1.718249315472014871e+00
1.280000000000000000e+02 1.718277405702287597e+00
1.290000000000000000e+02 1.718305490601274244e+00
1.300000000000000000e+02 1.718333570168975255e+00
1.310000000000000000e+02 1.718361644405389965e+00
1.320000000000000000e+02 1.718389713310518818e+00
1.330000000000000000e+02 1.718417776884361814e+00
1.340000000000000000e+02 1.718445835126918730e+00
1.350000000000000000e+02 1.718473888038189568e+00
1.360000000000000000e+02 1.718501935618174548e+00
1.370000000000000000e+02 1.718529977866873670e+00
1.380000000000000000e+02 1.718558014784286714e+00
1.390000000000000000e+02 1.718586046370413900e+00
1.400000000000000000e+02 1.718614072625255007e+00
1.410000000000000000e+02 1.718642093548810035e+00
1.420000000000000000e+02 1.718670109141079205e+00
1.430000000000000000e+02 1.718698119402062519e+00
1.440000000000000000e+02 1.718726124331759753e+00
1.450000000000000000e+02 1.718754123930170907e+00
1.460000000000000000e+02 1.718782118197296205e+00
1.470000000000000000e+02 1.718810107133135645e+00
1.480000000000000000e+02 1.718838090737689006e+00
1.490000000000000000e+02 1.718866069010956288e+00
1.500000000000000000e+02 1.718894041952937712e+00
1.510000000000000000e+02 1.718922009563633280e+00
1.520000000000000000e+02 1.718949971843042768e+00
1.530000000000000000e+02 1.718977928791166176e+00
1.540000000000000000e+02 1.719005880408003728e+00
1.550000000000000000e+02 1.719033826693555422e+00
1.560000000000000000e+02 1.719061767647821037e+00
1.570000000000000000e+02 1.719089703270800573e+00
1.580000000000000000e+02 1.719117633562494252e+00
1.590000000000000000e+02 1.719145558522902073e+00
1.600000000000000000e+02 1.719173478152023815e+00
1.610000000000000000e+02 1.719201392449859478e+00
1.620000000000000000e+02 1.719229301416409283e+00
1.630000000000000000e+02 1.719257205051673232e+00
1.640000000000000000e+02 1.719285103355651101e+00
1.650000000000000000e+02 1.719312996328342891e+00
1.660000000000000000e+02 1.719340883969748823e+00
1.670000000000000000e+02 1.719368766279868677e+00
1.680000000000000000e+02 1.719396643258702673e+00
1.690000000000000000e+02 1.719424514906250812e+00
1.700000000000000000e+02 1.719452381222512871e+00
1.710000000000000000e+02 1.719480242207488851e+00
1.720000000000000000e+02 1.719508097861178975e+00
1.730000000000000000e+02 1.719535948183583018e+00
1.740000000000000000e+02 1.719563793174701205e+00
1.750000000000000000e+02 1.719591632834533534e+00
1.760000000000000000e+02 1.719619467163079563e+00
1.770000000000000000e+02 1.719647296160339955e+00
1.780000000000000000e+02 1.719675119826314269e+00
1.790000000000000000e+02 1.719702938161002503e+00
1.800000000000000000e+02 1.719730751164404881e+00
1.810000000000000000e+02 1.719758558836521178e+00
1.820000000000000000e+02 1.719786361177351619e+00
1.830000000000000000e+02 1.719814158186896202e+00
1.840000000000000000e+02 1.719841949865154485e+00
1.850000000000000000e+02 1.719869736212127131e+00
1.860000000000000000e+02 1.719897517227813699e+00
1.870000000000000000e+02 1.719925292912214188e+00
1.880000000000000000e+02 1.719953063265328819e+00
1.890000000000000000e+02 1.719980828287157371e+00
1.900000000000000000e+02 1.720008587977700065e+00
1.910000000000000000e+02 1.720036342336956681e+00
1.920000000000000000e+02 1.720064091364927439e+00
1.930000000000000000e+02 1.720091835061612118e+00
1.940000000000000000e+02 1.720119573427010939e+00
1.950000000000000000e+02 1.720147306461123682e+00
1.960000000000000000e+02 1.720175034163950567e+00
1.970000000000000000e+02 1.720202756535491595e+00
1.980000000000000000e+02 1.720230473575746322e+00
1.990000000000000000e+02 1.720258185284715413e+00
2.000000000000000000e+02 1.720285891662398203e+00
2.010000000000000000e+02 1.720313592708795358e+00
2.020000000000000000e+02 1.720341288423906212e+00
2.030000000000000000e+02 1.720368978807731430e+00
2.040000000000000000e+02 1.720396663860270348e+00
2.050000000000000000e+02 1.720424343581523630e+00
2.060000000000000000e+02 1.720452017971490832e+00
2.070000000000000000e+02 1.720479687030171956e+00
2.080000000000000000e+02 1.720507350757567000e+00
2.090000000000000000e+02 1.720535009153676409e+00
2.100000000000000000e+02 1.720562662218499517e+00
2.110000000000000000e+02 1.720590309952036989e+00
2.120000000000000000e+02 1.720617952354288160e+00
2.130000000000000000e+02 1.720645589425253696e+00
2.140000000000000000e+02 1.720673221164932931e+00
2.150000000000000000e+02 1.720700847573326531e+00
2.160000000000000000e+02 1.720728468650433829e+00
2.170000000000000000e+02 1.720756084396255270e+00
2.180000000000000000e+02 1.720783694810790854e+00
2.190000000000000000e+02 1.720811299894040358e+00
2.200000000000000000e+02 1.720838899646004005e+00
2.210000000000000000e+02 1.720866494066681573e+00
2.220000000000000000e+02 1.720894083156073284e+00
2.230000000000000000e+02 1.720921666914178916e+00
2.240000000000000000e+02 1.720949245340998690e+00
2.250000000000000000e+02 1.720976818436532385e+00
2.260000000000000000e+02 1.721004386200780223e+00
2.270000000000000000e+02 1.721031948633741981e+00
2.280000000000000000e+02 1.721059505735417661e+00
2.290000000000000000e+02 1.721087057505807705e+00
2.300000000000000000e+02 1.721114603944911448e+00
2.310000000000000000e+02 1.721142145052729333e+00
2.320000000000000000e+02 1.721169680829261361e+00
2.330000000000000000e+02 1.721197211274507310e+00
2.340000000000000000e+02 1.721224736388467402e+00
2.350000000000000000e+02 1.721252256171141415e+00
2.360000000000000000e+02 1.721279770622529348e+00
2.370000000000000000e+02 1.721307279742631646e+00
2.380000000000000000e+02 1.721334783531447643e+00
2.390000000000000000e+02 1.721362281988977783e+00
2.400000000000000000e+02 1.721389775115222065e+00
2.410000000000000000e+02 1.721417262910180268e+00
2.420000000000000000e+02 1.721444745373852614e+00
2.430000000000000000e+02 1.721472222506238881e+00
2.440000000000000000e+02 1.721499694307339068e+00
2.450000000000000000e+02 1.721527160777153398e+00
2.460000000000000000e+02 1.721554621915681871e+00
2.470000000000000000e+02 1.721582077722924264e+00
2.480000000000000000e+02 1.721609528198880801e+00
2.490000000000000000e+02 1.721636973343551258e+00
2.500000000000000000e+02 1.721664413156935636e+00
2.510000000000000000e+02 1.721691847639034156e+00
2.520000000000000000e+02 1.721719276789846820e+00
2.530000000000000000e+02 1.721746700609373404e+00
2.540000000000000000e+02 1.721774119097613909e+00
2.550000000000000000e+02 1.721801532254568556e+00
2.560000000000000000e+02 1.721828940080237347e+00
2.570000000000000000e+02 1.721856342574620058e+00
2.580000000000000000e+02 1.721883739737716690e+00
2.590000000000000000e+02 1.721911131569527464e+00
2.600000000000000000e+02 1.721938518070052382e+00
2.610000000000000000e+02 1.721965899239291220e+00
2.620000000000000000e+02 1.721993275077243979e+00
2.630000000000000000e+02 1.722020645583910881e+00
2.640000000000000000e+02 1.722048010759291925e+00
2.650000000000000000e+02 1.722075370603386890e+00
2.660000000000000000e+02 1.722102725116195776e+00
2.670000000000000000e+02 1.722130074297718805e+00
2.680000000000000000e+02 1.722157418147955976e+00
2.690000000000000000e+02 1.722184756666907068e+00
2.700000000000000000e+02 1.722212089854572081e+00
2.710000000000000000e+02 1.722239417710951237e+00
2.720000000000000000e+02 1.722266740236044535e+00
2.730000000000000000e+02 1.722294057429851755e+00
2.740000000000000000e+02 1.722321369292372895e+00
2.750000000000000000e+02 1.722348675823608177e+00
2.760000000000000000e+02 1.722375977023557381e+00
2.770000000000000000e+02 1.722403272892220727e+00
2.780000000000000000e+02 1.722430563429598216e+00
2.790000000000000000e+02 1.722457848635689626e+00
2.800000000000000000e+02 1.722485128510494956e+00
2.810000000000000000e+02 1.722512403054014429e+00
2.820000000000000000e+02 1.722539672266247823e+00
2.830000000000000000e+02 1.722566936147195360e+00
2.840000000000000000e+02 1.722594194696857040e+00
2.850000000000000000e+02 1.722621447915232640e+00
2.860000000000000000e+02 1.722648695802322161e+00
2.870000000000000000e+02 1.722675938358125824e+00
2.880000000000000000e+02 1.722703175582643409e+00
2.890000000000000000e+02 1.722730407475875136e+00
2.900000000000000000e+02 1.722757634037821006e+00
2.910000000000000000e+02 1.722784855268480575e+00
2.920000000000000000e+02 1.722812071167854509e+00
2.930000000000000000e+02 1.722839281735942363e+00
2.940000000000000000e+02 1.722866486972744138e+00
2.950000000000000000e+02 1.722893686878260056e+00
2.960000000000000000e+02 1.722920881452489894e+00
2.970000000000000000e+02 1.722948070695433875e+00
2.980000000000000000e+02 1.722975254607091777e+00
2.990000000000000000e+02 1.723002433187463822e+00
3.000000000000000000e+02 1.723029606436550010e+00
3.010000000000000000e+02 1.723056774354349896e+00
3.020000000000000000e+02 1.723083936940864147e+00
3.030000000000000000e+02 1.723111094196092319e+00
3.040000000000000000e+02 1.723138246120034411e+00
3.050000000000000000e+02 1.723165392712690647e+00
3.060000000000000000e+02 1.723192533974060803e+00
3.070000000000000000e+02 1.723219669904145102e+00
3.080000000000000000e+02 1.723246800502943321e+00
3.090000000000000000e+02 1.723273925770455683e+00
3.100000000000000000e+02 1.723301045706681967e+00
3.110000000000000000e+02 1.723328160311622392e+00
3.120000000000000000e+02 1.723355269585276739e+00
3.130000000000000000e+02 1.723382373527645228e+00
3.140000000000000000e+02 1.723409472138727638e+00
3.150000000000000000e+02 1.723436565418524191e+00
3.160000000000000000e+02 1.723463653367034665e+00
3.170000000000000000e+02 1.723490735984259281e+00
3.180000000000000000e+02 1.723517813270197818e+00
3.190000000000000000e+02 1.723544885224850498e+00
3.200000000000000000e+02 1.723571951848217099e+00
3.210000000000000000e+02 1.723599013140297842e+00
3.220000000000000000e+02 1.723626069101092506e+00
3.230000000000000000e+02 1.723653119730601313e+00
3.240000000000000000e+02 1.723680165028824041e+00
3.250000000000000000e+02 1.723707204995760911e+00
3.260000000000000000e+02 1.723734239631411702e+00
3.270000000000000000e+02 1.723761268935776636e+00
3.280000000000000000e+02 1.723788292908855491e+00
3.290000000000000000e+02 1.723815311550648488e+00
3.300000000000000000e+02 1.723842324861155406e+00
3.310000000000000000e+02 1.723869332840376467e+00
3.320000000000000000e+02 1.723896335488311449e+00
3.330000000000000000e+02 1.723923332804960351e+00
3.340000000000000000e+02 1.723950324790323618e+00
3.350000000000000000e+02 1.723977311444400584e+00
3.360000000000000000e+02 1.724004292767191693e+00
3.370000000000000000e+02 1.724031268758696944e+00
3.380000000000000000e+02 1.724058239418916116e+00
3.390000000000000000e+02 1.724085204747849431e+00
3.400000000000000000e+02 1.724112164745496667e+00
3.410000000000000000e+02 1.724139119411858045e+00
3.420000000000000000e+02 1.724166068746933345e+00
3.430000000000000000e+02 1.724193012750722565e+00
3.440000000000000000e+02 1.724219951423226149e+00
3.450000000000000000e+02 1.724246884764443433e+00
3.460000000000000000e+02 1.724273812774374859e+00
3.470000000000000000e+02 1.724300735453020428e+00
3.480000000000000000e+02 1.724327652800379918e+00
3.490000000000000000e+02 1.724354564816453550e+00
3.500000000000000000e+02 1.724381471501241103e+00
3.510000000000000000e+02 1.724408372854742577e+00
3.520000000000000000e+02 1.724435268876958194e+00
3.530000000000000000e+02 1.724462159567887953e+00
3.540000000000000000e+02 1.724489044927531634e+00
3.550000000000000000e+02 1.724515924955889457e+00
3.560000000000000000e+02 1.724542799652961200e+00
3.570000000000000000e+02 1.724569669018746865e+00
3.580000000000000000e+02 1.724596533053246672e+00
3.590000000000000000e+02 1.724623391756460622e+00
3.600000000000000000e+02 1.724650245128388493e+00
3.610000000000000000e+02 1.724677093169030506e+00
3.620000000000000000e+02 1.724703935878386440e+00
3.630000000000000000e+02 1.724730773256456295e+00
3.640000000000000000e+02 1.724757605303240293e+00
3.650000000000000000e+02 1.724784432018738434e+00
3.660000000000000000e+02 1.724811253402950495e+00
3.670000000000000000e+02 1.724838069455876477e+00
3.680000000000000000e+02 1.724864880177516602e+00
3.690000000000000000e+02 1.724891685567870869e+00
3.700000000000000000e+02 1.724918485626939058e+00
3.710000000000000000e+02 1.724945280354721167e+00
3.720000000000000000e+02 1.724972069751217418e+00
3.730000000000000000e+02 1.724998853816427813e+00
3.740000000000000000e+02 1.725025632550352128e+00
3.750000000000000000e+02 1.725052405952990364e+00
3.760000000000000000e+02 1.725079174024342743e+00
3.770000000000000000e+02 1.725105936764409265e+00
3.780000000000000000e+02 1.725132694173189707e+00
3.790000000000000000e+02 1.725159446250684070e+00
3.800000000000000000e+02 1.725186192996892576e+00
3.810000000000000000e+02 1.725212934411815224e+00
3.820000000000000000e+02 1.725239670495451794e+00
3.830000000000000000e+02 1.725266401247802284e+00
3.840000000000000000e+02 1.725293126668866917e+00
3.850000000000000000e+02 1.725319846758645692e+00
3.860000000000000000e+02 1.725346561517138166e+00
3.870000000000000000e+02 1.725373270944345006e+00
3.880000000000000000e+02 1.725399975040265765e+00
3.890000000000000000e+02 1.725426673804900446e+00
3.900000000000000000e+02 1.725453367238249269e+00
3.910000000000000000e+02 1.725480055340312235e+00
3.920000000000000000e+02 1.725506738111089122e+00
3.930000000000000000e+02 1.725533415550579930e+00
3.940000000000000000e+02 1.725560087658784880e+00
3.950000000000000000e+02 1.725586754435703751e+00
3.960000000000000000e+02 1.725613415881336765e+00
3.970000000000000000e+02 1.725640071995683922e+00
3.980000000000000000e+02 1.725666722778744777e+00
3.990000000000000000e+02 1.725693368230519997e+00
4.000000000000000000e+02 1.725720008351009138e+00
4.010000000000000000e+02 1.725746643140212200e+00
4.020000000000000000e+02 1.725773272598129404e+00
4.030000000000000000e+02 1.725799896724760529e+00
4.040000000000000000e+02 1.725826515520105797e+00
4.050000000000000000e+02 1.725853128984165208e+00
4.060000000000000000e+02 1.725879737116938317e+00
4.070000000000000000e+02 1.725906339918425791e+00
4.080000000000000000e+02 1.725932937388627186e+00
4.090000000000000000e+02 1.725959529527542502e+00
4.100000000000000000e+02 1.725986116335171960e+00
4.110000000000000000e+02 1.726012697811515340e+00
4.120000000000000000e+02 1.726039273956572861e+00
4.130000000000000000e+02 1.726065844770344304e+00
4.140000000000000000e+02 1.726092410252829890e+00
4.150000000000000000e+02 1.726118970404029396e+00
4.160000000000000000e+02 1.726145525223943045e+00
4.170000000000000000e+02 1.726172074712570614e+00
4.180000000000000000e+02 1.726198618869912327e+00
4.190000000000000000e+02 1.726225157695968182e+00
4.200000000000000000e+02 1.726251691190737736e+00
4.210000000000000000e+02 1.726278219354221655e+00
4.220000000000000000e+02 1.726304742186419272e+00
4.230000000000000000e+02 1.726331259687331254e+00
4.240000000000000000e+02 1.726357771856956935e+00
4.250000000000000000e+02 1.726384278695296981e+00
4.260000000000000000e+02 1.726410780202350725e+00
4.270000000000000000e+02 1.726437276378118835e+00
4.280000000000000000e+02 1.726463767222600643e+00
4.290000000000000000e+02 1.726490252735796815e+00
4.300000000000000000e+02 1.726516732917706687e+00
4.310000000000000000e+02 1.726543207768330923e+00
4.320000000000000000e+02 1.726569677287668858e+00
4.330000000000000000e+02 1.726596141475721158e+00
4.340000000000000000e+02 1.726622600332487156e+00
4.350000000000000000e+02 1.726649053857967520e+00
4.360000000000000000e+02 1.726675502052161582e+00
4.370000000000000000e+02 1.726701944915070008e+00
4.380000000000000000e+02 1.726728382446692134e+00
4.390000000000000000e+02 1.726754814647028402e+00
4.400000000000000000e+02 1.726781241516078813e+00
4.410000000000000000e+02 1.726807663053843145e+00
4.420000000000000000e+02 1.726834079260321619e+00
4.430000000000000000e+02 1.726860490135514015e+00
4.440000000000000000e+02 1.726886895679420553e+00
4.450000000000000000e+02 1.726913295892041011e+00
4.460000000000000000e+02 1.726939690773375613e+00
4.470000000000000000e+02 1.726966080323424135e+00
4.480000000000000000e+02 1.726992464542186800e+00
4.490000000000000000e+02 1.727018843429663386e+00
4.500000000000000000e+02 1.727045216985853893e+00
4.510000000000000000e+02 1.727071585210758764e+00
4.520000000000000000e+02 1.727097948104377334e+00
4.530000000000000000e+02 1.727124305666710047e+00
4.540000000000000000e+02 1.727150657897756902e+00
4.550000000000000000e+02 1.727177004797517679e+00
4.560000000000000000e+02 1.727203346365992598e+00
4.570000000000000000e+02 1.727229682603181438e+00
4.580000000000000000e+02 1.727256013509084198e+00
4.590000000000000000e+02 1.727282339083701324e+00
4.600000000000000000e+02 1.727308659327032148e+00
4.610000000000000000e+02 1.727334974239077114e+00
4.620000000000000000e+02 1.727361283819836224e+00
4.630000000000000000e+02 1.727387588069309254e+00
4.640000000000000000e+02 1.727413886987496427e+00
4.650000000000000000e+02 1.727440180574397521e+00
4.660000000000000000e+02 1.727466468830012536e+00
4.670000000000000000e+02 1.727492751754341693e+00
4.680000000000000000e+02 1.727519029347384993e+00
4.690000000000000000e+02 1.727545301609142214e+00
4.700000000000000000e+02 1.727571568539613356e+00
4.710000000000000000e+02 1.727597830138798862e+00
4.720000000000000000e+02 1.727624086406698067e+00
4.730000000000000000e+02 1.727650337343311415e+00
4.740000000000000000e+02 1.727676582948638906e+00
4.750000000000000000e+02 1.727702823222680317e+00
4.760000000000000000e+02 1.727729058165435649e+00
4.770000000000000000e+02 1.727755287776905124e+00
4.780000000000000000e+02 1.727781512057088742e+00
4.790000000000000000e+02 1.727807731005986280e+00
4.800000000000000000e+02 1.727833944623597739e+00
4.810000000000000000e+02 1.727860152909923341e+00
4.820000000000000000e+02 1.727886355864963086e+00
4.830000000000000000e+02 1.727912553488716751e+00
4.840000000000000000e+02 1.727938745781184338e+00
4.850000000000000000e+02 1.727964932742366067e+00
4.860000000000000000e+02 1.727991114372261938e+00
4.870000000000000000e+02 1.728017290670871731e+00
4.880000000000000000e+02 1.728043461638195444e+00
4.890000000000000000e+02 1.728069627274233300e+00
4.900000000000000000e+02 1.728095787578985298e+00
4.910000000000000000e+02 1.728121942552451218e+00
4.920000000000000000e+02 1.728148092194631058e+00
4.930000000000000000e+02 1.728174236505525041e+00
4.940000000000000000e+02 1.728200375485133167e+00
4.950000000000000000e+02 1.728226509133455213e+00
4.960000000000000000e+02 1.728252637450491180e+00
4.970000000000000000e+02 1.728278760436241290e+00
4.980000000000000000e+02 1.728304878090705321e+00
4.990000000000000000e+02 1.728330990413883494e+00
5.000000000000000000e+02 1.728357097405775811e+00
5.010000000000000000e+02 1.728383199066382048e+00
5.020000000000000000e+02 1.728409295395702205e+00
5.030000000000000000e+02 1.728435386393736506e+00
5.040000000000000000e+02 1.728461472060484727e+00
5.050000000000000000e+02 1.728487552395947091e+00
5.060000000000000000e+02 1.728513627400123598e+00
5.070000000000000000e+02 1.728539697073014025e+00
5.080000000000000000e+02 1.728565761414618374e+00
5.090000000000000000e+02 1.728591820424936865e+00
5.100000000000000000e+02 1.728617874103969276e+00
5.110000000000000000e+02 1.728643922451715831e+00
5.120000000000000000e+02 1.728669965468176528e+00
5.130000000000000000e+02 1.728696003153350924e+00
5.140000000000000000e+02 1.728722035507239685e+00
5.150000000000000000e+02 1.728748062529842366e+00
5.160000000000000000e+02 1.728774084221158969e+00
5.170000000000000000e+02 1.728800100581189714e+00
5.180000000000000000e+02 1.728826111609934379e+00
5.190000000000000000e+02 1.728852117307393188e+00
5.200000000000000000e+02 1.728878117673565917e+00
5.210000000000000000e+02 1.728904112708452789e+00
5.220000000000000000e+02 1.728930102412053804e+00
5.230000000000000000e+02 1.728956086784368518e+00
5.240000000000000000e+02 1.728982065825397596e+00
5.250000000000000000e+02 1.729008039535140595e+00
5.260000000000000000e+02 1.729034007913597515e+00
5.270000000000000000e+02 1.729059970960768577e+00
5.280000000000000000e+02 1.729085928676653561e+00
5.290000000000000000e+02 1.729111881061252687e+00
5.300000000000000000e+02 1.729137828114565734e+00
5.310000000000000000e+02 1.729163769836592923e+00
5.320000000000000000e+02 1.729189706227334034e+00
5.330000000000000000e+02 1.729215637286789287e+00
5.340000000000000000e+02 1.729241563014958460e+00
5.350000000000000000e+02 1.729267483411841777e+00
5.360000000000000000e+02 1.729293398477439014e+00
5.370000000000000000e+02 1.729319308211750394e+00
5.380000000000000000e+02 1.729345212614775695e+00
5.390000000000000000e+02 1.729371111686515139e+00
5.400000000000000000e+02 1.729397005426968503e+00
5.410000000000000000e+02 1.729422893836136010e+00
5.420000000000000000e+02 1.729448776914017438e+00
5.430000000000000000e+02 1.729474654660613009e+00
5.440000000000000000e+02 1.729500527075922500e+00
5.450000000000000000e+02 1.729526394159946134e+00
5.460000000000000000e+02 1.729552255912683689e+00
5.470000000000000000e+02 1.729578112334135387e+00
5.480000000000000000e+02 1.729603963424301005e+00
5.490000000000000000e+02 1.729629809183180766e+00
5.500000000000000000e+02 1.729655649610774448e+00
5.510000000000000000e+02 1.729681484707082273e+00
5.520000000000000000e+02 1.729707314472104018e+00
5.530000000000000000e+02 1.729733138905839906e+00
5.540000000000000000e+02 1.729758958008289715e+00
5.550000000000000000e+02 1.729784771779453445e+00
5.560000000000000000e+02 1.729810580219331539e+00
5.570000000000000000e+02 1.729836383327923333e+00
5.580000000000000000e+02 1.729862181105229268e+00
5.590000000000000000e+02 1.729887973551249347e+00
5.600000000000000000e+02 1.729913760665983347e+00
5.610000000000000000e+02 1.729939542449431489e+00
5.620000000000000000e+02 1.729965318901593552e+00
5.630000000000000000e+02 1.729991090022469757e+00
5.640000000000000000e+02 1.730016855812059884e+00
5.650000000000000000e+02 1.730042616270363931e+00
5.660000000000000000e+02 1.730068371397382343e+00
5.670000000000000000e+02 1.730094121193114454e+00
5.680000000000000000e+02 1.730119865657560707e+00
5.690000000000000000e+02 1.730145604790721103e+00
5.700000000000000000e+02 1.730171338592595420e+00
5.710000000000000000e+02 1.730197067063183880e+00
5.720000000000000000e+02 1.730222790202486260e+00
5.730000000000000000e+02 1.730248508010502562e+00
5.740000000000000000e+02 1.730274220487233006e+00
5.750000000000000000e+02 1.730299927632677592e+00
5.760000000000000000e+02 1.730325629446836100e+00
5.770000000000000000e+02 1.730351325929708750e+00
5.780000000000000000e+02 1.730377017081295321e+00
5.790000000000000000e+02 1.730402702901595813e+00
5.800000000000000000e+02 1.730428383390610447e+00
5.810000000000000000e+02 1.730454058548339225e+00
5.820000000000000000e+02 1.730479728374781923e+00
5.830000000000000000e+02 1.730505392869938763e+00
5.840000000000000000e+02 1.730531052033809525e+00
5.850000000000000000e+02 1.730556705866394207e+00
5.860000000000000000e+02 1.730582354367693032e+00
5.870000000000000000e+02 1.730607997537706000e+00
5.880000000000000000e+02 1.730633635376432888e+00
5.890000000000000000e+02 1.730659267883873698e+00
5.900000000000000000e+02 1.730684895060028650e+00
5.910000000000000000e+02 1.730710516904897744e+00
5.920000000000000000e+02 1.730736133418480760e+00
5.930000000000000000e+02 1.730761744600777696e+00
5.940000000000000000e+02 1.730787350451788775e+00
5.950000000000000000e+02 1.730812950971513997e+00
5.960000000000000000e+02 1.730838546159953140e+00
5.970000000000000000e+02 1.730864136017106203e+00
5.980000000000000000e+02 1.730889720542973409e+00
5.990000000000000000e+02 1.730915299737554758e+00
6.000000000000000000e+02 1.730940873600850027e+00
6.010000000000000000e+02 1.730966442132859218e+00
6.020000000000000000e+02 1.730992005333582551e+00
6.030000000000000000e+02 1.731017563203020027e+00
6.040000000000000000e+02 1.731043115741171423e+00
6.050000000000000000e+02 1.731068662948036740e+00
6.060000000000000000e+02 1.731094204823616201e+00
6.070000000000000000e+02 1.731119741367909803e+00
6.080000000000000000e+02 1.731145272580917105e+00
6.090000000000000000e+02 1.731170798462638771e+00
6.100000000000000000e+02 1.731196319013074358e+00
6.110000000000000000e+02 1.731221834232223866e+00
6.120000000000000000e+02 1.731247344120087517e+00
6.130000000000000000e+02 1.731272848676665310e+00
6.140000000000000000e+02 1.731298347901957024e+00
6.150000000000000000e+02 1.731323841795962659e+00
6.160000000000000000e+02 1.731349330358682437e+00
6.170000000000000000e+02 1.731374813590116135e+00
6.180000000000000000e+02 1.731400291490263976e+00
6.190000000000000000e+02 1.731425764059125960e+00
6.200000000000000000e+02 1.731451231296701643e+00
6.210000000000000000e+02 1.731476693202991690e+00
6.220000000000000000e+02 1.731502149777995658e+00
6.230000000000000000e+02 1.731527601021713547e+00
6.240000000000000000e+02 1.731553046934145579e+00
6.250000000000000000e+02 1.731578487515291531e+00
6.260000000000000000e+02 1.731603922765151626e+00
6.270000000000000000e+02 1.731629352683725864e+00
6.280000000000000000e+02 1.731654777271013801e+00
6.290000000000000000e+02 1.731680196527016102e+00
6.300000000000000000e+02 1.731705610451732325e+00
6.310000000000000000e+02 1.731731019045162467e+00
6.320000000000000000e+02 1.731756422307306753e+00
6.330000000000000000e+02 1.731781820238164959e+00
6.340000000000000000e+02 1.731807212837737309e+00
6.350000000000000000e+02 1.731832600106023579e+00
6.360000000000000000e+02 1.731857982043023991e+00
6.370000000000000000e+02 1.731883358648738325e+00
6.380000000000000000e+02 1.731908729923166801e+00
6.390000000000000000e+02 1.731934095866309198e+00
6.400000000000000000e+02 1.731959456478165738e+00
6.410000000000000000e+02 1.731984811758736420e+00
6.420000000000000000e+02 1.732010161708020801e+00
6.430000000000000000e+02 1.732035506326019547e+00
6.440000000000000000e+02 1.732060845612731992e+00
6.450000000000000000e+02 1.732086179568158801e+00
6.460000000000000000e+02 1.732111508192299310e+00
6.470000000000000000e+02 1.732136831485154183e+00
6.480000000000000000e+02 1.732162149446722754e+00
6.490000000000000000e+02 1.732187462077005691e+00
6.500000000000000000e+02 1.732212769376002326e+00
6.510000000000000000e+02 1.732238071343713326e+00
6.520000000000000000e+02 1.732263367980138025e+00
6.530000000000000000e+02 1.732288659285277088e+00
6.540000000000000000e+02 1.732313945259129850e+00
6.550000000000000000e+02 1.732339225901696977e+00
6.560000000000000000e+02 1.732364501212977803e+00
6.570000000000000000e+02 1.732389771192972994e+00
6.580000000000000000e+02 1.732415035841681883e+00
6.590000000000000000e+02 1.732440295159105137e+00
6.600000000000000000e+02 1.732465549145242090e+00
6.610000000000000000e+02 1.732490797800093185e+00
6.620000000000000000e+02 1.732516041123658423e+00
6.630000000000000000e+02 1.732541279115937582e+00
6.640000000000000000e+02 1.732566511776930884e+00
6.650000000000000000e+02 1.732591739106638107e+00
6.660000000000000000e+02 1.732616961105059472e+00
6.670000000000000000e+02 1.732642177772194758e+00
6.680000000000000000e+02 1.732667389108044187e+00
6.690000000000000000e+02 1.732692595112607536e+00
6.700000000000000000e+02 1.732717795785885029e+00
6.710000000000000000e+02 1.732742991127876442e+00
6.720000000000000000e+02 1.732768181138581776e+00
6.730000000000000000e+02 1.732793365818001474e+00
6.740000000000000000e+02 1.732818545166134871e+00
6.750000000000000000e+02 1.732843719182982412e+00
6.760000000000000000e+02 1.732868887868544094e+00
6.770000000000000000e+02 1.732894051222819698e+00
6.780000000000000000e+02 1.732919209245809444e+00
6.790000000000000000e+02 1.732944361937513111e+00
6.800000000000000000e+02 1.732969509297930699e+00
6.810000000000000000e+02 1.732994651327062652e+00
6.820000000000000000e+02 1.733019788024908303e+00
6.830000000000000000e+02 1.733044919391468097e+00
6.840000000000000000e+02 1.733070045426742034e+00
6.850000000000000000e+02 1.733095166130729892e+00
6.860000000000000000e+02 1.733120281503431892e+00
6.870000000000000000e+02 1.733145391544847813e+00
6.880000000000000000e+02 1.733170496254977655e+00
6.890000000000000000e+02 1.733195595633821640e+00
6.900000000000000000e+02 1.733220689681379767e+00
6.910000000000000000e+02 1.733245778397651815e+00
6.920000000000000000e+02 1.733270861782637784e+00
6.930000000000000000e+02 1.733295939836338118e+00
6.940000000000000000e+02 1.733321012558752150e+00
6.950000000000000000e+02 1.733346079949880325e+00
6.960000000000000000e+02 1.733371142009722643e+00
6.970000000000000000e+02 1.733396198738278882e+00
6.980000000000000000e+02 1.733421250135549041e+00
6.990000000000000000e+02 1.733446296201533343e+00
7.000000000000000000e+02 1.733471336936231788e+00
7.010000000000000000e+02 1.733496372339644154e+00
7.020000000000000000e+02 1.733521402411770440e+00
7.030000000000000000e+02 1.733546427152610869e+00
7.040000000000000000e+02 1.733571446562165441e+00
7.050000000000000000e+02 1.733596460640433934e+00
7.060000000000000000e+02 1.733621469387416347e+00
7.070000000000000000e+02 1.733646472803112903e+00
7.080000000000000000e+02 1.733671470887523602e+00
7.090000000000000000e+02 1.733696463640648222e+00
7.100000000000000000e+02 1.733721451062486762e+00
7.110000000000000000e+02 1.733746433153039446e+00
7.120000000000000000e+02 1.733771409912306272e+00
7.130000000000000000e+02 1.733796381340287018e+00
7.140000000000000000e+02 1.733821347436981686e+00
7.150000000000000000e+02 1.733846308202390496e+00
7.160000000000000000e+02 1.733871263636513449e+00
7.170000000000000000e+02 1.733896213739350323e+00
7.180000000000000000e+02 1.733921158510901117e+00
7.190000000000000000e+02 1.733946097951166054e+00
7.200000000000000000e+02 1.733971032060144912e+00
7.210000000000000000e+02 1.733995960837837913e+00
7.220000000000000000e+02 1.734020884284245057e+00
7.230000000000000000e+02 1.734045802399366121e+00
7.240000000000000000e+02 1.734070715183201106e+00
7.250000000000000000e+02 1.734095622635750233e+00
7.260000000000000000e+02 1.734120524757013282e+00
7.270000000000000000e+02 1.734145421546990473e+00
7.280000000000000000e+02 1.734170313005681807e+00
7.290000000000000000e+02 1.734195199133087062e+00
7.300000000000000000e+02 1.734220079929206237e+00
7.310000000000000000e+02 1.734244955394039556e+00
7.320000000000000000e+02 1.734269825527586795e+00
7.330000000000000000e+02 1.734294690329848176e+00
7.340000000000000000e+02 1.734319549800823701e+00
7.350000000000000000e+02 1.734344403940512924e+00
7.360000000000000000e+02 1.734369252748916512e+00
7.370000000000000000e+02 1.734394096226034021e+00
7.380000000000000000e+02 1.734418934371865451e+00
7.390000000000000000e+02 1.734443767186411023e+00
7.400000000000000000e+02 1.734468594669670516e+00
7.410000000000000000e+02 1.734493416821644152e+00
7.420000000000000000e+02 1.734518233642331708e+00
7.430000000000000000e+02 1.734543045131733408e+00
7.440000000000000000e+02 1.734567851289849250e+00
7.450000000000000000e+02 1.734592652116678790e+00
7.460000000000000000e+02 1.734617447612222696e+00
7.470000000000000000e+02 1.734642237776480522e+00
7.480000000000000000e+02 1.734667022609452269e+00
7.490000000000000000e+02 1.734691802111138159e+00
7.500000000000000000e+02 1.734716576281537970e+00
7.510000000000000000e+02 1.734741345120651923e+00
7.520000000000000000e+02 1.734766108628479797e+00
7.530000000000000000e+02 1.734790866805021814e+00
7.540000000000000000e+02 1.734815619650277752e+00
7.550000000000000000e+02 1.734840367164247832e+00
7.560000000000000000e+02 1.734865109346931833e+00
7.570000000000000000e+02 1.734889846198329977e+00
7.580000000000000000e+02 1.734914577718442041e+00
7.590000000000000000e+02 1.734939303907268249e+00
7.600000000000000000e+02 1.734964024764808377e+00
7.610000000000000000e+02 1.734988740291062648e+00
7.620000000000000000e+02 1.735013450486030839e+00
7.630000000000000000e+02 1.735038155349713174e+00
7.640000000000000000e+02 1.735062854882109429e+00
7.650000000000000000e+02 1.735087549083219827e+00
7.660000000000000000e+02 1.735112237953044145e+00
7.670000000000000000e+02 1.735136921491582607e+00
7.680000000000000000e+02 1.735161599698834989e+00
7.690000000000000000e+02 1.735186272574801514e+00
7.700000000000000000e+02 1.735210940119481959e+00
7.710000000000000000e+02 1.735235602332876548e+00
7.720000000000000000e+02 1.735260259214985057e+00
7.730000000000000000e+02 1.735284910765807709e+00
7.740000000000000000e+02 1.735309556985344281e+00
7.750000000000000000e+02 1.735334197873594997e+00
7.760000000000000000e+02 1.735358833430559633e+00
7.770000000000000000e+02 1.735383463656238190e+00
7.780000000000000000e+02 1.735408088550631112e+00
7.790000000000000000e+02 1.735432708113737732e+00
7.800000000000000000e+02 1.735457322345558495e+00
7.810000000000000000e+02 1.735481931246093401e+00
7.820000000000000000e+02 1.735506534815342228e+00
7.830000000000000000e+02 1.735531133053305197e+00
7.840000000000000000e+02 1.735555725959982087e+00
7.850000000000000000e+02 1.735580313535373120e+00
7.860000000000000000e+02 1.735604895779478074e+00
7.870000000000000000e+02 1.735629472692296948e+00
7.880000000000000000e+02 1.735654044273830188e+00
7.890000000000000000e+02 1.735678610524077126e+00
7.900000000000000000e+02 1.735703171443038206e+00
7.910000000000000000e+02 1.735727727030713430e+00
7.920000000000000000e+02 1.735752277287102574e+00
7.930000000000000000e+02 1.735776822212205861e+00
7.940000000000000000e+02 1.735801361806023069e+00
7.950000000000000000e+02 1.735825896068554197e+00
7.960000000000000000e+02 1.735850424999799468e+00
7.970000000000000000e+02 1.735874948599758882e+00
7.980000000000000000e+02 1.735899466868432217e+00
7.990000000000000000e+02 1.735923979805819695e+00
8.000000000000000000e+02 1.735948487411921093e+00
8.010000000000000000e+02 1.735972989686736412e+00
8.020000000000000000e+02 1.735997486630265874e+00
8.030000000000000000e+02 1.736021978242509478e+00
8.040000000000000000e+02 1.736046464523467003e+00
8.050000000000000000e+02 1.736070945473138671e+00
8.060000000000000000e+02 1.736095421091524260e+00
8.070000000000000000e+02 1.736119891378623770e+00
8.080000000000000000e+02 1.736144356334437422e+00
8.090000000000000000e+02 1.736168815958965217e+00
8.100000000000000000e+02 1.736193270252206933e+00
8.110000000000000000e+02 1.736217719214162569e+00
8.120000000000000000e+02 1.736242162844832349e+00
8.130000000000000000e+02 1.736266601144216271e+00
8.140000000000000000e+02 1.736291034112314113e+00
8.150000000000000000e+02 1.736315461749125877e+00
8.160000000000000000e+02 1.736339884054651783e+00
8.170000000000000000e+02 1.736364301028891832e+00
8.180000000000000000e+02 1.736388712671845802e+00
8.190000000000000000e+02 1.736413118983513693e+00
8.200000000000000000e+02 1.736437519963895726e+00
8.210000000000000000e+02 1.736461915612991902e+00
8.220000000000000000e+02 1.736486305930801999e+00
8.230000000000000000e+02 1.736510690917326016e+00
8.240000000000000000e+02 1.736535070572564177e+00
8.250000000000000000e+02 1.736559444896516480e+00
8.260000000000000000e+02 1.736583813889182704e+00
8.270000000000000000e+02 1.736608177550562848e+00
8.280000000000000000e+02 1.736632535880657136e+00
8.290000000000000000e+02 1.736656888879465566e+00
8.300000000000000000e+02 1.736681236546987694e+00
8.310000000000000000e+02 1.736705578883224188e+00
8.320000000000000000e+02 1.736729915888174602e+00
8.330000000000000000e+02 1.736754247561838937e+00
8.340000000000000000e+02 1.736778573904217415e+00
8.350000000000000000e+02 1.736802894915310036e+00
8.360000000000000000e+02 1.736827210595116577e+00
8.370000000000000000e+02 1.736851520943637039e+00
8.380000000000000000e+02 1.736875825960871644e+00
8.390000000000000000e+02 1.736900125646820170e+00
8.400000000000000000e+02 1.736924420001482838e+00
8.410000000000000000e+02 1.736948709024859649e+00
8.420000000000000000e+02 1.736972992716950159e+00
8.430000000000000000e+02 1.736997271077755034e+00
8.440000000000000000e+02 1.737021544107273829e+00
8.450000000000000000e+02 1.737045811805506546e+00
8.460000000000000000e+02 1.737070074172453404e+00
8.470000000000000000e+02 1.737094331208114184e+00
8.480000000000000000e+02 1.737118582912489106e+00
8.490000000000000000e+02 1.737142829285578172e+00
8.500000000000000000e+02 1.737167070327380936e+00
8.510000000000000000e+02 1.737191306037898064e+00
8.520000000000000000e+02 1.737215536417129114e+00
8.530000000000000000e+02 1.737239761465074084e+00
8.540000000000000000e+02 1.737263981181733197e+00
8.550000000000000000e+02 1.737288195567106230e+00
8.560000000000000000e+02 1.737312404621193407e+00
8.570000000000000000e+02 1.737336608343994504e+00
8.580000000000000000e+02 1.737360806735509744e+00
8.590000000000000000e+02 1.737384999795738905e+00
8.600000000000000000e+02 1.737409187524682208e+00
8.610000000000000000e+02 1.737433369922339432e+00
8.620000000000000000e+02 1.737457546988710799e+00
8.630000000000000000e+02 1.737481718723796309e+00
8.640000000000000000e+02 1.737505885127595517e+00
8.650000000000000000e+02 1.737530046200109091e+00
8.660000000000000000e+02 1.737554201941336363e+00
8.670000000000000000e+02 1.737578352351277999e+00
8.680000000000000000e+02 1.737602497429933335e+00
8.690000000000000000e+02 1.737626637177303035e+00
8.700000000000000000e+02 1.737650771593386434e+00
8.710000000000000000e+02 1.737674900678184198e+00
8.720000000000000000e+02 1.737699024431695882e+00
8.730000000000000000e+02 1.737723142853921487e+00
8.740000000000000000e+02 1.737747255944861013e+00
8.750000000000000000e+02 1.737771363704514904e+00
8.760000000000000000e+02 1.737795466132882494e+00
8.770000000000000000e+02 1.737819563229964448e+00
8.780000000000000000e+02 1.737843654995760101e+00
8.790000000000000000e+02 1.737867741430270119e+00
8.800000000000000000e+02 1.737891822533493835e+00
8.810000000000000000e+02 1.737915898305431917e+00
8.820000000000000000e+02 1.737939968746083697e+00
8.830000000000000000e+02 1.737964033855449619e+00
8.840000000000000000e+02 1.737988093633529685e+00
8.850000000000000000e+02 1.738012148080323671e+00
8.860000000000000000e+02 1.738036197195831800e+00
8.870000000000000000e+02 1.738060240980053850e+00
8.880000000000000000e+02 1.738084279432990042e+00
8.890000000000000000e+02 1.738108312554640156e+00
8.900000000000000000e+02 1.738132340345004412e+00
8.910000000000000000e+02 1.738156362804082589e+00
8.920000000000000000e+02 1.738180379931874908e+00
8.930000000000000000e+02 1.738204391728381148e+00
8.940000000000000000e+02 1.738228398193601310e+00
8.950000000000000000e+02 1.738252399327535835e+00
8.960000000000000000e+02 1.738276395130184060e+00
8.970000000000000000e+02 1.738300385601546427e+00
8.980000000000000000e+02 1.738324370741622937e+00
8.990000000000000000e+02 1.738348350550413368e+00
9.000000000000000000e+02 1.738372325027917942e+00
9.010000000000000000e+02 1.738396294174136436e+00
9.020000000000000000e+02 1.738420257989068851e+00
9.030000000000000000e+02 1.738444216472715631e+00
9.040000000000000000e+02 1.738468169625076110e+00
9.050000000000000000e+02 1.738492117446150731e+00
9.060000000000000000e+02 1.738516059935939495e+00
9.070000000000000000e+02 1.738539997094442180e+00
9.080000000000000000e+02 1.738563928921659008e+00
9.090000000000000000e+02 1.738587855417589756e+00
9.100000000000000000e+02 1.738611776582234425e+00
9.110000000000000000e+02 1.738635692415593237e+00
9.120000000000000000e+02 1.738659602917666192e+00
9.130000000000000000e+02 1.738683508088453067e+00
9.140000000000000000e+02 1.738707407927954085e+00
9.150000000000000000e+02 1.738731302436169024e+00
9.160000000000000000e+02 1.738755191613097884e+00
9.170000000000000000e+02 1.738779075458740886e+00
9.180000000000000000e+02 1.738802953973098031e+00
9.190000000000000000e+02 1.738826827156169097e+00
9.200000000000000000e+02 1.738850695007954084e+00
9.210000000000000000e+02 1.738874557528453213e+00
9.220000000000000000e+02 1.738898414717666485e+00
9.230000000000000000e+02 1.738922266575593678e+00
9.240000000000000000e+02 1.738946113102234792e+00
9.250000000000000000e+02 1.738969954297590048e+00
9.260000000000000000e+02 1.738993790161659447e+00
9.270000000000000000e+02 1.739017620694442767e+00
9.280000000000000000e+02 1.739041445895940008e+00
9.290000000000000000e+02 1.739065265766151391e+00
9.300000000000000000e+02 1.739089080305076918e+00
9.310000000000000000e+02 1.739112889512716364e+00
9.320000000000000000e+02 1.739136693389069732e+00
9.330000000000000000e+02 1.739160491934137243e+00
9.340000000000000000e+02 1.739184285147918896e+00
9.350000000000000000e+02 1.739208073030414470e+00
9.360000000000000000e+02 1.739231855581623964e+00
9.370000000000000000e+02 1.739255632801547602e+00
9.380000000000000000e+02 1.739279404690185382e+00
9.390000000000000000e+02 1.739303171247537083e+00
9.400000000000000000e+02 1.739326932473602705e+00
9.410000000000000000e+02 1.739350688368382469e+00
9.420000000000000000e+02 1.739374438931876155e+00
9.430000000000000000e+02 1.739398184164083982e+00
9.440000000000000000e+02 1.739421924065005953e+00
9.450000000000000000e+02 1.739445658634641845e+00
9.460000000000000000e+02 1.739469387872991657e+00
9.470000000000000000e+02 1.739493111780055612e+00
9.480000000000000000e+02 1.739516830355833488e+00
9.490000000000000000e+02 1.739540543600325506e+00
9.500000000000000000e+02 1.739564251513531667e+00
9.510000000000000000e+02 1.739587954095451749e+00
9.520000000000000000e+02 1.739611651346085752e+00
9.530000000000000000e+02 1.739635343265433898e+00
9.540000000000000000e+02 1.739659029853495964e+00
9.550000000000000000e+02 1.739682711110272173e+00
9.560000000000000000e+02 1.739706387035762525e+00
9.570000000000000000e+02 1.739730057629966797e+00
9.580000000000000000e+02 1.739753722892884991e+00
9.590000000000000000e+02 1.739777382824517327e+00
9.600000000000000000e+02 1.739801037424863583e+00
9.610000000000000000e+02 1.739824686693923983e+00
9.620000000000000000e+02 1.739848330631698303e+00
9.630000000000000000e+02 1.739871969238186766e+00
9.640000000000000000e+02 1.739895602513389150e+00
9.650000000000000000e+02 1.739919230457305677e+00
9.660000000000000000e+02 1.739942853069936346e+00
9.670000000000000000e+02 1.739966470351280714e+00
9.680000000000000000e+02 1.739990082301339447e+00
9.690000000000000000e+02 1.740013688920112100e+00
9.700000000000000000e+02 1.740037290207598675e+00
9.710000000000000000e+02 1.740060886163799392e+00
9.720000000000000000e+02 1.740084476788714030e+00
9.730000000000000000e+02 1.740108062082342810e+00
9.740000000000000000e+02 1.740131642044685512e+00
9.750000000000000000e+02 1.740155216675742356e+00
9.760000000000000000e+02 1.740178785975513120e+00
9.770000000000000000e+02 1.740202349943998028e+00
9.780000000000000000e+02 1.740225908581196856e+00
9.790000000000000000e+02 1.740249461887109828e+00
9.800000000000000000e+02 1.740273009861736719e+00
9.810000000000000000e+02 1.740296552505077754e+00
9.820000000000000000e+02 1.740320089817132709e+00
9.830000000000000000e+02 1.740343621797901807e+00
9.840000000000000000e+02 1.740367148447384826e+00
9.850000000000000000e+02 1.740390669765581988e+00
9.860000000000000000e+02 1.740414185752493070e+00
9.870000000000000000e+02 1.740437696408118295e+00
9.880000000000000000e+02 1.740461201732457441e+00
9.890000000000000000e+02 1.740484701725510730e+00
9.900000000000000000e+02 1.740508196387277939e+00
9.910000000000000000e+02 1.740531685717759292e+00
9.920000000000000000e+02 1.740555169716954564e+00
9.930000000000000000e+02 1.740578648384863980e+00
9.940000000000000000e+02 1.740602121721487316e+00
9.950000000000000000e+02 1.740625589726824796e+00
9.960000000000000000e+02 1.740649052400876196e+00
9.970000000000000000e+02 1.740672509743641738e+00
9.980000000000000000e+02 1.740695961755121202e+00
9.990000000000000000e+02 1.740719408435314586e+00
1.000000000000000000e+03 1.740742849784222335e+00
1.001000000000000000e+03 1.740766285801843782e+00
1.002000000000000000e+03 1.740789716488179373e+00
1.003000000000000000e+03 1.740813141843229106e+00
1.004000000000000000e+03 1.740836561866992760e+00
1.005000000000000000e+03 1.740859976559470557e+00
1.006000000000000000e+03 1.740883385920662274e+00
1.007000000000000000e+03 1.740906789950568134e+00
1.008000000000000000e+03 1.740930188649187915e+00
1.009000000000000000e+03 1.740953582016521839e+00
1.010000000000000000e+03 1.740976970052569683e+00
1.011000000000000000e+03 1.741000352757331449e+00
1.012000000000000000e+03 1.741023730130807357e+00
1.013000000000000000e+03 1.741047102172997407e+00
1.014000000000000000e+03 1.741070468883901379e+00
1.015000000000000000e+03 1.741093830263519493e+00
1.016000000000000000e+03 1.741117186311851528e+00
1.017000000000000000e+03 1.741140537028897484e+00
1.018000000000000000e+03 1.741163882414657804e+00
1.019000000000000000e+03 1.741187222469131823e+00
1.020000000000000000e+03 1.741210557192319985e+00
1.021000000000000000e+03 1.741233886584222290e+00
