# order=26: data_wav [pixel], data_wavsolution [micron]
1.000000000000000000e+02 2.509319244665893844e+00
1.010000000000000000e+02 2.509360601349779341e+00
1.020000000000000000e+02 2.509401954000986201e+00
1.030000000000000000e+02 2.509443302611188642e+00
1.040000000000000000e+02 2.509484647172061322e+00
1.050000000000000000e+02 2.509525987675279346e+00
1.060000000000000000e+02 2.509567324112516484e+00
1.070000000000000000e+02 2.509608656475447397e+00
1.080000000000000000e+02 2.509649984755746743e+00
1.090000000000000000e+02 2.509691308945089183e+00
1.100000000000000000e+02 2.509732629035149376e+00
1.110000000000000000e+02 2.509773945017601093e+00
1.120000000000000000e+02 2.509815256884119439e+00
1.130000000000000000e+02 2.509856564626379072e+00
1.140000000000000000e+02 2.509897868236053764e+00
1.150000000000000000e+02 2.509939167704818619e+00
1.160000000000000000e+02 2.509980463024348296e+00
1.170000000000000000e+02 2.510021754186317011e+00
1.180000000000000000e+02 2.510063041182398980e+00
1.190000000000000000e+02 2.510104324004269305e+00
1.200000000000000000e+02 2.510145602643602203e+00
1.210000000000000000e+02 2.510186877092072333e+00
1.220000000000000000e+02 2.510228147341353910e+00
1.230000000000000000e+02 2.510269413383122039e+00
1.240000000000000000e+02 2.510310675209050491e+00
1.250000000000000000e+02 2.510351932810814368e+00
1.260000000000000000e+02 2.510393186180087888e+00
1.270000000000000000e+02 2.510434435308545709e+00
1.280000000000000000e+02 2.510475680187862491e+00
1.290000000000000000e+02 2.510516920809712449e+00
1.300000000000000000e+02 2.510558157165770243e+00
1.310000000000000000e+02 2.510599389247710089e+00
1.320000000000000000e+02 2.510640617047207090e+00
1.330000000000000000e+02 2.510681840555935018e+00
1.340000000000000000e+02 2.510723059765569420e+00
1.350000000000000000e+02 2.510764274667783624e+00
1.360000000000000000e+02 2.510805485254253178e+00
1.370000000000000000e+02 2.510846691516651852e+00
1.380000000000000000e+02 2.510887893446654751e+00
1.390000000000000000e+02 2.510929091035935645e+00
1.400000000000000000e+02 2.510970284276170084e+00
1.410000000000000000e+02 2.511011473159031393e+00
1.420000000000000000e+02 2.511052657676195121e+00
1.430000000000000000e+02 2.511093837819335484e+00
1.440000000000000000e+02 2.511135013580126696e+00
1.450000000000000000e+02 2.511176184950243417e+00
1.460000000000000000e+02 2.511217351921360308e+00
1.470000000000000000e+02 2.511258514485151583e+00
1.480000000000000000e+02 2.511299672633292346e+00
1.490000000000000000e+02 2.511340826357456368e+00
1.500000000000000000e+02 2.511381975649318754e+00
1.510000000000000000e+02 2.511423120500553718e+00
1.520000000000000000e+02 2.511464260902835921e+00
1.530000000000000000e+02 2.511505396847840021e+00
1.540000000000000000e+02 2.511546528327239791e+00
1.550000000000000000e+02 2.511587655332710778e+00
1.560000000000000000e+02 2.511628777855926753e+00
1.570000000000000000e+02 2.511669895888562820e+00
1.580000000000000000e+02 2.511711009422292751e+00
1.590000000000000000e+02 2.511752118448791649e+00
1.600000000000000000e+02 2.511793222959733729e+00
1.610000000000000000e+02 2.511834322946794096e+00
1.620000000000000000e+02 2.511875418401646520e+00
1.630000000000000000e+02 2.511916509315965662e+00
1.640000000000000000e+02 2.511957595681426181e+00
1.650000000000000000e+02 2.511998677489702736e+00
1.660000000000000000e+02 2.512039754732469987e+00
1.670000000000000000e+02 2.512080827401401706e+00
1.680000000000000000e+02 2.512121895488172996e+00
1.690000000000000000e+02 2.512162958984458516e+00
1.700000000000000000e+02 2.512204017881932483e+00
1.710000000000000000e+02 2.512245072172269111e+00
1.720000000000000000e+02 2.512286121847143505e+00
1.730000000000000000e+02 2.512327166898229880e+00
1.740000000000000000e+02 2.512368207317202895e+00
1.750000000000000000e+02 2.512409243095736766e+00
1.760000000000000000e+02 2.512450274225506597e+00
1.770000000000000000e+02 2.512491300698186159e+00
1.780000000000000000e+02 2.512532322505450555e+00
1.790000000000000000e+02 2.512573339638974002e+00
1.800000000000000000e+02 2.512614352090431158e+00
1.810000000000000000e+02 2.512655359851496684e+00
1.820000000000000000e+02 2.512696362913844794e+00
1.830000000000000000e+02 2.512737361269149705e+00
1.840000000000000000e+02 2.512778354909086964e+00
1.850000000000000000e+02 2.512819343825329899e+00
1.860000000000000000e+02 2.512860328009554056e+00
1.870000000000000000e+02 2.512901307453433208e+00
1.880000000000000000e+02 2.512942282148642015e+00
1.890000000000000000e+02 2.512983252086855579e+00
1.900000000000000000e+02 2.513024217259747672e+00
1.910000000000000000e+02 2.513065177658993399e+00
1.920000000000000000e+02 2.513106133276266529e+00
1.930000000000000000e+02 2.513147084103242168e+00
1.940000000000000000e+02 2.513188030131594974e+00
1.950000000000000000e+02 2.513228971352999164e+00
1.960000000000000000e+02 2.513269907759128952e+00
1.970000000000000000e+02 2.513310839341659442e+00
1.980000000000000000e+02 2.513351766092264850e+00
1.990000000000000000e+02 2.513392688002619835e+00
2.000000000000000000e+02 2.513433605064399057e+00
2.010000000000000000e+02 2.513474517269276287e+00
2.020000000000000000e+02 2.513515424608926629e+00
2.030000000000000000e+02 2.513556327075024743e+00
2.040000000000000000e+02 2.513597224659244844e+00
2.050000000000000000e+02 2.513638117353261592e+00
2.060000000000000000e+02 2.513679005148749201e+00
2.070000000000000000e+02 2.513719888037382777e+00
2.080000000000000000e+02 2.513760766010836090e+00
2.090000000000000000e+02 2.513801639060784243e+00
2.100000000000000000e+02 2.513842507178901897e+00
2.110000000000000000e+02 2.513883370356862823e+00
2.120000000000000000e+02 2.513924228586342124e+00
2.130000000000000000e+02 2.513965081859014017e+00
2.140000000000000000e+02 2.514005930166553160e+00
2.150000000000000000e+02 2.514046773500634213e+00
2.160000000000000000e+02 2.514087611852931392e+00
2.170000000000000000e+02 2.514128445215119800e+00
2.180000000000000000e+02 2.514169273578872765e+00
2.190000000000000000e+02 2.514210096935866279e+00
2.200000000000000000e+02 2.514250915277773668e+00
2.210000000000000000e+02 2.514291728596270037e+00
2.220000000000000000e+02 2.514332536883029601e+00
2.230000000000000000e+02 2.514373340129727463e+00
2.240000000000000000e+02 2.514414138328037396e+00
2.250000000000000000e+02 2.514454931469634502e+00
2.260000000000000000e+02 2.514495719546192998e+00
2.270000000000000000e+02 2.514536502549387542e+00
2.280000000000000000e+02 2.514577280470892351e+00
2.290000000000000000e+02 2.514618053302382084e+00
2.300000000000000000e+02 2.514658821035531400e+00
2.310000000000000000e+02 2.514699583662014959e+00
2.320000000000000000e+02 2.514740341173506977e+00
2.330000000000000000e+02 2.514781093561682113e+00
2.340000000000000000e+02 2.514821840818214582e+00
2.350000000000000000e+02 2.514862582934779489e+00
2.360000000000000000e+02 2.514903319903050605e+00
2.370000000000000000e+02 2.514944051714703033e+00
2.380000000000000000e+02 2.514984778361411433e+00
2.390000000000000000e+02 2.515025499834849576e+00
2.400000000000000000e+02 2.515066216126692566e+00
2.410000000000000000e+02 2.515106927228614619e+00
2.420000000000000000e+02 2.515147633132290839e+00
2.430000000000000000e+02 2.515188333829394995e+00
2.440000000000000000e+02 2.515229029311601749e+00
2.450000000000000000e+02 2.515269719570585760e+00
2.460000000000000000e+02 2.515310404598022131e+00
2.470000000000000000e+02 2.515351084385584191e+00
2.480000000000000000e+02 2.515391758924947485e+00
2.490000000000000000e+02 2.515432428207785787e+00
2.500000000000000000e+02 2.515473092225774199e+00
2.510000000000000000e+02 2.515513750970586493e+00
2.520000000000000000e+02 2.515554404433898217e+00
2.530000000000000000e+02 2.515595052607383142e+00
2.540000000000000000e+02 2.515635695482715928e+00
2.550000000000000000e+02 2.515676333051571234e+00
2.560000000000000000e+02 2.515716965305623720e+00
2.570000000000000000e+02 2.515757592236547602e+00
2.580000000000000000e+02 2.515798213836017094e+00
2.590000000000000000e+02 2.515838830095707301e+00
2.600000000000000000e+02 2.515879441007292883e+00
2.610000000000000000e+02 2.515920046562447610e+00
2.620000000000000000e+02 2.515960646752846586e+00
2.630000000000000000e+02 2.516001241570164026e+00
2.640000000000000000e+02 2.516041831006074592e+00
2.650000000000000000e+02 2.516082415052252941e+00
2.660000000000000000e+02 2.516122993700373289e+00
2.670000000000000000e+02 2.516163566942109853e+00
2.680000000000000000e+02 2.516204134769138179e+00
2.690000000000000000e+02 2.516244697173132039e+00
2.700000000000000000e+02 2.516285254145766093e+00
2.710000000000000000e+02 2.516325805678714556e+00
2.720000000000000000e+02 2.516366351763652531e+00
2.730000000000000000e+02 2.516406892392254235e+00
2.740000000000000000e+02 2.516447427556194327e+00
2.750000000000000000e+02 2.516487957247147023e+00
2.760000000000000000e+02 2.516528481456787425e+00
2.770000000000000000e+02 2.516569000176789306e+00
2.780000000000000000e+02 2.516609513398827325e+00
2.790000000000000000e+02 2.516650021114576585e+00
2.800000000000000000e+02 2.516690523315710859e+00
2.810000000000000000e+02 2.516731019993905250e+00
2.820000000000000000e+02 2.516771511140833972e+00
2.830000000000000000e+02 2.516811996748171687e+00
2.840000000000000000e+02 2.516852476807592609e+00
2.850000000000000000e+02 2.516892951310771842e+00
2.860000000000000000e+02 2.516933420249383602e+00
2.870000000000000000e+02 2.516973883615102103e+00
2.880000000000000000e+02 2.517014341399602007e+00
2.890000000000000000e+02 2.517054793594557971e+00
2.900000000000000000e+02 2.517095240191644656e+00
2.910000000000000000e+02 2.517135681182536278e+00
2.920000000000000000e+02 2.517176116558907495e+00
2.930000000000000000e+02 2.517216546312432968e+00
2.940000000000000000e+02 2.517256970434786911e+00
2.950000000000000000e+02 2.517297388917643985e+00
2.960000000000000000e+02 2.517337801752678406e+00
2.970000000000000000e+02 2.517378208931565275e+00
2.980000000000000000e+02 2.517418610445978810e+00
2.990000000000000000e+02 2.517459006287593670e+00
3.000000000000000000e+02 2.517499396448084070e+00
3.010000000000000000e+02 2.517539780919124670e+00
3.020000000000000000e+02 2.517580159692390129e+00
3.030000000000000000e+02 2.517620532759555108e+00
3.040000000000000000e+02 2.517660900112293376e+00
3.050000000000000000e+02 2.517701261742280039e+00
3.060000000000000000e+02 2.517741617641189755e+00
3.070000000000000000e+02 2.517781967800696741e+00
3.080000000000000000e+02 2.517822312212475655e+00
3.090000000000000000e+02 2.517862650868200713e+00
3.100000000000000000e+02 2.517902983759546576e+00
3.110000000000000000e+02 2.517943310878187901e+00
3.120000000000000000e+02 2.517983632215799350e+00
3.130000000000000000e+02 2.518023947764055137e+00
3.140000000000000000e+02 2.518064257514629922e+00
3.150000000000000000e+02 2.518104561459198365e+00
3.160000000000000000e+02 2.518144859589434237e+00
3.170000000000000000e+02 2.518185151897013085e+00
3.180000000000000000e+02 2.518225438373608682e+00
3.190000000000000000e+02 2.518265719010896131e+00
3.200000000000000000e+02 2.518305993800549203e+00
3.210000000000000000e+02 2.518346262734243446e+00
3.220000000000000000e+02 2.518386525803652187e+00
3.230000000000000000e+02 2.518426783000450975e+00
3.240000000000000000e+02 2.518467034316313580e+00
3.250000000000000000e+02 2.518507279742914662e+00
3.260000000000000000e+02 2.518547519271929325e+00
3.270000000000000000e+02 2.518587752895031340e+00
3.280000000000000000e+02 2.518627980603895811e+00
3.290000000000000000e+02 2.518668202390196953e+00
3.300000000000000000e+02 2.518708418245609426e+00
3.310000000000000000e+02 2.518748628161807446e+00
3.320000000000000000e+02 2.518788832130465671e+00
3.330000000000000000e+02 2.518829030143258763e+00
3.340000000000000000e+02 2.518869222191860935e+00
3.350000000000000000e+02 2.518909408267947292e+00
3.360000000000000000e+02 2.518949588363191605e+00
3.370000000000000000e+02 2.518989762469268978e+00
3.380000000000000000e+02 2.519029930577854071e+00
3.390000000000000000e+02 2.519070092680620654e+00
3.400000000000000000e+02 2.519110248769243388e+00
3.410000000000000000e+02 2.519150398835397375e+00
3.420000000000000000e+02 2.519190542870756833e+00
3.430000000000000000e+02 2.519230680866995975e+00
3.440000000000000000e+02 2.519270812815789906e+00
3.450000000000000000e+02 2.519310938708812397e+00
3.460000000000000000e+02 2.519351058537738997e+00
3.470000000000000000e+02 2.519391172294243031e+00
3.480000000000000000e+02 2.519431279970000048e+00
3.490000000000000000e+02 2.519471381556683820e+00
3.500000000000000000e+02 2.519511477045969006e+00
3.510000000000000000e+02 2.519551566429530709e+00
3.520000000000000000e+02 2.519591649699042701e+00
3.530000000000000000e+02 2.519631726846180086e+00
3.540000000000000000e+02 2.519671797862617080e+00
3.550000000000000000e+02 2.519711862740027897e+00
3.560000000000000000e+02 2.519751921470087641e+00
3.570000000000000000e+02 2.519791974044470528e+00
3.580000000000000000e+02 2.519832020454851218e+00
3.590000000000000000e+02 2.519872060692903926e+00
3.600000000000000000e+02 2.519912094750303311e+00
3.610000000000000000e+02 2.519952122618724477e+00
3.620000000000000000e+02 2.519992144289840752e+00
3.630000000000000000e+02 2.520032159755327683e+00
3.640000000000000000e+02 2.520072169006859486e+00
3.650000000000000000e+02 2.520112172036110376e+00
3.660000000000000000e+02 2.520152168834755457e+00
3.670000000000000000e+02 2.520192159394468501e+00
3.680000000000000000e+02 2.520232143706924610e+00
3.690000000000000000e+02 2.520272121763798001e+00
3.700000000000000000e+02 2.520312093556763333e+00
3.710000000000000000e+02 2.520352059077495266e+00
3.720000000000000000e+02 2.520392018317668015e+00
3.730000000000000000e+02 2.520431971268956239e+00
3.740000000000000000e+02 2.520471917923034599e+00
3.750000000000000000e+02 2.520511858271577310e+00
3.760000000000000000e+02 2.520551792306259031e+00
3.770000000000000000e+02 2.520591720018754422e+00
3.780000000000000000e+02 2.520631641400737699e+00
3.790000000000000000e+02 2.520671556443883521e+00
3.800000000000000000e+02 2.520711465139866547e+00
3.810000000000000000e+02 2.520751367480360994e+00
3.820000000000000000e+02 2.520791263457041520e+00
3.830000000000000000e+02 2.520831153061582786e+00
3.840000000000000000e+02 2.520871036285659450e+00
3.850000000000000000e+02 2.520910913120945285e+00
3.860000000000000000e+02 2.520950783559115838e+00
3.870000000000000000e+02 2.520990647591844880e+00
3.880000000000000000e+02 2.521030505210807071e+00
3.890000000000000000e+02 2.521070356407677071e+00
3.900000000000000000e+02 2.521110201174129095e+00
3.910000000000000000e+02 2.521150039501838247e+00
3.920000000000000000e+02 2.521189871382478298e+00
3.930000000000000000e+02 2.521229696807724352e+00
3.940000000000000000e+02 2.521269515769251068e+00
3.950000000000000000e+02 2.521309328258732219e+00
3.960000000000000000e+02 2.521349134267842906e+00
3.970000000000000000e+02 2.521388933788257347e+00
3.980000000000000000e+02 2.521428726811650201e+00
3.990000000000000000e+02 2.521468513329695682e+00
4.000000000000000000e+02 2.521508293334068895e+00
4.010000000000000000e+02 2.521548066816444056e+00
4.020000000000000000e+02 2.521587833768495823e+00
4.030000000000000000e+02 2.521627594181898413e+00
4.040000000000000000e+02 2.521667348048326485e+00
4.050000000000000000e+02 2.521707095359454254e+00
4.060000000000000000e+02 2.521746836106956824e+00
4.070000000000000000e+02 2.521786570282508855e+00
4.080000000000000000e+02 2.521826297877783674e+00
4.090000000000000000e+02 2.521866018884457272e+00
4.100000000000000000e+02 2.521905733294202978e+00
4.110000000000000000e+02 2.521945441098695895e+00
4.120000000000000000e+02 2.521985142289610682e+00
4.130000000000000000e+02 2.522024836858621555e+00
4.140000000000000000e+02 2.522064524797402729e+00
4.150000000000000000e+02 2.522104206097629309e+00
4.160000000000000000e+02 2.522143880750975953e+00
4.170000000000000000e+02 2.522183548749116433e+00
4.180000000000000000e+02 2.522223210083725409e+00
4.190000000000000000e+02 2.522262864746477984e+00
4.200000000000000000e+02 2.522302512729048374e+00
4.210000000000000000e+02 2.522342154023110794e+00
4.220000000000000000e+02 2.522381788620340348e+00
4.230000000000000000e+02 2.522421416512410808e+00
4.240000000000000000e+02 2.522461037690997721e+00
4.250000000000000000e+02 2.522500652147774414e+00
4.260000000000000000e+02 2.522540259874415991e+00
4.270000000000000000e+02 2.522579860862597112e+00
4.280000000000000000e+02 2.522619455103992436e+00
4.290000000000000000e+02 2.522659042590275735e+00
4.300000000000000000e+02 2.522698623313122113e+00
4.310000000000000000e+02 2.522738197264206228e+00
4.320000000000000000e+02 2.522777764435201853e+00
4.330000000000000000e+02 2.522817324817784090e+00
4.340000000000000000e+02 2.522856878403627601e+00
4.350000000000000000e+02 2.522896425184406155e+00
4.360000000000000000e+02 2.522935965151795301e+00
4.370000000000000000e+02 2.522975498297468810e+00
4.380000000000000000e+02 2.523015024613101343e+00
4.390000000000000000e+02 2.523054544090367113e+00
4.400000000000000000e+02 2.523094056720941669e+00
4.410000000000000000e+02 2.523133562496498339e+00
4.420000000000000000e+02 2.523173061408712226e+00
4.430000000000000000e+02 2.523212553449257989e+00
4.440000000000000000e+02 2.523252038609809844e+00
4.450000000000000000e+02 2.523291516882042451e+00
4.460000000000000000e+02 2.523330988257630025e+00
4.470000000000000000e+02 2.523370452728247670e+00
4.480000000000000000e+02 2.523409910285569158e+00
4.490000000000000000e+02 2.523449360921269591e+00
4.500000000000000000e+02 2.523488804627023629e+00
4.510000000000000000e+02 2.523528241394505045e+00
4.520000000000000000e+02 2.523567671215388941e+00
4.530000000000000000e+02 2.523607094081349533e+00
4.540000000000000000e+02 2.523646509984061481e+00
4.550000000000000000e+02 2.523685918915199444e+00
4.560000000000000000e+02 2.523725320866437638e+00
4.570000000000000000e+02 2.523764715829451166e+00
4.580000000000000000e+02 2.523804103795913800e+00
4.590000000000000000e+02 2.523843484757500200e+00
4.600000000000000000e+02 2.523882858705885024e+00
4.610000000000000000e+02 2.523922225632743377e+00
4.620000000000000000e+02 2.523961585529748586e+00
4.630000000000000000e+02 2.524000938388576198e+00
4.640000000000000000e+02 2.524040284200899986e+00
4.650000000000000000e+02 2.524079622958395053e+00
4.660000000000000000e+02 2.524118954652735614e+00
4.670000000000000000e+02 2.524158279275596328e+00
4.680000000000000000e+02 2.524197596818651412e+00
4.690000000000000000e+02 2.524236907273575969e+00
4.700000000000000000e+02 2.524276210632043771e+00
4.710000000000000000e+02 2.524315506885729921e+00
4.720000000000000000e+02 2.524354796026308634e+00
4.730000000000000000e+02 2.524394078045454570e+00
4.740000000000000000e+02 2.524433352934842389e+00
4.750000000000000000e+02 2.524472620686146307e+00
4.760000000000000000e+02 2.524511881291040538e+00
4.770000000000000000e+02 2.524551134741200631e+00
4.780000000000000000e+02 2.524590381028299912e+00
4.790000000000000000e+02 2.524629620144013931e+00
4.800000000000000000e+02 2.524668852080016457e+00
4.810000000000000000e+02 2.524708076827982595e+00
4.820000000000000000e+02 2.524747294379586116e+00
4.830000000000000000e+02 2.524786504726502567e+00
4.840000000000000000e+02 2.524825707860405277e+00
4.850000000000000000e+02 2.524864903772969793e+00
4.860000000000000000e+02 2.524904092455869886e+00
4.870000000000000000e+02 2.524943273900780660e+00
4.880000000000000000e+02 2.524982448099376331e+00
4.890000000000000000e+02 2.525021615043331558e+00
4.900000000000000000e+02 2.525060774724320556e+00
4.910000000000000000e+02 2.525099927134017985e+00
4.920000000000000000e+02 2.525139072264098505e+00
4.930000000000000000e+02 2.525178210106236332e+00
4.940000000000000000e+02 2.525217340652106568e+00
4.950000000000000000e+02 2.525256463893382985e+00
4.960000000000000000e+02 2.525295579821740688e+00
4.970000000000000000e+02 2.525334688428853891e+00
4.980000000000000000e+02 2.525373789706397254e+00
4.990000000000000000e+02 2.525412883646045437e+00
5.000000000000000000e+02 2.525451970239472654e+00
5.010000000000000000e+02 2.525491049478353123e+00
5.020000000000000000e+02 2.525530121354361945e+00
5.030000000000000000e+02 2.525569185859173782e+00
5.040000000000000000e+02 2.525608242984462848e+00
5.050000000000000000e+02 2.525647292721903359e+00
5.060000000000000000e+02 2.525686335063169974e+00
5.070000000000000000e+02 2.525725369999937353e+00
5.080000000000000000e+02 2.525764397523880156e+00
5.090000000000000000e+02 2.525803417626673042e+00
5.100000000000000000e+02 2.525842430299989783e+00
5.110000000000000000e+02 2.525881435535505481e+00
5.120000000000000000e+02 2.525920433324894798e+00
5.130000000000000000e+02 2.525959423659831504e+00
5.140000000000000000e+02 2.525998406531991147e+00
5.150000000000000000e+02 2.526037381933047055e+00
5.160000000000000000e+02 2.526076349854674774e+00
5.170000000000000000e+02 2.526115310288548521e+00
5.180000000000000000e+02 2.526154263226342511e+00
5.190000000000000000e+02 2.526193208659731404e+00
5.200000000000000000e+02 2.526232146580389859e+00
5.210000000000000000e+02 2.526271076979992092e+00
5.220000000000000000e+02 2.526309999850213206e+00
5.230000000000000000e+02 2.526348915182727417e+00
5.240000000000000000e+02 2.526387822969208941e+00
5.250000000000000000e+02 2.526426723201332436e+00
5.260000000000000000e+02 2.526465615870772563e+00
5.270000000000000000e+02 2.526504500969203981e+00
5.280000000000000000e+02 2.526543378488300906e+00
5.290000000000000000e+02 2.526582248419737553e+00
5.300000000000000000e+02 2.526621110755189470e+00
5.310000000000000000e+02 2.526659965486330428e+00
5.320000000000000000e+02 2.526698812604834643e+00
5.330000000000000000e+02 2.526737652102377663e+00
5.340000000000000000e+02 2.526776483970632814e+00
5.350000000000000000e+02 2.526815308201275645e+00
5.360000000000000000e+02 2.526854124785979927e+00
5.370000000000000000e+02 2.526892933716420764e+00
5.380000000000000000e+02 2.526931734984272371e+00
5.390000000000000000e+02 2.526970528581208963e+00
5.400000000000000000e+02 2.527009314498905646e+00
5.410000000000000000e+02 2.527048092729036632e+00
5.420000000000000000e+02 2.527086863263276584e+00
5.430000000000000000e+02 2.527125626093299715e+00
5.440000000000000000e+02 2.527164381210780686e+00
5.450000000000000000e+02 2.527203128607394156e+00
5.460000000000000000e+02 2.527241868274814784e+00
5.470000000000000000e+02 2.527280600204716343e+00
5.480000000000000000e+02 2.527319324388774380e+00
5.490000000000000000e+02 2.527358040818662666e+00
5.500000000000000000e+02 2.527396749486055860e+00
5.510000000000000000e+02 2.527435450382628623e+00
5.520000000000000000e+02 2.527474143500055614e+00
5.530000000000000000e+02 2.527512828830010605e+00
5.540000000000000000e+02 2.527551506364169143e+00
5.550000000000000000e+02 2.527590176094205443e+00
5.560000000000000000e+02 2.527628838011793277e+00
5.570000000000000000e+02 2.527667492108608194e+00
5.580000000000000000e+02 2.527706138376323963e+00
5.590000000000000000e+02 2.527744776806615246e+00
5.600000000000000000e+02 2.527783407391157144e+00
5.610000000000000000e+02 2.527822030121623431e+00
5.620000000000000000e+02 2.527860644989688765e+00
5.630000000000000000e+02 2.527899251987028251e+00
5.640000000000000000e+02 2.527937851105315659e+00
5.650000000000000000e+02 2.527976442336225649e+00
5.660000000000000000e+02 2.528015025671433325e+00
5.670000000000000000e+02 2.528053601102612458e+00
5.680000000000000000e+02 2.528092168621438152e+00
5.690000000000000000e+02 2.528130728219584622e+00
5.700000000000000000e+02 2.528169279888726084e+00
5.710000000000000000e+02 2.528207823620537642e+00
5.720000000000000000e+02 2.528246359406693511e+00
5.730000000000000000e+02 2.528284887238868350e+00
5.740000000000000000e+02 2.528323407108736820e+00
5.750000000000000000e+02 2.528361919007973135e+00
5.760000000000000000e+02 2.528400422928251512e+00
5.770000000000000000e+02 2.528438918861247053e+00
5.780000000000000000e+02 2.528477406798633975e+00
5.790000000000000000e+02 2.528515886732086937e+00
5.800000000000000000e+02 2.528554358653280598e+00
5.810000000000000000e+02 2.528592822553889174e+00
5.820000000000000000e+02 2.528631278425587325e+00
5.830000000000000000e+02 2.528669726260049266e+00
5.840000000000000000e+02 2.528708166048950101e+00
5.850000000000000000e+02 2.528746597783964045e+00
5.860000000000000000e+02 2.528785021456765314e+00
5.870000000000000000e+02 2.528823437059029011e+00
5.880000000000000000e+02 2.528861844582428908e+00
5.890000000000000000e+02 2.528900244018640553e+00
5.900000000000000000e+02 2.528938635359337272e+00
5.910000000000000000e+02 2.528977018596194615e+00
5.920000000000000000e+02 2.529015393720886351e+00
5.930000000000000000e+02 2.529053760725087585e+00
5.940000000000000000e+02 2.529092119600472532e+00
5.950000000000000000e+02 2.529130470338715853e+00
5.960000000000000000e+02 2.529168812931491761e+00
5.970000000000000000e+02 2.529207147370474917e+00
5.980000000000000000e+02 2.529245473647339981e+00
5.990000000000000000e+02 2.529283791753761168e+00
6.000000000000000000e+02 2.529322101681413582e+00
6.010000000000000000e+02 2.529360403421970993e+00
6.020000000000000000e+02 2.529398696967108506e+00
6.030000000000000000e+02 2.529436982308500337e+00
6.040000000000000000e+02 2.529475259437821144e+00
6.050000000000000000e+02 2.529513528346745588e+00
6.060000000000000000e+02 2.529551789026947883e+00
6.070000000000000000e+02 2.529590041470102246e+00
6.080000000000000000e+02 2.529628285667884224e+00
6.090000000000000000e+02 2.529666521611967145e+00
6.100000000000000000e+02 2.529704749294026112e+00
6.110000000000000000e+02 2.529742968705736228e+00
6.120000000000000000e+02 2.529781179838770822e+00
6.130000000000000000e+02 2.529819382684804996e+00
6.140000000000000000e+02 2.529857577235513411e+00
6.150000000000000000e+02 2.529895763482570725e+00
6.160000000000000000e+02 2.529933941417650711e+00
6.170000000000000000e+02 2.529972111032428472e+00
6.180000000000000000e+02 2.530010272318578224e+00
6.190000000000000000e+02 2.530048425267775070e+00
6.200000000000000000e+02 2.530086569871692781e+00
6.210000000000000000e+02 2.530124706122006462e+00
6.220000000000000000e+02 2.530162834010389883e+00
6.230000000000000000e+02 2.530200953528518593e+00
6.240000000000000000e+02 2.530239064668066362e+00
6.250000000000000000e+02 2.530277167420707851e+00
6.260000000000000000e+02 2.530315261778117719e+00
6.270000000000000000e+02 2.530353347731970182e+00
6.280000000000000000e+02 2.530391425273939898e+00
6.290000000000000000e+02 2.530429494395701973e+00
6.300000000000000000e+02 2.530467555088930176e+00
6.310000000000000000e+02 2.530505607345299168e+00
6.320000000000000000e+02 2.530543651156483609e+00
6.330000000000000000e+02 2.530581686514157713e+00
6.340000000000000000e+02 2.530619713409996585e+00
6.350000000000000000e+02 2.530657731835674440e+00
6.360000000000000000e+02 2.530695741782865493e+00
6.370000000000000000e+02 2.530733743243244849e+00
6.380000000000000000e+02 2.530771736208486278e+00
6.390000000000000000e+02 2.530809720670264884e+00
6.400000000000000000e+02 2.530847696620255327e+00
6.410000000000000000e+02 2.530885664050131378e+00
6.420000000000000000e+02 2.530923622951568142e+00
6.430000000000000000e+02 2.530961573316240276e+00
6.440000000000000000e+02 2.530999515135821554e+00
6.450000000000000000e+02 2.531037448401987522e+00
6.460000000000000000e+02 2.531075373106411508e+00
6.470000000000000000e+02 2.531113289240769060e+00
6.480000000000000000e+02 2.531151196796733949e+00
6.490000000000000000e+02 2.531189095765981278e+00
6.500000000000000000e+02 2.531226986140185264e+00
6.510000000000000000e+02 2.531264867911020566e+00
6.520000000000000000e+02 2.531302741070161400e+00
6.530000000000000000e+02 2.531340605609282868e+00
6.540000000000000000e+02 2.531378461520058742e+00
6.550000000000000000e+02 2.531416308794164127e+00
6.560000000000000000e+02 2.531454147423273238e+00
6.570000000000000000e+02 2.531491977399060733e+00
6.580000000000000000e+02 2.531529798713200829e+00
6.590000000000000000e+02 2.531567611357368186e+00
6.600000000000000000e+02 2.531605415323237906e+00
6.610000000000000000e+02 2.531643210602483762e+00
6.620000000000000000e+02 2.531680997186780413e+00
6.630000000000000000e+02 2.531718775067802518e+00
6.640000000000000000e+02 2.531756544237224738e+00
6.650000000000000000e+02 2.531794304686721286e+00
6.660000000000000000e+02 2.531832056407966824e+00
6.670000000000000000e+02 2.531869799392636011e+00
6.680000000000000000e+02 2.531907533632403062e+00
6.690000000000000000e+02 2.531945259118942637e+00
6.700000000000000000e+02 2.531982975843929395e+00
6.710000000000000000e+02 2.532020683799037553e+00
6.720000000000000000e+02 2.532058382975942212e+00
6.730000000000000000e+02 2.532096073366317146e+00
6.740000000000000000e+02 2.532133754961837013e+00
6.750000000000000000e+02 2.532171427754176474e+00
6.760000000000000000e+02 2.532209091735010631e+00
6.770000000000000000e+02 2.532246746896012812e+00
6.780000000000000000e+02 2.532284393228858566e+00
6.790000000000000000e+02 2.532322030725222106e+00
6.800000000000000000e+02 2.532359659376777650e+00
6.810000000000000000e+02 2.532397279175199856e+00
6.820000000000000000e+02 2.532434890112163384e+00
6.830000000000000000e+02 2.532472492179342893e+00
6.840000000000000000e+02 2.532510085368412600e+00
6.850000000000000000e+02 2.532547669671046719e+00
6.860000000000000000e+02 2.532585245078920799e+00
6.870000000000000000e+02 2.532622811583708167e+00
6.880000000000000000e+02 2.532660369177083926e+00
6.890000000000000000e+02 2.532697917850722735e+00
6.900000000000000000e+02 2.532735457596299256e+00
6.910000000000000000e+02 2.532772988405487258e+00
6.920000000000000000e+02 2.532810510269961846e+00
6.930000000000000000e+02 2.532848023181397235e+00
6.940000000000000000e+02 2.532885527131468084e+00
6.950000000000000000e+02 2.532923022111849054e+00
6.960000000000000000e+02 2.532960508114214360e+00
6.970000000000000000e+02 2.532997985130239105e+00
6.980000000000000000e+02 2.533035453151597061e+00
6.990000000000000000e+02 2.533072912169962887e+00
7.000000000000000000e+02 2.533110362177011243e+00
7.010000000000000000e+02 2.533147803164416789e+00
7.020000000000000000e+02 2.533185235123854184e+00
7.030000000000000000e+02 2.533222658046997644e+00
7.040000000000000000e+02 2.533260071925521384e+00
7.050000000000000000e+02 2.533297476751100508e+00
7.060000000000000000e+02 2.533334872515409231e+00
7.070000000000000000e+02 2.533372259210122213e+00
7.080000000000000000e+02 2.533409636826914113e+00
7.090000000000000000e+02 2.533447005357458703e+00
7.100000000000000000e+02 2.533484364793431531e+00
7.110000000000000000e+02 2.533521715126506368e+00
7.120000000000000000e+02 2.533559056348357874e+00
7.130000000000000000e+02 2.533596388450660708e+00
7.140000000000000000e+02 2.533633711425089530e+00
7.150000000000000000e+02 2.533671025263318555e+00
7.160000000000000000e+02 2.533708329957021999e+00
7.170000000000000000e+02 2.533745625497875409e+00
7.180000000000000000e+02 2.533782911877552557e+00
7.190000000000000000e+02 2.533820189087728103e+00
7.200000000000000000e+02 2.533857457120076262e+00
7.210000000000000000e+02 2.533894715966272138e+00
7.220000000000000000e+02 2.533931965617989501e+00
7.230000000000000000e+02 2.533969206066903901e+00
7.240000000000000000e+02 2.534006437304689108e+00
7.250000000000000000e+02 2.534043659323019781e+00
7.260000000000000000e+02 2.534080872113570138e+00
7.270000000000000000e+02 2.534118075668015280e+00
7.280000000000000000e+02 2.534155269978029423e+00
7.290000000000000000e+02 2.534192455035287228e+00
7.300000000000000000e+02 2.534229630831462909e+00
7.310000000000000000e+02 2.534266797358231571e+00
7.320000000000000000e+02 2.534303954607266984e+00
7.330000000000000000e+02 2.534341102570244253e+00
7.340000000000000000e+02 2.534378241238837592e+00
7.350000000000000000e+02 2.534415370604721218e+00
7.360000000000000000e+02 2.534452490659570678e+00
7.370000000000000000e+02 2.534489601395059299e+00
7.380000000000000000e+02 2.534526702802862186e+00
7.390000000000000000e+02 2.534563794874653997e+00
7.400000000000000000e+02 2.534600877602108948e+00
7.410000000000000000e+02 2.534637950976901699e+00
7.420000000000000000e+02 2.534675014990706909e+00
7.430000000000000000e+02 2.534712069635198795e+00
7.440000000000000000e+02 2.534749114902052014e+00
7.450000000000000000e+02 2.534786150782940783e+00
7.460000000000000000e+02 2.534823177269540206e+00
7.470000000000000000e+02 2.534860194353524498e+00
7.480000000000000000e+02 2.534897202026567875e+00
7.490000000000000000e+02 2.534934200280345440e+00
7.500000000000000000e+02 2.534971189106531408e+00
7.510000000000000000e+02 2.535008168496799996e+00
7.520000000000000000e+02 2.535045138442826307e+00
7.530000000000000000e+02 2.535082098936284556e+00
7.540000000000000000e+02 2.535119049968849403e+00
7.550000000000000000e+02 2.535155991532195063e+00
7.560000000000000000e+02 2.535192923617996197e+00
7.570000000000000000e+02 2.535229846217927463e+00
7.580000000000000000e+02 2.535266759323663521e+00
7.590000000000000000e+02 2.535303662926878143e+00
7.600000000000000000e+02 2.535340557019246877e+00
7.610000000000000000e+02 2.535377441592443493e+00
7.620000000000000000e+02 2.535414316638142651e+00
7.630000000000000000e+02 2.535451182148019011e+00
7.640000000000000000e+02 2.535488038113747233e+00
7.650000000000000000e+02 2.535524884527001088e+00
7.660000000000000000e+02 2.535561721379456124e+00
7.670000000000000000e+02 2.535598548662786111e+00
7.680000000000000000e+02 2.535635366368666155e+00
7.690000000000000000e+02 2.535672174488770025e+00
7.700000000000000000e+02 2.535708973014772827e+00
7.710000000000000000e+02 2.535745761938348775e+00
7.720000000000000000e+02 2.535782541251172972e+00
7.730000000000000000e+02 2.535819310944919192e+00
7.740000000000000000e+02 2.535856071011262092e+00
7.750000000000000000e+02 2.535892821441876332e+00
7.760000000000000000e+02 2.535929562228436573e+00
7.770000000000000000e+02 2.535966293362617030e+00
7.780000000000000000e+02 2.536003014836092806e+00
7.790000000000000000e+02 2.536039726640537673e+00
7.800000000000000000e+02 2.536076428767626290e+00
7.810000000000000000e+02 2.536113121209033761e+00
7.820000000000000000e+02 2.536149803956433857e+00
7.830000000000000000e+02 2.536186477001501682e+00
7.840000000000000000e+02 2.536223140335911452e+00
7.850000000000000000e+02 2.536259793951337826e+00
7.860000000000000000e+02 2.536296437839455020e+00
7.870000000000000000e+02 2.536333071991937693e+00
7.880000000000000000e+02 2.536369696400460949e+00
7.890000000000000000e+02 2.536406311056698115e+00
7.900000000000000000e+02 2.536442915952324739e+00
7.910000000000000000e+02 2.536479511079015037e+00
7.920000000000000000e+02 2.536516096428443223e+00
7.930000000000000000e+02 2.536552671992284402e+00
7.940000000000000000e+02 2.536589237762212345e+00
7.950000000000000000e+02 2.536625793729902156e+00
7.960000000000000000e+02 2.536662339887028494e+00
7.970000000000000000e+02 2.536698876225265131e+00
7.980000000000000000e+02 2.536735402736287170e+00
7.990000000000000000e+02 2.536771919411768828e+00
8.000000000000000000e+02 2.536808426243384762e+00
8.010000000000000000e+02 2.536844923222809634e+00
8.020000000000000000e+02 2.536881410341718102e+00
8.030000000000000000e+02 2.536917887591783938e+00
8.040000000000000000e+02 2.536954354964682246e+00
8.050000000000000000e+02 2.536990812452087241e+00
8.060000000000000000e+02 2.537027260045674026e+00
8.070000000000000000e+02 2.537063697737116374e+00
8.080000000000000000e+02 2.537100125518088944e+00
8.090000000000000000e+02 2.537136543380266840e+00
8.100000000000000000e+02 2.537172951315324276e+00
8.110000000000000000e+02 2.537209349314935025e+00
8.120000000000000000e+02 2.537245737370775078e+00
8.130000000000000000e+02 2.537282115474517319e+00
8.140000000000000000e+02 2.537318483617837739e+00
8.150000000000000000e+02 2.537354841792409665e+00
8.160000000000000000e+02 2.537391189989908646e+00
8.170000000000000000e+02 2.537427528202008453e+00
8.180000000000000000e+02 2.537463856420383745e+00
8.190000000000000000e+02 2.537500174636709183e+00
8.200000000000000000e+02 2.537536482842659424e+00
8.210000000000000000e+02 2.537572781029908242e+00
8.220000000000000000e+02 2.537609069190131184e+00
8.230000000000000000e+02 2.537645347315002464e+00
8.240000000000000000e+02 2.537681615396195856e+00
8.250000000000000000e+02 2.537717873425386905e+00
8.260000000000000000e+02 2.537754121394249385e+00
8.270000000000000000e+02 2.537790359294458398e+00
8.280000000000000000e+02 2.537826587117688160e+00
8.290000000000000000e+02 2.537862804855612886e+00
8.300000000000000000e+02 2.537899012499907681e+00
8.310000000000000000e+02 2.537935210042246759e+00
8.320000000000000000e+02 2.537971397474304336e+00
8.330000000000000000e+02 2.538007574787755516e+00
8.340000000000000000e+02 2.538043741974274514e+00
8.350000000000000000e+02 2.538079899025535990e+00
8.360000000000000000e+02 2.538116045933214160e+00
8.370000000000000000e+02 2.538152182688983682e+00
8.380000000000000000e+02 2.538188309284519217e+00
8.390000000000000000e+02 2.538224425711495424e+00
8.400000000000000000e+02 2.538260531961586075e+00
8.410000000000000000e+02 2.538296628026466717e+00
8.420000000000000000e+02 2.538332713897811121e+00
8.430000000000000000e+02 2.538368789567293948e+00
8.440000000000000000e+02 2.538404855026589857e+00
8.450000000000000000e+02 2.538440910267373507e+00
8.460000000000000000e+02 2.538476955281319114e+00
8.470000000000000000e+02 2.538512990060101338e+00
8.480000000000000000e+02 2.538549014595394393e+00
8.490000000000000000e+02 2.538585028878873384e+00
8.500000000000000000e+02 2.538621032902212526e+00
8.510000000000000000e+02 2.538657026657086035e+00
8.520000000000000000e+02 2.538693010135169015e+00
8.530000000000000000e+02 2.538728983328135236e+00
8.540000000000000000e+02 2.538764946227659802e+00
8.550000000000000000e+02 2.538800898825417374e+00
8.560000000000000000e+02 2.538836841113081721e+00
8.570000000000000000e+02 2.538872773082328393e+00
8.580000000000000000e+02 2.538908694724830717e+00
8.590000000000000000e+02 2.538944606032264240e+00
8.600000000000000000e+02 2.538980506996303177e+00
8.610000000000000000e+02 2.539016397608621745e+00
8.620000000000000000e+02 2.539052277860894602e+00
8.630000000000000000e+02 2.539088147744795965e+00
8.640000000000000000e+02 2.539124007252001380e+00
8.650000000000000000e+02 2.539159856374184177e+00
8.660000000000000000e+02 2.539195695103019457e+00
8.670000000000000000e+02 2.539231523430181880e+00
8.680000000000000000e+02 2.539267341347345663e+00
8.690000000000000000e+02 2.539303148846185021e+00
8.700000000000000000e+02 2.539338945918375501e+00
8.710000000000000000e+02 2.539374732555590430e+00
8.720000000000000000e+02 2.539410508749504913e+00
8.730000000000000000e+02 2.539446274491793609e+00
8.740000000000000000e+02 2.539482029774130734e+00
8.750000000000000000e+02 2.539517774588191390e+00
8.760000000000000000e+02 2.539553508925648906e+00
8.770000000000000000e+02 2.539589232778178829e+00
8.780000000000000000e+02 2.539624946137455375e+00
8.790000000000000000e+02 2.539660648995153203e+00
8.800000000000000000e+02 2.539696341342946528e+00
8.810000000000000000e+02 2.539732023172510011e+00
8.820000000000000000e+02 2.539767694475517867e+00
8.830000000000000000e+02 2.539803355243645200e+00
8.840000000000000000e+02 2.539839005468566224e+00
8.850000000000000000e+02 2.539874645141955600e+00
8.860000000000000000e+02 2.539910274255487543e+00
8.870000000000000000e+02 2.539945892800836713e+00
8.880000000000000000e+02 2.539981500769677769e+00
8.890000000000000000e+02 2.540017098153685371e+00
8.900000000000000000e+02 2.540052684944533290e+00
8.910000000000000000e+02 2.540088261133897074e+00
8.920000000000000000e+02 2.540123826713450050e+00
8.930000000000000000e+02 2.540159381674867767e+00
8.940000000000000000e+02 2.540194926009824439e+00
8.950000000000000000e+02 2.540230459709994282e+00
8.960000000000000000e+02 2.540265982767052400e+00
8.970000000000000000e+02 2.540301495172672563e+00
8.980000000000000000e+02 2.540336996918529877e+00
8.990000000000000000e+02 2.540372487996298556e+00
9.000000000000000000e+02 2.540407968397653260e+00
9.010000000000000000e+02 2.540443438114268648e+00
9.020000000000000000e+02 2.540478897137818937e+00
9.030000000000000000e+02 2.540514345459978784e+00
9.040000000000000000e+02 2.540549783072422407e+00
9.050000000000000000e+02 2.540585209966824909e+00
9.060000000000000000e+02 2.540620626134860505e+00
9.070000000000000000e+02 2.540656031568203410e+00
9.080000000000000000e+02 2.540691426258528729e+00
9.090000000000000000e+02 2.540726810197510677e+00
9.100000000000000000e+02 2.540762183376823469e+00
9.110000000000000000e+02 2.540797545788142209e+00
9.120000000000000000e+02 2.540832897423141112e+00
9.130000000000000000e+02 2.540868238273494839e+00
9.140000000000000000e+02 2.540903568330877604e+00
9.150000000000000000e+02 2.540938887586964068e+00
9.160000000000000000e+02 2.540974196033428889e+00
9.170000000000000000e+02 2.541009493661946284e+00
9.180000000000000000e+02 2.541044780464191355e+00
9.190000000000000000e+02 2.541080056431837875e+00
9.200000000000000000e+02 2.541115321556560946e+00
9.210000000000000000e+02 2.541150575830034786e+00
9.220000000000000000e+02 2.541185819243934052e+00
9.230000000000000000e+02 2.541221051789932961e+00
9.240000000000000000e+02 2.541256273459706616e+00
9.250000000000000000e+02 2.541291484244928789e+00
9.260000000000000000e+02 2.541326684137274583e+00
9.270000000000000000e+02 2.541361873128418658e+00
9.280000000000000000e+02 2.541397051210034785e+00
9.290000000000000000e+02 2.541432218373798069e+00
9.300000000000000000e+02 2.541467374611382724e+00
9.310000000000000000e+02 2.541502519914463409e+00
9.320000000000000000e+02 2.541537654274714786e+00
9.330000000000000000e+02 2.541572777683811069e+00
9.340000000000000000e+02 2.541607890133426917e+00
9.350000000000000000e+02 2.541642991615236991e+00
9.360000000000000000e+02 2.541678082120915505e+00
9.370000000000000000e+02 2.541713161642137120e+00
9.380000000000000000e+02 2.541748230170576495e+00
9.390000000000000000e+02 2.541783287697907845e+00
9.400000000000000000e+02 2.541818334215805830e+00
9.410000000000000000e+02 2.541853369715945110e+00
9.420000000000000000e+02 2.541888394190000344e+00
9.430000000000000000e+02 2.541923407629645748e+00
9.440000000000000000e+02 2.541958410026555537e+00
9.450000000000000000e+02 2.541993401372404815e+00
9.460000000000000000e+02 2.542028381658867797e+00
9.470000000000000000e+02 2.542063350877619143e+00
9.480000000000000000e+02 2.542098309020333069e+00
9.490000000000000000e+02 2.542133256078684678e+00
9.500000000000000000e+02 2.542168192044347741e+00
9.510000000000000000e+02 2.542203116908997362e+00
9.520000000000000000e+02 2.542238030664307757e+00
9.530000000000000000e+02 2.542272933301954030e+00
9.540000000000000000e+02 2.542307824813609507e+00
9.550000000000000000e+02 2.542342705190949737e+00
9.560000000000000000e+02 2.542377574425648934e+00
9.570000000000000000e+02 2.542412432509381759e+00
9.580000000000000000e+02 2.542447279433822427e+00
9.590000000000000000e+02 2.542482115190645153e+00
9.600000000000000000e+02 2.542516939771525486e+00
9.610000000000000000e+02 2.542551753168137196e+00
9.620000000000000000e+02 2.542586555372154944e+00
9.630000000000000000e+02 2.542621346375252944e+00
9.640000000000000000e+02 2.542656126169106301e+00
9.650000000000000000e+02 2.542690894745389230e+00
9.660000000000000000e+02 2.542725652095776390e+00
9.670000000000000000e+02 2.542760398211941997e+00
9.680000000000000000e+02 2.542795133085560710e+00
9.690000000000000000e+02 2.542829856708307190e+00
9.700000000000000000e+02 2.542864569071856096e+00
9.710000000000000000e+02 2.542899270167881198e+00
9.720000000000000000e+02 2.542933959988058046e+00
9.730000000000000000e+02 2.542968638524060410e+00
9.740000000000000000e+02 2.543003305767562949e+00
9.750000000000000000e+02 2.543037961710240324e+00
9.760000000000000000e+02 2.543072606343766751e+00
9.770000000000000000e+02 2.543107239659817331e+00
9.780000000000000000e+02 2.543141861650065838e+00
9.790000000000000000e+02 2.543176472306187375e+00
9.800000000000000000e+02 2.543211071619856600e+00
9.810000000000000000e+02 2.543245659582747287e+00
9.820000000000000000e+02 2.543280236186534538e+00
9.830000000000000000e+02 2.543314801422892568e+00
9.840000000000000000e+02 2.543349355283496038e+00
9.850000000000000000e+02 2.543383897760019607e+00
9.860000000000000000e+02 2.543418428844137491e+00
9.870000000000000000e+02 2.543452948527524349e+00
9.880000000000000000e+02 2.543487456801854840e+00
9.890000000000000000e+02 2.543521953658803181e+00
9.900000000000000000e+02 2.543556439090044030e+00
9.910000000000000000e+02 2.543590913087252048e+00
9.920000000000000000e+02 2.543625375642101449e+00
9.930000000000000000e+02 2.543659826746266894e+00
9.940000000000000000e+02 2.543694266391423042e+00
9.950000000000000000e+02 2.543728694569244553e+00
9.960000000000000000e+02 2.543763111271405197e+00
9.970000000000000000e+02 2.543797516489580524e+00
9.980000000000000000e+02 2.543831910215444303e+00
9.990000000000000000e+02 2.543866292440671195e+00
1.000000000000000000e+03 2.543900663156935860e+00
1.001000000000000000e+03 2.543935022355912512e+00
1.002000000000000000e+03 2.543969370029276256e+00
1.003000000000000000e+03 2.544003706168700862e+00
1.004000000000000000e+03 2.544038030765861436e+00
1.005000000000000000e+03 2.544072343812432191e+00
1.006000000000000000e+03 2.544106645300087788e+00
1.007000000000000000e+03 2.544140935220502886e+00
1.008000000000000000e+03 2.544175213565351701e+00
1.009000000000000000e+03 2.544209480326308892e+00
1.010000000000000000e+03 2.544243735495048675e+00
1.011000000000000000e+03 2.544277979063246153e+00
1.012000000000000000e+03 2.544312211022575543e+00
1.013000000000000000e+03 2.544346431364711059e+00
1.014000000000000000e+03 2.544380640081327805e+00
1.015000000000000000e+03 2.544414837164099996e+00
1.016000000000000000e+03 2.544449022604701849e+00
1.017000000000000000e+03 2.544483196394808466e+00
1.018000000000000000e+03 2.544517358526094064e+00
1.019000000000000000e+03 2.544551508990233302e+00
1.020000000000000000e+03 2.544585647778900395e+00
1.021000000000000000e+03 2.544619774883770003e+00
