# order=18: data_wav [pixel], data_wavsolution [micron]
3.000000000000000000e+00 1.986035090203267517e+00
4.000000000000000000e+00 1.986067496374566144e+00
5.000000000000000000e+00 1.986099899066160690e+00
6.000000000000000000e+00 1.986132298276582553e+00
7.000000000000000000e+00 1.986164694004364240e+00
8.000000000000000000e+00 1.986197086248037591e+00
9.000000000000000000e+00 1.986229475006134892e+00
1.000000000000000000e+01 1.986261860277188207e+00
1.100000000000000000e+01 1.986294242059729376e+00
1.200000000000000000e+01 1.986326620352290462e+00
1.300000000000000000e+01 1.986358995153403972e+00
1.400000000000000000e+01 1.986391366461601526e+00
1.500000000000000000e+01 1.986423734275415409e+00
1.600000000000000000e+01 1.986456098593377906e+00
1.700000000000000000e+01 1.986488459414020635e+00
1.800000000000000000e+01 1.986520816735875883e+00
1.900000000000000000e+01 1.986553170557475712e+00
2.000000000000000000e+01 1.986585520877352407e+00
2.100000000000000000e+01 1.986617867694037809e+00
2.200000000000000000e+01 1.986650211006063982e+00
2.300000000000000000e+01 1.986682550811962988e+00
2.400000000000000000e+01 1.986714887110267114e+00
2.500000000000000000e+01 1.986747219899508199e+00
2.600000000000000000e+01 1.986779549178218529e+00
2.700000000000000000e+01 1.986811874944930167e+00
2.800000000000000000e+01 1.986844197198174955e+00
2.900000000000000000e+01 1.986876515936485177e+00
3.000000000000000000e+01 1.986908831158392896e+00
3.100000000000000000e+01 1.986941142862430176e+00
3.200000000000000000e+01 1.986973451047128858e+00
3.300000000000000000e+01 1.987005755711021449e+00
3.400000000000000000e+01 1.987038056852639567e+00
3.500000000000000000e+01 1.987070354470515721e+00
3.600000000000000000e+01 1.987102648563181750e+00
3.700000000000000000e+01 1.987134939129169720e+00
3.800000000000000000e+01 1.987167226167011691e+00
3.900000000000000000e+01 1.987199509675239950e+00
4.000000000000000000e+01 1.987231789652386338e+00
4.100000000000000000e+01 1.987264066096983139e+00
4.200000000000000000e+01 1.987296339007562196e+00
4.300000000000000000e+01 1.987328608382655792e+00
4.400000000000000000e+01 1.987360874220795770e+00
4.500000000000000000e+01 1.987393136520514414e+00
4.600000000000000000e+01 1.987425395280343787e+00
4.700000000000000000e+01 1.987457650498815953e+00
4.800000000000000000e+01 1.987489902174462975e+00
4.900000000000000000e+01 1.987522150305816693e+00
5.000000000000000000e+01 1.987554394891409615e+00
5.100000000000000000e+01 1.987586635929773582e+00
5.200000000000000000e+01 1.987618873419440657e+00
5.300000000000000000e+01 1.987651107358942904e+00
5.400000000000000000e+01 1.987683337746812384e+00
5.500000000000000000e+01 1.987715564581581384e+00
5.600000000000000000e+01 1.987747787861781745e+00
5.700000000000000000e+01 1.987780007585945530e+00
5.800000000000000000e+01 1.987812223752605023e+00
5.900000000000000000e+01 1.987844436360292288e+00
6.000000000000000000e+01 1.987876645407539167e+00
6.100000000000000000e+01 1.987908850892877943e+00
6.200000000000000000e+01 1.987941052814840681e+00
6.300000000000000000e+01 1.987973251171959221e+00
6.400000000000000000e+01 1.988005445962766071e+00
6.500000000000000000e+01 1.988037637185792850e+00
6.600000000000000000e+01 1.988069824839572064e+00
6.700000000000000000e+01 1.988102008922635333e+00
6.800000000000000000e+01 1.988134189433514942e+00
6.900000000000000000e+01 1.988166366370743177e+00
7.000000000000000000e+01 1.988198539732851877e+00
7.100000000000000000e+01 1.988230709518373107e+00
7.200000000000000000e+01 1.988262875725839152e+00
7.300000000000000000e+01 1.988295038353781852e+00
7.400000000000000000e+01 1.988327197400733493e+00
7.500000000000000000e+01 1.988359352865225915e+00
7.600000000000000000e+01 1.988391504745791405e+00
7.700000000000000000e+01 1.988423653040961803e+00
7.800000000000000000e+01 1.988455797749269394e+00
7.900000000000000000e+01 1.988487938869246241e+00
8.000000000000000000e+01 1.988520076399424408e+00
8.100000000000000000e+01 1.988552210338335957e+00
8.200000000000000000e+01 1.988584340684512730e+00
8.300000000000000000e+01 1.988616467436487234e+00
8.400000000000000000e+01 1.988648590592791310e+00
8.500000000000000000e+01 1.988680710151957021e+00
8.600000000000000000e+01 1.988712826112516430e+00
8.700000000000000000e+01 1.988744938473001822e+00
8.800000000000000000e+01 1.988777047231945039e+00
8.900000000000000000e+01 1.988809152387878143e+00
9.000000000000000000e+01 1.988841253939333420e+00
9.100000000000000000e+01 1.988873351884842711e+00
9.200000000000000000e+01 1.988905446222938300e+00
9.300000000000000000e+01 1.988937536952152252e+00
9.400000000000000000e+01 1.988969624071016407e+00
9.500000000000000000e+01 1.989001707578063050e+00
9.600000000000000000e+01 1.989033787471824244e+00
9.700000000000000000e+01 1.989065863750832053e+00
9.800000000000000000e+01 1.989097936413618539e+00
9.900000000000000000e+01 1.989130005458715544e+00
1.000000000000000000e+02 1.989162070884655575e+00
1.010000000000000000e+02 1.989194132689970473e+00
1.020000000000000000e+02 1.989226190873192301e+00
1.030000000000000000e+02 1.989258245432853345e+00
1.040000000000000000e+02 1.989290296367485444e+00
1.050000000000000000e+02 1.989322343675620663e+00
1.060000000000000000e+02 1.989354387355791287e+00
1.070000000000000000e+02 1.989386427406529156e+00
1.080000000000000000e+02 1.989418463826366335e+00
1.090000000000000000e+02 1.989450496613835329e+00
1.100000000000000000e+02 1.989482525767467758e+00
1.110000000000000000e+02 1.989514551285795907e+00
1.120000000000000000e+02 1.989546573167351617e+00
1.130000000000000000e+02 1.989578591410667396e+00
1.140000000000000000e+02 1.989610606014274863e+00
1.150000000000000000e+02 1.989642616976706524e+00
1.160000000000000000e+02 1.989674624296493999e+00
1.170000000000000000e+02 1.989706627972169795e+00
1.180000000000000000e+02 1.989738628002265752e+00
1.190000000000000000e+02 1.989770624385313935e+00
1.200000000000000000e+02 1.989802617119846406e+00
1.210000000000000000e+02 1.989834606204395451e+00
1.220000000000000000e+02 1.989866591637492910e+00
1.230000000000000000e+02 1.989898573417671068e+00
1.240000000000000000e+02 1.989930551543461767e+00
1.250000000000000000e+02 1.989962526013397293e+00
1.260000000000000000e+02 1.989994496826009485e+00
1.270000000000000000e+02 1.990026463979830851e+00
1.280000000000000000e+02 1.990058427473393010e+00
1.290000000000000000e+02 1.990090387305228248e+00
1.300000000000000000e+02 1.990122343473868405e+00
1.310000000000000000e+02 1.990154295977845988e+00
1.320000000000000000e+02 1.990186244815692840e+00
1.330000000000000000e+02 1.990218189985941022e+00
1.340000000000000000e+02 1.990250131487122598e+00
1.350000000000000000e+02 1.990282069317769853e+00
1.360000000000000000e+02 1.990314003476414406e+00
1.370000000000000000e+02 1.990345933961588765e+00
1.380000000000000000e+02 1.990377860771824992e+00
1.390000000000000000e+02 1.990409783905654706e+00
1.400000000000000000e+02 1.990441703361610637e+00
1.410000000000000000e+02 1.990473619138224404e+00
1.420000000000000000e+02 1.990505531234028069e+00
1.430000000000000000e+02 1.990537439647554141e+00
1.440000000000000000e+02 1.990569344377334238e+00
1.450000000000000000e+02 1.990601245421900645e+00
1.460000000000000000e+02 1.990633142779785425e+00
1.470000000000000000e+02 1.990665036449520642e+00
1.480000000000000000e+02 1.990696926429638136e+00
1.490000000000000000e+02 1.990728812718670415e+00
1.500000000000000000e+02 1.990760695315149320e+00
1.510000000000000000e+02 1.990792574217607136e+00
1.520000000000000000e+02 1.990824449424575482e+00
1.530000000000000000e+02 1.990856320934586865e+00
1.540000000000000000e+02 1.990888188746173126e+00
1.550000000000000000e+02 1.990920052857866551e+00
1.560000000000000000e+02 1.990951913268198981e+00
1.570000000000000000e+02 1.990983769975702700e+00
1.580000000000000000e+02 1.991015622978909549e+00
1.590000000000000000e+02 1.991047472276351815e+00
1.600000000000000000e+02 1.991079317866561560e+00
1.610000000000000000e+02 1.991111159748070847e+00
1.620000000000000000e+02 1.991142997919411739e+00
1.630000000000000000e+02 1.991174832379116078e+00
1.640000000000000000e+02 1.991206663125716370e+00
1.650000000000000000e+02 1.991238490157744234e+00
1.660000000000000000e+02 1.991270313473732179e+00
1.670000000000000000e+02 1.991302133072212044e+00
1.680000000000000000e+02 1.991333948951715893e+00
1.690000000000000000e+02 1.991365761110775789e+00
1.700000000000000000e+02 1.991397569547924018e+00
1.710000000000000000e+02 1.991429374261692420e+00
1.720000000000000000e+02 1.991461175250613280e+00
1.730000000000000000e+02 1.991492972513218440e+00
1.740000000000000000e+02 1.991524766048040185e+00
1.750000000000000000e+02 1.991556555853610577e+00
1.760000000000000000e+02 1.991588341928461459e+00
1.770000000000000000e+02 1.991620124271125114e+00
1.780000000000000000e+02 1.991651902880133607e+00
1.790000000000000000e+02 1.991683677754019000e+00
1.800000000000000000e+02 1.991715448891313134e+00
1.810000000000000000e+02 1.991747216290548517e+00
1.820000000000000000e+02 1.991778979950256989e+00
1.830000000000000000e+02 1.991810739868970614e+00
1.840000000000000000e+02 1.991842496045221678e+00
1.850000000000000000e+02 1.991874248477541798e+00
1.860000000000000000e+02 1.991905997164463482e+00
1.870000000000000000e+02 1.991937742104518794e+00
1.880000000000000000e+02 1.991969483296239574e+00
1.890000000000000000e+02 1.992001220738157885e+00
1.900000000000000000e+02 1.992032954428806013e+00
1.910000000000000000e+02 1.992064684366716021e+00
1.920000000000000000e+02 1.992096410550419749e+00
1.930000000000000000e+02 1.992128132978449484e+00
1.940000000000000000e+02 1.992159851649337288e+00
1.950000000000000000e+02 1.992191566561615224e+00
1.960000000000000000e+02 1.992223277713815355e+00
1.970000000000000000e+02 1.992254985104469522e+00
1.980000000000000000e+02 1.992286688732110234e+00
1.990000000000000000e+02 1.992318388595269329e+00
2.000000000000000000e+02 1.992350084692479095e+00
2.010000000000000000e+02 1.992381777022271150e+00
2.020000000000000000e+02 1.992413465583178001e+00
2.030000000000000000e+02 1.992445150373731488e+00
2.040000000000000000e+02 1.992476831392463898e+00
2.050000000000000000e+02 1.992508508637907072e+00
2.060000000000000000e+02 1.992540182108593294e+00
2.070000000000000000e+02 1.992571851803054406e+00
2.080000000000000000e+02 1.992603517719822692e+00
2.090000000000000000e+02 1.992635179857430217e+00
2.100000000000000000e+02 1.992666838214409042e+00
2.110000000000000000e+02 1.992698492789291009e+00
2.120000000000000000e+02 1.992730143580608626e+00
2.130000000000000000e+02 1.992761790586893511e+00
2.140000000000000000e+02 1.992793433806678172e+00
2.150000000000000000e+02 1.992825073238494227e+00
2.160000000000000000e+02 1.992856708880874184e+00
2.170000000000000000e+02 1.992888340732349883e+00
2.180000000000000000e+02 1.992919968791453611e+00
2.190000000000000000e+02 1.992951593056716986e+00
2.200000000000000000e+02 1.992983213526672515e+00
2.210000000000000000e+02 1.993014830199852261e+00
2.220000000000000000e+02 1.993046443074788066e+00
2.230000000000000000e+02 1.993078052150012214e+00
2.240000000000000000e+02 1.993109657424056769e+00
2.250000000000000000e+02 1.993141258895453571e+00
2.260000000000000000e+02 1.993172856562734907e+00
2.270000000000000000e+02 1.993204450424432839e+00
2.280000000000000000e+02 1.993236040479079207e+00
2.290000000000000000e+02 1.993267626725206521e+00
2.300000000000000000e+02 1.993299209161346619e+00
2.310000000000000000e+02 1.993330787786031566e+00
2.320000000000000000e+02 1.993362362597793425e+00
2.330000000000000000e+02 1.993393933595164258e+00
2.340000000000000000e+02 1.993425500776676351e+00
2.350000000000000000e+02 1.993457064140861545e+00
2.360000000000000000e+02 1.993488623686251904e+00
2.370000000000000000e+02 1.993520179411379711e+00
2.380000000000000000e+02 1.993551731314776809e+00
2.390000000000000000e+02 1.993583279394975483e+00
2.400000000000000000e+02 1.993614823650507573e+00
2.410000000000000000e+02 1.993646364079905586e+00
2.420000000000000000e+02 1.993677900681701143e+00
2.430000000000000000e+02 1.993709433454426527e+00
2.440000000000000000e+02 1.993740962396613581e+00
2.450000000000000000e+02 1.993772487506794810e+00
2.460000000000000000e+02 1.993804008783502058e+00
2.470000000000000000e+02 1.993835526225267385e+00
2.480000000000000000e+02 1.993867039830622634e+00
2.490000000000000000e+02 1.993898549598100534e+00
2.500000000000000000e+02 1.993930055526232481e+00
2.510000000000000000e+02 1.993961557613550983e+00
2.520000000000000000e+02 1.993993055858587882e+00
2.530000000000000000e+02 1.994024550259875239e+00
2.540000000000000000e+02 1.994056040815945563e+00
2.550000000000000000e+02 1.994087527525330250e+00
2.560000000000000000e+02 1.994119010386561808e+00
2.570000000000000000e+02 1.994150489398172299e+00
2.580000000000000000e+02 1.994181964558693787e+00
2.590000000000000000e+02 1.994213435866658335e+00
2.600000000000000000e+02 1.994244903320597784e+00
2.610000000000000000e+02 1.994276366919044419e+00
2.620000000000000000e+02 1.994307826660530525e+00
2.630000000000000000e+02 1.994339282543587721e+00
2.640000000000000000e+02 1.994370734566748515e+00
2.650000000000000000e+02 1.994402182728544526e+00
2.660000000000000000e+02 1.994433627027508260e+00
2.670000000000000000e+02 1.994465067462171559e+00
2.680000000000000000e+02 1.994496504031066708e+00
2.690000000000000000e+02 1.994527936732725548e+00
2.700000000000000000e+02 1.994559365565680364e+00
2.710000000000000000e+02 1.994590790528462998e+00
2.720000000000000000e+02 1.994622211619605512e+00
2.730000000000000000e+02 1.994653628837640413e+00
2.740000000000000000e+02 1.994685042181099321e+00
2.750000000000000000e+02 1.994716451648514521e+00
2.760000000000000000e+02 1.994747857238417854e+00
2.770000000000000000e+02 1.994779258949341827e+00
2.780000000000000000e+02 1.994810656779818281e+00
2.790000000000000000e+02 1.994842050728379057e+00
2.800000000000000000e+02 1.994873440793556663e+00
2.810000000000000000e+02 1.994904826973882939e+00
2.820000000000000000e+02 1.994936209267889948e+00
2.830000000000000000e+02 1.994967587674109755e+00
2.840000000000000000e+02 1.994998962191074643e+00
2.850000000000000000e+02 1.995030332817316454e+00
2.860000000000000000e+02 1.995061699551367473e+00
2.870000000000000000e+02 1.995093062391759542e+00
2.880000000000000000e+02 1.995124421337024945e+00
2.890000000000000000e+02 1.995155776385695523e+00
2.900000000000000000e+02 1.995187127536303562e+00
2.910000000000000000e+02 1.995218474787381124e+00
2.920000000000000000e+02 1.995249818137460274e+00
2.930000000000000000e+02 1.995281157585072851e+00
2.940000000000000000e+02 1.995312493128751363e+00
2.950000000000000000e+02 1.995343824767027430e+00
2.960000000000000000e+02 1.995375152498433557e+00
2.970000000000000000e+02 1.995406476321501588e+00
2.980000000000000000e+02 1.995437796234763583e+00
2.990000000000000000e+02 1.995469112236751608e+00
3.000000000000000000e+02 1.995500424325997946e+00
3.010000000000000000e+02 1.995531732501034217e+00
3.020000000000000000e+02 1.995563036760393150e+00
3.030000000000000000e+02 1.995594337102606364e+00
3.040000000000000000e+02 1.995625633526205922e+00
3.050000000000000000e+02 1.995656926029724110e+00
3.060000000000000000e+02 1.995688214611692990e+00
3.070000000000000000e+02 1.995719499270644626e+00
3.080000000000000000e+02 1.995750780005110858e+00
3.090000000000000000e+02 1.995782056813623973e+00
3.100000000000000000e+02 1.995813329694716032e+00
3.110000000000000000e+02 1.995844598646919099e+00
3.120000000000000000e+02 1.995875863668765460e+00
3.130000000000000000e+02 1.995907124758786733e+00
3.140000000000000000e+02 1.995938381915515203e+00
3.150000000000000000e+02 1.995969635137483156e+00
3.160000000000000000e+02 1.996000884423222432e+00
3.170000000000000000e+02 1.996032129771265318e+00
3.180000000000000000e+02 1.996063371180143431e+00
3.190000000000000000e+02 1.996094608648389501e+00
3.200000000000000000e+02 1.996125842174534926e+00
3.210000000000000000e+02 1.996157071757112433e+00
3.220000000000000000e+02 1.996188297394653643e+00
3.230000000000000000e+02 1.996219519085690841e+00
3.240000000000000000e+02 1.996250736828756089e+00
3.250000000000000000e+02 1.996281950622381229e+00
3.260000000000000000e+02 1.996313160465098546e+00
3.270000000000000000e+02 1.996344366355440325e+00
3.280000000000000000e+02 1.996375568291938185e+00
3.290000000000000000e+02 1.996406766273124633e+00
3.300000000000000000e+02 1.996437960297531289e+00
3.310000000000000000e+02 1.996469150363690659e+00
3.320000000000000000e+02 1.996500336470134584e+00
3.330000000000000000e+02 1.996531518615395351e+00
3.340000000000000000e+02 1.996562696798004799e+00
3.350000000000000000e+02 1.996593871016494992e+00
3.360000000000000000e+02 1.996625041269398215e+00
3.370000000000000000e+02 1.996656207555246532e+00
3.380000000000000000e+02 1.996687369872571782e+00
3.390000000000000000e+02 1.996718528219906252e+00
3.400000000000000000e+02 1.996749682595781783e+00
3.410000000000000000e+02 1.996780832998730881e+00
3.420000000000000000e+02 1.996811979427285166e+00
3.430000000000000000e+02 1.996843121879976923e+00
3.440000000000000000e+02 1.996874260355338437e+00
3.450000000000000000e+02 1.996905394851901328e+00
3.460000000000000000e+02 1.996936525368198101e+00
3.470000000000000000e+02 1.996967651902760377e+00
3.480000000000000000e+02 1.996998774454120662e+00
3.490000000000000000e+02 1.997029893020810798e+00
3.500000000000000000e+02 1.997061007601363070e+00
3.510000000000000000e+02 1.997092118194309318e+00
3.520000000000000000e+02 1.997123224798181829e+00
3.530000000000000000e+02 1.997154327411512442e+00
3.540000000000000000e+02 1.997185426032833444e+00
3.550000000000000000e+02 1.997216520660676675e+00
3.560000000000000000e+02 1.997247611293574643e+00
3.570000000000000000e+02 1.997278697930058966e+00
3.580000000000000000e+02 1.997309780568661930e+00
3.590000000000000000e+02 1.997340859207915598e+00
3.600000000000000000e+02 1.997371933846351810e+00
3.610000000000000000e+02 1.997403004482503075e+00
3.620000000000000000e+02 1.997434071114901233e+00
3.630000000000000000e+02 1.997465133742078569e+00
3.640000000000000000e+02 1.997496192362566703e+00
3.650000000000000000e+02 1.997527246974898141e+00
3.660000000000000000e+02 1.997558297577604725e+00
3.670000000000000000e+02 1.997589344169218517e+00
3.680000000000000000e+02 1.997620386748271804e+00
3.690000000000000000e+02 1.997651425313296647e+00
3.700000000000000000e+02 1.997682459862824889e+00
3.710000000000000000e+02 1.997713490395388813e+00
3.720000000000000000e+02 1.997744516909520263e+00
3.730000000000000000e+02 1.997775539403751743e+00
3.740000000000000000e+02 1.997806557876614875e+00
3.750000000000000000e+02 1.997837572326641942e+00
3.760000000000000000e+02 1.997868582752365008e+00
3.770000000000000000e+02 1.997899589152316135e+00
3.780000000000000000e+02 1.997930591525027388e+00
3.790000000000000000e+02 1.997961589869031052e+00
3.800000000000000000e+02 1.997992584182858744e+00
3.810000000000000000e+02 1.998023574465042973e+00
3.820000000000000000e+02 1.998054560714115580e+00
3.830000000000000000e+02 1.998085542928608849e+00
3.840000000000000000e+02 1.998116521107054622e+00
3.850000000000000000e+02 1.998147495247985184e+00
3.860000000000000000e+02 1.998178465349932376e+00
3.870000000000000000e+02 1.998209431411428483e+00
3.880000000000000000e+02 1.998240393431005346e+00
3.890000000000000000e+02 1.998271351407195473e+00
3.900000000000000000e+02 1.998302305338530482e+00
3.910000000000000000e+02 1.998333255223542659e+00
3.920000000000000000e+02 1.998364201060764067e+00
3.930000000000000000e+02 1.998395142848726769e+00
3.940000000000000000e+02 1.998426080585962827e+00
3.950000000000000000e+02 1.998457014271004306e+00
3.960000000000000000e+02 1.998487943902383268e+00
3.970000000000000000e+02 1.998518869478631999e+00
3.980000000000000000e+02 1.998549790998282338e+00
3.990000000000000000e+02 1.998580708459866351e+00
4.000000000000000000e+02 1.998611621861916321e+00
4.010000000000000000e+02 1.998642531202964090e+00
4.020000000000000000e+02 1.998673436481541943e+00
4.030000000000000000e+02 1.998704337696181943e+00
4.040000000000000000e+02 1.998735234845415931e+00
4.050000000000000000e+02 1.998766127927776193e+00
4.060000000000000000e+02 1.998797016941794569e+00
4.070000000000000000e+02 1.998827901886003566e+00
4.080000000000000000e+02 1.998858782758934804e+00
4.090000000000000000e+02 1.998889659559120791e+00
4.100000000000000000e+02 1.998920532285093143e+00
4.110000000000000000e+02 1.998951400935384370e+00
4.120000000000000000e+02 1.998982265508526313e+00
4.130000000000000000e+02 1.999013126003051033e+00
4.140000000000000000e+02 1.999043982417490595e+00
4.150000000000000000e+02 1.999074834750377283e+00
4.160000000000000000e+02 1.999105683000242939e+00
4.170000000000000000e+02 1.999136527165619848e+00
4.180000000000000000e+02 1.999167367245039850e+00
4.190000000000000000e+02 1.999198203237035232e+00
4.200000000000000000e+02 1.999229035140137833e+00
4.210000000000000000e+02 1.999259862952880162e+00
4.220000000000000000e+02 1.999290686673793838e+00
4.230000000000000000e+02 1.999321506301410922e+00
4.240000000000000000e+02 1.999352321834263924e+00
4.250000000000000000e+02 1.999383133270884683e+00
4.260000000000000000e+02 1.999413940609805262e+00
4.270000000000000000e+02 1.999444743849557504e+00
4.280000000000000000e+02 1.999475542988673915e+00
4.290000000000000000e+02 1.999506338025686558e+00
4.300000000000000000e+02 1.999537128959127052e+00
4.310000000000000000e+02 1.999567915787527905e+00
4.320000000000000000e+02 1.999598698509420958e+00
4.330000000000000000e+02 1.999629477123338495e+00
4.340000000000000000e+02 1.999660251627812357e+00
4.350000000000000000e+02 1.999691022021374831e+00
4.360000000000000000e+02 1.999721788302557757e+00
4.370000000000000000e+02 1.999752550469893420e+00
4.380000000000000000e+02 1.999783308521913883e+00
4.390000000000000000e+02 1.999814062457151209e+00
4.400000000000000000e+02 1.999844812274137240e+00
4.410000000000000000e+02 1.999875557971404483e+00
4.420000000000000000e+02 1.999906299547484778e+00
4.430000000000000000e+02 1.999937037000909967e+00
4.440000000000000000e+02 1.999967770330212558e+00
4.450000000000000000e+02 1.999998499533924390e+00
4.460000000000000000e+02 2.000029224610577749e+00
4.470000000000000000e+02 2.000059945558704033e+00
4.480000000000000000e+02 2.000090662376836192e+00
4.490000000000000000e+02 2.000121375063506068e+00
4.500000000000000000e+02 2.000152083617245502e+00
4.510000000000000000e+02 2.000182788036586778e+00
4.520000000000000000e+02 2.000213488320061739e+00
4.530000000000000000e+02 2.000244184466202668e+00
4.540000000000000000e+02 2.000274876473541408e+00
4.550000000000000000e+02 2.000305564340610243e+00
4.560000000000000000e+02 2.000336248065941014e+00
4.570000000000000000e+02 2.000366927648066451e+00
4.580000000000000000e+02 2.000397603085517950e+00
4.590000000000000000e+02 2.000428274376827797e+00
4.600000000000000000e+02 2.000458941520528278e+00
4.610000000000000000e+02 2.000489604515150788e+00
4.620000000000000000e+02 2.000520263359228501e+00
4.630000000000000000e+02 2.000550918051292371e+00
4.640000000000000000e+02 2.000581568589875125e+00
4.650000000000000000e+02 2.000612214973509051e+00
4.660000000000000000e+02 2.000642857200725544e+00
4.670000000000000000e+02 2.000673495270056890e+00
4.680000000000000000e+02 2.000704129180035373e+00
4.690000000000000000e+02 2.000734758929193280e+00
4.700000000000000000e+02 2.000765384516062007e+00
4.710000000000000000e+02 2.000796005939174282e+00
4.720000000000000000e+02 2.000826623197061949e+00
4.730000000000000000e+02 2.000857236288256846e+00
4.740000000000000000e+02 2.000887845211291260e+00
4.750000000000000000e+02 2.000918449964697476e+00
4.760000000000000000e+02 2.000949050547006891e+00
4.770000000000000000e+02 2.000979646956752678e+00
4.780000000000000000e+02 2.001010239192465789e+00
4.790000000000000000e+02 2.001040827252678955e+00
4.800000000000000000e+02 2.001071411135924016e+00
4.810000000000000000e+02 2.001101990840733258e+00
4.820000000000000000e+02 2.001132566365638521e+00
4.830000000000000000e+02 2.001163137709172091e+00
4.840000000000000000e+02 2.001193704869865808e+00
4.850000000000000000e+02 2.001224267846251959e+00
4.860000000000000000e+02 2.001254826636862383e+00
4.870000000000000000e+02 2.001285381240229810e+00
4.880000000000000000e+02 2.001315931654885194e+00
4.890000000000000000e+02 2.001346477879361707e+00
4.900000000000000000e+02 2.001377019912190747e+00
4.910000000000000000e+02 2.001407557751904598e+00
4.920000000000000000e+02 2.001438091397035102e+00
4.930000000000000000e+02 2.001468620846114987e+00
4.940000000000000000e+02 2.001499146097675652e+00
4.950000000000000000e+02 2.001529667150249825e+00
4.960000000000000000e+02 2.001560184002368903e+00
4.970000000000000000e+02 2.001590696652565171e+00
4.980000000000000000e+02 2.001621205099370915e+00
4.990000000000000000e+02 2.001651709341317975e+00
5.000000000000000000e+02 2.001682209376938637e+00
5.010000000000000000e+02 2.001712705204764742e+00
5.020000000000000000e+02 2.001743196823328574e+00
5.030000000000000000e+02 2.001773684231162420e+00
5.040000000000000000e+02 2.001804167426797676e+00
5.050000000000000000e+02 2.001834646408767071e+00
5.060000000000000000e+02 2.001865121175602447e+00
5.070000000000000000e+02 2.001895591725835644e+00
5.080000000000000000e+02 2.001926058057998947e+00
5.090000000000000000e+02 2.001956520170624643e+00
5.100000000000000000e+02 2.001986978062244571e+00
5.110000000000000000e+02 2.002017431731391017e+00
5.120000000000000000e+02 2.002047881176595823e+00
5.130000000000000000e+02 2.002078326396390828e+00
5.140000000000000000e+02 2.002108767389308763e+00
5.150000000000000000e+02 2.002139204153881025e+00
5.160000000000000000e+02 2.002169636688639898e+00
5.170000000000000000e+02 2.002200064992118111e+00
5.180000000000000000e+02 2.002230489062847063e+00
5.190000000000000000e+02 2.002260908899358594e+00
5.200000000000000000e+02 2.002291324500185432e+00
5.210000000000000000e+02 2.002321735863859420e+00
5.220000000000000000e+02 2.002352142988912398e+00
5.230000000000000000e+02 2.002382545873877095e+00
5.240000000000000000e+02 2.002412944517284910e+00
5.250000000000000000e+02 2.002443338917668125e+00
5.260000000000000000e+02 2.002473729073558584e+00
5.270000000000000000e+02 2.002504114983489014e+00
5.280000000000000000e+02 2.002534496645990814e+00
5.290000000000000000e+02 2.002564874059596267e+00
5.300000000000000000e+02 2.002595247222837660e+00
5.310000000000000000e+02 2.002625616134247277e+00
5.320000000000000000e+02 2.002655980792356516e+00
5.330000000000000000e+02 2.002686341195697661e+00
5.340000000000000000e+02 2.002716697342802998e+00
5.350000000000000000e+02 2.002747049232204812e+00
5.360000000000000000e+02 2.002777396862434500e+00
5.370000000000000000e+02 2.002807740232024791e+00
5.380000000000000000e+02 2.002838079339507527e+00
5.390000000000000000e+02 2.002868414183414547e+00
5.400000000000000000e+02 2.002898744762278582e+00
5.410000000000000000e+02 2.002929071074630585e+00
5.420000000000000000e+02 2.002959393119003728e+00
5.430000000000000000e+02 2.002989710893929853e+00
5.440000000000000000e+02 2.003020024397940357e+00
5.450000000000000000e+02 2.003050333629567969e+00
5.460000000000000000e+02 2.003080638587344975e+00
5.470000000000000000e+02 2.003110939269802770e+00
5.480000000000000000e+02 2.003141235675473641e+00
5.490000000000000000e+02 2.003171527802890317e+00
5.500000000000000000e+02 2.003201815650583750e+00
5.510000000000000000e+02 2.003232099217086670e+00
5.520000000000000000e+02 2.003262378500931362e+00
5.530000000000000000e+02 2.003292653500649667e+00
5.540000000000000000e+02 2.003322924214773426e+00
5.550000000000000000e+02 2.003353190641834924e+00
5.560000000000000000e+02 2.003383452780366003e+00
5.570000000000000000e+02 2.003413710628899391e+00
5.580000000000000000e+02 2.003443964185966486e+00
5.590000000000000000e+02 2.003474213450099572e+00
5.600000000000000000e+02 2.003504458419830936e+00
5.610000000000000000e+02 2.003534699093692417e+00
5.620000000000000000e+02 2.003564935470215858e+00
5.630000000000000000e+02 2.003595167547933986e+00
5.640000000000000000e+02 2.003625395325378644e+00
5.650000000000000000e+02 2.003655618801081228e+00
5.660000000000000000e+02 2.003685837973574912e+00
5.670000000000000000e+02 2.003716052841391093e+00
5.680000000000000000e+02 2.003746263403062056e+00
5.690000000000000000e+02 2.003776469657119641e+00
5.700000000000000000e+02 2.003806671602096134e+00
5.710000000000000000e+02 2.003836869236523821e+00
5.720000000000000000e+02 2.003867062558934098e+00
5.730000000000000000e+02 2.003897251567859694e+00
5.740000000000000000e+02 2.003927436261832451e+00
5.750000000000000000e+02 2.003957616639384653e+00
5.760000000000000000e+02 2.003987792699048143e+00
5.770000000000000000e+02 2.004017964439354760e+00
5.780000000000000000e+02 2.004048131858837234e+00
5.790000000000000000e+02 2.004078294956026962e+00
5.800000000000000000e+02 2.004108453729456674e+00
5.810000000000000000e+02 2.004138608177657765e+00
5.820000000000000000e+02 2.004168758299162523e+00
5.830000000000000000e+02 2.004198904092503675e+00
5.840000000000000000e+02 2.004229045556212618e+00
5.850000000000000000e+02 2.004259182688821195e+00
5.860000000000000000e+02 2.004289315488862133e+00
5.870000000000000000e+02 2.004319443954867275e+00
5.880000000000000000e+02 2.004349568085368904e+00
5.890000000000000000e+02 2.004379687878898419e+00
5.900000000000000000e+02 2.004409803333988549e+00
5.910000000000000000e+02 2.004439914449171134e+00
5.920000000000000000e+02 2.004470021222978460e+00
5.930000000000000000e+02 2.004500123653941923e+00
5.940000000000000000e+02 2.004530221740594698e+00
5.950000000000000000e+02 2.004560315481467736e+00
5.960000000000000000e+02 2.004590404875094212e+00
5.970000000000000000e+02 2.004620489920005078e+00
5.980000000000000000e+02 2.004650570614733507e+00
5.990000000000000000e+02 2.004680646957810453e+00
6.000000000000000000e+02 2.004710718947769088e+00
6.010000000000000000e+02 2.004740786583140810e+00
6.020000000000000000e+02 2.004770849862457460e+00
6.030000000000000000e+02 2.004800908784252211e+00
6.040000000000000000e+02 2.004830963347056016e+00
6.050000000000000000e+02 2.004861013549401161e+00
6.060000000000000000e+02 2.004891059389820374e+00
6.070000000000000000e+02 2.004921100866845052e+00
6.080000000000000000e+02 2.004951137979007925e+00
6.090000000000000000e+02 2.004981170724840389e+00
6.100000000000000000e+02 2.005011199102874730e+00
6.110000000000000000e+02 2.005041223111642790e+00
6.120000000000000000e+02 2.005071242749677296e+00
6.130000000000000000e+02 2.005101258015510091e+00
6.140000000000000000e+02 2.005131268907673014e+00
6.150000000000000000e+02 2.005161275424698353e+00
6.160000000000000000e+02 2.005191277565117947e+00
6.170000000000000000e+02 2.005221275327464081e+00
6.180000000000000000e+02 2.005251268710268597e+00
6.190000000000000000e+02 2.005281257712064225e+00
6.200000000000000000e+02 2.005311242331381916e+00
6.210000000000000000e+02 2.005341222566754844e+00
6.220000000000000000e+02 2.005371198416714407e+00
6.230000000000000000e+02 2.005401169879792889e+00
6.240000000000000000e+02 2.005431136954522575e+00
6.250000000000000000e+02 2.005461099639435307e+00
6.260000000000000000e+02 2.005491057933063370e+00
6.270000000000000000e+02 2.005521011833938161e+00
6.280000000000000000e+02 2.005550961340592853e+00
6.290000000000000000e+02 2.005580906451558842e+00
6.300000000000000000e+02 2.005610847165367971e+00
6.310000000000000000e+02 2.005640783480552969e+00
6.320000000000000000e+02 2.005670715395645232e+00
6.330000000000000000e+02 2.005700642909177489e+00
6.340000000000000000e+02 2.005730566019681582e+00
6.350000000000000000e+02 2.005760484725689352e+00
6.360000000000000000e+02 2.005790399025733084e+00
6.370000000000000000e+02 2.005820308918345063e+00
6.380000000000000000e+02 2.005850214402056686e+00
6.390000000000000000e+02 2.005880115475400682e+00
6.400000000000000000e+02 2.005910012136909337e+00
6.410000000000000000e+02 2.005939904385113604e+00
6.420000000000000000e+02 2.005969792218546655e+00
6.430000000000000000e+02 2.005999675635740331e+00
6.440000000000000000e+02 2.006029554635226475e+00
6.450000000000000000e+02 2.006059429215536927e+00
6.460000000000000000e+02 2.006089299375204416e+00
6.470000000000000000e+02 2.006119165112760339e+00
6.480000000000000000e+02 2.006149026426737425e+00
6.490000000000000000e+02 2.006178883315667516e+00
6.500000000000000000e+02 2.006208735778082453e+00
6.510000000000000000e+02 2.006238583812514520e+00
6.520000000000000000e+02 2.006268427417495559e+00
6.530000000000000000e+02 2.006298266591557855e+00
6.540000000000000000e+02 2.006328101333233693e+00
6.550000000000000000e+02 2.006357931641054915e+00
6.560000000000000000e+02 2.006387757513553360e+00
6.570000000000000000e+02 2.006417578949261760e+00
6.580000000000000000e+02 2.006447395946711509e+00
6.590000000000000000e+02 2.006477208504434895e+00
6.600000000000000000e+02 2.006507016620964201e+00
6.610000000000000000e+02 2.006536820294831269e+00
6.620000000000000000e+02 2.006566619524568384e+00
6.630000000000000000e+02 2.006596414308707388e+00
6.640000000000000000e+02 2.006626204645780565e+00
6.650000000000000000e+02 2.006655990534319756e+00
6.660000000000000000e+02 2.006685771972857246e+00
6.670000000000000000e+02 2.006715548959924877e+00
6.680000000000000000e+02 2.006745321494055379e+00
6.690000000000000000e+02 2.006775089573780146e+00
6.700000000000000000e+02 2.006804853197631022e+00
6.710000000000000000e+02 2.006834612364141179e+00
6.720000000000000000e+02 2.006864367071841571e+00
6.730000000000000000e+02 2.006894117319264925e+00
6.740000000000000000e+02 2.006923863104943084e+00
6.750000000000000000e+02 2.006953604427408333e+00
6.760000000000000000e+02 2.006983341285192513e+00
6.770000000000000000e+02 2.007013073676827464e+00
6.780000000000000000e+02 2.007042801600845916e+00
6.790000000000000000e+02 2.007072525055779266e+00
6.800000000000000000e+02 2.007102244040160244e+00
6.810000000000000000e+02 2.007131958552520690e+00
6.820000000000000000e+02 2.007161668591392445e+00
6.830000000000000000e+02 2.007191374155307795e+00
6.840000000000000000e+02 2.007221075242798580e+00
6.850000000000000000e+02 2.007250771852397087e+00
6.860000000000000000e+02 2.007280463982635599e+00
6.870000000000000000e+02 2.007310151632045958e+00
6.880000000000000000e+02 2.007339834799160005e+00
6.890000000000000000e+02 2.007369513482510026e+00
6.900000000000000000e+02 2.007399187680628305e+00
6.910000000000000000e+02 2.007428857392046684e+00
6.920000000000000000e+02 2.007458522615297447e+00
6.930000000000000000e+02 2.007488183348911992e+00
6.940000000000000000e+02 2.007517839591423492e+00
6.950000000000000000e+02 2.007547491341363344e+00
6.960000000000000000e+02 2.007577138597263389e+00
6.970000000000000000e+02 2.007606781357656356e+00
6.980000000000000000e+02 2.007636419621074086e+00
6.990000000000000000e+02 2.007666053386048421e+00
7.000000000000000000e+02 2.007695682651111646e+00
7.010000000000000000e+02 2.007725307414795601e+00
7.020000000000000000e+02 2.007754927675633017e+00
7.030000000000000000e+02 2.007784543432155289e+00
7.040000000000000000e+02 2.007814154682894703e+00
7.050000000000000000e+02 2.007843761426383100e+00
7.060000000000000000e+02 2.007873363661153210e+00
7.070000000000000000e+02 2.007902961385736429e+00
7.080000000000000000e+02 2.007932554598665043e+00
7.090000000000000000e+02 2.007962143298471336e+00
7.100000000000000000e+02 2.007991727483687150e+00
7.110000000000000000e+02 2.008021307152844770e+00
7.120000000000000000e+02 2.008050882304476037e+00
7.130000000000000000e+02 2.008080452937113236e+00
7.140000000000000000e+02 2.008110019049288653e+00
7.150000000000000000e+02 2.008139580639533683e+00
7.160000000000000000e+02 2.008169137706380614e+00
7.170000000000000000e+02 2.008198690248362173e+00
7.180000000000000000e+02 2.008228238264009757e+00
7.190000000000000000e+02 2.008257781751855209e+00
7.200000000000000000e+02 2.008287320710431700e+00
7.210000000000000000e+02 2.008316855138270185e+00
7.220000000000000000e+02 2.008346385033903392e+00
7.230000000000000000e+02 2.008375910395863162e+00
7.240000000000000000e+02 2.008405431222681781e+00
7.250000000000000000e+02 2.008434947512891089e+00
7.260000000000000000e+02 2.008464459265023372e+00
7.270000000000000000e+02 2.008493966477610471e+00
7.280000000000000000e+02 2.008523469149184226e+00
7.290000000000000000e+02 2.008552967278277368e+00
7.300000000000000000e+02 2.008582460863421737e+00
7.310000000000000000e+02 2.008611949903149174e+00
7.320000000000000000e+02 2.008641434395991965e+00
7.330000000000000000e+02 2.008670914340481950e+00
7.340000000000000000e+02 2.008700389735151415e+00
7.350000000000000000e+02 2.008729860578532644e+00
7.360000000000000000e+02 2.008759326869157480e+00
7.370000000000000000e+02 2.008788788605557762e+00
7.380000000000000000e+02 2.008818245786265777e+00
7.390000000000000000e+02 2.008847698409813809e+00
7.400000000000000000e+02 2.008877146474733699e+00
7.410000000000000000e+02 2.008906589979557733e+00
7.420000000000000000e+02 2.008936028922817751e+00
7.430000000000000000e+02 2.008965463303046040e+00
7.440000000000000000e+02 2.008994893118774439e+00
7.450000000000000000e+02 2.009024318368534789e+00
7.460000000000000000e+02 2.009053739050859821e+00
7.470000000000000000e+02 2.009083155164281376e+00
7.480000000000000000e+02 2.009112566707331293e+00
7.490000000000000000e+02 2.009141973678541859e+00
7.500000000000000000e+02 2.009171376076445359e+00
7.510000000000000000e+02 2.009200773899573189e+00
7.520000000000000000e+02 2.009230167146458079e+00
7.530000000000000000e+02 2.009259555815631870e+00
7.540000000000000000e+02 2.009288939905626403e+00
7.550000000000000000e+02 2.009318319414974408e+00
7.560000000000000000e+02 2.009347694342207280e+00
7.570000000000000000e+02 2.009377064685857306e+00
7.580000000000000000e+02 2.009406430444456770e+00
7.590000000000000000e+02 2.009435791616537959e+00
7.600000000000000000e+02 2.009465148200632267e+00
7.610000000000000000e+02 2.009494500195271982e+00
7.620000000000000000e+02 2.009523847598989388e+00
7.630000000000000000e+02 2.009553190410316326e+00
7.640000000000000000e+02 2.009582528627785081e+00
7.650000000000000000e+02 2.009611862249927938e+00
7.660000000000000000e+02 2.009641191275276295e+00
7.670000000000000000e+02 2.009670515702362881e+00
7.680000000000000000e+02 2.009699835529719536e+00
7.690000000000000000e+02 2.009729150755878546e+00
7.700000000000000000e+02 2.009758461379371308e+00
7.710000000000000000e+02 2.009787767398730551e+00
7.720000000000000000e+02 2.009817068812488561e+00
7.730000000000000000e+02 2.009846365619176289e+00
7.740000000000000000e+02 2.009875657817326911e+00
7.750000000000000000e+02 2.009904945405472265e+00
7.760000000000000000e+02 2.009934228382144195e+00
7.770000000000000000e+02 2.009963506745874540e+00
7.780000000000000000e+02 2.009992780495196030e+00
7.790000000000000000e+02 2.010022049628640506e+00
7.800000000000000000e+02 2.010051314144739809e+00
7.810000000000000000e+02 2.010080574042026225e+00
7.820000000000000000e+02 2.010109829319031594e+00
7.830000000000000000e+02 2.010139079974288645e+00
7.840000000000000000e+02 2.010168326006328776e+00
7.850000000000000000e+02 2.010197567413683828e+00
7.860000000000000000e+02 2.010226804194886974e+00
7.870000000000000000e+02 2.010256036348469166e+00
7.880000000000000000e+02 2.010285263872963135e+00
7.890000000000000000e+02 2.010314486766900721e+00
7.900000000000000000e+02 2.010343705028814210e+00
7.910000000000000000e+02 2.010372918657235441e+00
7.920000000000000000e+02 2.010402127650696258e+00
7.930000000000000000e+02 2.010431332007729388e+00
7.940000000000000000e+02 2.010460531726866673e+00
7.950000000000000000e+02 2.010489726806639954e+00
7.960000000000000000e+02 2.010518917245581516e+00
7.970000000000000000e+02 2.010548103042223200e+00
7.980000000000000000e+02 2.010577284195097292e+00
7.990000000000000000e+02 2.010606460702735632e+00
8.000000000000000000e+02 2.010635632563670949e+00
8.010000000000000000e+02 2.010664799776434641e+00
8.020000000000000000e+02 2.010693962339558993e+00
8.030000000000000000e+02 2.010723120251575846e+00
8.040000000000000000e+02 2.010752273511017929e+00
8.050000000000000000e+02 2.010781422116416639e+00
8.060000000000000000e+02 2.010810566066304261e+00
8.070000000000000000e+02 2.010839705359213081e+00
8.080000000000000000e+02 2.010868839993674939e+00
8.090000000000000000e+02 2.010897969968222121e+00
8.100000000000000000e+02 2.010927095281386912e+00
8.110000000000000000e+02 2.010956215931700708e+00
8.120000000000000000e+02 2.010985331917695795e+00
8.130000000000000000e+02 2.011014443237904459e+00
8.140000000000000000e+02 2.011043549890858984e+00
8.150000000000000000e+02 2.011072651875090767e+00
8.160000000000000000e+02 2.011101749189132537e+00
8.170000000000000000e+02 2.011130841831516136e+00
8.180000000000000000e+02 2.011159929800773849e+00
8.190000000000000000e+02 2.011189013095437073e+00
8.200000000000000000e+02 2.011218091714038536e+00
8.210000000000000000e+02 2.011247165655110081e+00
8.220000000000000000e+02 2.011276234917183992e+00
8.230000000000000000e+02 2.011305299498792110e+00
8.240000000000000000e+02 2.011334359398466720e+00
8.250000000000000000e+02 2.011363414614739664e+00
8.260000000000000000e+02 2.011392465146142783e+00
8.270000000000000000e+02 2.011421510991208805e+00
8.280000000000000000e+02 2.011450552148469573e+00
8.290000000000000000e+02 2.011479588616456926e+00
8.300000000000000000e+02 2.011508620393703151e+00
8.310000000000000000e+02 2.011537647478740087e+00
8.320000000000000000e+02 2.011566669870100021e+00
8.330000000000000000e+02 2.011595687566315238e+00
8.340000000000000000e+02 2.011624700565917578e+00
8.350000000000000000e+02 2.011653708867438883e+00
8.360000000000000000e+02 2.011682712469411882e+00
8.370000000000000000e+02 2.011711711370367972e+00
8.380000000000000000e+02 2.011740705568839438e+00
8.390000000000000000e+02 2.011769695063358121e+00
8.400000000000000000e+02 2.011798679852456750e+00
8.410000000000000000e+02 2.011827659934667167e+00
8.420000000000000000e+02 2.011856635308521213e+00
8.430000000000000000e+02 2.011885605972550728e+00
8.440000000000000000e+02 2.011914571925288442e+00
8.450000000000000000e+02 2.011943533165266196e+00
8.460000000000000000e+02 2.011972489691015831e+00
8.470000000000000000e+02 2.012001441501069632e+00
8.480000000000000000e+02 2.012030388593959884e+00
8.490000000000000000e+02 2.012059330968217985e+00
8.500000000000000000e+02 2.012088268622376663e+00
8.510000000000000000e+02 2.012117201554967760e+00
8.520000000000000000e+02 2.012146129764523117e+00
8.530000000000000000e+02 2.012175053249575463e+00
8.540000000000000000e+02 2.012203972008656194e+00
8.550000000000000000e+02 2.012232886040297597e+00
8.560000000000000000e+02 2.012261795343031956e+00
8.570000000000000000e+02 2.012290699915391556e+00
8.580000000000000000e+02 2.012319599755907795e+00
8.590000000000000000e+02 2.012348494863112958e+00
8.600000000000000000e+02 2.012377385235539329e+00
8.610000000000000000e+02 2.012406270871718750e+00
8.620000000000000000e+02 2.012435151770183506e+00
8.630000000000000000e+02 2.012464027929465882e+00
8.640000000000000000e+02 2.012492899348097275e+00
8.650000000000000000e+02 2.012521766024610415e+00
8.660000000000000000e+02 2.012550627957537142e+00
8.670000000000000000e+02 2.012579485145409297e+00
8.680000000000000000e+02 2.012608337586759610e+00
8.690000000000000000e+02 2.012637185280119478e+00
8.700000000000000000e+02 2.012666028224021186e+00
8.710000000000000000e+02 2.012694866416997019e+00
8.720000000000000000e+02 2.012723699857578818e+00
8.730000000000000000e+02 2.012752528544298425e+00
8.740000000000000000e+02 2.012781352475688568e+00
8.750000000000000000e+02 2.012810171650281088e+00
8.760000000000000000e+02 2.012838986066607383e+00
8.770000000000000000e+02 2.012867795723200626e+00
8.780000000000000000e+02 2.012896600618592213e+00
8.790000000000000000e+02 2.012925400751314431e+00
8.800000000000000000e+02 2.012954196119899120e+00
8.810000000000000000e+02 2.012982986722879009e+00
8.820000000000000000e+02 2.013011772558785051e+00
8.830000000000000000e+02 2.013040553626150420e+00
8.840000000000000000e+02 2.013069329923506512e+00
8.850000000000000000e+02 2.013098101449385613e+00
8.860000000000000000e+02 2.013126868202320008e+00
8.870000000000000000e+02 2.013155630180841538e+00
8.880000000000000000e+02 2.013184387383482488e+00
8.890000000000000000e+02 2.013213139808774699e+00
8.900000000000000000e+02 2.013241887455250012e+00
8.910000000000000000e+02 2.013270630321441157e+00
8.920000000000000000e+02 2.013299368405879974e+00
8.930000000000000000e+02 2.013328101707098305e+00
8.940000000000000000e+02 2.013356830223627991e+00
8.950000000000000000e+02 2.013385553954001761e+00
8.960000000000000000e+02 2.013414272896751456e+00
8.970000000000000000e+02 2.013442987050409361e+00
8.980000000000000000e+02 2.013471696413506873e+00
8.990000000000000000e+02 2.013500400984576721e+00
9.000000000000000000e+02 2.013529100762150748e+00
9.010000000000000000e+02 2.013557795744760792e+00
9.020000000000000000e+02 2.013586485930939585e+00
9.030000000000000000e+02 2.013615171319218522e+00
9.040000000000000000e+02 2.013643851908129889e+00
9.050000000000000000e+02 2.013672527696205972e+00
9.060000000000000000e+02 2.013701198681978610e+00
9.070000000000000000e+02 2.013729864863980090e+00
9.080000000000000000e+02 2.013758526240742253e+00
9.090000000000000000e+02 2.013787182810797383e+00
9.100000000000000000e+02 2.013815834572677321e+00
9.110000000000000000e+02 2.013844481524914354e+00
9.120000000000000000e+02 2.013873123666040765e+00
9.130000000000000000e+02 2.013901760994587953e+00
9.140000000000000000e+02 2.013930393509088645e+00
9.150000000000000000e+02 2.013959021208074684e+00
9.160000000000000000e+02 2.013987644090077911e+00
9.170000000000000000e+02 2.014016262153631054e+00
9.180000000000000000e+02 2.014044875397265066e+00
9.190000000000000000e+02 2.014073483819513122e+00
9.200000000000000000e+02 2.014102087418907061e+00
9.210000000000000000e+02 2.014130686193978725e+00
9.220000000000000000e+02 2.014159280143259956e+00
9.230000000000000000e+02 2.014187869265283481e+00
9.240000000000000000e+02 2.014216453558581144e+00
9.250000000000000000e+02 2.014245033021684339e+00
9.260000000000000000e+02 2.014273607653126241e+00
9.270000000000000000e+02 2.014302177451438247e+00
9.280000000000000000e+02 2.014330742415152642e+00
9.290000000000000000e+02 2.014359302542801267e+00
9.300000000000000000e+02 2.014387857832916406e+00
9.310000000000000000e+02 2.014416408284030346e+00
9.320000000000000000e+02 2.014444953894674484e+00
9.330000000000000000e+02 2.014473494663381992e+00
9.340000000000000000e+02 2.014502030588683823e+00
9.350000000000000000e+02 2.014530561669112263e+00
9.360000000000000000e+02 2.014559087903200041e+00
9.370000000000000000e+02 2.014587609289478998e+00
9.380000000000000000e+02 2.014616125826480975e+00
9.390000000000000000e+02 2.014644637512737813e+00
9.400000000000000000e+02 2.014673144346782241e+00
9.410000000000000000e+02 2.014701646327145657e+00
9.420000000000000000e+02 2.014730143452360789e+00
9.430000000000000000e+02 2.014758635720959479e+00
9.440000000000000000e+02 2.014787123131473567e+00
9.450000000000000000e+02 2.014815605682435340e+00
9.460000000000000000e+02 2.014844083372376637e+00
9.470000000000000000e+02 2.014872556199829745e+00
9.480000000000000000e+02 2.014901024163326948e+00
9.490000000000000000e+02 2.014929487261400087e+00
9.500000000000000000e+02 2.014957945492581004e+00
9.510000000000000000e+02 2.014986398855401983e+00
9.520000000000000000e+02 2.015014847348395310e+00
9.530000000000000000e+02 2.015043290970092826e+00
9.540000000000000000e+02 2.015071729719026816e+00
9.550000000000000000e+02 2.015100163593729121e+00
9.560000000000000000e+02 2.015128592592732026e+00
9.570000000000000000e+02 2.015157016714567373e+00
9.580000000000000000e+02 2.015185435957767446e+00
9.590000000000000000e+02 2.015213850320864086e+00
9.600000000000000000e+02 2.015242259802389579e+00
9.610000000000000000e+02 2.015270664400875766e+00
9.620000000000000000e+02 2.015299064114854932e+00
9.630000000000000000e+02 2.015327458942859362e+00
9.640000000000000000e+02 2.015355848883420897e+00
9.650000000000000000e+02 2.015384233935071379e+00
9.660000000000000000e+02 2.015412614096343091e+00
9.670000000000000000e+02 2.015440989365768321e+00
9.680000000000000000e+02 2.015469359741878907e+00
9.690000000000000000e+02 2.015497725223207137e+00
9.700000000000000000e+02 2.015526085808284407e+00
9.710000000000000000e+02 2.015554441495643889e+00
9.720000000000000000e+02 2.015582792283816538e+00
9.730000000000000000e+02 2.015611138171335526e+00
9.740000000000000000e+02 2.015639479156731806e+00
9.750000000000000000e+02 2.015667815238538552e+00
9.760000000000000000e+02 2.015696146415287160e+00
9.770000000000000000e+02 2.015724472685509472e+00
9.780000000000000000e+02 2.015752794047738217e+00
9.790000000000000000e+02 2.015781110500505235e+00
9.800000000000000000e+02 2.015809422042342813e+00
9.810000000000000000e+02 2.015837728671782347e+00
9.820000000000000000e+02 2.015866030387356567e+00
9.830000000000000000e+02 2.015894327187597312e+00
9.840000000000000000e+02 2.015922619071036870e+00
9.850000000000000000e+02 2.015950906036207080e+00
9.860000000000000000e+02 2.015979188081639784e+00
9.870000000000000000e+02 2.016007465205867710e+00
9.880000000000000000e+02 2.016035737407422257e+00
9.890000000000000000e+02 2.016064004684836153e+00
9.900000000000000000e+02 2.016092267036640795e+00
9.910000000000000000e+02 2.016120524461368912e+00
9.920000000000000000e+02 2.016148776957551902e+00
9.930000000000000000e+02 2.016177024523722494e+00
9.940000000000000000e+02 2.016205267158412529e+00
9.950000000000000000e+02 2.016233504860153847e+00
9.960000000000000000e+02 2.016261737627478734e+00
9.970000000000000000e+02 2.016289965458919475e+00
9.980000000000000000e+02 2.016318188353007468e+00
9.990000000000000000e+02 2.016346406308275441e+00
1.000000000000000000e+03 2.016374619323255679e+00
1.001000000000000000e+03 2.016402827396479136e+00
1.002000000000000000e+03 2.016431030526478985e+00
1.003000000000000000e+03 2.016459228711787066e+00
1.004000000000000000e+03 2.016487421950935222e+00
1.005000000000000000e+03 2.016515610242455292e+00
1.006000000000000000e+03 2.016543793584880007e+00
1.007000000000000000e+03 2.016571971976741207e+00
1.008000000000000000e+03 2.016600145416570733e+00
1.009000000000000000e+03 2.016628313902900871e+00
1.010000000000000000e+03 2.016656477434263461e+00
1.011000000000000000e+03 2.016684636009190790e+00
1.012000000000000000e+03 2.016712789626215141e+00
1.013000000000000000e+03 2.016740938283867912e+00
1.014000000000000000e+03 2.016769081980681833e+00
1.015000000000000000e+03 2.016797220715188743e+00
1.016000000000000000e+03 2.016825354485920929e+00
1.017000000000000000e+03 2.016853483291410232e+00
1.018000000000000000e+03 2.016881607130188492e+00
1.019000000000000000e+03 2.016909726000788439e+00
1.020000000000000000e+03 2.016937839901741469e+00
1.021000000000000000e+03 2.016965948831579869e+00
